{"description":"When you discover something extraordinary. It could be a new robot, or someone tells you you've been programmed with new abilities. It can also be when you admire what someone has done.","time":[0.0,0.02,0.04,0.06,0.08,0.1,0.12,0.14,0.16,0.18,0.2,0.22,0.24,0.26,0.28,0.3,0.32,0.34,0.36,0.38,0.4,0.42,0.44,0.46,0.48,0.5,0.52,0.54,0.56,0.58,0.6,0.62,0.64,0.66,0.68,0.7,0.72,0.74,0.76,0.78,0.8,0.82,0.84,0.86,0.88,0.9,0.92,0.94,0.96,0.98,1.0,1.02,1.04,1.06,1.08,1.1,1.12,1.14,1.16,1.18,1.2,1.22,1.24,1.26,1.28,1.3,1.32,1.34,1.36,1.38,1.4,1.42,1.44,1.46,1.48,1.5,1.52,1.54,1.56,1.58,1.6,1.62,1.64,1.66,1.68,1.7,1.72,1.74,1.76,1.78,1.8,1.82,1.84,1.86,1.88,1.9,1.92,1.94,1.96,1.98,2.0,2.02,2.04,2.06,2.08,2.1,2.12,2.14,2.16,2.18,2.2,2.22,2.24,2.26,2.28,2.3,2.32,2.34,2.36,2.38,2.4,2.42,2.44,2.46,2.48,2.5,2.52,2.54,2.56,2.58,2.6,2.62,2.64,2.66,2.68,2.7,2.72,2.74,2.76,2.78,2.8,2.82,2.84,2.86,2.88,2.9,2.92,2.94,2.96,2.98,3.0,3.02,3.04,3.06,3.08,3.1,3.12,3.14,3.16,3.18,3.2,3.22,3.24,3.26,3.28,3.3,3.32,3.34,3.36,3.38,3.4,3.42],"set_target_data":[{"head":[[0.999333,0.024243,0.0273,-0.001578],[-0.03042,0.966355,0.255407,0.002079],[-0.02019,-0.256067,0.966448,0.0054],[0.0,0.0,0.0,1.0]],"antennas":[-0.33181,0.766165],"body_yaw":0.0,"check_collision":false},{"head":[[0.999269,0.023078,0.030486,-0.001626],[-0.030256,0.964757,0.261396,0.002093],[-0.023379,-0.262127,0.96475,0.005456],[0.0,0.0,0.0,1.0]],"antennas":[-0.33181,0.787349],"body_yaw":0.0,"check_collision":false},{"head":[[0.999186,0.022133,0.033716,-0.001742],[-0.030402,0.96265,0.269036,0.001831],[-0.026503,-0.269842,0.96254,0.005585],[0.0,0.0,0.0,1.0]],"antennas":[-0.33181,0.809145],"body_yaw":0.0,"check_collision":false},{"head":[[0.99911,0.021985,0.036007,-0.001804],[-0.03109,0.960612,0.276149,0.001651],[-0.028517,-0.277023,0.96044,0.005636],[0.0,0.0,0.0,1.0]],"antennas":[-0.33181,0.831348],"body_yaw":0.0,"check_collision":false},{"head":[[0.999011,0.021488,0.038922,-0.001911],[-0.031687,0.958219,0.284274,0.001387],[-0.031188,-0.285227,0.957953,0.005667],[0.0,0.0,0.0,1.0]],"antennas":[-0.33181,0.853696],"body_yaw":0.0,"check_collision":false},{"head":[[0.998885,0.02076,0.042402,-0.002045],[-0.032324,0.955333,0.293759,0.00118],[-0.034409,-0.294802,0.954939,0.005725],[0.0,0.0,0.0,1.0]],"antennas":[-0.33181,0.875779],"body_yaw":0.0,"check_collision":false},{"head":[[0.998776,0.020174,0.045167,-0.002178],[-0.032917,0.952616,0.302389,0.001041],[-0.036926,-0.303506,0.952114,0.005856],[0.0,0.0,0.0,1.0]],"antennas":[-0.33181,0.898027],"body_yaw":0.0,"check_collision":false},{"head":[[0.998659,0.01953,0.047955,-0.002402],[-0.033474,0.950101,0.310142,0.001064],[-0.039505,-0.311331,0.94948,0.005933],[0.0,0.0,0.0,1.0]],"antennas":[-0.33181,0.92019],"body_yaw":0.0,"check_collision":false},{"head":[[0.998516,0.018774,0.051113,-0.002515],[-0.034052,0.947782,0.317097,0.000874],[-0.042491,-0.318367,0.947015,0.006166],[0.0,0.0,0.0,1.0]],"antennas":[-0.33181,0.942596],"body_yaw":0.0,"check_collision":false},{"head":[[0.998387,0.018178,0.053788,-0.002572],[-0.034664,0.945459,0.323892,0.000752],[-0.044966,-0.325234,0.944564,0.006296],[0.0,0.0,0.0,1.0]],"antennas":[-0.33181,0.964878],"body_yaw":0.0,"check_collision":false},{"head":[[0.998208,0.017708,0.057156,-0.002592],[-0.035701,0.942812,0.331408,0.000642],[-0.048019,-0.332854,0.941755,0.006261],[0.0,0.0,0.0,1.0]],"antennas":[-0.33181,0.987113],"body_yaw":0.0,"check_collision":false},{"head":[[0.997956,0.017574,0.061439,-0.002664],[-0.037469,0.939747,0.339811,0.000622],[-0.051765,-0.341418,0.938485,0.006146],[0.0,0.0,0.0,1.0]],"antennas":[-0.33181,1.009279],"body_yaw":0.0,"check_collision":false},{"head":[[0.997784,0.017594,0.064168,-0.002757],[-0.038762,0.937561,0.345654,0.000392],[-0.05408,-0.347375,0.936166,0.006137],[0.0,0.0,0.0,1.0]],"antennas":[-0.33181,1.031608],"body_yaw":0.0,"check_collision":false},{"head":[[0.997668,0.017087,0.066086,-0.002867],[-0.039233,0.935809,0.350317,0.000236],[-0.055858,-0.352093,0.934297,0.006204],[0.0,0.0,0.0,1.0]],"antennas":[-0.33181,1.053543],"body_yaw":0.0,"check_collision":false},{"head":[[0.99752,0.017148,0.068265,-0.003006],[-0.040313,0.934226,0.354396,0.000165],[-0.057698,-0.356269,0.9326,0.006344],[0.0,0.0,0.0,1.0]],"antennas":[-0.33181,1.076011],"body_yaw":0.0,"check_collision":false},{"head":[[0.99738,0.017243,0.070251,-0.003167],[-0.041439,0.932222,0.359506,3e-05],[-0.059291,-0.361475,0.930495,0.00657],[0.0,0.0,0.0,1.0]],"antennas":[-0.33181,1.098273],"body_yaw":0.0,"check_collision":false},{"head":[[0.997228,0.017148,0.072398,-0.003229],[-0.042457,0.930241,0.364485,-3.5e-05],[-0.061097,-0.366549,0.928391,0.006675],[0.0,0.0,0.0,1.0]],"antennas":[-0.33181,1.120518],"body_yaw":0.0,"check_collision":false},{"head":[[0.997053,0.016739,0.074862,-0.00321],[-0.043343,0.928124,0.369739,-0.000227],[-0.063292,-0.371894,0.926115,0.006712],[0.0,0.0,0.0,1.0]],"antennas":[-0.33181,1.142843],"body_yaw":0.0,"check_collision":false},{"head":[[0.996843,0.016835,0.077597,-0.003301],[-0.044831,0.925925,0.375038,-0.000148],[-0.065535,-0.377333,0.923756,0.006685],[0.0,0.0,0.0,1.0]],"antennas":[-0.33181,1.165069],"body_yaw":0.0,"check_collision":false},{"head":[[0.996655,0.016908,0.079962,-0.003457],[-0.046182,0.923713,0.380291,-0.000197],[-0.067432,-0.382711,0.921404,0.006741],[0.0,0.0,0.0,1.0]],"antennas":[-0.33181,1.187289],"body_yaw":0.0,"check_collision":false},{"head":[[0.996506,0.0162,0.081935,-0.003594],[-0.046676,0.921534,0.385483,-0.000234],[-0.069261,-0.38796,0.91907,0.00676],[0.0,0.0,0.0,1.0]],"antennas":[-0.33181,1.209515],"body_yaw":0.0,"check_collision":false},{"head":[[0.99635,0.01542,0.083961,-0.003695],[-0.047088,0.919662,0.389878,-0.000128],[-0.071204,-0.392408,0.917031,0.006645],[0.0,0.0,0.0,1.0]],"antennas":[-0.33181,1.231627],"body_yaw":0.0,"check_collision":false},{"head":[[0.996181,0.014512,0.086102,-0.003761],[-0.047419,0.917922,0.393918,-0.000203],[-0.073319,-0.396496,0.915104,0.006751],[0.0,0.0,0.0,1.0]],"antennas":[-0.33181,1.254001],"body_yaw":0.0,"check_collision":false},{"head":[[0.996038,0.01364,0.087876,-0.003921],[-0.047716,0.915844,0.398688,-0.000137],[-0.075042,-0.401302,0.912867,0.006773],[0.0,0.0,0.0,1.0]],"antennas":[-0.33181,1.276239],"body_yaw":0.0,"check_collision":false},{"head":[[0.995864,0.012791,0.089953,-0.00406],[-0.048227,0.913475,0.404026,-1.8e-05],[-0.077002,-0.406693,0.910314,0.006712],[0.0,0.0,0.0,1.0]],"antennas":[-0.33181,1.298378],"body_yaw":0.0,"check_collision":false},{"head":[[0.995653,0.011691,0.092405,-0.004155],[-0.048694,0.91105,0.40941,9e-06],[-0.079399,-0.41213,0.907659,0.006733],[0.0,0.0,0.0,1.0]],"antennas":[-0.33181,1.320816],"body_yaw":0.0,"check_collision":false},{"head":[[0.995436,0.01153,0.094735,-0.004194],[-0.049923,0.908932,0.413946,0.000116],[-0.081335,-0.416786,0.905359,0.006699],[0.0,0.0,0.0,1.0]],"antennas":[-0.33181,1.34387],"body_yaw":0.0,"check_collision":false},{"head":[[0.99515,0.011491,0.097696,-0.004271],[-0.051543,0.906813,0.418369,3.2e-05],[-0.083785,-0.421375,0.903008,0.006678],[0.0,0.0,0.0,1.0]],"antennas":[-0.33181,1.367304],"body_yaw":0.0,"check_collision":false},{"head":[[0.994905,0.011772,0.100122,-0.004336],[-0.053277,0.904533,0.423062,-1.2e-05],[-0.085584,-0.426241,0.900552,0.006712],[0.0,0.0,0.0,1.0]],"antennas":[-0.33181,1.390715],"body_yaw":0.0,"check_collision":false},{"head":[[0.994755,0.01171,0.101616,-0.004364],[-0.054237,0.902656,0.426931,-8.1e-05],[-0.086725,-0.430203,0.898557,0.006737],[0.0,0.0,0.0,1.0]],"antennas":[-0.33181,1.414218],"body_yaw":0.0,"check_collision":false},{"head":[[0.994628,0.01199,0.102818,-0.004406],[-0.055152,0.901929,0.428348,-9.8e-05],[-0.087599,-0.431717,0.897745,0.006712],[0.0,0.0,0.0,1.0]],"antennas":[-0.33181,1.438723],"body_yaw":0.0,"check_collision":false},{"head":[[0.994514,0.012603,0.103842,-0.004459],[-0.056261,0.901349,0.429423,-0.000108],[-0.088185,-0.432909,0.897114,0.006716],[0.0,0.0,0.0,1.0]],"antennas":[-0.33181,1.463918],"body_yaw":0.0,"check_collision":false},{"head":[[0.994461,0.014939,0.104041,-0.004438],[-0.058807,0.899499,0.432946,-0.0003],[-0.087117,-0.436666,0.895395,0.006795],[0.0,0.0,0.0,1.0]],"antennas":[-0.33181,1.488971],"body_yaw":0.0,"check_collision":false},{"head":[[0.994341,0.015529,0.105093,-0.004421],[-0.060327,0.89682,0.438262,-0.000507],[-0.087444,-0.442122,0.892682,0.006889],[0.0,0.0,0.0,1.0]],"antennas":[-0.33181,1.514202],"body_yaw":0.0,"check_collision":false},{"head":[[0.994275,0.017213,0.105454,-0.004339],[-0.06243,0.894541,0.442605,-0.000628],[-0.086715,-0.446654,0.890495,0.006925],[0.0,0.0,0.0,1.0]],"antennas":[-0.33181,1.539354],"body_yaw":0.0,"check_collision":false},{"head":[[0.994106,0.017763,0.106947,-0.004299],[-0.063829,0.893281,0.444943,-0.00071],[-0.08763,-0.449147,0.88915,0.006812],[0.0,0.0,0.0,1.0]],"antennas":[-0.33181,1.564193],"body_yaw":0.0,"check_collision":false},{"head":[[0.994055,0.017889,0.107403,-0.004241],[-0.06415,0.893252,0.444956,-0.00077],[-0.087978,-0.449201,0.889089,0.006719],[0.0,0.0,0.0,1.0]],"antennas":[-0.33181,1.584614],"body_yaw":0.0,"check_collision":false},{"head":[[0.994072,0.017832,0.107249,-0.00417],[-0.063994,0.893437,0.444606,-0.00077],[-0.087892,-0.448834,0.889282,0.006716],[0.0,0.0,0.0,1.0]],"antennas":[-0.33181,1.588482],"body_yaw":0.0,"check_collision":false},{"head":[[0.994114,0.017394,0.10693,-0.004157],[-0.06336,0.893968,0.443629,-0.000693],[-0.087875,-0.447793,0.889809,0.006686],[0.0,0.0,0.0,1.0]],"antennas":[-0.33181,1.588482],"body_yaw":0.0,"check_collision":false},{"head":[[0.994121,0.016452,0.107019,-0.004201],[-0.062463,0.894478,0.442727,-0.000572],[-0.088443,-0.446809,0.890247,0.006685],[0.0,0.0,0.0,1.0]],"antennas":[-0.33181,1.588482],"body_yaw":0.0,"check_collision":false},{"head":[[0.994201,0.015912,0.106353,-0.004218],[-0.061444,0.895707,0.440379,-0.000442],[-0.088254,-0.44436,0.891491,0.006723],[0.0,0.0,0.0,1.0]],"antennas":[-0.33181,1.588482],"body_yaw":0.0,"check_collision":false},{"head":[[0.994374,0.015381,0.104801,-0.004242],[-0.060036,0.896973,0.437989,-0.000328],[-0.087267,-0.441817,0.892851,0.006794],[0.0,0.0,0.0,1.0]],"antennas":[-0.33181,1.588482],"body_yaw":0.0,"check_collision":false},{"head":[[0.994474,0.013227,0.104146,-0.004289],[-0.057631,0.897974,0.436259,-0.000228],[-0.08775,-0.43985,0.893774,0.006805],[0.0,0.0,0.0,1.0]],"antennas":[-0.33181,1.588482],"body_yaw":0.0,"check_collision":false},{"head":[[0.994553,0.010939,0.103656,-0.004332],[-0.055233,0.898682,0.435109,-0.00014],[-0.088394,-0.438464,0.894391,0.006717],[0.0,0.0,0.0,1.0]],"antennas":[-0.33181,1.588482],"body_yaw":0.0,"check_collision":false},{"head":[[0.994647,0.010549,0.102792,-0.00435],[-0.054453,0.898957,0.434639,-5.1e-05],[-0.087821,-0.43791,0.894719,0.006586],[0.0,0.0,0.0,1.0]],"antennas":[-0.33181,1.588482],"body_yaw":0.0,"check_collision":false},{"head":[[0.994671,0.010625,0.102547,-0.004358],[-0.054323,0.899407,0.433723,-3.7e-05],[-0.087623,-0.436983,0.895192,0.006516],[0.0,0.0,0.0,1.0]],"antennas":[-0.33181,1.588482],"body_yaw":0.0,"check_collision":false},{"head":[[0.994706,0.010966,0.102172,-0.004383],[-0.054409,0.899681,0.433145,-3.5e-05],[-0.087172,-0.436411,0.895515,0.006598],[0.0,0.0,0.0,1.0]],"antennas":[-0.33181,1.588482],"body_yaw":0.0,"check_collision":false},{"head":[[0.994846,0.011322,0.100763,-0.004368],[-0.053973,0.900394,0.431715,-7.7e-05],[-0.085838,-0.434928,0.896364,0.006744],[0.0,0.0,0.0,1.0]],"antennas":[-0.33181,1.588482],"body_yaw":0.0,"check_collision":false},{"head":[[0.994894,0.010963,0.100332,-0.004314],[-0.053353,0.900965,0.430598,-6.9e-05],[-0.085675,-0.433753,0.89695,0.006796],[0.0,0.0,0.0,1.0]],"antennas":[-0.33181,1.588482],"body_yaw":0.0,"check_collision":false},{"head":[[0.994824,0.010508,0.101067,-0.004306],[-0.053224,0.901163,0.430201,5.5e-05],[-0.086558,-0.433353,0.897058,0.006729],[0.0,0.0,0.0,1.0]],"antennas":[-0.33181,1.588482],"body_yaw":0.0,"check_collision":false},{"head":[[0.994759,0.009817,0.101771,-0.004349],[-0.052888,0.901267,0.430023,2e-06],[-0.087501,-0.433152,0.897063,0.006679],[0.0,0.0,0.0,1.0]],"antennas":[-0.33181,1.588482],"body_yaw":0.0,"check_collision":false},{"head":[[0.994675,0.009302,0.102637,-0.004346],[-0.05278,0.901376,0.429808,-0.000106],[-0.088516,-0.432937,0.897068,0.006589],[0.0,0.0,0.0,1.0]],"antennas":[-0.33181,1.588482],"body_yaw":0.0,"check_collision":false},{"head":[[0.994619,0.009126,0.103201,-0.004287],[-0.052798,0.901709,0.429108,-0.000153],[-0.089141,-0.432247,0.897338,0.006626],[0.0,0.0,0.0,1.0]],"antennas":[-0.33181,1.588482],"body_yaw":0.0,"check_collision":false},{"head":[[0.994639,0.009416,0.102979,-0.004356],[-0.05282,0.902394,0.427663,-0.000249],[-0.088901,-0.430809,0.898053,0.006749],[0.0,0.0,0.0,1.0]],"antennas":[-0.33181,1.588482],"body_yaw":0.0,"check_collision":false},{"head":[[0.994613,0.009472,0.103221,-0.004373],[-0.052838,0.903052,0.426269,3.5e-05],[-0.089176,-0.429427,0.898688,0.006627],[0.0,0.0,0.0,1.0]],"antennas":[-0.33181,1.588482],"body_yaw":0.0,"check_collision":false},{"head":[[0.994599,0.009418,0.103362,-0.004316],[-0.052704,0.903753,0.424797,3.5e-05],[-0.089413,-0.427951,0.899368,0.006661],[0.0,0.0,0.0,1.0]],"antennas":[-0.33181,1.588482],"body_yaw":0.0,"check_collision":false},{"head":[[0.994565,0.009416,0.103687,-0.004313],[-0.052719,0.904335,0.423555,0.000142],[-0.089779,-0.426719,0.899917,0.00654],[0.0,0.0,0.0,1.0]],"antennas":[-0.33181,1.588482],"body_yaw":0.0,"check_collision":false},{"head":[[0.994533,0.009483,0.103987,-0.004351],[-0.052801,0.904837,0.422471,0.000162],[-0.090085,-0.425653,0.900391,0.006494],[0.0,0.0,0.0,1.0]],"antennas":[-0.33181,1.588482],"body_yaw":0.0,"check_collision":false},{"head":[[0.994484,0.009904,0.104418,-0.004321],[-0.053291,0.905176,0.421684,0.000165],[-0.09034,-0.424923,0.900711,0.006443],[0.0,0.0,0.0,1.0]],"antennas":[-0.33181,1.588482],"body_yaw":0.0,"check_collision":false},{"head":[[0.994448,0.010049,0.104746,-0.004224],[-0.053509,0.905415,0.421142,-8.4e-05],[-0.090607,-0.424409,0.900926,0.006636],[0.0,0.0,0.0,1.0]],"antennas":[-0.33181,1.588482],"body_yaw":0.0,"check_collision":false},{"head":[[0.994466,0.010291,0.104551,-0.00429],[-0.053548,0.905859,0.420181,4.9e-05],[-0.090384,-0.423455,0.901397,0.006576],[0.0,0.0,0.0,1.0]],"antennas":[-0.33181,1.588482],"body_yaw":0.0,"check_collision":false},{"head":[[0.994472,0.010716,0.104455,-0.004259],[-0.053808,0.906246,0.419312,-8.2e-05],[-0.090169,-0.422615,0.901813,0.006668],[0.0,0.0,0.0,1.0]],"antennas":[-0.33181,1.588482],"body_yaw":0.0,"check_collision":false},{"head":[[0.99452,0.011041,0.103965,-0.004271],[-0.053811,0.906636,0.418467,-8e-06],[-0.089638,-0.421768,0.902262,0.006628],[0.0,0.0,0.0,1.0]],"antennas":[-0.33181,1.588482],"body_yaw":0.0,"check_collision":false},{"head":[[0.994588,0.011588,0.103254,-0.00429],[-0.053857,0.907332,0.41695,0.000113],[-0.088854,-0.420254,0.903045,0.006554],[0.0,0.0,0.0,1.0]],"antennas":[-0.33181,1.588482],"body_yaw":0.0,"check_collision":false},{"head":[[0.994607,0.012351,0.10298,-0.004284],[-0.054174,0.908547,0.414255,0.000239],[-0.088446,-0.417599,0.904316,0.006496],[0.0,0.0,0.0,1.0]],"antennas":[-0.33181,1.588482],"body_yaw":0.0,"check_collision":false},{"head":[[0.994651,0.012737,0.102503,-0.004226],[-0.053696,0.911499,0.407782,0.00034],[-0.088237,-0.411104,0.907308,0.006371],[0.0,0.0,0.0,1.0]],"antennas":[-0.33181,1.588482],"body_yaw":0.0,"check_collision":false},{"head":[[0.994784,0.012674,0.101215,-0.004122],[-0.052448,0.914592,0.400963,0.000504],[-0.087489,-0.40418,0.910486,0.006244],[0.0,0.0,0.0,1.0]],"antennas":[-0.33181,1.588482],"body_yaw":0.0,"check_collision":false},{"head":[[0.994956,0.011961,0.099601,-0.004051],[-0.050278,0.918621,0.391927,0.000717],[-0.086808,-0.394958,0.914589,0.00614],[0.0,0.0,0.0,1.0]],"antennas":[-0.33181,1.588482],"body_yaw":0.0,"check_collision":false},{"head":[[0.994824,0.011317,0.100984,-0.003903],[-0.049271,0.922861,0.381967,0.000763],[-0.088871,-0.384966,0.918642,0.006129],[0.0,0.0,0.0,1.0]],"antennas":[-0.33181,1.588482],"body_yaw":0.0,"check_collision":false},{"head":[[0.994476,0.010108,0.104478,-0.003902],[-0.048628,0.926464,0.37323,0.000781],[-0.093022,-0.376248,0.921837,0.005975],[0.0,0.0,0.0,1.0]],"antennas":[-0.33181,1.588482],"body_yaw":0.0,"check_collision":false},{"head":[[0.994112,0.008444,0.108027,-0.003954],[-0.047714,0.929213,0.366452,0.000846],[-0.097286,-0.369448,0.924145,0.005843],[0.0,0.0,0.0,1.0]],"antennas":[-0.33181,1.588482],"body_yaw":0.0,"check_collision":false},{"head":[[0.993841,0.006347,0.110637,-0.00405],[-0.046201,0.931188,0.3616,0.000976],[-0.100729,-0.364484,0.925746,0.005806],[0.0,0.0,0.0,1.0]],"antennas":[-0.33181,1.588482],"body_yaw":0.0,"check_collision":false},{"head":[[0.993524,0.00485,0.113523,-0.004066],[-0.04524,0.933371,0.356051,0.001021],[-0.104232,-0.35888,0.927545,0.005686],[0.0,0.0,0.0,1.0]],"antennas":[-0.33181,1.588482],"body_yaw":0.0,"check_collision":false},{"head":[[0.992953,0.002877,0.118472,-0.004055],[-0.044342,0.936106,0.348912,0.001126],[-0.109899,-0.351707,0.929637,0.005392],[0.0,0.0,0.0,1.0]],"antennas":[-0.33181,1.588482],"body_yaw":0.0,"check_collision":false},{"head":[[0.992522,0.001139,0.122064,-0.004041],[-0.043152,0.938666,0.342116,0.001095],[-0.114187,-0.344825,0.931696,0.005273],[0.0,0.0,0.0,1.0]],"antennas":[-0.33181,1.588482],"body_yaw":0.0,"check_collision":false},{"head":[[0.992351,0.000435,0.123445,-0.004094],[-0.042185,0.940987,0.335804,0.001124],[-0.116014,-0.338443,0.933808,0.005247],[0.0,0.0,0.0,1.0]],"antennas":[-0.33181,1.588482],"body_yaw":0.0,"check_collision":false},{"head":[[0.99222,-4.7e-05,0.1245,-0.004136],[-0.041382,0.943019,0.330157,0.001147],[-0.117421,-0.33274,0.93568,0.005188],[0.0,0.0,0.0,1.0]],"antennas":[-0.33181,1.588482],"body_yaw":0.0,"check_collision":false},{"head":[[0.991991,-0.000623,0.126305,-0.004117],[-0.040944,0.944405,0.326225,0.001054],[-0.119486,-0.328784,0.936816,0.005168],[0.0,0.0,0.0,1.0]],"antennas":[-0.33181,1.588482],"body_yaw":0.0,"check_collision":false},{"head":[[0.991861,-0.001012,0.127324,-0.004149],[-0.040489,0.945557,0.322927,0.001127],[-0.120719,-0.325454,0.93782,0.005088],[0.0,0.0,0.0,1.0]],"antennas":[-0.33181,1.588482],"body_yaw":0.0,"check_collision":false},{"head":[[0.991633,-0.001733,0.129074,-0.004169],[-0.040124,0.946241,0.320965,0.000986],[-0.122691,-0.323458,0.938255,0.00513],[0.0,0.0,0.0,1.0]],"antennas":[-0.33181,1.588482],"body_yaw":0.0,"check_collision":false},{"head":[[0.99148,-0.001952,0.130245,-0.004227],[-0.040013,0.94698,0.318792,0.001023],[-0.123962,-0.321287,0.938833,0.005057],[0.0,0.0,0.0,1.0]],"antennas":[-0.33181,1.588482],"body_yaw":0.0,"check_collision":false},{"head":[[0.991899,-0.002676,0.127001,-0.004395],[-0.03827,0.947033,0.318847,0.001008],[-0.121128,-0.321124,0.939259,0.005242],[0.0,0.0,0.0,1.0]],"antennas":[-0.33181,1.588482],"body_yaw":0.0,"check_collision":false},{"head":[[0.992597,-0.003361,0.121406,-0.00452],[-0.035575,0.947726,0.317097,0.000759],[-0.116125,-0.319069,0.94059,0.005576],[0.0,0.0,0.0,1.0]],"antennas":[-0.33181,1.588482],"body_yaw":0.0,"check_collision":false},{"head":[[0.992989,-0.004253,0.11813,-0.004572],[-0.033537,0.948153,0.31604,0.000702],[-0.113349,-0.317786,0.941363,0.005635],[0.0,0.0,0.0,1.0]],"antennas":[-0.33181,1.588482],"body_yaw":0.0,"check_collision":false},{"head":[[0.993523,-0.004929,0.113521,-0.004604],[-0.031335,0.948434,0.315423,0.000699],[-0.109222,-0.316937,0.942137,0.00572],[0.0,0.0,0.0,1.0]],"antennas":[-0.33181,1.588482],"body_yaw":0.0,"check_collision":false},{"head":[[0.99449,-0.00596,0.104661,-0.004619],[-0.027323,0.949139,0.313669,0.000696],[-0.101207,-0.3148,0.943747,0.005872],[0.0,0.0,0.0,1.0]],"antennas":[-0.33181,1.588482],"body_yaw":0.0,"check_collision":false},{"head":[[0.995224,-0.006405,0.097405,-0.004666],[-0.024545,0.949369,0.313204,0.00071],[-0.094479,-0.314099,0.944677,0.005985],[0.0,0.0,0.0,1.0]],"antennas":[-0.33181,1.588482],"body_yaw":0.0,"check_collision":false},{"head":[[0.995634,-0.007357,0.093057,-0.004692],[-0.022216,0.94957,0.312767,0.000636],[-0.090665,-0.313469,0.94526,0.005976],[0.0,0.0,0.0,1.0]],"antennas":[-0.33181,1.588482],"body_yaw":0.0,"check_collision":false},{"head":[[0.995905,-0.008189,0.090038,-0.004697],[-0.020553,0.949306,0.313682,0.000674],[-0.088042,-0.314247,0.94525,0.005879],[0.0,0.0,0.0,1.0]],"antennas":[-0.33181,1.588482],"body_yaw":0.0,"check_collision":false},{"head":[[0.996629,-0.009976,0.081431,-0.004771],[-0.016244,0.948932,0.315062,0.000715],[-0.080416,-0.315323,0.945571,0.005966],[0.0,0.0,0.0,1.0]],"antennas":[-0.33181,1.588482],"body_yaw":0.0,"check_collision":false},{"head":[[0.997387,-0.011484,0.071326,-0.004872],[-0.011622,0.948921,0.3153,0.000576],[-0.071304,-0.315305,0.946308,0.006212],[0.0,0.0,0.0,1.0]],"antennas":[-0.33181,1.588482],"body_yaw":0.0,"check_collision":false},{"head":[[0.997949,-0.012525,0.062781,-0.004895],[-0.007897,0.949097,0.314886,0.00055],[-0.063529,-0.314736,0.947051,0.00636],[0.0,0.0,0.0,1.0]],"antennas":[-0.33181,1.588482],"body_yaw":0.0,"check_collision":false},{"head":[[0.998383,-0.013553,0.055204,-0.00491],[-0.004494,0.949299,0.314342,0.000694],[-0.056665,-0.314082,0.947703,0.006391],[0.0,0.0,0.0,1.0]],"antennas":[-0.33181,1.588482],"body_yaw":0.0,"check_collision":false},{"head":[[0.998741,-0.014189,0.048114,-0.004863],[-0.001556,0.94994,0.31243,0.000837],[-0.050138,-0.312111,0.948722,0.006428],[0.0,0.0,0.0,1.0]],"antennas":[-0.33181,1.588482],"body_yaw":0.0,"check_collision":false},{"head":[[0.99914,-0.01497,0.038674,-0.004794],[0.002235,0.950657,0.310236,0.000749],[-0.04141,-0.309883,0.949873,0.006565],[0.0,0.0,0.0,1.0]],"antennas":[-0.33181,1.588482],"body_yaw":0.0,"check_collision":false},{"head":[[0.999569,-0.015984,0.024624,-0.004835],[0.007628,0.951386,0.307905,0.000645],[-0.028348,-0.307585,0.951098,0.006799],[0.0,0.0,0.0,1.0]],"antennas":[-0.33181,1.588482],"body_yaw":0.0,"check_collision":false},{"head":[[0.999773,-0.016675,0.013227,-0.004819],[0.011838,0.952103,0.30555,0.000571],[-0.017688,-0.305324,0.952084,0.006936],[0.0,0.0,0.0,1.0]],"antennas":[-0.33181,1.588482],"body_yaw":0.0,"check_collision":false},{"head":[[0.999829,-0.017216,0.006706,-0.004783],[0.014363,0.952575,0.303966,0.00067],[-0.011621,-0.303818,0.952659,0.006898],[0.0,0.0,0.0,1.0]],"antennas":[-0.33181,1.588482],"body_yaw":0.0,"check_collision":false},{"head":[[0.999844,-0.017624,-0.001028,-0.004864],[0.017104,0.952693,0.303454,0.00071],[-0.004369,-0.303424,0.952846,0.007036],[0.0,0.0,0.0,1.0]],"antennas":[-0.33181,1.588482],"body_yaw":0.0,"check_collision":false},{"head":[[0.999764,-0.018431,-0.011487,-0.004891],[0.021042,0.952956,0.302378,0.000607],[0.005374,-0.302548,0.953119,0.007246],[0.0,0.0,0.0,1.0]],"antennas":[-0.33181,1.588482],"body_yaw":0.0,"check_collision":false},{"head":[[0.999659,-0.019136,-0.017769,-0.00487],[0.023589,0.953608,0.300125,0.000673],[0.011201,-0.300442,0.953734,0.007244],[0.0,0.0,0.0,1.0]],"antennas":[-0.33181,1.588482],"body_yaw":0.0,"check_collision":false},{"head":[[0.999611,-0.020019,-0.019423,-0.004847],[0.024905,0.954123,0.298376,0.000872],[0.012559,-0.298744,0.954251,0.007145],[0.0,0.0,0.0,1.0]],"antennas":[-0.33181,1.588482],"body_yaw":0.0,"check_collision":false},{"head":[[0.999512,-0.020141,-0.023893,-0.004932],[0.026315,0.954849,0.295923,0.001051],[0.016854,-0.296407,0.954913,0.007261],[0.0,0.0,0.0,1.0]],"antennas":[-0.33181,1.588482],"body_yaw":0.0,"check_collision":false},{"head":[[0.999204,-0.020666,-0.034134,-0.005002],[0.029756,0.955856,0.292326,0.001103],[0.026586,-0.293108,0.955709,0.00748],[0.0,0.0,0.0,1.0]],"antennas":[-0.33181,1.588482],"body_yaw":0.0,"check_collision":false},{"head":[[0.998893,-0.021418,-0.041878,-0.005001],[0.032676,0.956393,0.290251,0.001126],[0.033835,-0.291298,0.956034,0.007505],[0.0,0.0,0.0,1.0]],"antennas":[-0.33181,1.588482],"body_yaw":0.0,"check_collision":false},{"head":[[0.998654,-0.022644,-0.046656,-0.005011],[0.03521,0.956556,0.289415,0.001134],[0.038075,-0.290669,0.956066,0.00743],[0.0,0.0,0.0,1.0]],"antennas":[-0.33181,1.588482],"body_yaw":0.0,"check_collision":false},{"head":[[0.998423,-0.022651,-0.051368,-0.005061],[0.036573,0.956619,0.289039,0.001126],[0.042593,-0.290462,0.955938,0.007522],[0.0,0.0,0.0,1.0]],"antennas":[-0.33181,1.588482],"body_yaw":0.0,"check_collision":false},{"head":[[0.998104,-0.023117,-0.057047,-0.005131],[0.038643,0.956724,0.288421,0.001128],[0.047911,-0.290078,0.955803,0.00755],[0.0,0.0,0.0,1.0]],"antennas":[-0.33181,1.588482],"body_yaw":0.0,"check_collision":false},{"head":[[0.99776,-0.024404,-0.062282,-0.005204],[0.041394,0.956646,0.288295,0.001055],[0.052546,-0.290228,0.955514,0.007484],[0.0,0.0,0.0,1.0]],"antennas":[-0.33181,1.588482],"body_yaw":0.0,"check_collision":false},{"head":[[0.99739,-0.02516,-0.06768,-0.005267],[0.043675,0.956632,0.288006,0.001044],[0.057498,-0.29021,0.955234,0.007514],[0.0,0.0,0.0,1.0]],"antennas":[-0.33181,1.588482],"body_yaw":0.0,"check_collision":false},{"head":[[0.997135,-0.025793,-0.07111,-0.005255],[0.045236,0.95678,0.287272,0.001068],[0.060627,-0.289666,0.955206,0.007473],[0.0,0.0,0.0,1.0]],"antennas":[-0.33181,1.588482],"body_yaw":0.0,"check_collision":false},{"head":[[0.997041,-0.025899,-0.072373,-0.005198],[0.045786,0.956379,0.288519,0.00109],[0.061744,-0.290979,0.954735,0.007385],[0.0,0.0,0.0,1.0]],"antennas":[-0.33181,1.588482],"body_yaw":0.0,"check_collision":false},{"head":[[0.996882,-0.026485,-0.074334,-0.005143],[0.04691,0.956374,0.288354,0.001034],[0.063454,-0.290941,0.954634,0.007354],[0.0,0.0,0.0,1.0]],"antennas":[-0.33181,1.588482],"body_yaw":0.0,"check_collision":false},{"head":[[0.996795,-0.026858,-0.075349,-0.005133],[0.047543,0.956443,0.28802,0.001069],[0.064332,-0.290679,0.954655,0.007279],[0.0,0.0,0.0,1.0]],"antennas":[-0.33181,1.588482],"body_yaw":0.0,"check_collision":false},{"head":[[0.99687,-0.026986,-0.074304,-0.005146],[0.047331,0.956587,0.287579,0.001064],[0.063318,-0.290196,0.95487,0.007239],[0.0,0.0,0.0,1.0]],"antennas":[-0.33181,1.588482],"body_yaw":0.0,"check_collision":false},{"head":[[0.996988,-0.027569,-0.072484,-0.005138],[0.047329,0.956727,0.287112,0.000947],[0.061432,-0.289678,0.955151,0.007245],[0.0,0.0,0.0,1.0]],"antennas":[-0.33181,1.588482],"body_yaw":0.0,"check_collision":false},{"head":[[0.997041,-0.028155,-0.071529,-0.005164],[0.047587,0.956842,0.286685,0.000898],[0.060371,-0.28924,0.955351,0.007286],[0.0,0.0,0.0,1.0]],"antennas":[-0.33181,1.588482],"body_yaw":0.0,"check_collision":false},{"head":[[0.997125,-0.028348,-0.070276,-0.005225],[0.047357,0.957105,0.285845,0.000975],[0.059158,-0.288351,0.955695,0.007272],[0.0,0.0,0.0,1.0]],"antennas":[-0.33181,1.588482],"body_yaw":0.0,"check_collision":false},{"head":[[0.997228,-0.028035,-0.068917,-0.005281],[0.046549,0.957701,0.283974,0.001064],[0.058041,-0.286395,0.956352,0.007253],[0.0,0.0,0.0,1.0]],"antennas":[-0.33181,1.588482],"body_yaw":0.0,"check_collision":false},{"head":[[0.997352,-0.02779,-0.067207,-0.005281],[0.045734,0.958179,0.282491,0.001068],[0.056546,-0.284816,0.956913,0.007252],[0.0,0.0,0.0,1.0]],"antennas":[-0.33181,1.588482],"body_yaw":0.0,"check_collision":false},{"head":[[0.997374,-0.027977,-0.0668,-0.005251],[0.045719,0.958574,0.28115,0.001106],[0.056167,-0.283466,0.957336,0.00714],[0.0,0.0,0.0,1.0]],"antennas":[-0.33181,1.588482],"body_yaw":0.0,"check_collision":false},{"head":[[0.99744,-0.028392,-0.065625,-0.005231],[0.045687,0.95907,0.27946,0.00116],[0.055004,-0.281742,0.957912,0.007072],[0.0,0.0,0.0,1.0]],"antennas":[-0.33181,1.588482],"body_yaw":0.0,"check_collision":false},{"head":[[0.997494,-0.029005,-0.064528,-0.005138],[0.045833,0.959745,0.27711,0.001086],[0.053893,-0.279373,0.958669,0.006927],[0.0,0.0,0.0,1.0]],"antennas":[-0.33181,1.588482],"body_yaw":0.0,"check_collision":false},{"head":[[0.997479,-0.029804,-0.064402,-0.005125],[0.046385,0.960656,0.273841,0.001067],[0.053707,-0.276138,0.959616,0.006829],[0.0,0.0,0.0,1.0]],"antennas":[-0.33181,1.588482],"body_yaw":0.0,"check_collision":false},{"head":[[0.997326,-0.030385,-0.066462,-0.005243],[0.047143,0.962421,0.267439,0.001148],[0.055838,-0.269857,0.96128,0.006852],[0.0,0.0,0.0,1.0]],"antennas":[-0.33181,1.588482],"body_yaw":0.0,"check_collision":false},{"head":[[0.997212,-0.030885,-0.06793,-0.005177],[0.047495,0.964826,0.258565,0.00138],[0.057555,-0.261071,0.963602,0.006864],[0.0,0.0,0.0,1.0]],"antennas":[-0.33181,1.588482],"body_yaw":0.0,"check_collision":false},{"head":[[0.997107,-0.032917,-0.068513,-0.004963],[0.048977,0.96754,0.247926,0.001508],[0.058128,-0.250564,0.966353,0.006746],[0.0,0.0,0.0,1.0]],"antennas":[-0.33181,1.588482],"body_yaw":0.0,"check_collision":false},{"head":[[0.996984,-0.035425,-0.069057,-0.004854],[0.050682,0.97101,0.233604,0.00166],[0.058779,-0.236399,0.969877,0.006394],[0.0,0.0,0.0,1.0]],"antennas":[-0.33181,1.588482],"body_yaw":0.0,"check_collision":false},{"head":[[0.996834,-0.037929,-0.069886,-0.004749],[0.052264,0.974912,0.216367,0.001727],[0.059926,-0.219335,0.973808,0.006091],[0.0,0.0,0.0,1.0]],"antennas":[-0.33181,1.588482],"body_yaw":0.0,"check_collision":false},{"head":[[0.996637,-0.040518,-0.071227,-0.004581],[0.054285,0.977575,0.203469,0.00175],[0.061386,-0.206652,0.976487,0.006005],[0.0,0.0,0.0,1.0]],"antennas":[-0.33181,1.588482],"body_yaw":0.0,"check_collision":false},{"head":[[0.996407,-0.044177,-0.07226,-0.004332],[0.057608,0.978935,0.195878,0.00179],[0.062085,-0.199337,0.977962,0.005934],[0.0,0.0,0.0,1.0]],"antennas":[-0.33181,1.588482],"body_yaw":0.0,"check_collision":false},{"head":[[0.996143,-0.048737,-0.072969,-0.004233],[0.06181,0.979979,0.189265,0.001775],[0.062284,-0.193045,0.979211,0.005857],[0.0,0.0,0.0,1.0]],"antennas":[-0.33181,1.588482],"body_yaw":0.0,"check_collision":false},{"head":[[0.995798,-0.052892,-0.074764,-0.004152],[0.065786,0.981065,0.182163,0.001734],[0.063713,-0.186316,0.980422,0.005812],[0.0,0.0,0.0,1.0]],"antennas":[-0.33181,1.588482],"body_yaw":0.0,"check_collision":false},{"head":[[0.995544,-0.055323,-0.076364,-0.004114],[0.067972,0.98231,0.174493,0.001746],[0.065359,-0.178906,0.981693,0.005836],[0.0,0.0,0.0,1.0]],"antennas":[-0.33181,1.588482],"body_yaw":0.0,"check_collision":false},{"head":[[0.995337,-0.057679,-0.077316,-0.004005],[0.070207,0.982833,0.170618,0.001707],[0.066148,-0.17525,0.982299,0.005743],[0.0,0.0,0.0,1.0]],"antennas":[-0.33181,1.588482],"body_yaw":0.0,"check_collision":false},{"head":[[0.995122,-0.060194,-0.078162,-0.004009],[0.072583,0.983311,0.166829,0.001619],[0.066816,-0.171689,0.982883,0.005631],[0.0,0.0,0.0,1.0]],"antennas":[-0.33181,1.588482],"body_yaw":0.0,"check_collision":false},{"head":[[0.994935,-0.062913,-0.078402,-0.004071],[0.075129,0.983572,0.164139,0.001654],[0.066787,-0.169198,0.983317,0.005379],[0.0,0.0,0.0,1.0]],"antennas":[-0.33181,1.588482],"body_yaw":0.0,"check_collision":false},{"head":[[0.994754,-0.065296,-0.078752,-0.00401],[0.077346,0.983881,0.16123,0.001652],[0.066955,-0.166476,0.98377,0.005246],[0.0,0.0,0.0,1.0]],"antennas":[-0.33181,1.58754],"body_yaw":0.0,"check_collision":false},{"head":[[0.994591,-0.067397,-0.079036,-0.003929],[0.07918,0.984426,0.156956,0.001666],[0.067227,-0.162365,0.984438,0.005271],[0.0,0.0,0.0,1.0]],"antennas":[-0.33181,1.578961],"body_yaw":0.0,"check_collision":false},{"head":[[0.994415,-0.069602,-0.079343,-0.003908],[0.080901,0.98545,0.149476,0.001802],[0.067785,-0.15506,0.985577,0.005227],[0.0,0.0,0.0,1.0]],"antennas":[-0.33181,1.565244],"body_yaw":0.0,"check_collision":false},{"head":[[0.994271,-0.071633,-0.079338,-0.00396],[0.082403,0.986422,0.142058,0.001934],[0.068085,-0.147781,0.986674,0.005027],[0.0,0.0,0.0,1.0]],"antennas":[-0.33181,1.548167],"body_yaw":0.0,"check_collision":false},{"head":[[0.994012,-0.074093,-0.080314,-0.00386],[0.084681,0.986856,0.137639,0.001842],[0.06906,-0.143616,0.987221,0.004879],[0.0,0.0,0.0,1.0]],"antennas":[-0.33181,1.526474],"body_yaw":0.0,"check_collision":false},{"head":[[0.993725,-0.076928,-0.081199,-0.003713],[0.087113,0.987624,0.130424,0.001813],[0.070161,-0.136679,0.988128,0.004795],[0.0,0.0,0.0,1.0]],"antennas":[-0.33181,1.498111],"body_yaw":0.0,"check_collision":false},{"head":[[0.993568,-0.079044,-0.081084,-0.003685],[0.08866,0.988461,0.122817,0.001803],[0.07044,-0.129216,0.989111,0.00467],[0.0,0.0,0.0,1.0]],"antennas":[-0.33181,1.463296],"body_yaw":0.0,"check_collision":false},{"head":[[0.993442,-0.080115,-0.081578,-0.003713],[0.089525,0.988837,0.119111,0.001689],[0.071124,-0.125633,0.989524,0.004808],[0.0,0.0,0.0,1.0]],"antennas":[-0.33181,1.425845],"body_yaw":0.0,"check_collision":false},{"head":[[0.993352,-0.081276,-0.081524,-0.003604],[0.090386,0.989232,0.115113,0.001425],[0.071291,-0.121716,0.990001,0.005001],[0.0,0.0,0.0,1.0]],"antennas":[-0.33181,1.385813],"body_yaw":0.0,"check_collision":false},{"head":[[0.993224,-0.083219,-0.081126,-0.003472],[0.091851,0.989764,0.109232,0.001415],[0.071205,-0.115943,0.9907,0.004958],[0.0,0.0,0.0,1.0]],"antennas":[-0.33181,1.342239],"body_yaw":0.0,"check_collision":false},{"head":[[0.993125,-0.085152,-0.080329,-0.003414],[0.093062,0.990576,0.100492,0.001395],[0.071015,-0.107276,0.99169,0.00491],[0.0,0.0,0.0,1.0]],"antennas":[-0.33181,1.297341],"body_yaw":0.0,"check_collision":false},{"head":[[0.993004,-0.087149,-0.079678,-0.003335],[0.09436,0.991303,0.091727,0.001485],[0.070991,-0.098603,0.992591,0.004781],[0.0,0.0,0.0,1.0]],"antennas":[-0.33181,1.252335],"body_yaw":0.0,"check_collision":false},{"head":[[0.992821,-0.089201,-0.07969,-0.003234],[0.096259,0.991314,0.089619,0.001453],[0.071003,-0.096647,0.992783,0.004626],[0.0,0.0,0.0,1.0]],"antennas":[-0.33181,1.207086],"body_yaw":0.0,"check_collision":false},{"head":[[0.992695,-0.091326,-0.078848,-0.003155],[0.098027,0.991481,0.085763,0.001349],[0.070344,-0.092865,0.993191,0.004546],[0.0,0.0,0.0,1.0]],"antennas":[-0.33181,1.162505],"body_yaw":0.0,"check_collision":false},{"head":[[0.992735,-0.092716,-0.076684,-0.003179],[0.099088,0.991531,0.083947,0.001324],[0.068251,-0.090936,0.993515,0.004562],[0.0,0.0,0.0,1.0]],"antennas":[-0.33181,1.116976],"body_yaw":0.0,"check_collision":false},{"head":[[0.992824,-0.093874,-0.07408,-0.003203],[0.099846,0.991659,0.081502,0.001259],[0.065812,-0.088314,0.993916,0.004642],[0.0,0.0,0.0,1.0]],"antennas":[-0.33181,1.072044],"body_yaw":0.0,"check_collision":false},{"head":[[0.99303,-0.094864,-0.069947,-0.003113],[0.100284,0.991855,0.078528,0.001153],[0.061928,-0.084995,0.994455,0.004758],[0.0,0.0,0.0,1.0]],"antennas":[-0.33181,1.027953],"body_yaw":0.0,"check_collision":false},{"head":[[0.993364,-0.095255,-0.064457,-0.00306],[0.100058,0.992081,0.075915,0.001183],[0.056715,-0.08186,0.995029,0.004682],[0.0,0.0,0.0,1.0]],"antennas":[-0.33181,0.984334],"body_yaw":0.0,"check_collision":false},{"head":[[0.993622,-0.095818,-0.059457,-0.002996],[0.100099,0.992239,0.073774,0.001214],[0.051927,-0.079255,0.995501,0.004486],[0.0,0.0,0.0,1.0]],"antennas":[-0.33181,0.941257],"body_yaw":0.0,"check_collision":false},{"head":[[0.993807,-0.096694,-0.054745,-0.002835],[0.100516,0.992327,0.071995,0.001101],[0.047364,-0.077051,0.995901,0.004389],[0.0,0.0,0.0,1.0]],"antennas":[-0.33181,0.897852],"body_yaw":0.0,"check_collision":false},{"head":[[0.993806,-0.098578,-0.051298,-0.002774],[0.102113,0.992193,0.07159,0.001121],[0.043841,-0.076384,0.996114,0.004437],[0.0,0.0,0.0,1.0]],"antennas":[-0.33181,0.854262],"body_yaw":0.0,"check_collision":false},{"head":[[0.993767,-0.100792,-0.047632,-0.002737],[0.10402,0.992037,0.071014,0.001181],[0.040095,-0.075526,0.996337,0.004434],[0.0,0.0,0.0,1.0]],"antennas":[-0.33181,0.810868],"body_yaw":0.0,"check_collision":false},{"head":[[0.993749,-0.102784,-0.043576,-0.002687],[0.105639,0.991989,0.069275,0.001228],[0.036107,-0.073446,0.996645,0.004358],[0.0,0.0,0.0,1.0]],"antennas":[-0.33181,0.767534],"body_yaw":0.0,"check_collision":false},{"head":[[0.993578,-0.105808,-0.040104,-0.002601],[0.108268,0.991986,0.065131,0.001309],[0.032891,-0.069055,0.997071,0.004181],[0.0,0.0,0.0,1.0]],"antennas":[-0.33181,0.723956],"body_yaw":0.0,"check_collision":false},{"head":[[0.993228,-0.109953,-0.037539,-0.002607],[0.11207,0.991892,0.059916,0.001579],[0.030646,-0.063717,0.997497,0.004025],[0.0,0.0,0.0,1.0]],"antennas":[-0.33181,0.68623],"body_yaw":0.0,"check_collision":false},{"head":[[0.992911,-0.113686,-0.034689,-0.002461],[0.115505,0.99173,0.055942,0.001585],[0.028042,-0.059552,0.997831,0.003753],[0.0,0.0,0.0,1.0]],"antennas":[-0.33181,0.685217],"body_yaw":0.0,"check_collision":false},{"head":[[0.992484,-0.118408,-0.030915,-0.002223],[0.119855,0.991525,0.050131,0.001529],[0.024717,-0.05346,0.998264,0.003405],[0.0,0.0,0.0,1.0]],"antennas":[-0.33181,0.685217],"body_yaw":0.0,"check_collision":false},{"head":[[0.992076,-0.12255,-0.027705,-0.002093],[0.123677,0.991369,0.04349,0.001629],[0.022136,-0.046571,0.99867,0.003119],[0.0,0.0,0.0,1.0]],"antennas":[-0.33181,0.685217],"body_yaw":0.0,"check_collision":false},{"head":[[0.991744,-0.12575,-0.025104,-0.002029],[0.126642,0.991227,0.037815,0.001736],[0.020128,-0.040682,0.998969,0.002984],[0.0,0.0,0.0,1.0]],"antennas":[-0.33181,0.685217],"body_yaw":0.0,"check_collision":false},{"head":[[0.991364,-0.129074,-0.023197,-0.001914],[0.129814,0.990961,0.033832,0.001712],[0.018621,-0.036551,0.999158,0.002869],[0.0,0.0,0.0,1.0]],"antennas":[-0.33181,0.685217],"body_yaw":0.0,"check_collision":false},{"head":[[0.990834,-0.133449,-0.020968,-0.001739],[0.133989,0.990619,0.026866,0.00157],[0.017186,-0.029429,0.999419,0.002761],[0.0,0.0,0.0,1.0]],"antennas":[-0.33181,0.685217],"body_yaw":0.0,"check_collision":false},{"head":[[0.990556,-0.135872,-0.0184,-0.001618],[0.136302,0.990364,0.024533,0.001546],[0.014889,-0.026809,0.99953,0.002619],[0.0,0.0,0.0,1.0]],"antennas":[-0.33181,0.685217],"body_yaw":0.0,"check_collision":false},{"head":[[0.990342,-0.137827,-0.01507,-0.001483],[0.138146,0.990152,0.022692,0.001378],[0.011794,-0.024555,0.999629,0.002705],[0.0,0.0,0.0,1.0]],"antennas":[-0.33181,0.685217],"body_yaw":0.0,"check_collision":false},{"head":[[0.990167,-0.139392,-0.011825,-0.001302],[0.139616,0.989985,0.020896,0.001207],[0.008794,-0.022341,0.999712,0.002686],[0.0,0.0,0.0,1.0]],"antennas":[-0.33181,0.685217],"body_yaw":0.0,"check_collision":false},{"head":[[0.989794,-0.142258,-0.008351,-0.001072],[0.142394,0.989626,0.019073,0.001108],[0.005551,-0.020067,0.999783,0.0025],[0.0,0.0,0.0,1.0]],"antennas":[-0.33181,0.685217],"body_yaw":0.0,"check_collision":false}]}