{"description":"You look around without really knowing where to look. You can use this movement whenever you feel fear.","time":[0.0,0.02,0.04,0.06,0.08,0.1,0.12,0.14,0.16,0.18,0.2,0.22,0.24,0.26,0.28,0.3,0.32,0.34,0.36,0.38,0.4,0.42,0.44,0.46,0.48,0.5,0.52,0.54,0.56,0.58,0.6,0.62,0.64,0.66,0.68,0.7,0.72,0.74,0.76,0.78,0.8,0.82,0.84,0.86,0.88,0.9,0.92,0.94,0.96,0.98,1.0,1.02,1.04,1.06,1.08,1.1,1.12,1.14,1.16,1.18,1.2,1.22,1.24,1.26,1.28,1.3,1.32,1.34,1.36,1.38,1.4,1.42,1.44,1.46,1.48,1.5,1.52,1.54,1.56,1.58,1.6,1.62,1.64,1.66,1.68,1.7,1.72,1.74,1.76,1.78,1.8,1.82,1.84,1.86,1.88,1.9,1.92,1.94,1.96,1.98,2.0,2.02,2.04,2.06,2.08,2.1,2.12,2.14,2.16,2.18,2.2,2.22,2.24,2.26,2.28,2.3,2.32,2.34,2.36,2.38,2.4,2.42,2.44,2.46,2.48,2.5,2.52,2.54,2.56,2.58,2.6,2.62,2.64,2.66,2.68,2.7,2.72,2.74,2.76,2.78,2.8,2.82,2.84,2.86,2.88,2.9,2.92,2.94,2.96,2.98,3.0,3.02,3.04,3.06,3.08,3.1,3.12,3.14,3.16,3.18,3.2,3.22,3.24,3.26,3.28,3.3,3.32,3.34,3.36,3.38,3.4,3.42,3.44,3.46,3.48,3.5,3.52,3.54,3.56,3.58,3.6,3.62,3.64,3.66,3.68,3.7,3.72,3.74,3.76,3.78,3.8,3.82,3.84,3.86,3.88,3.9,3.92,3.94,3.96,3.98,4.0,4.02,4.04,4.06,4.08,4.1,4.12,4.14,4.16,4.18,4.2,4.22,4.24,4.26,4.28,4.3,4.32,4.34,4.36,4.38,4.4,4.42,4.44,4.46,4.48,4.5,4.52,4.54,4.56,4.58,4.6,4.62,4.64,4.66,4.68,4.7,4.72,4.74,4.76,4.78,4.8,4.82,4.84,4.86,4.88,4.9,4.92,4.94,4.96,4.98,5.0,5.02,5.04,5.06,5.08,5.1,5.12,5.14,5.16,5.18,5.2,5.22,5.24,5.26,5.28,5.3,5.32,5.34,5.36,5.38,5.4,5.42,5.44,5.46,5.48,5.5,5.52,5.54,5.56,5.58,5.6,5.62,5.64,5.66,5.68,5.7,5.72,5.74,5.76,5.78,5.8,5.82,5.84,5.86,5.88,5.9,5.92,5.94,5.96,5.98,6.0,6.02,6.04,6.06,6.08,6.1,6.12,6.14,6.16,6.18,6.2,6.22,6.24,6.26,6.28,6.3,6.32,6.34,6.36,6.38,6.4,6.42,6.44,6.46,6.48,6.5,6.52,6.54,6.56,6.58,6.6,6.62,6.64,6.66,6.68,6.7,6.72,6.74,6.76,6.78,6.8,6.82,6.84,6.86,6.88,6.9,6.92,6.94,6.96,6.98,7.0,7.02,7.04,7.06,7.08,7.1,7.12,7.14,7.16,7.18,7.2,7.22,7.24,7.26,7.28,7.3,7.32,7.34,7.36,7.38,7.4,7.42,7.44,7.46,7.48,7.5,7.52,7.54,7.56,7.58,7.6,7.62,7.64,7.66,7.68,7.7,7.72,7.74,7.76,7.78,7.8,7.82,7.84,7.86,7.88,7.9,7.92,7.94,7.96,7.98,8.0,8.02,8.04,8.06,8.08,8.1,8.12],"set_target_data":[{"head":[[0.956928,0.092968,0.275039,-0.01134],[-0.074054,0.994168,-0.078394,-0.003292],[-0.280723,0.05465,0.958232,-0.010772],[0.0,0.0,0.0,1.0]],"antennas":[-2.574164,2.587627],"body_yaw":0.049827,"check_collision":false},{"head":[[0.957999,0.102219,0.267935,-0.011365],[-0.083166,0.993193,-0.081554,-0.003044],[-0.274447,0.055845,0.959979,-0.010676],[0.0,0.0,0.0,1.0]],"antennas":[-2.574164,2.587627],"body_yaw":0.049827,"check_collision":false},{"head":[[0.959428,0.111311,0.259053,-0.011325],[-0.091957,0.992068,-0.085705,-0.00278],[-0.266538,0.058406,0.962053,-0.010564],[0.0,0.0,0.0,1.0]],"antennas":[-2.574164,2.587621],"body_yaw":0.049827,"check_collision":false},{"head":[[0.962448,0.113425,0.246636,-0.011012],[-0.095768,0.99198,-0.082485,-0.002589],[-0.254014,0.055768,0.965592,-0.010623],[0.0,0.0,0.0,1.0]],"antennas":[-2.563999,2.56837],"body_yaw":0.049827,"check_collision":false},{"head":[[0.966971,0.103453,0.232946,-0.010383],[-0.089131,0.993471,-0.071218,-0.002508],[-0.238793,0.048103,0.969878,-0.010598],[0.0,0.0,0.0,1.0]],"antennas":[-2.546184,2.551728],"body_yaw":0.049827,"check_collision":false},{"head":[[0.97016,0.089837,0.22521,-0.010132],[-0.078491,0.995176,-0.058853,-0.002618],[-0.229411,0.03942,0.972531,-0.010422],[0.0,0.0,0.0,1.0]],"antennas":[-2.531765,2.540174],"body_yaw":0.049827,"check_collision":false},{"head":[[0.973116,0.069844,0.21947,-0.009999],[-0.061348,0.997088,-0.045298,-0.002688],[-0.221995,0.030616,0.974567,-0.010341],[0.0,0.0,0.0,1.0]],"antennas":[-2.523427,2.535395],"body_yaw":0.049827,"check_collision":false},{"head":[[0.974111,0.05276,0.219829,-0.009661],[-0.045858,0.998285,-0.036387,-0.003082],[-0.221372,0.025364,0.974859,-0.010214],[0.0,0.0,0.0,1.0]],"antennas":[-2.522346,2.538089],"body_yaw":0.049827,"check_collision":false},{"head":[[0.974707,0.032098,0.221168,-0.009368],[-0.027116,0.999306,-0.025525,-0.003547],[-0.221834,0.018882,0.974902,-0.010199],[0.0,0.0,0.0,1.0]],"antennas":[-2.528652,2.547841],"body_yaw":0.049827,"check_collision":false},{"head":[[0.975057,0.015577,0.221407,-0.009308],[-0.012041,0.999778,-0.017311,-0.0039],[-0.221627,0.014214,0.975028,-0.010176],[0.0,0.0,0.0,1.0]],"antennas":[-2.541585,2.563285],"body_yaw":0.049827,"check_collision":false},{"head":[[0.974998,0.001042,0.22221,-0.009281],[0.001459,0.999937,-0.011087,-0.004185],[-0.222208,0.011134,0.974936,-0.010208],[0.0,0.0,0.0,1.0]],"antennas":[-2.55894,2.582157],"body_yaw":0.049827,"check_collision":false},{"head":[[0.974237,0.001413,0.225522,-0.009369],[0.001539,0.999915,-0.012913,-0.004222],[-0.225521,0.012927,0.974152,-0.010211],[0.0,0.0,0.0,1.0]],"antennas":[-2.578551,2.601853],"body_yaw":0.049827,"check_collision":false},{"head":[[0.972591,0.00911,0.232344,-0.009637],[-0.004801,0.999806,-0.019106,-0.00406],[-0.232473,0.017467,0.972446,-0.010213],[0.0,0.0,0.0,1.0]],"antennas":[-2.597549,2.619466],"body_yaw":0.049827,"check_collision":false},{"head":[[0.970451,0.028112,0.239657,-0.009937],[-0.022173,0.999377,-0.027441,-0.003895],[-0.240279,0.021317,0.97047,-0.010074],[0.0,0.0,0.0,1.0]],"antennas":[-2.613264,2.632567],"body_yaw":0.049827,"check_collision":false},{"head":[[0.968202,0.047554,0.245607,-0.010106],[-0.038968,0.998451,-0.039703,-0.003628],[-0.247115,0.028869,0.968556,-0.010116],[0.0,0.0,0.0,1.0]],"antennas":[-2.623344,2.639238],"body_yaw":0.049827,"check_collision":false},{"head":[[0.967868,0.065001,0.242914,-0.01014],[-0.054009,0.997204,-0.051649,-0.003779],[-0.245592,0.036869,0.968672,-0.009928],[0.0,0.0,0.0,1.0]],"antennas":[-2.626358,2.638541],"body_yaw":0.049827,"check_collision":false},{"head":[[0.967105,0.08156,0.240947,-0.010039],[-0.069326,0.995857,-0.058837,-0.00383],[-0.244748,0.040198,0.968753,-0.009834],[0.0,0.0,0.0,1.0]],"antennas":[-2.621985,2.63059],"body_yaw":0.049827,"check_collision":false},{"head":[[0.968673,0.090804,0.231143,-0.009745],[-0.078718,0.995029,-0.061006,-0.003552],[-0.235534,0.0409,0.971005,-0.009793],[0.0,0.0,0.0,1.0]],"antennas":[-2.610737,2.616537],"body_yaw":0.049827,"check_collision":false},{"head":[[0.971349,0.087161,0.221099,-0.009471],[-0.076283,0.995439,-0.057289,-0.003472],[-0.225084,0.038781,0.973567,-0.009677],[0.0,0.0,0.0,1.0]],"antennas":[-2.594434,2.598327],"body_yaw":0.049827,"check_collision":false},{"head":[[0.97356,0.083746,0.212528,-0.009219],[-0.073827,0.995797,-0.054198,-0.003364],[-0.216173,0.037075,0.975651,-0.0094],[0.0,0.0,0.0,1.0]],"antennas":[-2.575023,2.578593],"body_yaw":0.049827,"check_collision":false},{"head":[[0.976692,0.069431,0.203107,-0.00881],[-0.060511,0.996924,-0.049811,-0.003102],[-0.20594,0.03636,0.977889,-0.009304],[0.0,0.0,0.0,1.0]],"antennas":[-2.555705,2.56019],"body_yaw":0.049827,"check_collision":false},{"head":[[0.978964,0.053121,0.196996,-0.008349],[-0.045539,0.998044,-0.042822,-0.003137],[-0.198886,0.03295,0.979469,-0.009229],[0.0,0.0,0.0,1.0]],"antennas":[-2.538865,2.545679],"body_yaw":0.049827,"check_collision":false},{"head":[[0.980384,0.040628,0.192862,-0.007876],[-0.034521,0.998794,-0.034922,-0.00331],[-0.194048,0.027579,0.980604,-0.009336],[0.0,0.0,0.0,1.0]],"antennas":[-2.527199,2.537197],"body_yaw":0.049827,"check_collision":false},{"head":[[0.981613,0.025846,0.189126,-0.007568],[-0.021908,0.999498,-0.022881,-0.003588],[-0.189622,0.018317,0.981686,-0.00943],[0.0,0.0,0.0,1.0]],"antennas":[-2.522114,2.535843],"body_yaw":0.049827,"check_collision":false},{"head":[[0.982963,0.007089,0.183669,-0.007345],[-0.007067,0.999975,-0.000775,-0.003774],[-0.18367,-0.000536,0.982988,-0.009347],[0.0,0.0,0.0,1.0]],"antennas":[-2.5245,2.541917],"body_yaw":0.049827,"check_collision":false},{"head":[[0.983516,-0.00484,0.180756,-0.007245],[0.002479,0.999909,0.01329,-0.004202],[-0.180804,-0.012622,0.983438,-0.009042],[0.0,0.0,0.0,1.0]],"antennas":[-2.533953,2.554484],"body_yaw":0.049827,"check_collision":false},{"head":[[0.982556,-0.008478,0.185774,-0.007171],[0.006016,0.999886,0.013813,-0.004187],[-0.18587,-0.012454,0.982495,-0.009231],[0.0,0.0,0.0,1.0]],"antennas":[-2.549092,2.571754],"body_yaw":0.049827,"check_collision":false},{"head":[[0.98079,-0.006701,0.194952,-0.007315],[0.003908,0.999884,0.014709,-0.00413],[-0.195028,-0.013665,0.980702,-0.009311],[0.0,0.0,0.0,1.0]],"antennas":[-2.567961,2.591302],"body_yaw":0.049827,"check_collision":false},{"head":[[0.978869,0.002999,0.204466,-0.007492],[-0.005301,0.999929,0.010713,-0.004009],[-0.204419,-0.011571,0.978815,-0.009342],[0.0,0.0,0.0,1.0]],"antennas":[-2.587669,2.610382],"body_yaw":0.049827,"check_collision":false},{"head":[[0.977077,0.024594,0.21146,-0.007744],[-0.024845,0.99969,-0.001468,-0.004091],[-0.211431,-0.00382,0.977385,-0.009477],[0.0,0.0,0.0,1.0]],"antennas":[-2.605315,2.626159],"body_yaw":0.049827,"check_collision":false},{"head":[[0.974534,0.054521,0.217512,-0.008238],[-0.052563,0.998508,-0.014785,-0.004537],[-0.217994,0.002975,0.975946,-0.00939],[0.0,0.0,0.0,1.0]],"antennas":[-2.618619,2.636447],"body_yaw":0.049827,"check_collision":false},{"head":[[0.971687,0.0698,0.225724,-0.008627],[-0.066393,0.997536,-0.022656,-0.004326],[-0.22675,0.007028,0.973928,-0.009389],[0.0,0.0,0.0,1.0]],"antennas":[-2.625562,2.639754],"body_yaw":0.049827,"check_collision":false},{"head":[[0.971302,0.075968,0.225392,-0.008626],[-0.072669,0.997093,-0.022911,-0.004091],[-0.226477,0.005874,0.973999,-0.009455],[0.0,0.0,0.0,1.0]],"antennas":[-2.625141,2.635636],"body_yaw":0.049827,"check_collision":false},{"head":[[0.973451,0.067714,0.218652,-0.008486],[-0.065702,0.997703,-0.016468,-0.003728],[-0.219265,0.001665,0.975664,-0.009477],[0.0,0.0,0.0,1.0]],"antennas":[-2.617495,2.624648],"body_yaw":0.049827,"check_collision":false},{"head":[[0.975902,0.056312,0.21082,-0.008161],[-0.055714,0.998408,-0.008778,-0.003589],[-0.210979,-0.003179,0.977485,-0.009401],[0.0,0.0,0.0,1.0]],"antennas":[-2.603609,2.608387],"body_yaw":0.049827,"check_collision":false},{"head":[[0.978151,0.042989,0.203401,-0.007716],[-0.044328,0.999015,0.002029,-0.0037],[-0.203114,-0.011001,0.979093,-0.009304],[0.0,0.0,0.0,1.0]],"antennas":[-2.585592,2.58918],"body_yaw":0.049827,"check_collision":false},{"head":[[0.98052,0.024233,0.194917,-0.007116],[-0.028396,0.999424,0.018595,-0.004217],[-0.194354,-0.023768,0.980643,-0.009235],[0.0,0.0,0.0,1.0]],"antennas":[-2.565882,2.569724],"body_yaw":0.049827,"check_collision":false},{"head":[[0.981757,0.00985,0.189882,-0.006652],[-0.016395,0.999323,0.03293,-0.004716],[-0.189429,-0.035442,0.981254,-0.009296],[0.0,0.0,0.0,1.0]],"antennas":[-2.547394,2.552854],"body_yaw":0.049827,"check_collision":false},{"head":[[0.981604,0.002931,0.190907,-0.006245],[-0.010787,0.999136,0.040126,-0.005013],[-0.190624,-0.041447,0.980788,-0.009431],[0.0,0.0,0.0,1.0]],"antennas":[-2.532745,2.540939],"body_yaw":0.049827,"check_collision":false},{"head":[[0.980601,0.000377,0.196014,-0.006067],[-0.007622,0.999315,0.036208,-0.005076],[-0.195867,-0.036999,0.979932,-0.009336],[0.0,0.0,0.0,1.0]],"antennas":[-2.523934,2.535671],"body_yaw":0.049827,"check_collision":false},{"head":[[0.979312,0.001395,0.202353,-0.006097],[-0.007543,0.999533,0.029618,-0.005011],[-0.202217,-0.030531,0.978865,-0.009463],[0.0,0.0,0.0,1.0]],"antennas":[-2.522348,2.53782],"body_yaw":0.049827,"check_collision":false},{"head":[[0.978032,0.000211,0.208456,-0.006253],[-0.006525,0.99954,0.029605,-0.005031],[-0.208354,-0.030315,0.977584,-0.009501],[0.0,0.0,0.0,1.0]],"antennas":[-2.528106,2.547088],"body_yaw":0.049827,"check_collision":false},{"head":[[0.976726,-0.001264,0.214485,-0.006479],[-0.00519,0.999551,0.029524,-0.005296],[-0.214426,-0.02995,0.976281,-0.009561],[0.0,0.0,0.0,1.0]],"antennas":[-2.540533,2.562136],"body_yaw":0.049827,"check_collision":false},{"head":[[0.976076,-0.000565,0.217428,-0.006633],[-0.006324,0.9995,0.030987,-0.005447],[-0.217336,-0.031621,0.975584,-0.009564],[0.0,0.0,0.0,1.0]],"antennas":[-2.557656,2.580815],"body_yaw":0.049827,"check_collision":false},{"head":[[0.97606,-0.005706,0.217428,-0.00658],[-0.002148,0.999354,0.03587,-0.00551],[-0.217493,-0.035478,0.975417,-0.009731],[0.0,0.0,0.0,1.0]],"antennas":[-2.577172,2.600471],"body_yaw":0.049827,"check_collision":false},{"head":[[0.976152,-0.00924,0.21689,-0.006482],[-0.000102,0.999074,0.043022,-0.005451],[-0.217087,-0.042019,0.975248,-0.009768],[0.0,0.0,0.0,1.0]],"antennas":[-2.596243,2.618291],"body_yaw":0.049827,"check_collision":false},{"head":[[0.976703,-0.012833,0.214212,-0.006247],[0.002244,0.998766,0.049604,-0.005415],[-0.214585,-0.047968,0.975527,-0.009762],[0.0,0.0,0.0,1.0]],"antennas":[-2.612217,2.631739],"body_yaw":0.056625,"check_collision":false},{"head":[[0.976696,-0.014333,0.21415,-0.006222],[0.002817,0.998538,0.053986,-0.005335],[-0.214611,-0.052125,0.975308,-0.00977],[0.0,0.0,0.0,1.0]],"antennas":[-2.622651,2.638885],"body_yaw":0.068424,"check_collision":false},{"head":[[0.973191,-0.010767,0.229745,-0.006032],[0.000396,0.998981,0.045142,-0.005438],[-0.229997,-0.043841,0.972203,-0.010152],[0.0,0.0,0.0,1.0]],"antennas":[-2.62629,2.638737],"body_yaw":0.047497,"check_collision":false},{"head":[[0.969277,0.003147,0.245951,-0.005991],[-0.011648,0.999384,0.033119,-0.005396],[-0.245695,-0.034966,0.968716,-0.010519],[0.0,0.0,0.0,1.0]],"antennas":[-2.622424,2.631291],"body_yaw":0.014531,"check_collision":false},{"head":[[0.966999,0.026078,0.253444,-0.006218],[-0.031663,0.999337,0.017983,-0.005112],[-0.252807,-0.025415,0.967183,-0.010596],[0.0,0.0,0.0,1.0]],"antennas":[-2.611753,2.617629],"body_yaw":-0.019538,"check_collision":false},{"head":[[0.965001,0.038534,0.259401,-0.006275],[-0.040418,0.999181,0.001932,-0.004801],[-0.259114,-0.012349,0.965768,-0.01066],[0.0,0.0,0.0,1.0]],"antennas":[-2.595685,2.599717],"body_yaw":-0.038328,"check_collision":false},{"head":[[0.961836,0.054682,0.268108,-0.006525],[-0.053525,0.998499,-0.011629,-0.004589],[-0.268342,-0.003165,0.963319,-0.010701],[0.0,0.0,0.0,1.0]],"antennas":[-2.576542,2.580048],"body_yaw":-0.038328,"check_collision":false},{"head":[[0.957834,0.07308,0.277874,-0.006997],[-0.069141,0.997319,-0.023963,-0.004159],[-0.27888,0.00374,0.960319,-0.010627],[0.0,0.0,0.0,1.0]],"antennas":[-2.557099,2.561498],"body_yaw":-0.038328,"check_collision":false},{"head":[[0.955572,0.086822,0.281679,-0.007299],[-0.08034,0.99617,-0.034503,-0.003849],[-0.283596,0.01034,0.958888,-0.010734],[0.0,0.0,0.0,1.0]],"antennas":[-2.539971,2.546593],"body_yaw":-0.017542,"check_collision":false},{"head":[[0.957147,0.085003,0.276848,-0.007299],[-0.077657,0.996278,-0.037411,-0.003692],[-0.278997,0.014309,0.960185,-0.010956],[0.0,0.0,0.0,1.0]],"antennas":[-2.527787,2.537566],"body_yaw":-0.007826,"check_collision":false},{"head":[[0.962812,0.06867,0.261301,-0.006893],[-0.062503,0.997536,-0.03185,-0.003746],[-0.262845,0.014334,0.964732,-0.010969],[0.0,0.0,0.0,1.0]],"antennas":[-2.522235,2.535707],"body_yaw":-0.028696,"check_collision":false},{"head":[[0.968556,0.044957,0.2447,-0.006418],[-0.041996,0.998968,-0.017305,-0.004111],[-0.245226,0.006484,0.969444,-0.010901],[0.0,0.0,0.0,1.0]],"antennas":[-2.524116,2.541274],"body_yaw":-0.049138,"check_collision":false},{"head":[[0.971225,0.028797,0.236415,-0.006057],[-0.028459,0.999583,-0.004844,-0.004324],[-0.236456,-0.002023,0.97164,-0.010957],[0.0,0.0,0.0,1.0]],"antennas":[-2.533107,2.553456],"body_yaw":-0.034801,"check_collision":false},{"head":[[0.972418,0.012577,0.232905,-0.005778],[-0.014827,0.999859,0.007911,-0.004618],[-0.232772,-0.011146,0.972467,-0.010967],[0.0,0.0,0.0,1.0]],"antennas":[-2.548039,2.570514],"body_yaw":-0.031539,"check_collision":false},{"head":[[0.973369,-0.001182,0.229242,-0.005538],[-0.003574,0.999787,0.020326,-0.004688],[-0.229217,-0.020604,0.973157,-0.010864],[0.0,0.0,0.0,1.0]],"antennas":[-2.566578,2.589988],"body_yaw":-0.031539,"check_collision":false},{"head":[[0.973365,-0.005523,0.229195,-0.005325],[-0.000142,0.999695,0.024693,-0.004724],[-0.229262,-0.024067,0.973067,-0.010663],[0.0,0.0,0.0,1.0]],"antennas":[-2.58605,2.609088],"body_yaw":-0.032704,"check_collision":false},{"head":[[0.972218,-0.003419,0.234054,-0.005136],[-0.001653,0.999768,0.021471,-0.004638],[-0.234073,-0.021262,0.971987,-0.010898],[0.0,0.0,0.0,1.0]],"antennas":[-2.60421,2.625248],"body_yaw":-0.04757,"check_collision":false},{"head":[[0.970774,0.004334,0.239954,-0.005107],[-0.009195,0.999775,0.01914,-0.004328],[-0.239817,-0.020787,0.970595,-0.011267],[0.0,0.0,0.0,1.0]],"antennas":[-2.617898,2.63599],"body_yaw":-0.068084,"check_collision":false},{"head":[[0.969862,0.017118,0.243051,-0.005338],[-0.021096,0.999683,0.013774,-0.004348],[-0.242738,-0.018487,0.969916,-0.011331],[0.0,0.0,0.0,1.0]],"antennas":[-2.625378,2.639821],"body_yaw":-0.07804,"check_collision":false},{"head":[[0.969248,0.032274,0.243959,-0.005651],[-0.034392,0.999399,0.004426,-0.004466],[-0.243669,-0.01268,0.969775,-0.011229],[0.0,0.0,0.0,1.0]],"antennas":[-2.625496,2.636214],"body_yaw":-0.059705,"check_collision":false},{"head":[[0.969,0.044898,0.242946,-0.006206],[-0.045463,0.998961,-0.003284,-0.004583],[-0.242841,-0.007862,0.970034,-0.011117],[0.0,0.0,0.0,1.0]],"antennas":[-2.618324,2.625659],"body_yaw":-0.027235,"check_collision":false},{"head":[[0.970564,0.042653,0.237035,-0.006511],[-0.043193,0.999062,-0.002916,-0.004705],[-0.236937,-0.007408,0.971497,-0.010901],[0.0,0.0,0.0,1.0]],"antennas":[-2.604799,2.609677],"body_yaw":0.016846,"check_collision":false},{"head":[[0.972603,0.028625,0.230703,-0.006296],[-0.031112,0.99949,0.007145,-0.004771],[-0.230381,-0.014127,0.972998,-0.010814],[0.0,0.0,0.0,1.0]],"antennas":[-2.587006,2.590552],"body_yaw":0.05727,"check_collision":false},{"head":[[0.974359,0.009001,0.224819,-0.005928],[-0.014336,0.999653,0.022109,-0.005464],[-0.224542,-0.024765,0.97415,-0.010569],[0.0,0.0,0.0,1.0]],"antennas":[-2.567183,2.570984],"body_yaw":0.083971,"check_collision":false},{"head":[[0.974662,-0.003954,0.223646,-0.005639],[-0.002515,0.999587,0.028635,-0.006002],[-0.223667,-0.028472,0.97425,-0.010605],[0.0,0.0,0.0,1.0]],"antennas":[-2.548561,2.553824],"body_yaw":0.088593,"check_collision":false},{"head":[[0.973771,-0.006996,0.227423,-0.005218],[0.001093,0.999659,0.026074,-0.006053],[-0.227528,-0.025142,0.973447,-0.010712],[0.0,0.0,0.0,1.0]],"antennas":[-2.53352,2.541444],"body_yaw":0.088593,"check_collision":false},{"head":[[0.973121,-0.002121,0.230284,-0.004796],[-0.004748,0.99956,0.029269,-0.005894],[-0.230245,-0.029575,0.972683,-0.010895],[0.0,0.0,0.0,1.0]],"antennas":[-2.524213,2.53566],"body_yaw":0.088593,"check_collision":false},{"head":[[0.972475,0.008125,0.232865,-0.004812],[-0.015093,0.99949,0.028155,-0.005228],[-0.232517,-0.030895,0.972101,-0.011032],[0.0,0.0,0.0,1.0]],"antennas":[-2.522067,2.537295],"body_yaw":0.098825,"check_collision":false},{"head":[[0.971011,0.018892,0.238286,-0.005238],[-0.02638,0.999252,0.028275,-0.005106],[-0.237574,-0.033741,0.970783,-0.010523],[0.0,0.0,0.0,1.0]],"antennas":[-2.527401,2.546123],"body_yaw":0.122216,"check_collision":false},{"head":[[0.969349,0.027361,0.244161,-0.005677],[-0.035154,0.999,0.027616,-0.00521],[-0.243161,-0.035353,0.969342,-0.010133],[0.0,0.0,0.0,1.0]],"antennas":[-2.539329,2.560843],"body_yaw":0.144532,"check_collision":false},{"head":[[0.970577,0.02662,0.239317,-0.005565],[-0.033558,0.999125,0.024963,-0.005387],[-0.238443,-0.03226,0.970621,-0.010121],[0.0,0.0,0.0,1.0]],"antennas":[-2.556247,2.579423],"body_yaw":0.152108,"check_collision":false},{"head":[[0.973867,0.01237,0.22678,-0.005088],[-0.019292,0.999412,0.028331,-0.005494],[-0.226296,-0.031965,0.973534,-0.010166],[0.0,0.0,0.0,1.0]],"antennas":[-2.575826,2.599162],"body_yaw":0.152108,"check_collision":false},{"head":[[0.976204,-0.006394,0.216758,-0.00478],[-0.002009,0.999256,0.038524,-0.006168],[-0.216843,-0.038042,0.975465,-0.009868],[0.0,0.0,0.0,1.0]],"antennas":[-2.595282,2.617203],"body_yaw":0.152108,"check_collision":false},{"head":[[0.9783,-0.025159,0.205662,-0.004648],[0.015434,0.998692,0.048755,-0.006602],[-0.206619,-0.044523,0.977408,-0.009753],[0.0,0.0,0.0,1.0]],"antennas":[-2.611449,2.631149],"body_yaw":0.152108,"check_collision":false},{"head":[[0.978335,-0.02913,0.204971,-0.004525],[0.019601,0.998637,0.048365,-0.00676],[-0.2061,-0.0433,0.977572,-0.009872],[0.0,0.0,0.0,1.0]],"antennas":[-2.62235,2.638848],"body_yaw":0.152108,"check_collision":false},{"head":[[0.976881,-0.025843,0.212214,-0.004326],[0.016998,0.998913,0.043397,-0.006225],[-0.213105,-0.038786,0.976259,-0.009941],[0.0,0.0,0.0,1.0]],"antennas":[-2.626509,2.639211],"body_yaw":0.152108,"check_collision":false},{"head":[[0.975793,-0.015406,0.218154,-0.004385],[0.007221,0.999241,0.038271,-0.005988],[-0.218578,-0.035769,0.975164,-0.009632],[0.0,0.0,0.0,1.0]],"antennas":[-2.62312,2.632221],"body_yaw":0.152108,"check_collision":false},{"head":[[0.975204,-0.000106,0.221307,-0.004448],[-0.007274,0.999444,0.032532,-0.00592],[-0.221188,-0.033335,0.974661,-0.009569],[0.0,0.0,0.0,1.0]],"antennas":[-2.612826,2.618837],"body_yaw":0.152108,"check_collision":false},{"head":[[0.973763,0.015054,0.227065,-0.004482],[-0.020668,0.999536,0.022368,-0.006256],[-0.226623,-0.026474,0.973623,-0.009698],[0.0,0.0,0.0,1.0]],"antennas":[-2.596901,2.601029],"body_yaw":0.152108,"check_collision":false},{"head":[[0.97152,0.026187,0.235505,-0.004871],[-0.0309,0.999389,0.016339,-0.006515],[-0.234933,-0.023151,0.971736,-0.009835],[0.0,0.0,0.0,1.0]],"antennas":[-2.577941,2.581324],"body_yaw":0.152108,"check_collision":false},{"head":[[0.970596,0.033463,0.238378,-0.005257],[-0.036622,0.99929,0.008832,-0.006552],[-0.237913,-0.017302,0.971132,-0.009934],[0.0,0.0,0.0,1.0]],"antennas":[-2.558191,2.562497],"body_yaw":0.152108,"check_collision":false},{"head":[[0.971964,0.029588,0.23326,-0.005302],[-0.031413,0.999498,0.004113,-0.006525],[-0.233021,-0.011325,0.972406,-0.009731],[0.0,0.0,0.0,1.0]],"antennas":[-2.540896,2.547284],"body_yaw":0.152108,"check_collision":false},{"head":[[0.973088,0.021757,0.229405,-0.005152],[-0.023289,0.999721,0.003972,-0.006236],[-0.229255,-0.009207,0.973323,-0.009282],[0.0,0.0,0.0,1.0]],"antennas":[-2.528289,2.537825],"body_yaw":0.152108,"check_collision":false},{"head":[[0.974034,0.008827,0.22623,-0.004744],[-0.011605,0.999873,0.010954,-0.006067],[-0.226104,-0.013295,0.974012,-0.00917],[0.0,0.0,0.0,1.0]],"antennas":[-2.522257,2.535473],"body_yaw":0.144435,"check_collision":false},{"head":[[0.97574,-0.002863,0.218913,-0.004103],[-0.001735,0.999782,0.020811,-0.006274],[-0.218925,-0.020686,0.975522,-0.009536],[0.0,0.0,0.0,1.0]],"antennas":[-2.523638,2.540559],"body_yaw":0.103196,"check_collision":false},{"head":[[0.976866,-0.009723,0.213632,-0.003582],[0.003936,0.999614,0.027498,-0.00647],[-0.213817,-0.026021,0.976527,-0.010134],[0.0,0.0,0.0,1.0]],"antennas":[-2.532221,2.552376],"body_yaw":0.047696,"check_collision":false},{"head":[[0.975803,-0.009387,0.21845,-0.003306],[0.004281,0.999707,0.023836,-0.006388],[-0.218609,-0.022324,0.975557,-0.010593],[0.0,0.0,0.0,1.0]],"antennas":[-2.546759,2.569192],"body_yaw":-0.005114,"check_collision":false},{"head":[[0.972674,-0.005012,0.232119,-0.003362],[0.001073,0.999853,0.017094,-0.006279],[-0.232171,-0.016378,0.972537,-0.010889],[0.0,0.0,0.0,1.0]],"antennas":[-2.565186,2.588618],"body_yaw":-0.043325,"check_collision":false},{"head":[[0.969168,0.000312,0.246402,-0.003737],[-0.003579,0.999912,0.012811,-0.006167],[-0.246376,-0.013298,0.969083,-0.010794],[0.0,0.0,0.0,1.0]],"antennas":[-2.584874,2.607875],"body_yaw":-0.054755,"check_collision":false},{"head":[[0.965704,0.008385,0.25951,-0.004121],[-0.010206,0.999932,0.005673,-0.005943],[-0.259445,-0.008127,0.965724,-0.010553],[0.0,0.0,0.0,1.0]],"antennas":[-2.603214,2.624324],"body_yaw":-0.054755,"check_collision":false},{"head":[[0.960356,0.020907,0.277992,-0.004597],[-0.020234,0.999781,-0.005289,-0.005783],[-0.278041,-0.000545,0.960569,-0.010409],[0.0,0.0,0.0,1.0]],"antennas":[-2.617062,2.635436],"body_yaw":-0.054755,"check_collision":false},{"head":[[0.954447,0.032087,0.296651,-0.005029],[-0.028977,0.999469,-0.014877,-0.005876],[-0.296971,0.005604,0.95487,-0.010839],[0.0,0.0,0.0,1.0]],"antennas":[-2.625058,2.639801],"body_yaw":-0.054755,"check_collision":false},{"head":[[0.951517,0.03487,0.305614,-0.004976],[-0.030477,0.999352,-0.019136,-0.006399],[-0.306083,0.008894,0.951963,-0.011195],[0.0,0.0,0.0,1.0]],"antennas":[-2.625718,2.636695],"body_yaw":-0.054755,"check_collision":false},{"head":[[0.948946,0.037155,0.313242,-0.004936],[-0.031316,0.99923,-0.023653,-0.006579],[-0.313879,0.012635,0.949379,-0.011388],[0.0,0.0,0.0,1.0]],"antennas":[-2.619007,2.626578],"body_yaw":-0.043857,"check_collision":false},{"head":[[0.948829,0.036701,0.313649,-0.005086],[-0.030659,0.999237,-0.024176,-0.006645],[-0.314297,0.013323,0.949231,-0.011299],[0.0,0.0,0.0,1.0]],"antennas":[-2.606029,2.610919],"body_yaw":-0.029377,"check_collision":false},{"head":[[0.953683,0.029872,0.299327,-0.005108],[-0.025595,0.999507,-0.0182,-0.00641],[-0.299723,0.009695,0.953977,-0.011174],[0.0,0.0,0.0,1.0]],"antennas":[-2.588229,2.591926],"body_yaw":0.000909,"check_collision":false},{"head":[[0.959125,0.021837,0.282138,-0.004977],[-0.021054,0.999761,-0.005809,-0.006386],[-0.282197,-0.000368,0.959356,-0.010677],[0.0,0.0,0.0,1.0]],"antennas":[-2.568597,2.572334],"body_yaw":0.050916,"check_collision":false},{"head":[[0.963664,0.013142,0.266794,-0.004611],[-0.016468,0.999812,0.010235,-0.006679],[-0.26661,-0.014257,0.963699,-0.01037],[0.0,0.0,0.0,1.0]],"antennas":[-2.54982,2.55495],"body_yaw":0.106207,"check_collision":false},{"head":[[0.966533,0.007709,0.256428,-0.004419],[-0.012557,0.999772,0.017272,-0.006866],[-0.256236,-0.019914,0.966409,-0.010179],[0.0,0.0,0.0,1.0]],"antennas":[-2.534582,2.542285],"body_yaw":0.1495,"check_collision":false},{"head":[[0.965443,0.006142,0.260543,-0.004272],[-0.009908,0.999865,0.013145,-0.006733],[-0.260427,-0.015272,0.965373,-0.010637],[0.0,0.0,0.0,1.0]],"antennas":[-2.52476,2.535951],"body_yaw":0.144603,"check_collision":false},{"head":[[0.962673,0.007041,0.270576,-0.004278],[-0.007943,0.999966,0.002237,-0.006891],[-0.270551,-0.004302,0.962696,-0.01106],[0.0,0.0,0.0,1.0]],"antennas":[-2.522082,2.537067],"body_yaw":0.115554,"check_collision":false},{"head":[[0.960782,0.007577,0.277203,-0.004409],[-0.006257,0.999964,-0.005646,-0.006901],[-0.277236,0.00369,0.960795,-0.011197],[0.0,0.0,0.0,1.0]],"antennas":[-2.526798,2.545415],"body_yaw":0.081681,"check_collision":false},{"head":[[0.960066,0.006101,0.279707,-0.004471],[-0.002145,0.999893,-0.014446,-0.006959],[-0.279766,0.013269,0.959977,-0.011102],[0.0,0.0,0.0,1.0]],"antennas":[-2.538453,2.559715],"body_yaw":0.061569,"check_collision":false},{"head":[[0.959339,0.005595,0.282199,-0.004311],[0.000651,0.999757,-0.022035,-0.00688],[-0.282254,0.021322,0.959103,-0.011302],[0.0,0.0,0.0,1.0]],"antennas":[-2.555089,2.578057],"body_yaw":0.059902,"check_collision":false},{"head":[[0.9591,0.003584,0.283046,-0.004158],[0.00265,0.999762,-0.021636,-0.006801],[-0.283056,0.021502,0.958862,-0.011348],[0.0,0.0,0.0,1.0]],"antennas":[-2.574386,2.597764],"body_yaw":0.059902,"check_collision":false},{"head":[[0.961181,0.001101,0.275916,-0.004089],[0.002447,0.999919,-0.012514,-0.006568],[-0.275907,0.012703,0.9611,-0.011476],[0.0,0.0,0.0,1.0]],"antennas":[-2.593717,2.615996],"body_yaw":0.059902,"check_collision":false},{"head":[[0.964618,-0.002103,0.263642,-0.004217],[0.002312,0.999997,-0.000484,-0.006661],[-0.26364,0.001077,0.964621,-0.011299],[0.0,0.0,0.0,1.0]],"antennas":[-2.610289,2.630214],"body_yaw":0.054508,"check_collision":false},{"head":[[0.966609,-0.002712,0.256241,-0.00432],[0.001177,0.99998,0.006147,-0.006854],[-0.256253,-0.00564,0.966593,-0.011363],[0.0,0.0,0.0,1.0]],"antennas":[-2.621609,2.638314],"body_yaw":0.02774,"check_collision":false},{"head":[[0.963583,0.000913,0.267409,-0.004698],[0.000699,0.999982,-0.005934,-0.006662],[-0.26741,0.005904,0.963565,-0.011498],[0.0,0.0,0.0,1.0]],"antennas":[-2.62623,2.639207],"body_yaw":-0.005159,"check_collision":false},{"head":[[0.957624,0.00952,0.287864,-0.005242],[-0.002765,0.999711,-0.023861,-0.006628],[-0.288008,0.022054,0.957374,-0.011721],[0.0,0.0,0.0,1.0]],"antennas":[-2.623402,2.632729],"body_yaw":-0.026102,"check_collision":false},{"head":[[0.951291,0.018565,0.307734,-0.005753],[-0.007175,0.999248,-0.0381,-0.006506],[-0.30821,0.034036,0.950709,-0.011818],[0.0,0.0,0.0,1.0]],"antennas":[-2.613557,2.619808],"body_yaw":-0.028472,"check_collision":false},{"head":[[0.94642,0.026314,0.321863,-0.006046],[-0.011529,0.998793,-0.047755,-0.006546],[-0.322731,0.041485,0.945581,-0.011571],[0.0,0.0,0.0,1.0]],"antennas":[-2.598081,2.602331],"body_yaw":-0.028472,"check_collision":false},{"head":[[0.94316,0.031974,0.330798,-0.005898],[-0.015243,0.998476,-0.053049,-0.006281],[-0.33199,0.044992,0.942209,-0.011445],[0.0,0.0,0.0,1.0]],"antennas":[-2.579241,2.58273],"body_yaw":-0.028472,"check_collision":false},{"head":[[0.939158,0.039261,0.341234,-0.005534],[-0.0219,0.998269,-0.054583,-0.006154],[-0.342787,0.043789,0.938392,-0.011639],[0.0,0.0,0.0,1.0]],"antennas":[-2.559539,2.563809],"body_yaw":-0.028472,"check_collision":false},{"head":[[0.939506,0.042172,0.339926,-0.005291],[-0.027205,0.998444,-0.048679,-0.00581],[-0.34145,0.036487,0.939191,-0.011909],[0.0,0.0,0.0,1.0]],"antennas":[-2.542091,2.548307],"body_yaw":-0.028472,"check_collision":false},{"head":[[0.942534,0.039201,0.331802,-0.005326],[-0.030098,0.999017,-0.032532,-0.005746],[-0.332752,0.020676,0.942788,-0.01176],[0.0,0.0,0.0,1.0]],"antennas":[-2.529116,2.538428],"body_yaw":-0.031539,"check_collision":false},{"head":[[0.943463,0.037771,0.329318,-0.005515],[-0.034097,0.999275,-0.016927,-0.006027],[-0.329719,0.004742,0.944067,-0.0118],[0.0,0.0,0.0,1.0]],"antennas":[-2.522602,2.535551],"body_yaw":-0.027954,"check_collision":false},{"head":[[0.940639,0.0406,0.336971,-0.005785],[-0.038241,0.999175,-0.013636,-0.006198],[-0.337247,-6e-05,0.941416,-0.012093],[0.0,0.0,0.0,1.0]],"antennas":[-2.523444,2.540116],"body_yaw":-0.004193,"check_collision":false},{"head":[[0.936652,0.044988,0.347361,-0.005828],[-0.041286,0.998984,-0.018055,-0.00622],[-0.347821,0.00257,0.937558,-0.012059],[0.0,0.0,0.0,1.0]],"antennas":[-2.531541,2.55146],"body_yaw":0.030452,"check_collision":false},{"head":[[0.933451,0.047969,0.355483,-0.006005],[-0.042043,0.998818,-0.024379,-0.005734],[-0.356232,0.007811,0.934365,-0.011657],[0.0,0.0,0.0,1.0]],"antennas":[-2.545638,2.56795],"body_yaw":0.059402,"check_collision":false},{"head":[[0.932048,0.048286,0.359103,-0.005865],[-0.040143,0.99874,-0.0301,-0.005409],[-0.360104,0.013639,0.932812,-0.01189],[0.0,0.0,0.0,1.0]],"antennas":[-2.563889,2.587256],"body_yaw":0.065596,"check_collision":false},{"head":[[0.930314,0.050449,0.363278,-0.005429],[-0.039646,0.998523,-0.037139,-0.005413],[-0.364615,0.020148,0.93094,-0.012307],[0.0,0.0,0.0,1.0]],"antennas":[-2.583576,2.606601],"body_yaw":0.065596,"check_collision":false},{"head":[[0.933013,0.049377,0.35644,-0.005265],[-0.039668,0.998617,-0.034503,-0.005318],[-0.35765,0.018052,0.933681,-0.01253],[0.0,0.0,0.0,1.0]],"antennas":[-2.601918,2.623253],"body_yaw":0.064078,"check_collision":false},{"head":[[0.939977,0.042511,0.338581,-0.005185],[-0.037068,0.999059,-0.022529,-0.005361],[-0.33922,0.008626,0.940668,-0.0124],[0.0,0.0,0.0,1.0]],"antennas":[-2.616352,2.634843],"body_yaw":0.050096,"check_collision":false},{"head":[[0.947786,0.03414,0.317074,-0.005108],[-0.033162,0.999414,-0.008483,-0.005532],[-0.317177,-0.002475,0.948363,-0.012133],[0.0,0.0,0.0,1.0]],"antennas":[-2.624689,2.639681],"body_yaw":0.032286,"check_collision":false},{"head":[[0.953463,0.027132,0.300288,-0.00526],[-0.030683,0.999504,0.007115,-0.005626],[-0.299945,-0.015998,0.953822,-0.011714],[0.0,0.0,0.0,1.0]],"antennas":[-2.625874,2.637099],"body_yaw":0.025424,"check_collision":false},{"head":[[0.956336,0.02328,0.29134,-0.005295],[-0.028684,0.999486,0.014291,-0.005669],[-0.290858,-0.022024,0.956513,-0.011463],[0.0,0.0,0.0,1.0]],"antennas":[-2.619629,2.627454],"body_yaw":0.039305,"check_collision":false},{"head":[[0.956882,0.022335,0.289616,-0.005149],[-0.026676,0.999583,0.011051,-0.005719],[-0.289249,-0.018301,0.957079,-0.011158],[0.0,0.0,0.0,1.0]],"antennas":[-2.607004,2.612134],"body_yaw":0.047636,"check_collision":false},{"head":[[0.958213,0.019947,0.285361,-0.005008],[-0.022513,0.99973,0.005713,-0.005843],[-0.28517,-0.011899,0.958403,-0.011],[0.0,0.0,0.0,1.0]],"antennas":[-2.589503,2.593279],"body_yaw":0.047636,"check_collision":false},{"head":[[0.958111,0.014665,0.28602,-0.004658],[-0.01611,0.999867,0.002699,-0.006161],[-0.285943,-0.007194,0.95822,-0.011138],[0.0,0.0,0.0,1.0]],"antennas":[-2.570007,2.573666],"body_yaw":0.047636,"check_collision":false},{"head":[[0.95653,0.009792,0.29147,-0.004286],[-0.010193,0.999948,-0.000145,-0.006421],[-0.291456,-0.002832,0.95658,-0.011337],[0.0,0.0,0.0,1.0]],"antennas":[-2.550981,2.556014],"body_yaw":0.047636,"check_collision":false},{"head":[[0.952717,0.0122,0.303614,-0.004239],[-0.008827,0.999883,-0.012482,-0.006084],[-0.303731,0.009212,0.952713,-0.011801],[0.0,0.0,0.0,1.0]],"antennas":[-2.535355,2.542876],"body_yaw":0.047636,"check_collision":false},{"head":[[0.94741,0.020104,0.319391,-0.004345],[-0.011791,0.99954,-0.027939,-0.005632],[-0.319805,0.022704,0.947211,-0.012312],[0.0,0.0,0.0,1.0]],"antennas":[-2.525191,2.536121],"body_yaw":0.046468,"check_collision":false},{"head":[[0.944262,0.02973,0.327851,-0.004607],[-0.020982,0.999324,-0.03019,-0.005252],[-0.328527,0.021628,0.944247,-0.012509],[0.0,0.0,0.0,1.0]],"antennas":[-2.522013,2.536717],"body_yaw":0.036937,"check_collision":false},{"head":[[0.942506,0.041071,0.331656,-0.005034],[-0.032115,0.998958,-0.032443,-0.004846],[-0.332643,0.019927,0.942842,-0.012234],[0.0,0.0,0.0,1.0]],"antennas":[-2.526291,2.544572],"body_yaw":0.0334,"check_collision":false},{"head":[[0.939974,0.053785,0.33698,-0.00553],[-0.044976,0.998413,-0.0339,-0.004433],[-0.338269,0.016709,0.940901,-0.011977],[0.0,0.0,0.0,1.0]],"antennas":[-2.53742,2.55858],"body_yaw":0.0334,"check_collision":false},{"head":[[0.941413,0.053633,0.332963,-0.005507],[-0.045247,0.998434,-0.032896,-0.004495],[-0.334206,0.015903,0.942366,-0.011881],[0.0,0.0,0.0,1.0]],"antennas":[-2.553714,2.576689],"body_yaw":0.0334,"check_collision":false},{"head":[[0.94554,0.046823,0.32212,-0.005145],[-0.040698,0.99884,-0.025726,-0.004982],[-0.322951,0.011215,0.946349,-0.011633],[0.0,0.0,0.0,1.0]],"antennas":[-2.573052,2.596441],"body_yaw":0.0334,"check_collision":false},{"head":[[0.950887,0.039999,0.306944,-0.004682],[-0.035619,0.999168,-0.019858,-0.005622],[-0.307483,0.00795,0.95152,-0.011175],[0.0,0.0,0.0,1.0]],"antennas":[-2.592519,2.614908],"body_yaw":0.032174,"check_collision":false},{"head":[[0.954275,0.031309,0.297285,-0.004568],[-0.027744,0.999484,-0.016204,-0.006214],[-0.297639,0.007215,0.954651,-0.01106],[0.0,0.0,0.0,1.0]],"antennas":[-2.609363,2.629466],"body_yaw":0.009763,"check_collision":false},{"head":[[0.956128,0.015613,0.292532,-0.004111],[-0.014037,0.999873,-0.007485,-0.007022],[-0.292612,0.00305,0.956226,-0.011371],[0.0,0.0,0.0,1.0]],"antennas":[-2.621103,2.638069],"body_yaw":-0.036689,"check_collision":false},{"head":[[0.957266,-0.002617,0.289197,-0.0035],[0.001698,0.999993,0.003428,-0.007751],[-0.289204,-0.00279,0.957264,-0.011586],[0.0,0.0,0.0,1.0]],"antennas":[-2.626255,2.63949],"body_yaw":-0.080615,"check_collision":false},{"head":[[0.959555,-0.014424,0.281153,-0.003268],[0.010847,0.999839,0.014275,-0.007945],[-0.281314,-0.010648,0.959557,-0.01156],[0.0,0.0,0.0,1.0]],"antennas":[-2.623954,2.633505],"body_yaw":-0.102391,"check_collision":false},{"head":[[0.960029,-0.015316,0.27948,-0.003281],[0.013135,0.999867,0.009674,-0.007656],[-0.279591,-0.005616,0.960103,-0.011708],[0.0,0.0,0.0,1.0]],"antennas":[-2.614484,2.620949],"body_yaw":-0.102391,"check_collision":false},{"head":[[0.955228,-0.006743,0.295793,-0.003342],[0.011053,0.999856,-0.0129,-0.007133],[-0.295663,0.015592,0.955165,-0.012062],[0.0,0.0,0.0,1.0]],"antennas":[-2.599423,2.603676],"body_yaw":-0.102391,"check_collision":false},{"head":[[0.949479,0.011321,0.313626,-0.003495],[-0.000595,0.999412,-0.034275,-0.006471],[-0.31383,0.032357,0.948928,-0.012136],[0.0,0.0,0.0,1.0]],"antennas":[-2.580543,2.5841],"body_yaw":-0.102391,"check_collision":false},{"head":[[0.944314,0.031099,0.327573,-0.004036],[-0.015431,0.998614,-0.050323,-0.005954],[-0.328684,0.042466,0.943485,-0.011754],[0.0,0.0,0.0,1.0]],"antennas":[-2.560907,2.564993],"body_yaw":-0.098438,"check_collision":false},{"head":[[0.939295,0.050968,0.339303,-0.004526],[-0.031805,0.997582,-0.061802,-0.005862],[-0.341633,0.047259,0.938645,-0.011599],[0.0,0.0,0.0,1.0]],"antennas":[-2.543461,2.549419],"body_yaw":-0.102391,"check_collision":false},{"head":[[0.936644,0.066927,0.343831,-0.004654],[-0.044998,0.996434,-0.071376,-0.005829],[-0.347382,0.051382,0.936315,-0.011726],[0.0,0.0,0.0,1.0]],"antennas":[-2.529698,2.538742],"body_yaw":-0.122639,"check_collision":false},{"head":[[0.939887,0.066648,0.334919,-0.004477],[-0.046055,0.996549,-0.069066,-0.005922],[-0.338366,0.049489,0.939712,-0.011664],[0.0,0.0,0.0,1.0]],"antennas":[-2.522649,2.535331],"body_yaw":-0.130316,"check_collision":false},{"head":[[0.942154,0.066898,0.328438,-0.004397],[-0.050295,0.997002,-0.0588,-0.006035],[-0.331387,0.03888,0.942694,-0.011381],[0.0,0.0,0.0,1.0]],"antennas":[-2.522951,2.539369],"body_yaw":-0.130316,"check_collision":false},{"head":[[0.945773,0.063081,0.318645,-0.00432],[-0.048473,0.997387,-0.053576,-0.006161],[-0.321192,0.035225,0.946359,-0.011181],[0.0,0.0,0.0,1.0]],"antennas":[-2.530495,2.550248],"body_yaw":-0.122632,"check_collision":false},{"head":[[0.948956,0.060711,0.309511,-0.004182],[-0.047556,0.997622,-0.049878,-0.006485],[-0.311803,0.032613,0.949587,-0.010997],[0.0,0.0,0.0,1.0]],"antennas":[-2.54436,2.566566],"body_yaw":-0.09903,"check_collision":false},{"head":[[0.952278,0.055065,0.300224,-0.003888],[-0.044242,0.998106,-0.042736,-0.006674],[-0.302008,0.027414,0.952911,-0.010832],[0.0,0.0,0.0,1.0]],"antennas":[-2.562524,2.585877],"body_yaw":-0.069205,"check_collision":false},{"head":[[0.956106,0.043341,0.289798,-0.003419],[-0.036318,0.998903,-0.02957,-0.007171],[-0.290762,0.017747,0.956631,-0.01083],[0.0,0.0,0.0,1.0]],"antennas":[-2.582225,2.605402],"body_yaw":-0.059093,"check_collision":false},{"head":[[0.959741,0.031027,0.279166,-0.003066],[-0.027377,0.999481,-0.016966,-0.007453],[-0.279548,0.00864,0.960093,-0.010995],[0.0,0.0,0.0,1.0]],"antennas":[-2.60101,2.622411],"body_yaw":-0.076962,"check_collision":false},{"head":[[0.96169,0.027122,0.272793,-0.002839],[-0.024094,0.999605,-0.014444,-0.007505],[-0.273077,0.007318,0.961964,-0.011125],[0.0,0.0,0.0,1.0]],"antennas":[-2.615636,2.634429],"body_yaw":-0.096926,"check_collision":false},{"head":[[0.963709,0.022618,0.265997,-0.002809],[-0.021307,0.999742,-0.007814,-0.007177],[-0.266105,0.001862,0.963942,-0.01075],[0.0,0.0,0.0,1.0]],"antennas":[-2.624538,2.639789],"body_yaw":-0.103267,"check_collision":false},{"head":[[0.963867,0.021167,0.265542,-0.00296],[-0.020022,0.999775,-0.007019,-0.006932],[-0.265631,0.001449,0.964074,-0.010777],[0.0,0.0,0.0,1.0]],"antennas":[-2.62621,2.637683],"body_yaw":-0.103267,"check_collision":false},{"head":[[0.961314,0.027293,0.274099,-0.002966],[-0.02386,0.99959,-0.015853,-0.007017],[-0.274419,0.0087,0.961571,-0.010899],[0.0,0.0,0.0,1.0]],"antennas":[-2.62048,2.62846],"body_yaw":-0.103267,"check_collision":false},{"head":[[0.957797,0.039521,0.284716,-0.002907],[-0.032825,0.999062,-0.028252,-0.006851],[-0.285565,0.017714,0.958196,-0.011092],[0.0,0.0,0.0,1.0]],"antennas":[-2.608133,2.613385],"body_yaw":-0.086573,"check_collision":false},{"head":[[0.955354,0.050563,0.291104,-0.00315],[-0.040842,0.998389,-0.039377,-0.006796],[-0.292626,0.02573,0.955881,-0.011198],[0.0,0.0,0.0,1.0]],"antennas":[-2.590893,2.594655],"body_yaw":-0.062988,"check_collision":false},{"head":[[0.953886,0.058502,0.294412,-0.003368],[-0.047477,0.997882,-0.044465,-0.006948],[-0.296389,0.028437,0.954644,-0.011351],[0.0,0.0,0.0,1.0]],"antennas":[-2.5714,2.574968],"body_yaw":-0.047097,"check_collision":false},{"head":[[0.952524,0.063301,0.29781,-0.003418],[-0.051149,0.997516,-