{"description":"You can do this movement while someone is talking, and follow with attentive1 if they haven\u2019t finished.","time":[0.0,0.02,0.04,0.06,0.08,0.1,0.12,0.14,0.16,0.18,0.2,0.22,0.24,0.26,0.28,0.3,0.32,0.34,0.36,0.38,0.4,0.42,0.44,0.46,0.48,0.5,0.52,0.54,0.56,0.58,0.6,0.62,0.64,0.66,0.68,0.7,0.72,0.74,0.76,0.78,0.8,0.82,0.84,0.86,0.88,0.9,0.92,0.94,0.96,0.98,1.0,1.02,1.04,1.06,1.08,1.1,1.12,1.14,1.16,1.18,1.2,1.22,1.24,1.26,1.28,1.3,1.32,1.34,1.36,1.38,1.4,1.42,1.44,1.46,1.48,1.5,1.52,1.54,1.56,1.58,1.6,1.62,1.64,1.66,1.68,1.7,1.72,1.74,1.76,1.78,1.8,1.82,1.84,1.86,1.88,1.9,1.92,1.94,1.96,1.98,2.0,2.02,2.04,2.06,2.08,2.1,2.12,2.14,2.16,2.18,2.2,2.22,2.24,2.26,2.28,2.3,2.32,2.34,2.36,2.38,2.4,2.42,2.44,2.46,2.48,2.5,2.52,2.54,2.56,2.58,2.6,2.62,2.64,2.66,2.68,2.7,2.72,2.74,2.76,2.78,2.8,2.82,2.84,2.86,2.88,2.9,2.92,2.94,2.96,2.98,3.0,3.02,3.04,3.06,3.08,3.1,3.12,3.14,3.16,3.18,3.2,3.22,3.24,3.26,3.28,3.3,3.32,3.34,3.36,3.38,3.4,3.42,3.44,3.46,3.48,3.5,3.52,3.54,3.56,3.58,3.6,3.62,3.64,3.66,3.68,3.7,3.72,3.74,3.76,3.78,3.8,3.82,3.84,3.86,3.88,3.9,3.92,3.94,3.96,3.98,4.0,4.02,4.04,4.06,4.08,4.1,4.12,4.14,4.16,4.18,4.2,4.22,4.24,4.26,4.28,4.3,4.32,4.34,4.36,4.38,4.4,4.42,4.44,4.46,4.48,4.5,4.52,4.54,4.56,4.58,4.6,4.62,4.64,4.66,4.68,4.7,4.72,4.74,4.76,4.78,4.8,4.82,4.84,4.86,4.88,4.9,4.92,4.94,4.96,4.98,5.0,5.02,5.04,5.06,5.08,5.1,5.12,5.14,5.16,5.18,5.2,5.22,5.24,5.26,5.28,5.3,5.32,5.34,5.36,5.38,5.4,5.42,5.44,5.46,5.48,5.5,5.52,5.54,5.56,5.58,5.6,5.62,5.64,5.66,5.68,5.7,5.72,5.74,5.76,5.78,5.8,5.82,5.84,5.86,5.88,5.9,5.92,5.94,5.96,5.98,6.0,6.02,6.04,6.06,6.08,6.1,6.12,6.14,6.16,6.18,6.2,6.22,6.24,6.26,6.28,6.3,6.32,6.34,6.36,6.38,6.4,6.42,6.44,6.46],"set_target_data":[{"head":[[0.992856,-0.102139,-0.061675,-0.003771],[0.106123,0.992213,0.0652,-0.006282],[0.054535,-0.07128,0.995964,0.004194],[0.0,0.0,0.0,1.0]],"antennas":[-0.582821,0.743741],"body_yaw":0.018507,"check_collision":false},{"head":[[0.992967,-0.102027,-0.060065,-0.003732],[0.105606,0.99261,0.059767,-0.006318],[0.053523,-0.06569,0.996404,0.004184],[0.0,0.0,0.0,1.0]],"antennas":[-0.598793,0.757475],"body_yaw":0.018507,"check_collision":false},{"head":[[0.993009,-0.102717,-0.058155,-0.003679],[0.105774,0.99302,0.052179,-0.006298],[0.05239,-0.057965,0.996943,0.00393],[0.0,0.0,0.0,1.0]],"antennas":[-0.610156,0.766122],"body_yaw":0.018507,"check_collision":false},{"head":[[0.992978,-0.103706,-0.056928,-0.003622],[0.106276,0.993357,0.044137,-0.006248],[0.051973,-0.049877,0.997402,0.003775],[0.0,0.0,0.0,1.0]],"antennas":[-0.616082,0.769333],"body_yaw":0.018507,"check_collision":false},{"head":[[0.993004,-0.104123,-0.055682,-0.003671],[0.106308,0.993613,0.037826,-0.006129],[0.051387,-0.043481,0.997732,0.003647],[0.0,0.0,0.0,1.0]],"antennas":[-0.616544,0.766989],"body_yaw":0.018507,"check_collision":false},{"head":[[0.993112,-0.104225,-0.053531,-0.003806],[0.10594,0.993912,0.03026,-0.005798],[0.050052,-0.035723,0.998108,0.003726],[0.0,0.0,0.0,1.0]],"antennas":[-0.611433,0.759159],"body_yaw":0.018507,"check_collision":false},{"head":[[0.993151,-0.104841,-0.051575,-0.003983],[0.10605,0.994133,0.021291,-0.005415],[0.049041,-0.026614,0.998442,0.003825],[0.0,0.0,0.0,1.0]],"antennas":[-0.601023,0.746176],"body_yaw":0.018507,"check_collision":false},{"head":[[0.993173,-0.105489,-0.049789,-0.004007],[0.106184,0.99428,0.011504,-0.005188],[0.04829,-0.016712,0.998694,0.003817],[0.0,0.0,0.0,1.0]],"antennas":[-0.5856,0.728555],"body_yaw":0.018507,"check_collision":false},{"head":[[0.993185,-0.10628,-0.047831,-0.003954],[0.106502,0.99431,0.002096,-0.004891],[0.047336,-0.007176,0.998853,0.003594],[0.0,0.0,0.0,1.0]],"antennas":[-0.565959,0.706996],"body_yaw":0.018507,"check_collision":false},{"head":[[0.993243,-0.106348,-0.046463,-0.003874],[0.106135,0.994327,-0.00705,-0.004848],[0.046949,0.002071,0.998895,0.003402],[0.0,0.0,0.0,1.0]],"antennas":[-0.543415,0.683054],"body_yaw":0.018507,"check_collision":false},{"head":[[0.993238,-0.106699,-0.045746,-0.003859],[0.105907,0.994186,-0.019415,-0.004734],[0.047552,0.014439,0.998764,0.003277],[0.0,0.0,0.0,1.0]],"antennas":[-0.517026,0.655658],"body_yaw":0.018507,"check_collision":false},{"head":[[0.993256,-0.1069,-0.044882,-0.003859],[0.105545,0.993914,-0.031563,-0.004609],[0.047983,0.026613,0.998494,0.003301],[0.0,0.0,0.0,1.0]],"antennas":[-0.489578,0.627917],"body_yaw":0.018507,"check_collision":false},{"head":[[0.993325,-0.106657,-0.043928,-0.004051],[0.104757,0.993546,-0.043497,-0.004252],[0.048284,0.038605,0.998087,0.003348],[0.0,0.0,0.0,1.0]],"antennas":[-0.461688,0.600201],"body_yaw":0.018507,"check_collision":false},{"head":[[0.993363,-0.106583,-0.043254,-0.004142],[0.10399,0.992866,-0.058329,-0.003687],[0.049162,0.053444,0.99736,0.003426],[0.0,0.0,0.0,1.0]],"antennas":[-0.434476,0.573673],"body_yaw":0.018507,"check_collision":false},{"head":[[0.993364,-0.106777,-0.042729,-0.004079],[0.103345,0.991756,-0.07576,-0.003449],[0.050466,0.070842,0.99621,0.003462],[0.0,0.0,0.0,1.0]],"antennas":[-0.408801,0.549397],"body_yaw":0.018507,"check_collision":false},{"head":[[0.993306,-0.107217,-0.042989,-0.0039],[0.102917,0.990413,-0.092141,-0.003399],[0.052456,0.0871,0.994818,0.003451],[0.0,0.0,0.0,1.0]],"antennas":[-0.386125,0.528363],"body_yaw":0.018507,"check_collision":false},{"head":[[0.993277,-0.107226,-0.043629,-0.003886],[0.102269,0.989381,-0.103275,-0.00329],[0.05424,0.098118,0.993696,0.003509],[0.0,0.0,0.0,1.0]],"antennas":[-0.367101,0.511364],"body_yaw":0.018507,"check_collision":false},{"head":[[0.993232,-0.10713,-0.044861,-0.003858],[0.101529,0.988442,-0.112579,-0.003466],[0.056403,0.107263,0.99263,0.003751],[0.0,0.0,0.0,1.0]],"antennas":[-0.352287,0.499045],"body_yaw":0.018507,"check_collision":false},{"head":[[0.993177,-0.107381,-0.045491,-0.003432],[0.101252,0.987537,-0.120491,-0.004362],[0.057863,0.115062,0.991672,0.00429],[0.0,0.0,0.0,1.0]],"antennas":[-0.342534,0.491966],"body_yaw":0.018507,"check_collision":false},{"head":[[0.993212,-0.106998,-0.045624,-0.003532],[0.100409,0.986667,-0.128087,-0.00433],[0.058721,0.122637,0.990713,0.004389],[0.0,0.0,0.0,1.0]],"antennas":[-0.338167,0.490383],"body_yaw":0.018507,"check_collision":false},{"head":[[0.993278,-0.106768,-0.044725,-0.003626],[0.099746,0.985486,-0.137359,-0.004126],[0.058741,0.131975,0.989511,0.004474],[0.0,0.0,0.0,1.0]],"antennas":[-0.339347,0.494357],"body_yaw":0.018507,"check_collision":false},{"head":[[0.993187,-0.107378,-0.045282,-0.00372],[0.099698,0.984109,-0.146937,-0.003874],[0.06034,0.141422,0.988109,0.004507],[0.0,0.0,0.0,1.0]],"antennas":[-0.346006,0.503707],"body_yaw":0.018507,"check_collision":false},{"head":[[0.993044,-0.108163,-0.046529,-0.003243],[0.099826,0.982943,-0.154459,-0.004576],[0.062442,0.148739,0.986903,0.005031],[0.0,0.0,0.0,1.0]],"antennas":[-0.357996,0.518129],"body_yaw":0.018507,"check_collision":false},{"head":[[0.992987,-0.108595,-0.046728,-0.003068],[0.099756,0.981775,-0.161763,-0.004922],[0.063443,0.155967,0.985723,0.005397],[0.0,0.0,0.0,1.0]],"antennas":[-0.374667,0.536962],"body_yaw":0.018507,"check_collision":false},{"head":[[0.992961,-0.108919,-0.046525,-0.003209],[0.099681,0.98067,-0.168377,-0.004841],[0.063965,0.162554,0.984624,0.005634],[0.0,0.0,0.0,1.0]],"antennas":[-0.395443,0.559503],"body_yaw":0.018507,"check_collision":false},{"head":[[0.992959,-0.109182,-0.045944,-0.003397],[0.099584,0.979455,-0.175357,-0.004401],[0.064146,0.169547,0.983432,0.005387],[0.0,0.0,0.0,1.0]],"antennas":[-0.419465,0.584834],"body_yaw":0.018507,"check_collision":false},{"head":[[0.992879,-0.110285,-0.045033,-0.002954],[0.100338,0.978,-0.182889,-0.00514],[0.064212,0.177068,0.982102,0.005798],[0.0,0.0,0.0,1.0]],"antennas":[-0.445816,0.611926],"body_yaw":0.018507,"check_collision":false},{"head":[[0.992778,-0.111118,-0.045214,-0.002907],[0.1007,0.976738,-0.189321,-0.005334],[0.065199,0.183401,0.980874,0.006001],[0.0,0.0,0.0,1.0]],"antennas":[-0.473407,0.639742],"body_yaw":0.018507,"check_collision":false},{"head":[[0.992745,-0.111611,-0.044718,-0.002744],[0.100871,0.975518,-0.19542,-0.005677],[0.065435,0.189492,0.9797,0.006156],[0.0,0.0,0.0,1.0]],"antennas":[-0.501245,0.667216],"body_yaw":0.018507,"check_collision":false},{"head":[[0.99279,-0.111679,-0.043552,-0.003],[0.10076,0.974295,-0.201486,-0.005246],[0.064934,0.195645,0.978523,0.005953],[0.0,0.0,0.0,1.0]],"antennas":[-0.528126,0.693195],"body_yaw":0.018507,"check_collision":false},{"head":[[0.992788,-0.111761,-0.043379,-0.003191],[0.100579,0.973386,-0.205921,-0.004752],[0.065238,0.200073,0.977607,0.005843],[0.0,0.0,0.0,1.0]],"antennas":[-0.552896,0.716602],"body_yaw":0.018507,"check_collision":false},{"head":[[0.992909,-0.110751,-0.043201,-0.003317],[0.099535,0.973207,-0.207269,-0.004342],[0.064999,0.201499,0.97733,0.005784],[0.0,0.0,0.0,1.0]],"antennas":[-0.574596,0.736538],"body_yaw":0.018507,"check_collision":false},{"head":[[0.992957,-0.110308,-0.043231,-0.003095],[0.098987,0.972916,-0.208895,-0.004601],[0.065103,0.203144,0.976982,0.005926],[0.0,0.0,0.0,1.0]],"antennas":[-0.592678,0.752246],"body_yaw":0.018507,"check_collision":false},{"head":[[0.993054,-0.109449,-0.043178,-0.003204],[0.09807,0.97273,-0.210186,-0.004232],[0.065005,0.204491,0.976708,0.005515],[0.0,0.0,0.0,1.0]],"antennas":[-0.60591,0.76304],"body_yaw":0.018507,"check_collision":false},{"head":[[0.993204,-0.10854,-0.042,-0.003274],[0.097409,0.972756,-0.210372,-0.003919],[0.06369,0.204852,0.976719,0.005097],[0.0,0.0,0.0,1.0]],"antennas":[-0.614132,0.768534],"body_yaw":0.018507,"check_collision":false},{"head":[[0.993271,-0.108066,-0.041653,-0.003081],[0.097051,0.972909,-0.209833,-0.004298],[0.063201,0.204379,0.97685,0.005153],[0.0,0.0,0.0,1.0]],"antennas":[-0.616895,0.768496],"body_yaw":0.018507,"check_collision":false},{"head":[[0.993325,-0.107494,-0.041848,-0.003263],[0.096465,0.973015,-0.209609,-0.00396],[0.063251,0.204173,0.976889,0.004801],[0.0,0.0,0.0,1.0]],"antennas":[-0.614099,0.762932],"body_yaw":0.018507,"check_collision":false},{"head":[[0.993479,-0.106839,-0.039818,-0.003352],[0.096143,0.972715,-0.211146,-0.003522],[0.06129,0.205941,0.976643,0.004538],[0.0,0.0,0.0,1.0]],"antennas":[-0.605847,0.75206],"body_yaw":0.018507,"check_collision":false},{"head":[[0.993654,-0.106154,-0.037182,-0.003376],[0.095926,0.972406,-0.212663,-0.003236],[0.058731,0.207747,0.976418,0.00438],[0.0,0.0,0.0,1.0]],"antennas":[-0.59249,0.736292],"body_yaw":0.018507,"check_collision":false},{"head":[[0.993744,-0.105756,-0.035901,-0.003405],[0.095805,0.972423,-0.212636,-0.003039],[0.057399,0.207866,0.976472,0.004251],[0.0,0.0,0.0,1.0]],"antennas":[-0.574464,0.716302],"body_yaw":0.018507,"check_collision":false},{"head":[[0.993865,-0.104932,-0.034963,-0.003413],[0.095211,0.972546,-0.212341,-0.002849],[0.056284,0.20771,0.97657,0.003994],[0.0,0.0,0.0,1.0]],"antennas":[-0.55268,0.692838],"body_yaw":0.018507,"check_collision":false},{"head":[[0.993971,-0.104195,-0.034133,-0.003415],[0.094666,0.97261,-0.212293,-0.002585],[0.055318,0.207781,0.97661,0.003597],[0.0,0.0,0.0,1.0]],"antennas":[-0.528067,0.666979],"body_yaw":0.018507,"check_collision":false},{"head":[[0.994046,-0.103748,-0.033307,-0.003347],[0.094416,0.972696,-0.212008,-0.002426],[0.054393,0.207601,0.9767,0.003315],[0.0,0.0,0.0,1.0]],"antennas":[-0.500919,0.639423],"body_yaw":0.018507,"check_collision":false},{"head":[[0.994111,-0.103191,-0.033077,-0.003248],[0.093953,0.972878,-0.211379,-0.002361],[0.053992,0.207027,0.976844,0.003077],[0.0,0.0,0.0,1.0]],"antennas":[-0.473318,0.61163],"body_yaw":0.018507,"check_collision":false},{"head":[[0.994198,-0.102522,-0.032537,-0.003336],[0.093478,0.973186,-0.210167,-0.00213],[0.053211,0.205906,0.977124,0.002754],[0.0,0.0,0.0,1.0]],"antennas":[-0.445706,0.584529],"body_yaw":0.018507,"check_collision":false},{"head":[[0.994305,-0.101533,-0.032393,-0.003536],[0.09266,0.973749,-0.207911,-0.00182],[0.052652,0.203726,0.977611,0.002553],[0.0,0.0,0.0,1.0]],"antennas":[-0.419334,0.559198],"body_yaw":0.018507,"check_collision":false},{"head":[[0.994346,-0.101056,-0.032605,-0.00338],[0.092249,0.974176,-0.206085,-0.002188],[0.052589,0.201912,0.977991,0.002713],[0.0,0.0,0.0,1.0]],"antennas":[-0.395248,0.536702],"body_yaw":0.018507,"check_collision":false},{"head":[[0.994391,-0.100611,-0.032608,-0.003067],[0.091902,0.974562,-0.204409,-0.002736],[0.052344,0.200266,0.978342,0.002915],[0.0,0.0,0.0,1.0]],"antennas":[-0.374541,0.517936],"body_yaw":0.018507,"check_collision":false},{"head":[[0.994493,-0.099675,-0.032378,-0.00306],[0.09117,0.975179,-0.201779,-0.002692],[0.051687,0.197716,0.978896,0.002904],[0.0,0.0,0.0,1.0]],"antennas":[-0.357908,0.503603],"body_yaw":0.018507,"check_collision":false},{"head":[[0.994527,-0.099359,-0.03232,-0.002949],[0.090953,0.975518,-0.20023,-0.00286],[0.051424,0.196195,0.979216,0.002958],[0.0,0.0,0.0,1.0]],"antennas":[-0.346013,0.494317],"body_yaw":0.018507,"check_collision":false},{"head":[[0.99452,-0.099363,-0.032508,-0.002717],[0.090989,0.975787,-0.1989,-0.003251],[0.051484,0.194852,0.979481,0.003011],[0.0,0.0,0.0,1.0]],"antennas":[-0.339368,0.490413],"body_yaw":0.018507,"check_collision":false},{"head":[[0.994536,-0.099182,-0.032569,-0.002804],[0.090858,0.976023,-0.197799,-0.003235],[0.051406,0.193759,0.979701,0.003079],[0.0,0.0,0.0,1.0]],"antennas":[-0.338216,0.492074],"body_yaw":0.018507,"check_collision":false},{"head":[[0.994535,-0.099252,-0.032378,-0.0026],[0.090997,0.976138,-0.197166,-0.0037],[0.051174,0.193142,0.979835,0.003461],[0.0,0.0,0.0,1.0]],"antennas":[-0.342643,0.499201],"body_yaw":0.018507,"check_collision":false},{"head":[[0.994523,-0.099301,-0.032603,-0.002505],[0.091064,0.976371,-0.195979,-0.004061],[0.051294,0.191937,0.980066,0.003683],[0.0,0.0,0.0,1.0]],"antennas":[-0.352331,0.511519],"body_yaw":0.018507,"check_collision":false},{"head":[[0.994445,-0.099377,-0.034701,-0.00258],[0.090818,0.976697,-0.194459,-0.003964],[0.053217,0.190227,0.980297,0.003629],[0.0,0.0,0.0,1.0]],"antennas":[-0.367096,0.528553],"body_yaw":0.018507,"check_collision":false},{"head":[[0.994355,-0.099517,-0.036816,-0.002662],[0.090647,0.977046,-0.192779,-0.003719],[0.055155,0.188353,0.980551,0.003624],[0.0,0.0,0.0,1.0]],"antennas":[-0.386406,0.549717],"body_yaw":0.018507,"check_collision":false},{"head":[[0.994211,-0.099716,-0.04002,-0.002692],[0.09044,0.977728,-0.189389,-0.003723],[0.058014,0.184673,0.981086,0.003728],[0.0,0.0,0.0,1.0]],"antennas":[-0.408648,0.573923],"body_yaw":0.018507,"check_collision":false},{"head":[[0.993942,-0.100577,-0.044322,-0.002514],[0.090733,0.978434,-0.185563,-0.004202],[0.06203,0.180417,0.981632,0.003996],[0.0,0.0,0.0,1.0]],"antennas":[-0.434869,0.600519],"body_yaw":0.018507,"check_collision":false},{"head":[[0.993707,-0.101235,-0.04794,-0.00239],[0.090997,0.979168,-0.18152,-0.004657],[0.065317,0.176015,0.982218,0.004446],[0.0,0.0,0.0,1.0]],"antennas":[-0.461727,0.628085],"body_yaw":0.018507,"check_collision":false},{"head":[[0.993517,-0.100942,-0.052299,-0.002433],[0.090434,0.980499,-0.174481,-0.004926],[0.068891,0.16862,0.983271,0.004915],[0.0,0.0,0.0,1.0]],"antennas":[-0.489812,0.65596],"body_yaw":0.018507,"check_collision":false},{"head":[[0.993521,-0.099577,-0.054783,-0.002722],[0.089177,0.981848,-0.167396,-0.004812],[0.070457,0.161426,0.984366,0.00505],[0.0,0.0,0.0,1.0]],"antennas":[-0.517071,0.682661],"body_yaw":0.018507,"check_collision":false},{"head":[[0.99325,-0.099928,-0.058898,-0.002844],[0.089388,0.983002,-0.160365,-0.004636],[0.073922,0.154018,0.985299,0.004937],[0.0,0.0,0.0,1.0]],"antennas":[-0.542632,0.707129],"body_yaw":0.018507,"check_collision":false},{"head":[[0.993016,-0.101132,-0.060754,-0.002737],[0.090697,0.983728,-0.155091,-0.004648],[0.07545,0.148498,0.98603,0.005021],[0.0,0.0,0.0,1.0]],"antennas":[-0.566147,0.728746],"body_yaw":0.018507,"check_collision":false},{"head":[[0.992597,-0.103391,-0.063724,-0.002785],[0.092857,0.984237,-0.150515,-0.004383],[0.078282,0.143483,0.986552,0.005084],[0.0,0.0,0.0,1.0]],"antennas":[-0.585546,0.746246],"body_yaw":0.018507,"check_collision":false},{"head":[[0.992395,-0.104514,-0.065034,-0.002709],[0.09412,0.984749,-0.146322,-0.004647],[0.079334,0.139088,0.987097,0.005503],[0.0,0.0,0.0,1.0]],"antennas":[-0.601022,0.759216],"body_yaw":0.018507,"check_collision":false},{"head":[[0.992194,-0.104998,-0.067283,-0.002702],[0.094548,0.985175,-0.143146,-0.004953],[0.081316,0.135667,0.987412,0.005792],[0.0,0.0,0.0,1.0]],"antennas":[-0.611428,0.766971],"body_yaw":0.018507,"check_collision":false},{"head":[[0.991586,-0.106771,-0.073199,-0.002795],[0.095747,0.985456,-0.140387,-0.004763],[0.087124,0.132197,0.987387,0.005941],[0.0,0.0,0.0,1.0]],"antennas":[-0.616481,0.769259],"body_yaw":0.018507,"check_collision":false},{"head":[[0.990756,-0.109333,-0.080299,-0.002819],[0.097479,0.985473,-0.139071,-0.00468],[0.094338,0.129958,0.987021,0.006078],[0.0,0.0,0.0,1.0]],"antennas":[-0.616017,0.765994],"body_yaw":0.018507,"check_collision":false},{"head":[[0.990094,-0.110851,-0.086173,-0.002832],[0.098438,0.985677,-0.136934,-0.004641],[0.100118,0.127095,0.986825,0.006195],[0.0,0.0,0.0,1.0]],"antennas":[-0.610011,0.757275],"body_yaw":0.018507,"check_collision":false},{"head":[[0.989372,-0.111658,-0.093142,-0.003017],[0.098739,0.986138,-0.133352,-0.004473],[0.106741,0.122738,0.986682,0.00614],[0.0,0.0,0.0,1.0]],"antennas":[-0.598704,0.743481],"body_yaw":0.018507,"check_collision":false},{"head":[[0.988176,-0.113039,-0.103587,-0.003096],[0.099299,0.986612,-0.129369,-0.004434],[0.116824,0.117553,0.986171,0.006375],[0.0,0.0,0.0,1.0]],"antennas":[-0.582558,0.725147],"body_yaw":0.018507,"check_collision":false},{"head":[[0.986466,-0.115379,-0.116501,-0.002907],[0.100278,0.986681,-0.128078,-0.004839],[0.129727,0.114662,0.984898,0.006894],[0.0,0.0,0.0,1.0]],"antennas":[-0.562254,0.703005],"body_yaw":0.018507,"check_collision":false},{"head":[[0.985512,-0.116561,-0.123206,-0.003016],[0.100759,0.986704,-0.12753,-0.004585],[0.136433,0.113268,0.984153,0.006891],[0.0,0.0,0.0,1.0]],"antennas":[-0.538601,0.677968],"body_yaw":0.018507,"check_collision":false},{"head":[[0.984874,-0.11645,-0.128307,-0.003096],[0.100418,0.987057,-0.125042,-0.004413],[0.141207,0.110266,0.98382,0.006715],[0.0,0.0,0.0,1.0]],"antennas":[-0.512598,0.651063],"body_yaw":0.018507,"check_collision":false},{"head":[[0.983982,-0.116758,-0.134712,-0.003148],[0.100553,0.987496,-0.121411,-0.004191],[0.147203,0.10592,0.983419,0.006675],[0.0,0.0,0.0,1.0]],"antennas":[-0.484832,0.623145],"body_yaw":0.018507,"check_collision":false},{"head":[[0.982748,-0.118102,-0.142333,-0.003028],[0.101367,0.987633,-0.119603,-0.004345],[0.154698,0.103112,0.982566,0.006818],[0.0,0.0,0.0,1.0]],"antennas":[-0.457056,0.595606],"body_yaw":0.018507,"check_collision":false},{"head":[[0.982062,-0.118605,-0.146585,-0.003131],[0.101368,0.987591,-0.119956,-0.004149],[0.158993,0.102945,0.981898,0.006841],[0.0,0.0,0.0,1.0]],"antennas":[-0.429895,0.56938],"body_yaw":0.018507,"check_collision":false},{"head":[[0.981587,-0.119,-0.149418,-0.003119],[0.101364,0.987515,-0.120578,-0.004035],[0.161902,0.103213,0.981394,0.006789],[0.0,0.0,0.0,1.0]],"antennas":[-0.40493,0.545609],"body_yaw":0.018507,"check_collision":false},{"head":[[0.980998,-0.119571,-0.152794,-0.003121],[0.101379,0.987365,-0.121786,-0.003816],[0.165425,0.103982,0.980725,0.006822],[0.0,0.0,0.0,1.0]],"antennas":[-0.382717,0.525181],"body_yaw":0.018507,"check_collision":false},{"head":[[0.980295,-0.121174,-0.156006,-0.003081],[0.101888,0.986758,-0.126204,-0.003535],[0.169233,0.107822,0.97966,0.006597],[0.0,0.0,0.0,1.0]],"antennas":[-0.36416,0.508861],"body_yaw":0.018507,"check_collision":false},{"head":[[0.979761,-0.122343,-0.158431,-0.003046],[0.102142,0.986247,-0.129938,-0.00312],[0.17215,0.111126,0.978783,0.006227],[0.0,0.0,0.0,1.0]],"antennas":[-0.350182,0.497383],"body_yaw":0.018507,"check_collision":false},{"head":[[0.979026,-0.124876,-0.160981,-0.002651],[0.103651,0.985528,-0.134131,-0.003849],[0.175401,0.114632,0.977801,0.006598],[0.0,0.0,0.0,1.0]],"antennas":[-0.341325,0.491204],"body_yaw":0.018507,"check_collision":false},{"head":[[0.978364,-0.126793,-0.163484,-0.002592],[0.104358,0.984748,-0.139213,-0.003809],[0.178642,0.11914,0.976674,0.006486],[0.0,0.0,0.0,1.0]],"antennas":[-0.33787,0.490555],"body_yaw":0.018507,"check_collision":false},{"head":[[0.977873,-0.128904,-0.16477,-0.002499],[0.105087,0.983701,-0.14591,-0.00364],[0.180892,0.125366,0.97548,0.006346],[0.0,0.0,0.0,1.0]],"antennas":[-0.339991,0.495452],"body_yaw":0.018507,"check_collision":false},{"head":[[0.977031,-0.13083,-0.16821,-0.002444],[0.105119,0.982524,-0.153613,-0.003268],[0.185368,0.132402,0.973709,0.006217],[0.0,0.0,0.0,1.0]],"antennas":[-0.347594,0.505721],"body_yaw":0.018507,"check_collision":false},{"head":[[0.976085,-0.133482,-0.171582,-0.002148],[0.105522,0.980989,-0.162868,-0.003505],[0.19006,0.140868,0.971614,0.006399],[0.0,0.0,0.0,1.0]],"antennas":[-0.360401,0.520921],"body_yaw":0.018507,"check_collision":false},{"head":[[0.975414,-0.135844,-0.173532,-0.00205],[0.105484,0.979154,-0.173583,-0.003355],[0.193495,0.15101,0.96941,0.006308],[0.0,0.0,0.0,1.0]],"antennas":[-0.377829,0.540471],"body_yaw":0.018507,"check_collision":false},{"head":[[0.974876,-0.13742,-0.175306,-0.002032],[0.104378,0.977088,-0.185481,-0.003153],[0.196779,0.162523,0.966884,0.00613],[0.0,0.0,0.0,1.0]],"antennas":[-0.399044,0.563501],"body_yaw":0.018507,"check_collision":false},{"head":[[0.974386,-0.138489,-0.177178,-0.001784],[0.103022,0.975234,-0.195717,-0.003524],[0.199895,0.17245,0.964522,0.006358],[0.0,0.0,0.0,1.0]],"antennas":[-0.423832,0.589275],"body_yaw":0.018507,"check_collision":false},{"head":[[0.974165,-0.139085,-0.177925,-0.001603],[0.101735,0.97365,-0.204097,-0.003415],[0.201624,0.180723,0.962646,0.006202],[0.0,0.0,0.0,1.0]],"antennas":[-0.450357,0.616569],"body_yaw":0.018507,"check_collision":false},{"head":[[0.97398,-0.140373,-0.177926,-0.001481],[0.100966,0.971632,-0.213861,-0.003272],[0.202899,0.190332,0.960524,0.005989],[0.0,0.0,0.0,1.0]],"antennas":[-0.478213,0.644491],"body_yaw":0.018507,"check_collision":false},{"head":[[0.973844,-0.141022,-0.178158,-0.001274],[0.099942,0.97002,-0.221525,-0.0036],[0.204057,0.197926,0.958742,0.006166],[0.0,0.0,0.0,1.0]],"antennas":[-0.505764,0.671728],"body_yaw":0.018507,"check_collision":false},{"head":[[0.97403,-0.140738,-0.177368,-0.001275],[0.098984,0.969209,-0.22547,-0.003395],[0.203639,0.202057,0.957969,0.006217],[0.0,0.0,0.0,1.0]],"antennas":[-0.53248,0.697375],"body_yaw":0.018507,"check_collision":false},{"head":[[0.973741,-0.141542,-0.17831,-0.001035],[0.0986,0.968164,-0.230078,-0.003565],[0.205199,0.206455,0.956697,0.006148],[0.0,0.0,0.0,1.0]],"antennas":[-0.556891,0.720217],"body_yaw":0.018507,"check_collision":false},{"head":[[0.973432,-0.141295,-0.180185,-0.000784],[0.097969,0.968247,-0.229998,-0.003612],[0.206961,0.206235,0.956365,0.005937],[0.0,0.0,0.0,1.0]],"antennas":[-0.578032,0.739521],"body_yaw":0.018507,"check_collision":false},{"head":[[0.973137,-0.138831,-0.183659,-0.000791],[0.095788,0.969555,-0.225362,-0.003431],[0.209354,0.201716,0.956808,0.006058],[0.0,0.0,0.0,1.0]],"antennas":[-0.595233,0.754467],"body_yaw":0.018507,"check_collision":false},{"head":[[0.973131,-0.137316,-0.184828,-0.000753],[0.094542,0.970214,-0.22304,-0.003396],[0.20995,0.199573,0.957127,0.005971],[0.0,0.0,0.0,1.0]],"antennas":[-0.607735,0.764406],"body_yaw":0.018507,"check_collision":false},{"head":[[0.973205,-0.135898,-0.185483,-0.000759],[0.093607,0.970944,-0.220238,-0.003296],[0.210024,0.196975,0.957649,0.005883],[0.0,0.0,0.0,1.0]],"antennas":[-0.615012,0.768965],"body_yaw":0.018507,"check_collision":false},{"head":[[0.974084,-0.134145,-0.182115,-0.000744],[0.093016,0.971489,-0.218075,-0.003254],[0.206176,0.195484,0.95879,0.005802],[0.0,0.0,0.0,1.0]],"antennas":[-0.616862,0.767995],"body_yaw":0.018507,"check_collision":false},{"head":[[0.975164,-0.132305,-0.177626,-0.000809],[0.092679,0.972141,-0.215298,-0.003156],[0.201162,0.193489,0.960258,0.005672],[0.0,0.0,0.0,1.0]],"antennas":[-0.613112,0.76151],"body_yaw":0.018507,"check_collision":false},{"head":[[0.976252,-0.130663,-0.172799,-0.000845],[0.092378,0.972564,-0.21351,-0.00324],[0.195956,0.192476,0.961537,0.005748],[0.0,0.0,0.0,1.0]],"antennas":[-0.603969,0.749766],"body_yaw":0.018507,"check_collision":false},{"head":[[0.977724,-0.129345,-0.165302,-0.000969],[0.092627,0.972613,-0.213178,-0.002995],[0.188349,0.193118,0.962928,0.005639],[0.0,0.0,0.0,1.0]],"antennas":[-0.589813,0.733233],"body_yaw":0.018507,"check_collision":false},{"head":[[0.979967,-0.126334,-0.153962,-0.000918],[0.09244,0.97327,-0.210241,-0.002977],[0.176408,0.191797,0.96545,0.005457],[0.0,0.0,0.0,1.0]],"antennas":[-0.571096,0.712612],"body_yaw":0.018507,"check_collision":false},{"head":[[0.982647,-0.121659,-0.140011,-0.001021],[0.091826,0.974931,-0.202676,-0.002933],[0.161159,0.186303,0.969185,0.005041],[0.0,0.0,0.0,1.0]],"antennas":[-0.548922,0.688728],"body_yaw":0.018507,"check_collision":false},{"head":[[0.985025,-0.118058,-0.125648,-0.001321],[0.092156,0.976461,-0.195018,-0.002587],[0.145714,0.180518,0.972718,0.004526],[0.0,0.0,0.0,1.0]],"antennas":[-0.523159,0.662504],"body_yaw":0.018507,"check_collision":false},{"head":[[0.987011,-0.115181,-0.111998,-0.00158],[0.093298,0.978475,-0.184071,-0.002282],[0.130789,0.171231,0.976511,0.003992],[0.0,0.0,0.0,1.0]],"antennas":[-0.49642,0.63479],"body_yaw":0.018507,"check_collision":false},{"head":[[0.988894,-0.111693,-0.098049,-0.001831],[0.094051,0.981108,-0.169058,-0.001687],[0.115079,0.157959,0.980717,0.003599],[0.0,0.0,0.0,1.0]],"antennas":[-0.468584,0.607006],"body_yaw":0.018507,"check_collision":false},{"head":[[0.989933,-0.108975,-0.090311,-0.001984],[0.093888,0.983104,-0.157135,-0.001493],[0.105909,0.147074,0.983439,0.003276],[0.0,0.0,0.0,1.0]],"antennas":[-0.441103,0.580112],"body_yaw":0.018507,"check_collision":false},{"head":[[0.990668,-0.107192,-0.084188,-0.002206],[0.093842,0.984365,-0.149063,-0.001316],[0.098851,0.139772,0.985237,0.003106],[0.0,0.0,0.0,1.0]],"antennas":[-0.415084,0.555189],"body_yaw":0.018507,"check_collision":false},{"head":[[0.991507,-0.1051,-0.076601,-0.002394],[0.093919,0.986071,-0.137272,-0.00114],[0.089962,0.128912,0.987567,0.002872],[0.0,0.0,0.0,1.0]],"antennas":[-0.391617,0.533275],"body_yaw":0.018507,"check_collision":false},{"head":[[0.992349,-0.101737,-0.069954,-0.002508],[0.092917,0.988477,-0.119494,-0.001093],[0.081305,0.11208,0.990367,0.002624],[0.0,0.0,0.0,1.0]],"antennas":[-0.371457,0.515203],"body_yaw":0.018507,"check_collision":false},{"head":[[0.992939,-0.098696,-0.065813,-0.002634],[0.091796,0.990673,-0.100701,-0.00111],[0.075138,0.093948,0.992738,0.00243],[0.0,0.0,0.0,1.0]],"antennas":[-0.355594,0.501703],"body_yaw":0.018507,"check_collision":false},{"head":[[0.993407,-0.096566,-0.061791,-0.002809],[0.090807,0.991789,-0.090052,-0.000989],[0.069979,0.083847,0.994018,0.002538],[0.0,0.0,0.0,1.0]],"antennas":[-0.344495,0.49327],"body_yaw":0.018507,"check_collision":false},{"head":[[0.993806,-0.094124,-0.05907,-0.002921],[0.089377,0.992905,-0.078425,-0.001004],[0.066033,0.07266,0.995168,0.00268],[0.0,0.0,0.0,1.0]],"antennas":[-0.338797,0.490307],"body_yaw":0.018507,"check_collision":false},{"head":[[0.994065,-0.091881,-0.058241,-0.002922],[0.087849,0.993784,-0.068375,-0.001092],[0.064161,0.062853,0.995958,0.002677],[0.0,0.0,0.0,1.0]],"antennas":[-0.338584,0.492898],"body_yaw":0.018507,"check_collision":false},{"head":[[0.994167,-0.090829,-0.058152,-0.002912],[0.087287,0.994326,-0.060801,-0.001115],[0.063344,0.05537,0.996455,0.002579],[0.0,0.0,0.0,1.0]],"antennas":[-0.343913,0.500957],"body_yaw":0.018507,"check_collision":false},{"head":[[0.994411,-0.089277,-0.056358,-0.002989],[0.086313,0.994857,-0.053005,-0.001043],[0.060801,0.047845,0.997003,0.00258],[0.0,0.0,0.0,1.0]],"antennas":[-0.354592,0.514153],"body_yaw":0.018507,"check_collision":false},{"head":[[0.994617,-0.086461,-0.057114,-0.003094],[0.084254,0.995642,-0.039987,-0.000989],[0.060322,0.03496,0.997567,0.002681],[0.0,0.0,0.0,1.0]],"antennas":[-0.370178,0.531942],"body_yaw":0.018507,"check_collision":false},{"head":[[0.994743,-0.083662,-0.059046,-0.003269],[0.082257,0.996276,-0.025852,-0.00105],[0.060989,0.020859,0.99792,0.002887],[0.0,0.0,0.0,1.0]],"antennas":[-0.389961,0.553653],"body_yaw":0.018507,"check_collision":false},{"head":[[0.994799,-0.081712,-0.060812,-0.003452],[0.081021,0.996618,-0.013742,-0.001157],[0.061729,0.008743,0.998055,0.003266],[0.0,0.0,0.0,1.0]],"antennas":[-0.413279,0.578382],"body_yaw":0.018507,"check_collision":false},{"head":[[0.994822,-0.08032,-0.062267,-0.00352],[0.080171,0.996769,-0.004902,-0.001268],[0.06246,-0.000116,0.998047,0.003555],[0.0,0.0,0.0,1.0]],"antennas":[-0.439149,0.605146],"body_yaw":0.018507,"check_collision":false},{"head":[[0.994923,-0.078963,-0.062397,-0.003493],[0.079205,0.996857,0.001415,-0.001411],[0.062089,-0.00635,0.99805,0.003608],[0.0,0.0,0.0,1.0]],"antennas":[-0.46651,0.632906],"body_yaw":0.018507,"check_collision":false},{"head":[[0.994964,-0.077161,-0.063971,-0.003532],[0.078096,0.996871,0.01224,-0.001603],[0.062827,-0.017174,0.997877,0.003735],[0.0,0.0,0.0,1.0]],"antennas":[-0.494537,0.660558],"body_yaw":0.018507,"check_collision":false},{"head":[[0.994962,-0.075259,-0.066235,-0.003666],[0.077177,0.996655,0.026888,-0.001729],[0.06399,-0.031864,0.997442,0.003991],[0.0,0.0,0.0,1.0]],"antennas":[-0.521511,0.686937],"body_yaw":0.018507,"check_collision":false},{"head":[[0.995098,-0.073587,-0.066065,-0.003833],[0.076244,0.99634,0.038633,-0.001689],[0.062981,-0.043481,0.997067,0.004146],[0.0,0.0,0.0,1.0]],"antennas":[-0.547002,0.711086],"body_yaw":0.018507,"check_collision":false},{"head":[[0.995241,-0.072081,-0.065565,-0.003938],[0.075293,0.99601,0.047914,-0.001631],[0.061849,-0.052623,0.996697,0.004279],[0.0,0.0,0.0,1.0]],"antennas":[-0.569585,0.731962],"body_yaw":0.018507,"check_collision":false},{"head":[[0.995373,-0.069998,-0.065828,-0.004053],[0.073966,0.99546,0.059911,-0.001633],[0.061335,-0.064503,0.996031,0.004501],[0.0,0.0,0.0,1.0]],"antennas":[-0.588543,0.74876],"body_yaw":0.018507,"check_collision":false},{"head":[[0.995563,-0.067595,-0.065464,-0.004122],[0.072466,0.994536,0.075147,-0.001729],[0.060027,-0.079557,0.995021,0.004721],[0.0,0.0,0.0,1.0]],"antennas":[-0.603083,0.76084],"body_yaw":0.018507,"check_collision":false},{"head":[[0.995644,-0.066136,-0.065725,-0.00408],[0.07172,0.99366,0.086576,-0.001891],[0.059583,-0.090912,0.994075,0.004649],[0.0,0.0,0.0,1.0]],"antennas":[-0.612566,0.767678],"body_yaw":0.018507,"check_collision":false},{"head":[[0.995727,-0.065004,-0.065588,-0.004062],[0.071162,0.992796,0.096394,-0.00203],[0.05885,-0.10065,0.99318,0.004512],[0.0,0.0,0.0,1.0]],"antennas":[-0.616733,0.769036],"body_yaw":0.018507,"check_collision":false},{"head":[[0.995869,-0.063169,-0.065223,-0.004165],[0.069974,0.99169,0.107959,-0.002084],[0.057861,-0.112077,0.992014,0.004637],[0.0,0.0,0.0,1.0]],"antennas":[-0.615319,0.764839],"body_yaw":0.018507,"check_collision":false},{"head":[[0.995921,-0.061861,-0.065681,-0.004246],[0.069283,0.990653,0.1175,-0.00216],[0.057799,-0.121571,0.990898,0.004932],[0.0,0.0,0.0,1.0]],"antennas":[-0.608376,0.755229],"body_yaw":0.018507,"check_collision":false},{"head":[[0.995882,-0.061834,-0.066304,-0.004353],[0.069836,0.989558,0.126088,-0.002205],[0.057815,-0.130199,0.989801,0.005109],[0.0,0.0,0.0,1.0]],"antennas":[-0.59626,0.740647],"body_yaw":0.018507,"check_collision":false},{"head":[[0.995943,-0.060666,-0.066464,-0.004484],[0.069536,0.987638,0.140488,-0.002239],[0.057119,-0.14454,0.987849,0.005253],[0.0,0.0,0.0,1.0]],"antennas":[-0.579399,0.721639],"body_yaw":0.018507,"check_collision":false},{"head":[[0.996033,-0.059389,-0.066263,-0.004457],[0.069019,0.985647,0.154063,-0.002375],[0.056162,-0.158026,0.985837,0.005395],[0.0,0.0,0.0,1.0]],"antennas":[-0.558423,0.69895],"body_yaw":0.018507,"check_collision":false},{"head":[[0.995973,-0.059954,-0.06666,-0.004273],[0.069946,0.984731,0.159412,-0.002506],[0.056085,-0.163433,0.984959,0.005222],[0.0,0.0,0.0,1.0]],"antennas":[-0.534279,0.673528],"body_yaw":0.018507,"check_collision":false},{"head":[[0.996044,-0.060117,-0.065439,-0.004268],[0.070228,0.983758,0.165191,-0.002733],[0.054445,-0.169133,0.984088,0.004913],[0.0,0.0,0.0,1.0]],"antennas":[-0.507831,0.646313],"body_yaw":0.018507,"check_collision":false},{"head":[[0.995981,-0.0604,-0.066129,-0.004418],[0.071022,0.982481,0.1723,-0.002769],[0.054564,-0.176305,0.982822,0.004994],[0.0,0.0,0.0,1.0]],"antennas":[-0.480215,0.618483],"body_yaw":0.018507,"check_collision":false},{"head":[[0.995864,-0.06089,-0.067434,-0.004539],[0.072092,0.981277,0.1786,-0.002665],[0.055296,-0.182722,0.981608,0.005284],[0.0,0.0,0.0,1.0]],"antennas":[-0.452917,0.591284],"body_yaw":0.018507,"check_collision":false},{"head":[[0.995794,-0.061638,-0.067789,-0.004547],[0.073147,0.980375,0.183069,-0.002629],[0.055175,-0.187258,0.98076,0.005457],[0.0,0.0,0.0,1.0]],"antennas":[-0.425363,0.565419],"body_yaw":0.018507,"check_collision":false},{"head":[[0.995839,-0.06253,-0.066295,-0.004561],[0.07392,0.979708,0.1863,-0.00268],[0.0533,-0.190425,0.980254,0.00545],[0.0,0.0,0.0,1.0]],"antennas":[-0.400978,0.541967],"body_yaw":0.018507,"check_collision":false},{"head":[[0.995862,-0.063758,-0.064757,-0.004546],[0.074911,0.979351,0.187774,-0.002614],[0.051447,-0.191848,0.980075,0.005485],[0.0,0.0,0.0,1.0]],"antennas":[-0.379339,0.522165],"body_yaw":0.018507,"check_collision":false},{"head":[[0.995859,-0.064862,-0.063706,-0.004453],[0.075802,0.979251,0.187938,-0.002478],[0.050194,-0.191989,0.980113,0.005283],[0.0,0.0,0.0,1.0]],"antennas":[-0.361526,0.506657],"body_yaw":0.018507,"check_collision":false},{"head":[[0.995838,-0.06573,-0.063134,-0.004334],[0.07664,0.978827,0.189799,-0.0026],[0.049322,-0.193847,0.979791,0.004988],[0.0,0.0,0.0,1.0]],"antennas":[-0.348474,0.496077],"body_yaw":0.018507,"check_collision":false},{"head":[[0.995781,-0.066672,-0.06305,-0.004258],[0.07765,0.978356,0.191807,-0.002764],[0.048897,-0.195893,0.979405,0.00487],[0.0,0.0,0.0,1.0]],"antennas":[-0.340439,0.490809],"body_yaw":0.018507,"check_collision":false},{"head":[[0.995762,-0.068057,-0.061862,-0.004216],[0.078831,0.978046,0.192903,-0.002717],[0.047375,-0.196962,0.979266,0.004874],[0.0,0.0,0.0,1.0]],"antennas":[-0.337929,0.491087],"body_yaw":0.018507,"check_collision":false},{"head":[[0.995785,-0.069398,-0.059968,-0.004204],[0.079792,0.977888,0.193308,-0.002558],[0.045227,-0.197279,0.979304,0.004823],[0.0,0.0,0.0,1.0]],"antennas":[-0.340961,0.496887],"body_yaw":0.018507,"check_collision":false},{"head":[[0.995834,-0.070679,-0.057616,-0.004283],[0.080737,0.97711,0.196818,-0.002555],[0.042386,-0.20065,0.978746,0.004767],[0.0,0.0,0.0,1.0]],"antennas":[-0.349423,0.507971],"body_yaw":0.018507,"check_collision":false},{"head":[[0.995866,-0.071461,-0.056068,-0.004321],[0.081482,0.975617,0.203796,-0.00257],[0.040138,-0.207522,0.977406,0.00489],[0.0,0.0,0.0,1.0]],"antennas":[-0.362967,0.523942],"body_yaw":0.018507,"check_collision":false},{"head":[[0.99587,-0.072516,-0.054632,-0.004215],[0.082533,0.973802,0.21189,-0.002761],[0.037835,-0.215524,0.975765,0.005025],[0.0,0.0,0.0,1.0]],"antennas":[-0.381194,0.544123],"body_yaw":0.018507,"check_collision":false},{"head":[[0.99592,-0.074422,-0.051033,-0.004105],[0.083941,0.971602,0.221232,-0.003001],[0.033119,-0.224613,0.973885,0.004771],[0.0,0.0,0.0,1.0]],"antennas":[-0.40321,0.567732],"body_yaw":0.018507,"check_collision":false},{"head":[[0.995989,-0.075193,-0.048488,-0.004021],[0.084338,0.969944,0.228244,-0.003193],[0.029868,-0.231418,0.972396,0.004663],[0.0,0.0,0.0,1.0]],"antennas":[-0.428128,0.593802],"body_yaw":0.018507,"check_collision":false},{"head":[[0.995931,-0.075956,-0.04849,-0.004008],[0.08526,0.968458,0.234136,-0.003224],[0.029176,-0.237317,0.970994,0.004709],[0.0,0.0,0.0,1.0]],"antennas":[-0.454902,0.621244],"body_yaw":0.018507,"check_collision":false},{"head":[[0.995831,-0.076916,-0.049035,-0.004001],[0.086481,0.967075,0.239347,-0.003381],[0.029011,-0.24259,0.969695,0.004745],[0.0,0.0,0.0,1.0]],"antennas":[-0.482734,0.649097],"body_yaw":0.018507,"check_collision":false},{"head":[[0.995823,-0.077575,-0.048145,-0.004116],[0.08705,0.965755,0.244418,-0.003579],[0.027535,-0.247588,0.968474,0.004754],[0.0,0.0,0.0,1.0]],"antennas":[-0.510445,0.676203],"body_yaw":0.018507,"check_collision":false},{"head":[[0.995831,-0.077898,-0.047457,-0.00413],[0.087268,0.965032,0.24718,-0.003705],[0.026543,-0.250291,0.967807,0.005013],[0.0,0.0,0.0,1.0]],"antennas":[-0.536581,0.701371],"body_yaw":0.018507,"check_collision":false},{"head":[[0.995783,-0.078439,-0.047569,-0.003951],[0.08783,0.964891,0.247528,-0.003825],[0.026484,-0.250663,0.967712,0.005127],[0.0,0.0,0.0,1.0]],"antennas":[-0.560685,0.723781],"body_yaw":0.018507,"check_collision":false},{"head":[[0.995749,-0.078503,-0.048186,-0.003839],[0.088117,0.964219,0.250035,-0.003941],[0.026833,-0.253218,0.967037,0.005058],[0.0,0.0,0.0,1.0]],"antennas":[-0.581284,0.742419],"body_yaw":0.018507,"check_collision":false},{"head":[[0.99574,-0.078709,-0.048034,-0.003911],[0.088368,0.963336,0.253329,-0.003881],[0.026334,-0.256494,0.966187,0.004981],[0.0,0.0,0.0,1.0]],"antennas":[-0.59782,0.756564],"body_yaw":0.018507,"check_collision":false},{"head":[[0.995753,-0.079006,-0.047274,-0.004016],[0.088492,0.963006,0.254535,-0.004023],[0.025416,-0.257638,0.965907,0.005142],[0.0,0.0,0.0,1.0]],"antennas":[-0.609406,0.765628],"body_yaw":0.018507,"check_collision":false},{"head":[[0.995772,-0.079023,-0.046832,-0.003981],[0.088404,0.962917,0.254905,-0.004043],[0.024952,-0.257967,0.965831,0.005091],[0.0,0.0,0.0,1.0]],"antennas":[-0.615848,0.769312],"body_yaw":0.018507,"check_collision":false},{"head":[[0.995821,-0.078632,-0.046454,-0.004175],[0.087978,0.962433,0.256869,-0.003682],[0.024511,-0.259883,0.965329,0.004914],[0.0,0.0,0.0,1.0]],"antennas":[-0.616744,0.767401],"body_yaw":0.018507,"check_collision":false},{"head":[[0.995821,-0.07854,-0.04661,-0.004181],[0.087926,0.962486,0.256691,-0.003771],[0.0247,-0.259717,0.965369,0.004981],[0.0,0.0,0.0,1.0]],"antennas":[-0.612088,0.760006],"body_yaw":0.018507,"check_collision":false},{"head":[[0.995817,-0.078353,-0.046995,-0.00408],[0.087824,0.962708,0.255891,-0.004068],[0.025192,-0.258948,0.965563,0.004921],[0.0,0.0,0.0,1.0]],"antennas":[-0.602099,0.747434],"body_yaw":0.018507,"check_collision":false},{"head":[[0.995582,-0.07832,-0.051794,-0.004034],[0.089045,0.962532,0.25613,-0.00428],[0.029793,-0.259611,0.965254,0.005021],[0.0,0.0,0.0,1.0]],"antennas":[-0.586934,0.730114],"body_yaw":0.018507,"check_collision":false},{"head":[[0.995184,-0.079111,-0.05789,-0.004095],[0.091383,0.962416,0.255742,-0.004379],[0.035482,-0.259801,0.96501,0.005164],[0.0,0.0,0.0,1.0]],"antennas":[-0.567627,0.708859],"body_yaw":0.018507,"check_collision":false},{"head":[[0.994841,-0.079676,-0.062794,-0.004149],[0.093178,0.962435,0.255025,-0.004356],[0.040116,-0.25956,0.964893,0.005458],[0.0,0.0,0.0,1.0]],"antennas":[-0.544732,0.684418],"body_yaw":0.018507,"check_collision":false},{"head":[[0.99438,-0.079946,-0.069403,-0.004107],[0.095109,0.962534,0.253935,-0.004352],[0.046501,-0.259109,0.964728,0.005483],[0.0,0.0,0.0,1.0]],"antennas":[-0.518961,0.657807],"body_yaw":0.018507,"check_collision":false},{"head":[[0.993861,-0.080017,-0.076404,-0.004029],[0.096922,0.962732,0.252493,-0.004489],[0.053352,-0.258348,0.964578,0.005484],[0.0,0.0,0.0,1.0]],"antennas":[-0.491649,0.630055],"body_yaw":0.018507,"check_collision":false},{"head":[[0.993621,-0.080405,-0.079073,-0.004043],[0.098064,0.962281,0.25377,-0.0045],[0.055686,-0.259905,0.964027,0.005572],[0.0,0.0,0.0,1.0]],"antennas":[-0.463857,0.602311],"body_yaw":0.018507,"check_collision":false},{"head":[[0.993328,-0.080497,-0.082577,-0.003999],[0.099069,0.96218,0.253763,-0.004404],[0.059027,-0.260251,0.963735,0.005341],[0.0,0.0,0.0,1.0]],"antennas":[-0.436576,0.575734],"body_yaw":0.018507,"check_collision":false},{"head":[[0.993258,-0.080292,-0.083618,-0.003939],[0.09914,0.962182,0.253728,-0.004505],[0.060083,-0.260307,0.963655,0.005368],[0.0,0.0,0.0,1.0]],"antennas":[-0.410913,0.551228],"body_yaw":0.018507,"check_collision":false},{"head":[[0.993001,-