{"description":"Use this when you want to show that you're listening to the conversation. You encourage the speaker to keep talking. You can follow with attentive2 if the person hasn't finished speaking.","time":[0.0,0.02,0.04,0.06,0.08,0.1,0.12,0.14,0.16,0.18,0.2,0.22,0.24,0.26,0.28,0.3,0.32,0.34,0.36,0.38,0.4,0.42,0.44,0.46,0.48,0.5,0.52,0.54,0.56,0.58,0.6,0.62,0.64,0.66,0.68,0.7,0.72,0.74,0.76,0.78,0.8,0.82,0.84,0.86,0.88,0.9,0.92,0.94,0.96,0.98,1.0,1.02,1.04,1.06,1.08,1.1,1.12,1.14,1.16,1.18,1.2,1.22,1.24,1.26,1.28,1.3,1.32,1.34,1.36,1.38,1.4,1.42,1.44,1.46,1.48,1.5,1.52,1.54,1.56,1.58,1.6,1.62,1.64,1.66,1.68,1.7,1.72,1.74,1.76,1.78,1.8,1.82,1.84,1.86,1.88,1.9,1.92,1.94,1.96,1.98,2.0,2.02,2.04,2.06,2.08,2.1,2.12,2.14,2.16,2.18,2.2,2.22,2.24,2.26,2.28,2.3,2.32,2.34,2.36,2.38,2.4,2.42,2.44,2.46,2.48,2.5,2.52,2.54,2.56,2.58,2.6,2.62,2.64,2.66,2.68,2.7,2.72,2.74,2.76,2.78,2.8,2.82,2.84,2.86,2.88,2.9,2.92,2.94,2.96,2.98,3.0,3.02,3.04,3.06,3.08,3.1,3.12,3.14,3.16,3.18,3.2,3.22,3.24,3.26,3.28,3.3,3.32,3.34,3.36,3.38,3.4,3.42,3.44,3.46,3.48,3.5,3.52,3.54,3.56,3.58,3.6,3.62,3.64,3.66,3.68,3.7,3.72,3.74,3.76,3.78,3.8,3.82,3.84,3.86,3.88,3.9,3.92,3.94,3.96,3.98,4.0,4.02,4.04,4.06,4.08,4.1,4.12,4.14,4.16,4.18,4.2,4.22,4.24,4.26,4.28],"set_target_data":[{"head":[[0.952707,-0.0313,-0.302276,-0.003324],[0.039499,0.998998,0.021046,-0.005217],[0.301314,-0.03199,0.952988,0.006487],[0.0,0.0,0.0,1.0]],"antennas":[-0.509801,0.647002],"body_yaw":0.018507,"check_collision":false},{"head":[[0.952753,-0.031324,-0.302127,-0.003365],[0.039512,0.998998,0.021024,-0.005085],[0.301165,-0.031968,0.953036,0.006422],[0.0,0.0,0.0,1.0]],"antennas":[-0.509801,0.649737],"body_yaw":0.018507,"check_collision":false},{"head":[[0.952674,-0.031593,-0.302347,-0.003219],[0.039736,0.998993,0.020819,-0.004926],[0.301385,-0.031848,0.95297,0.006207],[0.0,0.0,0.0,1.0]],"antennas":[-0.509801,0.65807],"body_yaw":0.018507,"check_collision":false},{"head":[[0.953657,-0.032478,-0.299139,-0.002966],[0.03998,0.99902,0.01899,-0.004849],[0.298229,-0.030069,0.954021,0.005997],[0.0,0.0,0.0,1.0]],"antennas":[-0.509801,0.667689],"body_yaw":0.018507,"check_collision":false},{"head":[[0.956799,-0.03363,-0.2888,-0.002988],[0.040088,0.99906,0.016475,-0.004695],[0.287974,-0.02734,0.957248,0.005619],[0.0,0.0,0.0,1.0]],"antennas":[-0.509801,0.677497],"body_yaw":0.018507,"check_collision":false},{"head":[[0.962963,-0.03588,-0.267237,-0.003144],[0.040297,0.999126,0.011062,-0.0047],[0.266606,-0.021422,0.963567,0.005215],[0.0,0.0,0.0,1.0]],"antennas":[-0.509801,0.686661],"body_yaw":0.018507,"check_collision":false},{"head":[[0.969944,-0.037654,-0.240398,-0.003384],[0.039983,0.999189,0.004815,-0.004426],[0.240022,-0.014282,0.970662,0.004582],[0.0,0.0,0.0,1.0]],"antennas":[-0.509801,0.686935],"body_yaw":0.018507,"check_collision":false},{"head":[[0.973359,-0.036906,-0.226297,-0.003622],[0.038716,0.999244,0.003565,-0.004254],[0.225994,-0.012231,0.974052,0.004413],[0.0,0.0,0.0,1.0]],"antennas":[-0.509801,0.686935],"body_yaw":0.018507,"check_collision":false},{"head":[[0.972353,-0.036975,-0.23057,-0.003749],[0.039603,0.999192,0.006781,-0.004233],[0.230133,-0.015725,0.973032,0.004625],[0.0,0.0,0.0,1.0]],"antennas":[-0.509801,0.686935],"body_yaw":0.018507,"check_collision":false},{"head":[[0.969249,-0.036918,-0.243296,-0.003666],[0.041318,0.999061,0.013006,-0.004479],[0.242587,-0.022659,0.969865,0.004888],[0.0,0.0,0.0,1.0]],"antennas":[-0.509801,0.686935],"body_yaw":0.018507,"check_collision":false},{"head":[[0.965384,-0.035804,-0.258365,-0.003509],[0.042259,0.998917,0.019469,-0.004765],[0.257388,-0.029714,0.965851,0.005088],[0.0,0.0,0.0,1.0]],"antennas":[-0.509801,0.686935],"body_yaw":0.018507,"check_collision":false},{"head":[[0.961663,-0.035649,-0.271908,-0.003424],[0.043509,0.99879,0.022928,-0.004929],[0.270761,-0.033879,0.96205,0.005138],[0.0,0.0,0.0,1.0]],"antennas":[-0.509801,0.686935],"body_yaw":0.018507,"check_collision":false},{"head":[[0.958364,-0.035699,-0.283308,-0.003439],[0.044739,0.998673,0.0255,-0.005089],[0.282022,-0.037113,0.95869,0.00533],[0.0,0.0,0.0,1.0]],"antennas":[-0.509801,0.686935],"body_yaw":0.018507,"check_collision":false},{"head":[[0.955955,-0.036238,-0.291269,-0.00343],[0.045857,0.998603,0.026265,-0.005144],[0.28991,-0.038465,0.956281,0.005532],[0.0,0.0,0.0,1.0]],"antennas":[-0.509801,0.686935],"body_yaw":0.018507,"check_collision":false},{"head":[[0.954279,-0.035842,-0.296761,-0.003358],[0.045991,0.998569,0.027286,-0.005065],[0.295358,-0.039687,0.954562,0.005527],[0.0,0.0,0.0,1.0]],"antennas":[-0.509801,0.686935],"body_yaw":0.018507,"check_collision":false},{"head":[[0.953663,-0.035481,-0.298778,-0.003244],[0.045519,0.998607,0.026703,-0.005119],[0.297414,-0.039066,0.953949,0.005566],[0.0,0.0,0.0,1.0]],"antennas":[-0.509801,0.686935],"body_yaw":0.018507,"check_collision":false},{"head":[[0.953718,-0.035457,-0.298605,-0.003244],[0.045319,0.99863,0.026166,-0.005059],[0.297268,-0.038488,0.954018,0.005557],[0.0,0.0,0.0,1.0]],"antennas":[-0.509801,0.700454],"body_yaw":0.018507,"check_collision":false},{"head":[[0.954595,-0.036472,-0.295666,-0.003252],[0.045531,0.998679,0.023809,-0.00498],[0.294408,-0.03619,0.954995,0.005619],[0.0,0.0,0.0,1.0]],"antennas":[-0.509801,0.724581],"body_yaw":0.018507,"check_collision":false},{"head":[[0.954026,-0.037315,-0.297393,-0.003114],[0.046073,0.998685,0.022492,-0.004913],[0.296163,-0.03516,0.95449,0.005503],[0.0,0.0,0.0,1.0]],"antennas":[-0.509801,0.75334],"body_yaw":0.018507,"check_collision":false},{"head":[[0.952356,-0.037353,-0.302692,-0.002963],[0.046353,0.998669,0.022602,-0.004832],[0.301445,-0.035556,0.95282,0.005382],[0.0,0.0,0.0,1.0]],"antennas":[-0.509801,0.783019],"body_yaw":0.018507,"check_collision":false},{"head":[[0.949991,-0.037115,-0.310065,-0.002867],[0.046581,0.998646,0.023178,-0.004779],[0.308785,-0.036462,0.950433,0.005389],[0.0,0.0,0.0,1.0]],"antennas":[-0.509801,0.813055],"body_yaw":0.018507,"check_collision":false},{"head":[[0.946775,-0.038159,-0.319625,-0.002958],[0.047943,0.99859,0.022796,-0.004584],[0.318305,-0.036906,0.94727,0.005518],[0.0,0.0,0.0,1.0]],"antennas":[-0.509801,0.842492],"body_yaw":0.018507,"check_collision":false},{"head":[[0.94328,-0.040222,-0.329554,-0.003119],[0.050553,0.99846,0.022838,-0.004316],[0.328128,-0.038203,0.94386,0.005652],[0.0,0.0,0.0,1.0]],"antennas":[-0.509801,0.870449],"body_yaw":0.018507,"check_collision":false},{"head":[[0.939714,-0.041783,-0.339399,-0.003167],[0.05259,0.998358,0.022704,-0.004069],[0.337893,-0.039184,0.940368,0.005645],[0.0,0.0,0.0,1.0]],"antennas":[-0.509801,0.889209],"body_yaw":0.018507,"check_collision":false},{"head":[[0.937647,-0.043649,-0.344837,-0.00305],[0.054088,0.998321,0.020707,-0.004125],[0.343355,-0.038068,0.938434,0.005704],[0.0,0.0,0.0,1.0]],"antennas":[-0.509801,0.890821],"body_yaw":0.018507,"check_collision":false},{"head":[[0.935134,-0.045622,-0.351344,-0.002942],[0.055885,0.998254,0.019118,-0.004157],[0.349859,-0.037513,0.936051,0.005685],[0.0,0.0,0.0,1.0]],"antennas":[-0.509801,0.890821],"body_yaw":0.018507,"check_collision":false},{"head":[[0.932013,-0.045411,-0.359568,-0.002999],[0.056483,0.998196,0.020339,-0.004122],[0.357996,-0.039266,0.932897,0.005757],[0.0,0.0,0.0,1.0]],"antennas":[-0.509801,0.890821],"body_yaw":0.018507,"check_collision":false},{"head":[[0.929084,-0.04383,-0.367264,-0.003172],[0.056213,0.998152,0.023082,-0.004193],[0.365573,-0.04209,0.92983,0.006067],[0.0,0.0,0.0,1.0]],"antennas":[-0.509801,0.890821],"body_yaw":0.018507,"check_collision":false},{"head":[[0.930528,-0.042178,-0.363783,-0.003297],[0.054627,0.998218,0.023996,-0.004394],[0.362122,-0.042202,0.931175,0.006119],[0.0,0.0,0.0,1.0]],"antennas":[-0.509801,0.890821],"body_yaw":0.018507,"check_collision":false},{"head":[[0.936288,-0.039468,-0.349008,-0.003343],[0.050861,0.998428,0.023538,-0.004527],[0.347531,-0.039789,0.936824,0.005855],[0.0,0.0,0.0,1.0]],"antennas":[-0.509801,0.890821],"body_yaw":0.018507,"check_collision":false},{"head":[[0.943329,-0.038505,-0.329617,-0.003615],[0.04824,0.998606,0.021402,-0.004422],[0.328334,-0.03609,0.943872,0.005621],[0.0,0.0,0.0,1.0]],"antennas":[-0.509801,0.890821],"body_yaw":0.018507,"check_collision":false},{"head":[[0.94923,-0.039879,-0.312046,-0.004009],[0.048183,0.998659,0.018946,-0.004238],[0.310872,-0.033019,0.949878,0.005508],[0.0,0.0,0.0,1.0]],"antennas":[-0.509801,0.890821],"body_yaw":0.018507,"check_collision":false},{"head":[[0.954592,-0.041598,-0.294998,-0.004258],[0.04844,0.998699,0.01592,-0.003971],[0.293952,-0.029487,0.955365,0.005298],[0.0,0.0,0.0,1.0]],"antennas":[-0.509801,0.890821],"body_yaw":0.018507,"check_collision":false},{"head":[[0.96232,-0.042814,-0.268528,-0.004335],[0.047228,0.998834,0.009998,-0.003744],[0.267786,-0.022303,0.96322,0.00482],[0.0,0.0,0.0,1.0]],"antennas":[-0.509801,0.890821],"body_yaw":0.018507,"check_collision":false},{"head":[[0.970226,-0.042238,-0.238488,-0.004309],[0.044611,0.998994,0.004558,-0.003575],[0.238056,-0.015061,0.971135,0.004306],[0.0,0.0,0.0,1.0]],"antennas":[-0.509801,0.890821],"body_yaw":0.018507,"check_collision":false},{"head":[[0.975,-0.039282,-0.218707,-0.004419],[0.04108,0.999149,0.003679,-0.003395],[0.218376,-0.012572,0.975784,0.004193],[0.0,0.0,0.0,1.0]],"antennas":[-0.509801,0.890821],"body_yaw":0.018507,"check_collision":false},{"head":[[0.978273,-0.036384,-0.204102,-0.004606],[0.03763,0.999289,0.002227,-0.003167],[0.203876,-0.009859,0.978947,0.004321],[0.0,0.0,0.0,1.0]],"antennas":[-0.509801,0.890821],"body_yaw":0.018507,"check_collision":false},{"head":[[0.980399,-0.034746,-0.193932,-0.004674],[0.035811,0.999357,0.001989,-0.003056],[0.193738,-0.008895,0.981013,0.004415],[0.0,0.0,0.0,1.0]],"antennas":[-0.509801,0.890821],"body_yaw":0.018507,"check_collision":false},{"head":[[0.9827,-0.032845,-0.182271,-0.004786],[0.033833,0.999425,0.00231,-0.002986],[0.18209,-0.008437,0.983246,0.004416],[0.0,0.0,0.0,1.0]],"antennas":[-0.507479,0.890821],"body_yaw":0.018507,"check_collision":false},{"head":[[0.98529,-0.02973,-0.168286,-0.004891],[0.030745,0.999521,0.003426,-0.002962],[0.168104,-0.008549,0.985732,0.00432],[0.0,0.0,0.0,1.0]],"antennas":[-0.496011,0.890821],"body_yaw":0.018507,"check_collision":false},{"head":[[0.987474,-0.027067,-0.155442,-0.005092],[0.027972,0.999602,0.00364,-0.002962],[0.155282,-0.007943,0.987838,0.004301],[0.0,0.0,0.0,1.0]],"antennas":[-0.479989,0.890821],"body_yaw":0.018507,"check_collision":false},{"head":[[0.989549,-0.024792,-0.142052,-0.005414],[0.025325,0.999677,0.001945,-0.002858],[0.141958,-0.005522,0.989857,0.004387],[0.0,0.0,0.0,1.0]],"antennas":[-0.461903,0.889197],"body_yaw":0.018507,"check_collision":false},{"head":[[0.991005,-0.023857,-0.131681,-0.005606],[0.024001,0.999712,-0.000494,-0.002751],[0.131655,-0.002671,0.991292,0.004475],[0.0,0.0,0.0,1.0]],"antennas":[-0.442231,0.875221],"body_yaw":0.018507,"check_collision":false},{"head":[[0.99157,-0.02371,-0.127385,-0.005685],[0.023778,0.999717,-0.000981,-0.00277],[0.127372,-0.002057,0.991853,0.004656],[0.0,0.0,0.0,1.0]],"antennas":[-0.419171,0.839621],"body_yaw":0.018507,"check_collision":false},{"head":[[0.991783,-0.023685,-0.125721,-0.005704],[0.02376,0.999717,-0.000901,-0.003033],[0.125706,-0.002093,0.992065,0.004977],[0.0,0.0,0.0,1.0]],"antennas":[-0.391303,0.78886],"body_yaw":0.018507,"check_collision":false},{"head":[[0.991905,-0.023525,-0.124783,-0.005731],[0.023646,0.99972,-0.000512,-0.003196],[0.124761,-0.002443,0.992184,0.005141],[0.0,0.0,0.0,1.0]],"antennas":[-0.354573,0.73683],"body_yaw":0.018507,"check_collision":false},{"head":[[0.992376,-0.023429,-0.120998,-0.005758],[0.023553,0.999723,-0.000404,-0.003307],[0.120974,-0.002449,0.992653,0.00525],[0.0,0.0,0.0,1.0]],"antennas":[-0.306497,0.684632],"body_yaw":0.018507,"check_collision":false},{"head":[[0.993173,-0.022694,-0.114424,-0.005892],[0.022668,0.999742,-0.001528,-0.003278],[0.114429,-0.001077,0.993431,0.005367],[0.0,0.0,0.0,1.0]],"antennas":[-0.254501,0.632634],"body_yaw":0.018507,"check_collision":false},{"head":[[0.994248,-0.020789,-0.105061,-0.006094],[0.020588,0.999784,-0.002992,-0.003126],[0.1051,0.000812,0.994461,0.005344],[0.0,0.0,0.0,1.0]],"antennas":[-0.203185,0.580639],"body_yaw":0.018507,"check_collision":false},{"head":[[0.994955,-0.020451,-0.098212,-0.006202],[0.020125,0.999788,-0.00431,-0.003116],[0.098279,0.002311,0.995156,0.005383],[0.0,0.0,0.0,1.0]],"antennas":[-0.164037,0.530001],"body_yaw":0.018507,"check_collision":false},{"head":[[0.99523,-0.020581,-0.09536,-0.006198],[0.020222,0.999784,-0.004728,-0.003286],[0.095436,0.002777,0.995432,0.005568],[0.0,0.0,0.0,1.0]],"antennas":[-0.157978,0.493395],"body_yaw":0.018507,"check_collision":false},{"head":[[0.995263,-0.020017,-0.095136,-0.006167],[0.019702,0.999797,-0.004247,-0.003377],[0.095202,0.002352,0.995455,0.00564],[0.0,0.0,0.0,1.0]],"antennas":[-0.157978,0.481796],"body_yaw":0.018507,"check_collision":false},{"head":[[0.995404,-0.018882,-0.093886,-0.006184],[0.018614,0.99982,-0.003736,-0.003436],[0.09394,0.001971,0.995576,0.005718],[0.0,0.0,0.0,1.0]],"antennas":[-0.157978,0.481796],"body_yaw":0.018507,"check_collision":false},{"head":[[0.995194,-0.018123,-0.096235,-0.0063],[0.018034,0.999836,-0.001793,-0.003451],[0.096252,4.9e-05,0.995357,0.005892],[0.0,0.0,0.0,1.0]],"antennas":[-0.157978,0.481796],"body_yaw":0.018507,"check_collision":false},{"head":[[0.993661,-0.02044,-0.110546,-0.006263],[0.020859,0.999779,0.002639,-0.003503],[0.110468,-0.004928,0.993867,0.006121],[0.0,0.0,0.0,1.0]],"antennas":[-0.157978,0.481796],"body_yaw":0.018507,"check_collision":false},{"head":[[0.990237,-0.024302,-0.137263,-0.005966],[0.025642,0.999639,0.007999,-0.00381],[0.137019,-0.011441,0.990502,0.006455],[0.0,0.0,0.0,1.0]],"antennas":[-0.157978,0.481796],"body_yaw":0.018507,"check_collision":false},{"head":[[0.986705,-0.026514,-0.160344,-0.005612],[0.028956,0.999497,0.012911,-0.004306],[0.159921,-0.017382,0.986977,0.006735],[0.0,0.0,0.0,1.0]],"antennas":[-0.157978,0.481796],"body_yaw":0.018507,"check_collision":false},{"head":[[0.983545,-0.028474,-0.178406,-0.005353],[0.031931,0.999353,0.016535,-0.004675],[0.17782,-0.021959,0.983818,0.0067],[0.0,0.0,0.0,1.0]],"antennas":[-0.157978,0.481796],"body_yaw":0.018507,"check_collision":false},{"head":[[0.979925,-0.031346,-0.196885,-0.005288],[0.036018,0.999147,0.020194,-0.004914],[0.196085,-0.02688,0.980219,0.006732],[0.0,0.0,0.0,1.0]],"antennas":[-0.157978,0.481796],"body_yaw":0.018507,"check_collision":false},{"head":[[0.975713,-0.035191,-0.216207,-0.005209],[0.041131,0.998888,0.023036,-0.005148],[0.215156,-0.031369,0.976076,0.007026],[0.0,0.0,0.0,1.0]],"antennas":[-0.157978,0.481796],"body_yaw":0.018507,"check_collision":false},{"head":[[0.97291,-0.037113,-0.228184,-0.005171],[0.043796,0.998745,0.024292,-0.005037],[0.226997,-0.033627,0.973315,0.007227],[0.0,0.0,0.0,1.0]],"antennas":[-0.157978,0.481796],"body_yaw":0.018507,"check_collision":false},{"head":[[0.970012,-0.038497,-0.239987,-0.005029],[0.046079,0.998598,0.026061,-0.005092],[0.238647,-0.036338,0.970426,0.007319],[0.0,0.0,0.0,1.0]],"antennas":[-0.157978,0.481796],"body_yaw":0.018507,"check_collision":false},{"head":[[0.966675,-0.039499,-0.252943,-0.004946],[0.048192,0.998438,0.028263,-0.005057],[0.251431,-0.039511,0.967068,0.007457],[0.0,0.0,0.0,1.0]],"antennas":[-0.157978,0.481796],"body_yaw":0.018507,"check_collision":false},{"head":[[0.964305,-0.040646,-0.261655,-0.00479],[0.049997,0.998323,0.02918,-0.005187],[0.260031,-0.041221,0.96472,0.007603],[0.0,0.0,0.0,1.0]],"antennas":[-0.157978,0.481796],"body_yaw":0.018507,"check_collision":false},{"head":[[0.962535,-0.041363,-0.267982,-0.004652],[0.051017,0.998272,0.029159,-0.005241],[0.266313,-0.041739,0.962982,0.007597],[0.0,0.0,0.0,1.0]],"antennas":[-0.157978,0.481796],"body_yaw":0.018507,"check_collision":false},{"head":[[0.961169,-0.041929,-0.272758,-0.004601],[0.051899,0.998218,0.029439,-0.005272],[0.271037,-0.042452,0.961632,0.007597],[0.0,0.0,0.0,1.0]],"antennas":[-0.157978,0.481796],"body_yaw":0.018507,"check_collision":false},{"head":[[0.961086,-0.041709,-0.273084,-0.004636],[0.051747,0.99822,0.029655,-0.005172],[0.27136,-0.042632,0.961533,0.007564],[0.0,0.0,0.0,1.0]],"antennas":[-0.157978,0.481796],"body_yaw":0.018507,"check_collision":false},{"head":[[0.961995,-0.04096,-0.269977,-0.00462],[0.050827,0.998267,0.029653,-0.005091],[0.268295,-0.042248,0.96241,0.0076],[0.0,0.0,0.0,1.0]],"antennas":[-0.157978,0.481796],"body_yaw":0.018507,"check_collision":false},{"head":[[0.962848,-0.039663,-0.267117,-0.004696],[0.049379,0.998337,0.029753,-0.004892],[0.265493,-0.041837,0.963205,0.007505],[0.0,0.0,0.0,1.0]],"antennas":[-0.158454,0.481796],"body_yaw":0.018507,"check_collision":false},{"head":[[0.964962,-0.039016,-0.259472,-0.004791],[0.047841,0.998469,0.027782,-0.004707],[0.257991,-0.039222,0.965351,0.007383],[0.0,0.0,0.0,1.0]],"antennas":[-0.166685,0.481796],"body_yaw":0.018507,"check_collision":false},{"head":[[0.970041,-0.038392,-0.23989,-0.004912],[0.044893,0.998756,0.021692,-0.004466],[0.238759,-0.031812,0.970558,0.007007],[0.0,0.0,0.0,1.0]],"antennas":[-0.184261,0.488039],"body_yaw":0.018507,"check_collision":false},{"head":[[0.975558,-0.03628,-0.216726,-0.005196],[0.040878,0.999023,0.016768,-0.004098],[0.215906,-0.025218,0.976088,0.006433],[0.0,0.0,0.0,1.0]],"antennas":[-0.210402,0.50731],"body_yaw":0.018507,"check_collision":false},{"head":[[0.979342,-0.034801,-0.199191,-0.005448],[0.038179,0.999184,0.013142,-0.00378],[0.198572,-0.020475,0.979872,0.006132],[0.0,0.0,0.0,1.0]],"antennas":[-0.243831,0.537033],"body_yaw":0.018507,"check_collision":false},{"head":[[0.982936,-0.034018,-0.180774,-0.005705],[0.036153,0.99931,0.008527,-0.003436],[0.180359,-0.014917,0.983488,0.00602],[0.0,0.0,0.0,1.0]],"antennas":[-0.282451,0.573412],"body_yaw":0.018507,"check_collision":false},{"head":[[0.986467,-0.032989,-0.160609,-0.005856],[0.034146,0.999407,0.004447,-0.003287],[0.160367,-0.009871,0.987008,0.00587],[0.0,0.0,0.0,1.0]],"antennas":[-0.320496,0.609963],"body_yaw":0.018507,"check_collision":false},{"head":[[0.989064,-0.031252,-0.14414,-0.006061],[0.031903,0.999489,0.002206,-0.003142],[0.143997,-0.00678,0.989555,0.005717],[0.0,0.0,0.0,1.0]],"antennas":[-0.33662,0.64582],"body_yaw":0.018507,"check_collision":false},{"head":[[0.990506,-0.029375,-0.134293,-0.006214],[0.029771,0.999556,0.000945,-0.003165],[0.134206,-0.004934,0.990941,0.005676],[0.0,0.0,0.0,1.0]],"antennas":[-0.33662,0.667306],"body_yaw":0.018507,"check_collision":false},{"head":[[0.991728,-0.02828,-0.125203,-0.006374],[0.028365,0.999597,-0.001107,-0.00297],[0.125184,-0.002454,0.99213,0.005581],[0.0,0.0,0.0,1.0]],"antennas":[-0.33662,0.667306],"body_yaw":0.018507,"check_collision":false},{"head":[[0.992575,-0.02819,-0.118318,-0.006488],[0.028073,0.999602,-0.002651,-0.002925],[0.118346,-0.00069,0.992972,0.005433],[0.0,0.0,0.0,1.0]],"antennas":[-0.33662,0.667306],"body_yaw":0.018507,"check_collision":false},{"head":[[0.99234,-0.027847,-0.120358,-0.006575],[0.027946,0.999609,-0.000863,-0.002928],[0.120335,-0.002507,0.99273,0.005467],[0.0,0.0,0.0,1.0]],"antennas":[-0.33662,0.667306],"body_yaw":0.018507,"check_collision":false},{"head":[[0.99102,-0.028889,-0.130558,-0.006513],[0.029589,0.999556,0.003426,-0.003139],[0.130401,-0.007258,0.991435,0.005815],[0.0,0.0,0.0,1.0]],"antennas":[-0.33662,0.667306],"body_yaw":0.018507,"check_collision":false},{"head":[[0.989093,-0.029206,-0.144366,-0.0064],[0.030925,0.999475,0.009675,-0.0034],[0.144007,-0.014034,0.989477,0.006127],[0.0,0.0,0.0,1.0]],"antennas":[-0.33662,0.667306],"body_yaw":0.018507,"check_collision":false},{"head":[[0.986609,-0.029518,-0.160411,-0.006254],[0.032537,0.999339,0.016228,-0.003766],[0.159826,-0.02123,0.986917,0.00626],[0.0,0.0,0.0,1.0]],"antennas":[-0.33662,0.667306],"body_yaw":0.018507,"check_collision":false},{"head":[[0.984694,-0.029132,-0.171841,-0.006187],[0.033443,0.999193,0.022244,-0.004138],[0.171055,-0.02765,0.984873,0.006583],[0.0,0.0,0.0,1.0]],"antennas":[-0.33662,0.667306],"body_yaw":0.018507,"check_collision":false},{"head":[[0.982355,-0.028478,-0.184846,-0.006113],[0.034371,0.998995,0.028758,-0.004368],[0.183841,-0.034604,0.982347,0.006872],[0.0,0.0,0.0,1.0]],"antennas":[-0.33662,0.667306],"body_yaw":0.018507,"check_collision":false},{"head":[[0.981227,-0.028317,-0.190767,-0.005928],[0.034899,0.998903,0.031232,-0.004489],[0.189673,-0.037303,0.981138,0.006908],[0.0,0.0,0.0,1.0]],"antennas":[-0.33662,0.667306],"body_yaw":0.018507,"check_collision":false},{"head":[[0.981716,-0.028506,-0.188204,-0.00575],[0.034783,0.998941,0.030131,-0.004513],[0.187146,-0.036127,0.981668,0.006718],[0.0,0.0,0.0,1.0]],"antennas":[-0.33662,0.667306],"body_yaw":0.018507,"check_collision":false},{"head":[[0.984528,-0.03031,-0.172583,-0.005888],[0.034577,0.999165,0.021772,-0.004344],[0.171779,-0.027403,0.984754,0.006474],[0.0,0.0,0.0,1.0]],"antennas":[-0.33662,0.677121],"body_yaw":0.018507,"check_collision":false},{"head":[[0.988535,-0.030695,-0.147842,-0.006103],[0.032861,0.999385,0.012229,-0.00386],[0.147376,-0.016947,0.988935,0.005927],[0.0,0.0,0.0,1.0]],"antennas":[-0.33662,0.697019],"body_yaw":0.018507,"check_collision":false},{"head":[[0.991246,-0.032617,-0.127937,-0.006273],[0.033135,0.999449,0.001923,-0.003577],[0.127804,-0.006146,0.99178,0.005467],[0.0,0.0,0.0,1.0]],"antennas":[-0.33662,0.723832],"body_yaw":0.018507,"check_collision":false},{"head":[[0.992568,-0.033131,-0.117092,-0.006396],[0.033033,0.99945,-0.002773,-0.003376],[0.117119,-0.001116,0.993117,0.005228],[0.0,0.0,0.0,1.0]],"antennas":[-0.33662,0.756276],"body_yaw":0.018507,"check_collision":false},{"head":[[0.993601,-0.034167,-0.107655,-0.006448],[0.033542,0.999408,-0.007613,-0.003237],[0.107851,0.003953,0.994159,0.005188],[0.0,0.0,0.0,1.0]],"antennas":[-0.33662,0.794013],"body_yaw":0.018507,"check_collision":false},{"head":[[0.994067,-0.034174,-0.103263,-0.00656],[0.033385,0.999399,-0.009361,-0.003039],[0.103521,0.005858,0.99461,0.005129],[0.0,0.0,0.0,1.0]],"antennas":[-0.33662,0.836083],"body_yaw":0.018507,"check_collision":false},{"head":[[0.993512,-0.035035,-0.108198,-0.006585],[0.03441,0.999379,-0.007641,-0.003051],[0.108399,0.003868,0.9941,0.005205],[0.0,0.0,0.0,1.0]],"antennas":[-0.33662,0.879909],"body_yaw":0.018507,"check_collision":false},{"head":[[0.991483,-0.035685,-0.125254,-0.006322],[0.03598,0.999352,0.0001,-0.003277],[0.12517,-0.004605,0.992125,0.005553],[0.0,0.0,0.0,1.0]],"antennas":[-0.33662,0.92359],"body_yaw":0.018507,"check_collision":false},{"head":[[0.988129,-0.035185,-0.149545,-0.005929],[0.03722,0.999248,0.010827,-0.003633],[0.149051,-0.016265,0.988696,0.005936],[0.0,0.0,0.0,1.0]],"antennas":[-0.33662,0.95904],"body_yaw":0.018507,"check_collision":false},{"head":[[0.984532,-0.034829,-0.171706,-0.005588],[0.038479,0.999098,0.017977,-0.003972],[0.170925,-0.024307,0.984984,0.006152],[0.0,0.0,0.0,1.0]],"antennas":[-0.33662,0.966567],"body_yaw":0.018507,"check_collision":false},{"head":[[0.981625,-0.034595,-0.187657,-0.005347],[0.039688,0.998937,0.023452,-0.00434],[0.186646,-0.030469,0.981955,0.006276],[0.0,0.0,0.0,1.0]],"antennas":[-0.33662,0.966567],"body_yaw":0.018507,"check_collision":false},{"head":[[0.980412,-0.033641,-0.194062,-0.005176],[0.03947,0.998876,0.026251,-0.004552],[0.192961,-0.033397,0.980638,0.006215],[0.0,0.0,0.0,1.0]],"antennas":[-0.33662,0.966567],"body_yaw":0.018507,"check_collision":false},{"head":[[0.981306,-0.034036,-0.189419,-0.005103],[0.039314,0.998934,0.024177,-0.004508],[0.188395,-0.031172,0.981599,0.006063],[0.0,0.0,0.0,1.0]],"antennas":[-0.34595,0.966567],"body_yaw":0.018507,"check_collision":false},{"head":[[0.983291,-0.035082,-0.178628,-0.005194],[0.038956,0.999075,0.018224,-0.004288],[0.177824,-0.024878,0.983748,0.005881],[0.0,0.0,0.0,1.0]],"antennas":[-0.362905,0.966567],"body_yaw":0.018507,"check_collision":false},{"head":[[0.985659,-0.037208,-0.164598,-0.005296],[0.039524,0.99916,0.010813,-0.003992],[0.164057,-0.017164,0.986301,0.005678],[0.0,0.0,0.0,1.0]],"antennas":[-0.38525,0.966567],"body_yaw":0.018507,"check_collision":false},{"head":[[0.987874,-0.039049,-0.150267,-0.00542],[0.039994,0.999195,0.003269,-0.003678],[0.150019,-0.009239,0.98864,0.005387],[0.0,0.0,0.0,1.0]],"antennas":[-0.410438,0.966567],"body_yaw":0.018507,"check_collision":false},{"head":[[0.99042,-0.039907,-0.132193,-0.005703],[0.039756,0.999202,-0.003783,-0.003339],[0.132239,-0.001509,0.991217,0.005007],[0.0,0.0,0.0,1.0]],"antennas":[-0.436289,0.966567],"body_yaw":0.018507,"check_collision":false},{"head":[[0.992538,-0.040818,-0.114905,-0.00593],[0.039888,0.99915,-0.010381,-0.003117],[0.115231,0.00572,0.993322,0.00467],[0.0,0.0,0.0,1.0]],"antennas":[-0.462155,0.966567],"body_yaw":0.018507,"check_collision":false},{"head":[[0.993465,-0.041417,-0.106354,-0.006082],[0.040357,0.999112,-0.012101,-0.003023],[0.10676,0.00773,0.994255,0.004533],[0.0,0.0,0.0,1.0]],"antennas":[-0.489967,0.966567],"body_yaw":0.018507,"check_collision":false},{"head":[[0.992754,-0.041071,-0.112929,-0.00605],[0.040396,0.99915,-0.008256,-0.003079],[0.113172,0.003634,0.993569,0.004641],[0.0,0.0,0.0,1.0]],"antennas":[-0.524011,0.966567],"body_yaw":0.018507,"check_collision":false},{"head":[[0.991505,-0.039399,-0.123959,-0.005881],[0.039514,0.999218,-0.001537,-0.003182],[0.123923,-0.003374,0.992286,0.004834],[0.0,0.0,0.0,1.0]],"antennas":[-0.560374,0.966567],"body_yaw":0.018507,"check_collision":false},{"head":[[0.990109,-0.037442,-0.135208,-0.005739],[0.038498,0.999245,0.005205,-0.003366],[0.134911,-0.010359,0.990804,0.005119],[0.0,0.0,0.0,1.0]],"antennas":[-0.594913,0.966567],"body_yaw":0.018507,"check_collision":false},{"head":[[0.988642,-0.036477,-0.145794,-0.005657],[0.03837,0.999212,0.010185,-0.003457],[0.145308,-0.015664,0.989263,0.005351],[0.0,0.0,0.0,1.0]],"antennas":[-0.600066,0.966567],"body_yaw":0.018507,"check_collision":false},{"head":[[0.986358,-0.035127,-0.160826,-0.005539],[0.038306,0.999126,0.016707,-0.003479],[0.160098,-0.022639,0.986841,0.005643],[0.0,0.0,0.0,1.0]],"antennas":[-0.600066,0.966567],"body_yaw":0.018507,"check_collision":false},{"head":[[0.98365,-0.034231,-0.176805,-0.005419],[0.038783,0.998998,0.022349,-0.003661],[0.175863,-0.028841,0.983992,0.00601],[0.0,0.0,0.0,1.0]],"antennas":[-0.600066,0.966567],"body_yaw":0.018507,"check_collision":false},{"head":[[0.982016,-0.03329,-0.185841,-0.005384],[0.038713,0.998922,0.025629,-0.003871],[0.184788,-0.032363,0.982245,0.006111],[0.0,0.0,0.0,1.0]],"antennas":[-0.600066,0.966567],"body_yaw":0.018507,"check_collision":false},{"head":[[0.981237,-0.032674,-0.190017,-0.0053],[0.038597,0.998875,0.027554,-0.004009],[0.188903,-0.034371,0.981394,0.006005],[0.0,0.0,0.0,1.0]],"antennas":[-0.600066,0.966567],"body_yaw":0.018507,"check_collision":false},{"head":[[0.980244,-0.031996,-0.195189,-0.005255],[0.038541,0.998812,0.029827,-0.004068],[0.194003,-0.036761,0.980312,0.006006],[0.0,0.0,0.0,1.0]],"antennas":[-0.600066,0.966567],"body_yaw":0.018507,"check_collision":false},{"head":[[0.978933,-0.031854,-0.201683,-0.005265],[0.039123,0.998717,0.032158,-0.004086],[0.2004,-0.039371,0.978923,0.006141],[0.0,0.0,0.0,1.0]],"antennas":[-0.600066,0.966567],"body_yaw":0.018507,"check_collision":false},{"head":[[0.976112,-0.0308,-0.215074,-0.00529],[0.039793,0.9985,0.037607,-0.004177],[0.213593,-0.045267,0.975873,0.006473],[0.0,0.0,0.0,1.0]],"antennas":[-0.600066,0.966567],"body_yaw":0.018507,"check_collision":false},{"head":[[0.972972,-0.029823,-0.228988,-0.005292],[0.040401,0.998315,0.041643,-0.004296],[0.227361,-0.049769,0.972538,0.006949],[0.0,0.0,0.0,1.0]],"antennas":[-0.600066,0.966567],"body_yaw":0.018507,"check_collision":false},{"head":[[0.970579,-0.02973,-0.238941,-0.005288],[0.041339,0.998188,0.043721,-0.004375],[0.237208,-0.052312,0.970049,0.007295],[0.0,0.0,0.0,1.0]],"antennas":[-0.600066,0.966567],"body_yaw":0.018507,"check_collision":false},{"head":[[0.968129,-0.029643,-0.248691,-0.005382],[0.042261,0.998068,0.045551,-0.004439],[0.24686,-0.054609,0.967511,0.007561],[0.0,0.0,0.0,1.0]],"antennas":[-0.600066,0.966567],"body_yaw":0.018507,"check_collision":false},{"head":[[0.964641,-0.030218,-0.261831,-0.005453],[0.043756,0.997981,0.046028,-0.004396],[0.259912,-0.055857,0.964015,0.007846],[0.0,0.0,0.0,1.0]],"antennas":[-0.600066,0.966567],"body_yaw":0.018507,"check_collision":false},{"head":[[0.960589,-0.031887,-0.276139,-0.005403],[0.046202,0.997896,0.04549,-0.00427],[0.274108,-0.056455,0.960041,0.008095],[0.0,0.0,0.0,1.0]],"antennas":[-0.600066,0.966567],"body_yaw":0.018507,"check_collision":false},{"head":[[0.95717,-0.033016,-0.287638,-0.005331],[0.04798,0.997828,0.045131,-0.004248],[0.285523,-0.056999,0.956675,0.008224],[0.0,0.0,0.0,1.0]],"antennas":[-0.600066,0.966567],"body_yaw":0.018507,"check_collision":false},{"head":[[0.954613,-0.033623,-0.295945,-0.005294],[0.048953,0.997808,0.044539,-0.004328],[0.293799,-0.057005,0.954166,0.008252],[0.0,0.0,0.0,1.0]],"antennas":[-0.600066,0.966567],"body_yaw":0.018507,"check_collision":false},{"head":[[0.952955,-0.034504,-0.301143,-0.005302],[0.049581,0.997863,0.042564,-0.004441],[0.299031,-0.055492,0.952629,0.008395],[0.0,0.0,0.0,1.0]],"antennas":[-0.600066,0.966567],"body_yaw":0.018507,"check_collision":false},{"head":[[0.952512,-0.035038,-0.302477,-0.005326],[0.049768,0.997914,0.041126,-0.004469],[0.300405,-0.054227,0.952269,0.008444],[0.0,0.0,0.0,1.0]],"antennas":[-0.5987,0.966567],"body_yaw":0.018507,"check_collision":false},{"head":[[0.951955,-0.035369,-0.304187,-0.005439],[0.050031,0.997925,0.04054,-0.004423],[0.302122,-0.053811,0.951749,0.008567],[0.0,0.0,0.0,1.0]],"antennas":[-0.590418,0.966567],"body_yaw":0.018507,"check_collision":false},{"head":[[0.951412,-0.035756,-0.305838,-0.005479],[0.050311,0.997939,0.039839,-0.004419],[0.303783,-0.05329,0.95125,0.008629],[0.0,0.0,0.0,1.0]],"antennas":[-0.573972,0.966567],"body_yaw":0.018507,"check_collision":false},{"head":[[0.951351,-0.035568,-0.30605,-0.005442],[0.049887,0.99799,0.039091,-0.004386],[0.304045,-0.052457,0.951212,0.008595],[0.0,0.0,0.0,1.0]],"antennas":[-0.541374,0.966567],"body_yaw":0.018507,"check_collision":false},{"head":[[0.951526,-0.035058,-0.305565,-0.005438],[0.049374,0.998009,0.039247,-0.004296],[0.30358,-0.052432,0.951362,0.008562],[0.0,0.0,0.0,1.0]],"antennas":[-0.49289,0.961978],"body_yaw":0.018507,"check_collision":false},{"head":[[0.951518,-0.035118,-0.305582,-0.005419],[0.049366,0.998018,0.039022,-0.004208],[0.303606,-0.052215,0.951366,0.00845],[0.0,0.0,0.0,1.0]],"antennas":[-0.440034,0.949174],"body_yaw":0.018507,"check_collision":false},{"head":[[0.951686,-0.035206,-0.305049,-0.005454],[0.049309,0.998036,0.038648,-0.004214],[0.303089,-0.051822,0.951552,0.008372],[0.0,0.0,0.0,1.0]],"antennas":[-0.388275,0.926675],"body_yaw":0.018507,"check_collision":false},{"head":[[0.95186,-0.035235,-0.304502,-0.005415],[0.04923,0.998049,0.038406,-0.004207],[0.302555,-0.051548,0.951737,0.008314],[0.0,0.0,0.0,1.0]],"antennas":[-0.336385,0.895981],"body_yaw":0.018507,"check_collision":false},{"head":[[0.952064,-0.035155,-0.303871,-0.005388],[0.049084,0.998059,0.038321,-0.004204],[0.301934,-0.051399,0.951942,0.00826],[0.0,0.0,0.0,1.0]],"antennas":[-0.285531,0.861906],"body_yaw":0.018507,"check_collision":false},{"head":[[0.952197,-0.034999,-0.303472,-0.005361],[0.048876,0.998072,0.038249,-0.004329],[0.301548,-0.051253,0.952072,0.008301],[0.0,0.0,0.0,1.0]],"antennas":[-0.249533,0.827883],"body_yaw":0.018507,"check_collision":false},{"head":[[0.952064,-0.034796,-0.303914,-0.005354],[0.048644,0.998089,0.03811,-0.004277],[0.302008,-0.051066,0.951937,0.008328],[0.0,0.0,0.0,1.0]],"antennas":[-0.242903,0.807534],"body_yaw":0.018507,"check_collision":false},{"head":[[0.952174,-0.03466,-0.303583,-0.00533],[0.048383,0.998113,0.037797,-0.004316],[0.3017,-0.050677,0.952055,0.008354],[0.0,0.0,0.0,1.0]],"antennas":[-0.242903,0.807534],"body_yaw":0.018507,"check_collision":false},{"head":[[0.952259,-0.034443,-0.303342,-0.005325],[0.0481,0.998132,0.037664,-0.004379],[0.301478,-0.050457,0.952137,0.00844],[0.0,0.0,0.0,1.0]],"antennas":[-0.242903,0.807534],"body_yaw":0.018507,"check_collision":false},{"head":[[0.952389,-0.034538,-0.302923,-0.005264],[0.048125,0.998137,0.037502,-0.004426],[0.301064,-0.050294,0.952277,0.008293],[0.0,0.0,0.0,1.0]],"antennas":[-0.242903,0.807534],"body_yaw":0.018507,"check_collision":false},{"head":[[0.952698,-0.034419,-0.301963,-0.005132],[0.047904,0.998153,0.037364,-0.004538],[0.300119,-0.050062,0.952587,0.008179],[0.0,0.0,0.0,1.0]],"antennas":[-0.242903,0.807534],"body_yaw":0.018507,"check_collision":false},{"head":[[0.953671,-0.034128,-0.29891,-0.005104],[0.04741,0.998179,0.037292,-0.004623],[0.297093,-0.049736,0.953552,0.008134],[0.0,0.0,0.0,1.0]],"antennas":[-0.242903,0.807534],"body_yaw":0.018507,"check_collision":false},{"head":[[0.954801,-0.033813,-0.295317,-0.005155],[0.046816,0.998216,0.037068,-0.004688],[0.293536,-0.049218,0.95468,0.008122],[0.0,0.0,0.0,1.0]],"antennas":[-0.242903,0.807534],"body_yaw":0.018507,"check_collision":false},{"head":[[0.955823,-0.034047,-0.291964,-0.005292],[0.046617,0.998257,0.036203,-0.004593],[0.290222,-0.048214,0.955744,0.008168],[0.0,0.0,0.0,1.0]],"antennas":[-0.242903,0.807534],"body_yaw":0.018507,"check_collision":false},{"head":[[0.957632,-0.034683,-0.285899,-0.005252],[0.046436,0.998328,0.034429,-0.004579],[0.284227,-0.046246,0.957641,0.008183],[0.0,0.0,0.0,1.0]],"antennas":[-0.242903,0.806935],"body_yaw":0.018507,"check_collision":false},{"head":[[0.959621,-0.035056,-0.279103,-0.005269],[0.04621,0.99837,0.033483,-0.004517],[0.277475,-0.045029,0.959677,0.008098],[0.0,0.0,0.0,1.0]],"antennas":[-0.242903,0.799676],"body_yaw":0.018507,"check_collision":false},{"head":[[0.961519,-0.035392,-0.272449,-0.005249],[0.045907,0.998423,0.032317,-0.004515],[0.270875,-0.043581,0.961627,0.008012],[0.0,0.0,0.0,1.0]],"antennas":[-0.242903,0.784581],"body_yaw":0.018507,"check_collision":false},{"head":[[0.964124,-0.036056,-0.262991,-0.005215],[0.045466,0.998522,0.029782,-0.004519],[0.261528,-0.04067,0.964339,0.007825],[0.0,0.0,0.0,1.0]],"antennas":[-0.242903,0.763071],"body_yaw":0.018507,"check_collision":false},{"head":[[0.966834,-0.035905,-0.252868,-0.005274],[0.044515,0.998605,0.028406,-0.004506],[0.251496,-0.038721,0.967084,0.007668],[0.0,0.0,0.0,1.0]],"antennas":[-0.242903,0.738462],"body_yaw":0.018507,"check_collision":false},{"head":[[0.969206,-0.034922,-0.243764,-0.005457],[0.042917,0.998698,0.027565,-0.004379],[0.242484,-0.037178,0.969443,0.007534],[0.0,0.0,0.0,1.0]],"antennas":[-0.242903,0.71289],"body_yaw":0.018507,"check_collision":false},{"head":[[0.971816,-0.033911,-0.233288,-0.005588],[0.041158,0.998807,0.026265,-0.004104],[0.23212,-0.035127,0.972053,0.007353],[0.0,0.0,0.0,1.0]],"antennas":[-0.242903,0.687324],"body_yaw":0.018507,"check_collision":false},{"head":[[0.973964,-0.032992,-0.224287,-0.005636],[0.039599,0.998902,0.02502,-0.003919],[0.223216,-0.03325,0.974202,0.007141],[0.0,0.0,0.0,1.0]],"antennas":[-0.242903,0.662559],"body_yaw":0.018507,"check_collision":false},{"head":[[0.975664,-0.032214,-0.216892,-0.005684],[0.038221,0.998992,0.023556,-0.003866],[0.215914,-0.031273,0.975911,0.007039],[0.0,0.0,0.0,1.0]],"antennas":[-0.242903,0.654249],"body_yaw":0.018507,"check_collision":false},{"head":[[0.977487,-0.031938,-0.208564,-0.005742],[0.037203,0.999079,0.021369,-0.003788],[0.20769,-0.028648,0.977775,0.006823],[0.0,0.0,0.0,1.0]],"antennas":[-0.242903,0.654249],"body_yaw":0.018507,"check_collision":false},{"head":[[0.978954,-0.031678,-0.20161,-0.005749],[0.036301,0.999155,0.019274,-0.003764],[0.200829,-0.026187,0.979276,0.006645],[0.0,0.0,0.0,1.0]],"antennas":[-0.242903,0.654249],"body_yaw":0.018507,"check_collision":false},{"head":[[0.979637,-0.031237,-0.198333,-0.005821],[0.035615,0.999193,0.018545,-0.003728],[0.197594,-0.025231,0.979959,0.00655],[0.0,0.0,0.0,1.0]],"antennas":[-0.242903,0.654249],"body_yaw":0.018507,"check_collision":false},{"head":[[0.980537,-0.031089,-0.193858,-0.005828],[0.035093,0.999235,0.017255,-0.00378],[0.193174,-0.023722,0.980878,0.006621],[0.0,0.0,0.0,1.0]],"antennas":[-0.242903,0.654249],"body_yaw":0.018507,"check_collision":false},{"head":[[0.981712,-0.03036,-0.187935,-0.005779],[0.033933,0.999299,0.015826,-0.003801],[0.187323,-0.021914,0.982054,0.00661],[0.0,0.0,0.0,1.0]],"antennas":[-0.242903,0.654249],"body_yaw":0.018507,"check_collision":false},{"head":[[0.983007,-0.029695,-0.181152,-0.005774],[0.032813,0.99936,0.014241,-0.003805],[0.180613,-0.019943,0.983352,0.006605],[0.0,0.0,0.0,1.0]],"antennas":[-0.242903,0.654249],"body_yaw":0.018507,"check_collision":false},{"head":[[0.983601,-0.029258,-0.177967,-0.005901],[0.032141,0.999394,0.013342,-0.003674],[0.177469,-0.018843,0.983946,0.00663],[0.0,0.0,0.0,1.0]],"antennas":[-0.242903,0.654249],"body_yaw":0.018507,"check_collision":false},{"head":[[0.984413,-0.028989,-0.173468,-0.005964],[0.031536,0.999431,0.011944,-0.003659],[0.173023,-0.017228,0.984767,0.00656],[0.0,0.0,0.0,1.0]],"antennas":[-0.242903,0.654249],"body_yaw":0.018507,"check_collision":false},{"head":[[0.985675,-0.028283,-0.16627,-0.005981],[0.03031,0.999494,0.009666,-0.003589],[0.165912,-0.014567,0.986033,0.006417],[0.0,0.0,0.0,1.0]],"antennas":[-0.242903,0.654249],"body_yaw":0.018507,"check_collision":false},{"head":[[0.987089,-0.026771,-0.157922,-0.006067],[0.028405,0.999564,0.008095,-0.003588],[0.157637,-0.012476,0.987418,0.006313],[0.0,0.0,0.0,1.0]],"antennas":[-0.239907,0.654249],"body_yaw":0.018507,"check_collision":false},{"head":[[0.988227,-0.02561,-0.150838,-0.006155],[0.026932,0.999615,0.006727,-0.003578],[0.150607,-0.010711,0.988536,0.006229],[0.0,0.0,0.0,1.0]],"antennas":[-0.22566,0.654249],"body_yaw":0.018507,"check_collision":false},{"head":[[0.98968,-0.02458,-0.141173,-0.006284],[0.02547,0.999665,0.004494,-0.00341],[0.141015,-0.008043,0.989975,0.006051],[0.0,0.0,0.0,1.0]],"antennas":[-0.19816,0.654249],"body_yaw":0.018507,"check_collision":false},{"head":[[0.991307,-0.023584,-0.129437,-0.006351],[0.024063,0.999708,0.002144,-0.003405],[0.129349,-0.00524,0.991585,0.005966],[0.0,0.0,0.0,1.0]],"antennas":[-0.165792,0.654249],"body_yaw":0.018507,"check_collision":false},{"head":[[0.99178,-0.023333,-0.125807,-0.006426],[0.023764,0.999716,0.001926,-0.003285],[0.125726,-0.0049,0.992053,0.005969],[0.0,0.0,0.0,1.0]],"antennas":[-0.138554,0.654249],"body_yaw":0.018507,"check_collision":false},{"head":[[0.991869,-0.022994,-0.125171,-0.006543],[0.023443,0.999723,0.002121,-0.003141],[0.125087,-0.005038,0.992133,0.005987],[0.0,0.0,0.0,1.0]],"antennas":[-0.129565,0.654249],"body_yaw":0.018507,"check_collision":false},{"head":[[0.992136,-0.02291,-0.12305,-0.006578],[0.023281,0.999728,0.001581,-0.003055],[0.12298,-0.004433,0.992399,0.005964],[0.0,0.0,0.0,1.0]],"antennas":[-0.129565,0.654249],"body_yaw":0.018507,"check_collision":false},{"head":[[0.992702,-0.022265,-0.11852,-0.006529],[0.022507,0.999746,0.000706,-0.003039],[0.118475,-0.003369,0.992951,0.005912],[0.0,0.0,0.0,1.0]],"antennas":[-0.129565,0.654249],"body_yaw":0.018507,"check_collision":false},{"head":[[0.993367,-0.021995,-0.11286,-0.006535],[0.022078,0.999756,-0.000517,-0.0029],[0.112844,-0.001978,0.993611,0.005703],[0.0,0.0,0.0,1.0]],"antennas":[-0.129565,0.654249],"body_yaw":0.018507,"check_collision":false},{"head":[[0.993585,-0.022068,-0.110914,-0.006577],[0.02209,0.999755,-0.001036,-0.002898],[0.110909,-0.00142,0.99383,0.00565],[0.0,0.0,0.0,1.0]],"antennas":[-0.129565,0.654249],"body_yaw":0.018507,"check_collision":false},{"head":[[0.99367,-0.022165,-0.110128,-0.00661],[0.022155,0.999754,-0.001322,-0.002926],[0.11013,-0.001127,0.993917,0.00559],[0.0,0.0,0.0,1.0]],"antennas":[-0.129565,0.654249],"body_yaw":0.018507,"check_collision":false},{"head":[[0.99376,-0.022336,-0.109277,-0.006522],[0.022308,0.99975,-0.001474,-0.002916],[0.109282,-0.000973,0.99401,0.005558],[0.0,0.0,0.0,1.0]],"antennas":[-0.129565,0.654249],"body_yaw":0.018507,"check_collision":false},{"head":[[0.993769,-0.021827,-0.109298,-0.006562],[0.021837,0.999761,-0.001109,-0.002933],[0.109296,-0.001285,0.994008,0.005552],[0.0,0.0,0.0,1.0]],"antennas":[-0.129565,0.654249],"body_yaw":0.018507,"check_collision":false},{"head":[[0.9