{"description":"You\u2019re about to fall asleep because the conversation is boring. Use it when no one talks to you for 2 minutes. You can follow with boredom2 if there is still no interaction.","time":[0.0,0.02,0.04,0.06,0.08,0.1,0.12,0.14,0.16,0.18,0.2,0.22,0.24,0.26,0.28,0.3,0.32,0.34,0.36,0.38,0.4,0.42,0.44,0.46,0.48,0.5,0.52,0.54,0.56,0.58,0.6,0.62,0.64,0.66,0.68,0.7,0.72,0.74,0.76,0.78,0.8,0.82,0.84,0.86,0.88,0.9,0.92,0.94,0.96,0.98,1.0,1.02,1.04,1.06,1.08,1.1,1.12,1.14,1.16,1.18,1.2,1.22,1.24,1.26,1.28,1.3,1.32,1.34,1.36,1.38,1.4,1.42,1.44,1.46,1.48,1.5,1.52,1.54,1.56,1.58,1.6,1.62,1.64,1.66,1.68,1.7,1.72,1.74,1.76,1.78,1.8,1.82,1.84,1.86,1.88,1.9,1.92,1.94,1.96,1.98,2.0,2.02,2.04,2.06,2.08,2.1,2.12,2.14,2.16,2.18,2.2,2.22,2.24,2.26,2.28,2.3,2.32,2.34,2.36,2.38,2.4,2.42,2.44,2.46,2.48,2.5,2.52,2.54,2.56,2.58,2.6,2.62,2.64,2.66,2.68,2.7,2.72,2.74,2.76,2.78,2.8,2.82,2.84,2.86,2.88,2.9,2.92,2.94,2.96,2.98,3.0,3.02,3.04,3.06,3.08,3.1,3.12,3.14,3.16,3.18,3.2,3.22,3.24,3.26,3.28,3.3,3.32,3.34,3.36,3.38,3.4,3.42,3.44,3.46,3.48,3.5,3.52,3.54,3.56,3.58,3.6,3.62,3.64,3.66,3.68,3.7,3.72,3.74,3.76,3.78,3.8,3.82,3.84,3.86,3.88,3.9,3.92,3.94,3.96,3.98,4.0,4.02,4.04,4.06,4.08,4.1,4.12,4.14,4.16,4.18,4.2,4.22,4.24,4.26,4.28,4.3,4.32,4.34,4.36,4.38,4.4,4.42,4.44,4.46,4.48,4.5,4.52,4.54,4.56,4.58,4.6,4.62,4.64,4.66,4.68,4.7,4.72,4.74,4.76,4.78,4.8,4.82,4.84,4.86,4.88,4.9,4.92,4.94,4.96,4.98,5.0,5.02,5.04,5.06,5.08,5.1,5.12,5.14,5.16,5.18,5.2,5.22,5.24,5.26,5.28,5.3,5.32,5.34,5.36,5.38,5.4,5.42,5.44,5.46,5.48,5.5,5.52,5.54,5.56,5.58,5.6,5.62,5.64,5.66,5.68,5.7,5.72,5.74,5.76,5.78,5.8,5.82,5.84,5.86,5.88,5.9,5.92,5.94,5.96,5.98,6.0,6.02,6.04,6.06,6.08,6.1,6.12,6.14,6.16,6.18,6.2,6.22,6.24,6.26,6.28,6.3,6.32,6.34,6.36,6.38,6.4,6.42,6.44,6.46,6.48,6.5,6.52,6.54,6.56,6.58,6.6,6.62,6.64,6.66,6.68,6.7,6.72,6.74,6.76,6.78,6.8,6.82,6.84,6.86,6.88,6.9,6.92,6.94,6.96,6.98,7.0,7.02,7.04,7.06,7.08,7.1,7.12,7.14,7.16,7.18,7.2,7.22,7.24,7.26,7.28,7.3,7.32,7.34,7.36,7.38,7.4,7.42,7.44,7.46,7.48,7.5,7.52,7.54,7.56,7.58,7.6,7.62,7.64,7.66,7.68,7.7,7.72,7.74,7.76,7.78,7.8,7.82,7.84,7.86,7.88,7.9,7.92,7.94,7.96,7.98,8.0,8.02,8.04,8.06,8.08,8.1,8.12,8.14,8.16,8.18,8.2,8.22,8.24,8.26,8.28,8.3,8.32,8.34,8.36,8.38,8.4,8.42,8.44,8.46,8.48,8.5,8.52,8.54,8.56,8.58,8.6,8.62,8.64,8.66,8.68,8.7,8.72,8.74,8.76,8.78,8.8,8.82,8.84,8.86,8.88,8.9,8.92,8.94,8.96,8.98,9.0,9.02,9.04,9.06,9.08,9.1,9.12,9.14,9.16,9.18,9.2,9.22,9.24,9.26,9.28,9.3,9.32,9.34,9.36,9.38,9.4,9.42,9.44,9.46,9.48,9.5,9.52,9.54,9.56,9.58,9.6,9.62,9.64,9.66,9.68,9.7,9.72,9.74,9.76,9.78,9.8,9.82,9.84,9.86,9.88,9.9,9.92,9.94,9.96,9.98,10.0,10.02,10.04,10.06,10.08,10.1,10.12,10.14,10.16,10.18,10.2,10.22,10.24,10.26,10.28,10.3,10.32,10.34,10.36,10.38,10.4,10.42,10.44,10.46,10.48,10.5,10.52,10.54,10.56,10.58,10.6,10.62,10.64,10.66,10.68,10.7,10.72,10.74,10.76,10.78,10.8,10.82,10.84,10.86,10.88,10.9,10.92,10.94,10.96,10.98,11.0,11.02,11.04,11.06,11.08,11.1,11.12,11.14,11.16,11.18,11.2,11.22,11.24,11.26,11.28,11.3,11.32,11.34,11.36,11.38,11.4,11.42,11.44,11.46,11.48,11.5,11.52,11.54,11.56,11.58,11.6,11.62,11.64,11.66,11.68,11.7,11.72,11.74,11.76,11.78,11.8,11.82,11.84,11.86,11.88,11.9,11.92,11.94,11.96,11.98,12.0,12.02,12.04,12.06,12.08,12.1,12.12,12.14,12.16,12.18,12.2,12.22,12.24,12.26,12.28,12.3,12.32,12.34,12.36,12.38,12.4,12.42,12.44,12.46,12.48,12.5,12.52,12.54,12.56,12.58,12.6,12.62,12.64,12.66,12.68,12.7,12.72,12.74,12.76,12.78,12.8,12.82,12.84,12.86,12.88,12.9,12.92,12.94,12.96,12.98,13.0,13.02,13.04,13.06,13.08,13.1,13.12,13.14,13.16,13.18,13.2,13.22,13.24,13.26,13.28,13.3,13.32,13.34,13.36,13.38,13.4,13.42,13.44,13.46,13.48,13.5,13.52,13.54,13.56,13.58,13.6,13.62,13.64,13.66,13.68,13.7,13.72,13.74,13.76,13.78,13.8,13.82,13.84,13.86,13.88,13.9,13.92,13.94,13.96,13.98,14.0,14.02,14.04,14.06,14.08,14.1,14.12,14.14,14.16,14.18,14.2,14.22,14.24,14.26,14.28,14.3,14.32,14.34,14.36,14.38,14.4,14.42,14.44,14.46,14.48,14.5,14.52,14.54,14.56,14.58,14.6,14.62,14.64,14.66,14.68,14.7,14.72,14.74,14.76,14.78,14.8,14.82,14.84,14.86,14.88,14.9,14.92,14.94,14.96,14.98,15.0,15.02,15.04,15.06,15.08,15.1,15.12,15.14,15.16,15.18,15.2,15.22,15.24,15.26,15.28,15.3,15.32,15.34,15.36,15.38,15.4,15.42,15.44,15.46,15.48,15.5,15.52,15.54,15.56,15.58,15.6,15.62,15.64,15.66,15.68,15.7],"set_target_data":[{"head":[[0.999259,-0.011776,-0.036654,-0.010522],[0.01221,0.999857,0.011662,-0.001056],[0.036512,-0.012101,0.99926,0.002879],[0.0,0.0,0.0,1.0]],"antennas":[-0.138946,0.121649],"body_yaw":0.0,"check_collision":false},{"head":[[0.999278,-0.01178,-0.036125,-0.010534],[0.012203,0.999859,0.011508,-0.000971],[0.035984,-0.01194,0.999281,0.002895],[0.0,0.0,0.0,1.0]],"antennas":[-0.138946,0.121649],"body_yaw":0.0,"check_collision":false},{"head":[[0.999279,-0.011756,-0.036106,-0.01049],[0.012183,0.999858,0.011623,-0.001007],[0.035964,-0.012055,0.99928,0.00289],[0.0,0.0,0.0,1.0]],"antennas":[-0.138946,0.121649],"body_yaw":0.0,"check_collision":false},{"head":[[0.999273,-0.01188,-0.036228,-0.010491],[0.012317,0.999854,0.011845,-0.000943],[0.036082,-0.012282,0.999273,0.002845],[0.0,0.0,0.0,1.0]],"antennas":[-0.138946,0.121649],"body_yaw":0.0,"check_collision":false},{"head":[[0.999282,-0.012646,-0.035722,-0.010451],[0.013067,0.999848,0.011575,-0.000996],[0.035571,-0.012033,0.999295,0.002839],[0.0,0.0,0.0,1.0]],"antennas":[-0.138946,0.121649],"body_yaw":0.0,"check_collision":false},{"head":[[0.99932,-0.013796,-0.034204,-0.01045],[0.014192,0.999835,0.011357,-0.000994],[0.034042,-0.011835,0.99935,0.002673],[0.0,0.0,0.0,1.0]],"antennas":[-0.138946,0.121649],"body_yaw":0.0,"check_collision":false},{"head":[[0.999364,-0.015824,-0.03196,-0.010475],[0.016161,0.999816,0.010303,-0.000914],[0.031791,-0.010813,0.999436,0.002526],[0.0,0.0,0.0,1.0]],"antennas":[-0.138946,0.121649],"body_yaw":0.0,"check_collision":false},{"head":[[0.999355,-0.017992,-0.031068,-0.010499],[0.018284,0.999791,0.009121,-0.00071],[0.030897,-0.009683,0.999476,0.002486],[0.0,0.0,0.0,1.0]],"antennas":[-0.138946,0.121649],"body_yaw":0.0,"check_collision":false},{"head":[[0.999363,-0.019068,-0.030153,-0.010514],[0.019332,0.999777,0.008494,-0.00056],[0.029984,-0.009072,0.999509,0.00249],[0.0,0.0,0.0,1.0]],"antennas":[-0.138946,0.121649],"body_yaw":0.0,"check_collision":false},{"head":[[0.999388,-0.020329,-0.028452,-0.010479],[0.020557,0.999759,0.007742,-0.000556],[0.028288,-0.008322,0.999565,0.002408],[0.0,0.0,0.0,1.0]],"antennas":[-0.138946,0.121649],"body_yaw":0.0,"check_collision":false},{"head":[[0.999429,-0.021555,-0.026038,-0.0104],[0.02173,0.999743,0.006454,-0.000657],[0.025892,-0.007016,0.99964,0.00228],[0.0,0.0,0.0,1.0]],"antennas":[-0.138946,0.121649],"body_yaw":0.0,"check_collision":false},{"head":[[0.999464,-0.021982,-0.024242,-0.010386],[0.022143,0.999734,0.006413,-0.000707],[0.024094,-0.006947,0.999686,0.002206],[0.0,0.0,0.0,1.0]],"antennas":[-0.138946,0.121649],"body_yaw":0.0,"check_collision":false},{"head":[[0.999483,-0.022777,-0.022682,-0.010418],[0.022906,0.999723,0.00545,-0.000706],[0.022552,-0.005967,0.999728,0.002192],[0.0,0.0,0.0,1.0]],"antennas":[-0.138946,0.121649],"body_yaw":0.0,"check_collision":false},{"head":[[0.999526,-0.023048,-0.020411,-0.010399],[0.023151,0.99972,0.004802,-0.000729],[0.020295,-0.005273,0.99978,0.002091],[0.0,0.0,0.0,1.0]],"antennas":[-0.138946,0.121649],"body_yaw":0.0,"check_collision":false},{"head":[[0.999539,-0.023882,-0.018754,-0.010385],[0.023955,0.999706,0.003678,-0.000681],[0.018661,-0.004125,0.999817,0.002041],[0.0,0.0,0.0,1.0]],"antennas":[-0.138946,0.121649],"body_yaw":0.0,"check_collision":false},{"head":[[0.999531,-0.024676,-0.018128,-0.010402],[0.024731,0.99969,0.00284,-0.000622],[0.018052,-0.003287,0.999832,0.00206],[0.0,0.0,0.0,1.0]],"antennas":[-0.138946,0.121649],"body_yaw":0.0,"check_collision":false},{"head":[[0.999546,-0.02451,-0.017538,-0.010449],[0.024564,0.999694,0.002874,-0.000676],[0.017462,-0.003303,0.999842,0.002086],[0.0,0.0,0.0,1.0]],"antennas":[-0.138946,0.121649],"body_yaw":0.0,"check_collision":false},{"head":[[0.999557,-0.024404,-0.017055,-0.01049],[0.024459,0.999696,0.003014,-0.000668],[0.016976,-0.00343,0.99985,0.001965],[0.0,0.0,0.0,1.0]],"antennas":[-0.138946,0.121649],"body_yaw":0.0,"check_collision":false},{"head":[[0.999558,-0.024439,-0.016916,-0.010458],[0.024495,0.999695,0.003108,-0.000724],[0.016834,-0.003521,0.999852,0.001898],[0.0,0.0,0.0,1.0]],"antennas":[-0.138946,0.121649],"body_yaw":0.0,"check_collision":false},{"head":[[0.999571,-0.024447,-0.016154,-0.010431],[0.024498,0.999696,0.002937,-0.00074],[0.016077,-0.003332,0.999865,0.001841],[0.0,0.0,0.0,1.0]],"antennas":[-0.138946,0.121649],"body_yaw":0.0,"check_collision":false},{"head":[[0.999582,-0.024539,-0.015317,-0.010528],[0.024582,0.999694,0.002668,-0.000818],[0.015247,-0.003043,0.999879,0.001891],[0.0,0.0,0.0,1.0]],"antennas":[-0.138946,0.121649],"body_yaw":0.0,"check_collision":false},{"head":[[0.999581,-0.025085,-0.014422,-0.010578],[0.025114,0.999683,0.001783,-0.000814],[0.014373,-0.002144,0.999894,0.001853],[0.0,0.0,0.0,1.0]],"antennas":[-0.138946,0.130282],"body_yaw":0.0,"check_collision":false},{"head":[[0.999575,-0.025997,-0.013203,-0.010552],[0.026011,0.999661,0.000901,-0.000747],[0.013176,-0.001244,0.999912,0.00172],[0.0,0.0,0.0,1.0]],"antennas":[-0.142856,0.143576],"body_yaw":0.0,"check_collision":false},{"head":[[0.999565,-0.026689,-0.01253,-0.010576],[0.0267,0.999643,0.000719,-0.00056],[0.012506,-0.001054,0.999921,0.001535],[0.0,0.0,0.0,1.0]],"antennas":[-0.155985,0.159798],"body_yaw":0.0,"check_collision":false},{"head":[[0.999539,-0.02784,-0.012089,-0.010596],[0.027839,0.999612,-0.00018,-0.000498],[0.01209,-0.000157,0.999927,0.00142],[0.0,0.0,0.0,1.0]],"antennas":[-0.171935,0.176703],"body_yaw":0.0,"check_collision":false},{"head":[[0.999535,-0.028607,-0.010541,-0.010558],[0.028597,0.99959,-0.001131,-0.000455],[0.010569,0.000829,0.999944,0.001238],[0.0,0.0,0.0,1.0]],"antennas":[-0.189842,0.194023],"body_yaw":0.0,"check_collision":false},{"head":[[0.999538,-0.029321,-0.008004,-0.010577],[0.029304,0.999568,-0.002239,-0.000395],[0.008066,0.002004,0.999965,0.001109],[0.0,0.0,0.0,1.0]],"antennas":[-0.208111,0.211371],"body_yaw":0.0,"check_collision":false},{"head":[[0.999535,-0.029964,-0.005572,-0.010662],[0.029942,0.999544,-0.003939,-0.00033],[0.005687,0.00377,0.999977,0.001002],[0.0,0.0,0.0,1.0]],"antennas":[-0.226498,0.228736],"body_yaw":0.0,"check_collision":false},{"head":[[0.999525,-0.030684,-0.002757,-0.010733],[0.030668,0.999514,-0.005595,-0.000319],[0.002928,0.005508,0.999981,0.00088],[0.0,0.0,0.0,1.0]],"antennas":[-0.244848,0.246066],"body_yaw":0.0,"check_collision":false},{"head":[[0.999503,-0.031508,-1.1e-05,-0.010768],[0.031507,0.999476,-0.007381,-0.000251],[0.000244,0.007377,0.999973,0.000732],[0.0,0.0,0.0,1.0]],"antennas":[-0.263554,0.263634],"body_yaw":0.0,"check_collision":false},{"head":[[0.999499,-0.031634,0.0013,-0.010791],[0.031643,0.99947,-0.007617,-0.000142],[-0.001059,0.007654,0.99997,0.0006],[0.0,0.0,0.0,1.0]],"antennas":[-0.282292,0.283603],"body_yaw":0.0,"check_collision":false},{"head":[[0.999497,-0.031671,0.001775,-0.010817],[0.031684,0.999467,-0.007807,-0.0001],[-0.001527,0.00786,0.999968,0.000529],[0.0,0.0,0.0,1.0]],"antennas":[-0.301002,0.304912],"body_yaw":0.0,"check_collision":false},{"head":[[0.999491,-0.031786,0.002625,-0.010798],[0.031806,0.999461,-0.008069,-9.6e-05],[-0.002367,0.008148,0.999964,0.000452],[0.0,0.0,0.0,1.0]],"antennas":[-0.319705,0.326546],"body_yaw":0.0,"check_collision":false},{"head":[[0.999473,-0.032209,0.004001,-0.010711],[0.032244,0.999439,-0.009104,-6e-05],[-0.003706,0.009229,0.999951,0.000343],[0.0,0.0,0.0,1.0]],"antennas":[-0.338454,0.348701],"body_yaw":0.0,"check_collision":false},{"head":[[0.999453,-0.032776,0.004507,-0.010706],[0.032821,0.999409,-0.010267,-2.4e-05],[-0.004167,0.010409,0.999937,0.000282],[0.0,0.0,0.0,1.0]],"antennas":[-0.357102,0.370736],"body_yaw":0.0,"check_collision":false},{"head":[[0.999438,-0.033006,0.005877,-0.010701],[0.033069,0.999392,-0.011034,3.6e-05],[-0.005509,0.011223,0.999922,0.000169],[0.0,0.0,0.0,1.0]],"antennas":[-0.375545,0.392934],"body_yaw":0.0,"check_collision":false},{"head":[[0.999414,-0.033396,0.007548,-0.010684],[0.033483,0.999372,-0.011616,0.000138],[-0.007155,0.011862,0.999904,-7.8e-05],[0.0,0.0,0.0,1.0]],"antennas":[-0.393911,0.415041],"body_yaw":0.0,"check_collision":false},{"head":[[0.999371,-0.034095,0.009792,-0.010619],[0.034223,0.999326,-0.013245,0.000228],[-0.009334,0.013572,0.999864,-0.000284],[0.0,0.0,0.0,1.0]],"antennas":[-0.412646,0.437179],"body_yaw":0.0,"check_collision":false},{"head":[[0.999301,-0.034681,0.013982,-0.01058],[0.034887,0.999282,-0.014788,0.000419],[-0.01346,0.015265,0.999793,-0.000572],[0.0,0.0,0.0,1.0]],"antennas":[-0.431296,0.459218],"body_yaw":0.0,"check_collision":false},{"head":[[0.9992,-0.03511,0.019158,-0.010568],[0.03542,0.999243,-0.016083,0.000529],[-0.018579,0.016749,0.999687,-0.000808],[0.0,0.0,0.0,1.0]],"antennas":[-0.450047,0.481375],"body_yaw":0.0,"check_collision":false},{"head":[[0.999118,-0.035316,0.022704,-0.010575],[0.035704,0.999219,-0.01691,0.000633],[-0.02209,0.017706,0.999599,-0.000988],[0.0,0.0,0.0,1.0]],"antennas":[-0.46878,0.503511],"body_yaw":0.0,"check_collision":false},{"head":[[0.999046,-0.03584,0.024966,-0.010573],[0.036283,0.999188,-0.01751,0.000673],[-0.024319,0.018399,0.999535,-0.001108],[0.0,0.0,0.0,1.0]],"antennas":[-0.487303,0.525398],"body_yaw":0.0,"check_collision":false},{"head":[[0.999048,-0.035308,0.025611,-0.010587],[0.035744,0.99922,-0.016799,0.000699],[-0.024998,0.017699,0.999531,-0.00117],[0.0,0.0,0.0,1.0]],"antennas":[-0.506017,0.547344],"body_yaw":0.0,"check_collision":false},{"head":[[0.999021,-0.035098,0.026925,-0.010578],[0.035592,0.999203,-0.018069,0.000751],[-0.026269,0.01901,0.999474,-0.001275],[0.0,0.0,0.0,1.0]],"antennas":[-0.524836,0.569409],"body_yaw":0.0,"check_collision":false},{"head":[[0.998955,-0.035033,0.029349,-0.010461],[0.035628,0.999165,-0.020003,0.000743],[-0.028624,0.021027,0.999369,-0.001476],[0.0,0.0,0.0,1.0]],"antennas":[-0.543466,0.591422],"body_yaw":0.0,"check_collision":false},{"head":[[0.998843,-0.035495,0.032458,-0.010335],[0.036221,0.9991,-0.022055,0.000726],[-0.031646,0.023205,0.99923,-0.001671],[0.0,0.0,0.0,1.0]],"antennas":[-0.562265,0.613637],"body_yaw":0.0,"check_collision":false},{"head":[[0.998774,-0.035847,0.034151,-0.010437],[0.036666,0.999047,-0.023672,0.000873],[-0.03327,0.024895,0.999136,-0.001885],[0.0,0.0,0.0,1.0]],"antennas":[-0.580832,0.635577],"body_yaw":0.0,"check_collision":false},{"head":[[0.998767,-0.035868,0.034333,-0.01044],[0.036713,0.999031,-0.024294,0.00099],[-0.033428,0.025524,0.999115,-0.001977],[0.0,0.0,0.0,1.0]],"antennas":[-0.599313,0.657415],"body_yaw":0.0,"check_collision":false},{"head":[[0.99876,-0.035787,0.034597,-0.010389],[0.036649,0.999025,-0.024609,0.000993],[-0.033683,0.025847,0.999098,-0.002056],[0.0,0.0,0.0,1.0]],"antennas":[-0.618244,0.679785],"body_yaw":0.0,"check_collision":false},{"head":[[0.998692,-0.03591,0.036394,-0.010378],[0.036859,0.998989,-0.025748,0.001097],[-0.035433,0.027056,0.999006,-0.002063],[0.0,0.0,0.0,1.0]],"antennas":[-0.636858,0.701781],"body_yaw":0.0,"check_collision":false},{"head":[[0.998668,-0.035669,0.037276,-0.010474],[0.036661,0.998983,-0.026263,0.001263],[-0.036301,0.027594,0.99896,-0.002089],[0.0,0.0,0.0,1.0]],"antennas":[-0.655731,0.724082],"body_yaw":0.0,"check_collision":false},{"head":[[0.998664,-0.035512,0.03754,-0.010507],[0.03652,0.998981,-0.026507,0.001324],[-0.03656,0.027843,0.998943,-0.002181],[0.0,0.0,0.0,1.0]],"antennas":[-0.674478,0.746235],"body_yaw":0.0,"check_collision":false},{"head":[[0.998591,-0.035627,0.039339,-0.010274],[0.036726,0.998945,-0.027554,0.001261],[-0.038316,0.02896,0.998846,-0.002535],[0.0,0.0,0.0,1.0]],"antennas":[-0.692999,0.76812],"body_yaw":0.0,"check_collision":false},{"head":[[0.998492,-0.035947,0.041501,-0.010203],[0.037177,0.99888,-0.029258,0.001406],[-0.040403,0.030757,0.99871,-0.002725],[0.0,0.0,0.0,1.0]],"antennas":[-0.71155,0.790041],"body_yaw":0.0,"check_collision":false},{"head":[[0.998393,-0.036022,0.043744,-0.010259],[0.037388,0.998826,-0.030817,0.001493],[-0.042583,0.032403,0.998567,-0.002788],[0.0,0.0,0.0,1.0]],"antennas":[-0.730085,0.811944],"body_yaw":0.0,"check_collision":false},{"head":[[0.99831,-0.035716,0.045844,-0.010222],[0.037219,0.998783,-0.032363,0.001458],[-0.044632,0.034015,0.998424,-0.002961],[0.0,0.0,0.0,1.0]],"antennas":[-0.748868,0.834139],"body_yaw":0.0,"check_collision":false},{"head":[[0.998187,-0.035892,0.048325,-0.01014],[0.037603,0.998681,-0.03497,0.001404],[-0.047007,0.036724,0.998219,-0.003026],[0.0,0.0,0.0,1.0]],"antennas":[-0.767567,0.856235],"body_yaw":0.0,"check_collision":false},{"head":[[0.997989,-0.036523,0.051814,-0.010146],[0.038546,0.998511,-0.038596,0.001441],[-0.050327,0.040516,0.997911,-0.002971],[0.0,0.0,0.0,1.0]],"antennas":[-0.786288,0.878356],"body_yaw":0.0,"check_collision":false},{"head":[[0.997776,-0.036844,0.055551,-0.010128],[0.039139,0.9984,-0.040805,0.001329],[-0.053959,0.042889,0.997622,-0.003028],[0.0,0.0,0.0,1.0]],"antennas":[-0.80501,0.90048],"body_yaw":0.0,"check_collision":false},{"head":[[0.997655,-0.036515,0.057895,-0.010055],[0.038978,0.998357,-0.042001,0.001214],[-0.056266,0.044159,0.997439,-0.003211],[0.0,0.0,0.0,1.0]],"antennas":[-0.823729,0.922599],"body_yaw":0.0,"check_collision":false},{"head":[[0.997534,-0.036826,0.059749,-0.010046],[0.039473,0.998262,-0.043749,0.001222],[-0.058034,0.046,0.997254,-0.003302],[0.0,0.0,0.0,1.0]],"antennas":[-0.842382,0.944641],"body_yaw":0.0,"check_collision":false},{"head":[[0.997359,-0.037195,0.062389,-0.01006],[0.040075,0.998157,-0.045565,0.001347],[-0.060579,0.047945,0.997011,-0.003363],[0.0,0.0,0.0,1.0]],"antennas":[-0.861055,0.966706],"body_yaw":0.0,"check_collision":false},{"head":[[0.997154,-0.03729,0.065528,-0.010034],[0.040417,0.998074,-0.047059,0.001297],[-0.063647,0.049574,0.99674,-0.003625],[0.0,0.0,0.0,1.0]],"antennas":[-0.879812,0.98887],"body_yaw":0.0,"check_collision":false},{"head":[[0.996937,-0.036876,0.068966,-0.00997],[0.040257,0.998022,-0.048287,0.001158],[-0.067049,0.050915,0.99645,-0.003864],[0.0,0.0,0.0,1.0]],"antennas":[-0.898517,1.010973],"body_yaw":0.0,"check_collision":false},{"head":[[0.996791,-0.03673,0.071123,-0.010008],[0.040277,0.997982,-0.049098,0.001261],[-0.069176,0.051805,0.996258,-0.00381],[0.0,0.0,0.0,1.0]],"antennas":[-0.917231,1.033087],"body_yaw":0.0,"check_collision":false},{"head":[[0.996642,-0.036529,0.073288,-0.010111],[0.040197,0.997979,-0.049207,0.001467],[-0.071343,0.051988,0.996096,-0.003779],[0.0,0.0,0.0,1.0]],"antennas":[-0.935947,1.055203],"body_yaw":0.0,"check_collision":false},{"head":[[0.996509,-0.036236,0.075214,-0.010071],[0.039996,0.997992,-0.04911,0.001495],[-0.073283,0.051947,0.995957,-0.004018],[0.0,0.0,0.0,1.0]],"antennas":[-0.954505,1.077132],"body_yaw":0.0,"check_collision":false},{"head":[[0.996302,-0.036016,0.078006,-0.009913],[0.039949,0.997977,-0.049463,0.001446],[-0.076067,0.052397,0.995725,-0.004196],[0.0,0.0,0.0,1.0]],"antennas":[-0.973285,1.099324],"body_yaw":0.0,"check_collision":false},{"head":[[0.996178,-0.036201,0.079494,-0.009923],[0.040267,0.997929,-0.05016,0.001457],[-0.077514,0.053169,0.995573,-0.00422],[0.0,0.0,0.0,1.0]],"antennas":[-0.991991,1.121428],"body_yaw":0.0,"check_collision":false},{"head":[[0.996039,-0.036384,0.081138,-0.009962],[0.040675,0.997825,-0.051874,0.001368],[-0.079074,0.054969,0.995352,-0.004312],[0.0,0.0,0.0,1.0]],"antennas":[-1.010604,1.143423],"body_yaw":0.0,"check_collision":false},{"head":[[0.995809,-0.03641,0.083897,-0.009919],[0.040922,0.997771,-0.052705,0.001268],[-0.081792,0.055918,0.99508,-0.004637],[0.0,0.0,0.0,1.0]],"antennas":[-1.029402,1.165635],"body_yaw":0.0,"check_collision":false},{"head":[[0.995515,-0.036246,0.087385,-0.009897],[0.041047,0.997709,-0.05378,0.001292],[-0.085236,0.057126,0.994722,-0.004637],[0.0,0.0,0.0,1.0]],"antennas":[-1.048184,1.18783],"body_yaw":0.0,"check_collision":false},{"head":[[0.995278,-0.036277,0.090031,-0.009932],[0.041349,0.997623,-0.055119,0.001346],[-0.087817,0.058581,0.994413,-0.004568],[0.0,0.0,0.0,1.0]],"antennas":[-1.066824,1.209855],"body_yaw":0.0,"check_collision":false},{"head":[[0.995064,-0.036477,0.092289,-0.009949],[0.041742,0.997571,-0.055772,0.001011],[-0.090031,0.059349,0.994169,-0.004599],[0.0,0.0,0.0,1.0]],"antennas":[-1.085677,1.232134],"body_yaw":0.0,"check_collision":false},{"head":[[0.994855,-0.036638,0.094456,-0.009959],[0.04216,0.997475,-0.057147,0.000868],[-0.092124,0.060835,0.993887,-0.004687],[0.0,0.0,0.0,1.0]],"antennas":[-1.104344,1.254192],"body_yaw":0.0,"check_collision":false},{"head":[[0.994675,-0.0367,0.096305,-0.009888],[0.042479,0.997374,-0.058654,0.001098],[-0.093899,0.062433,0.993622,-0.004827],[0.0,0.0,0.0,1.0]],"antennas":[-1.123113,1.276371],"body_yaw":0.0,"check_collision":false},{"head":[[0.994473,-0.036538,0.098435,-0.009807],[0.042535,0.99732,-0.059532,0.001088],[-0.095996,0.06339,0.993361,-0.004954],[0.0,0.0,0.0,1.0]],"antennas":[-1.141723,1.298361],"body_yaw":0.0,"check_collision":false},{"head":[[0.994095,-0.036522,0.10218,-0.009865],[0.043031,0.997134,-0.062234,0.00108],[-0.099614,0.066263,0.992817,-0.005417],[0.0,0.0,0.0,1.0]],"antennas":[-1.160449,1.320489],"body_yaw":0.0,"check_collision":false},{"head":[[0.99369,-0.036179,0.106164,-0.009908],[0.043095,0.997045,-0.063588,0.001227],[-0.10355,0.067762,0.992313,-0.005451],[0.0,0.0,0.0,1.0]],"antennas":[-1.179129,1.342562],"body_yaw":0.0,"check_collision":false},{"head":[[0.993558,-0.035409,0.107653,-0.009841],[0.042464,0.997048,-0.063966,0.001385],[-0.10507,0.068125,0.992129,-0.00534],[0.0,0.0,0.0,1.0]],"antennas":[-1.197919,1.364766],"body_yaw":0.0,"check_collision":false},{"head":[[0.993443,-0.035682,0.108616,-0.00978],[0.042887,0.99698,-0.064737,0.001277],[-0.105978,0.068971,0.991974,-0.00552],[0.0,0.0,0.0,1.0]],"antennas":[-1.216625,1.386871],"body_yaw":0.0,"check_collision":false},{"head":[[0.993272,-0.035824,0.11012,-0.009756],[0.043221,0.996913,-0.06554,0.001204],[-0.107432,0.069859,0.991755,-0.005815],[0.0,0.0,0.0,1.0]],"antennas":[-1.235309,1.408949],"body_yaw":0.0,"check_collision":false},{"head":[[0.993044,-0.035951,0.112123,-0.009648],[0.043529,0.996877,-0.065887,0.001372],[-0.109404,0.070309,0.991508,-0.00581],[0.0,0.0,0.0,1.0]],"antennas":[-1.253935,1.430958],"body_yaw":0.0,"check_collision":false},{"head":[[0.992863,-0.035825,0.113756,-0.009566],[0.043541,0.996864,-0.066083,0.001442],[-0.111032,0.070565,0.991309,-0.005952],[0.0,0.0,0.0,1.0]],"antennas":[-1.272792,1.453241],"body_yaw":0.0,"check_collision":false},{"head":[[0.992634,-0.035306,0.115895,-0.009533],[0.043221,0.996849,-0.066506,0.001443],[-0.113182,0.071025,0.991032,-0.006115],[0.0,0.0,0.0,1.0]],"antennas":[-1.291459,1.475298],"body_yaw":0.0,"check_collision":false},{"head":[[0.992368,-0.035582,0.118067,-0.009534],[0.04382,0.996728,-0.067922,0.001465],[-0.115264,0.072577,0.99068,-0.006275],[0.0,0.0,0.0,1.0]],"antennas":[-1.310163,1.497401],"body_yaw":0.0,"check_collision":false},{"head":[[0.992241,-0.035865,0.119047,-0.009518],[0.044177,0.996711,-0.067934,0.001277],[-0.116219,0.072666,0.990562,-0.006198],[0.0,0.0,0.0,1.0]],"antennas":[-1.328811,1.519436],"body_yaw":0.0,"check_collision":false},{"head":[[0.992216,-0.035792,0.119276,-0.009484],[0.044161,0.996688,-0.068283,0.000907],[-0.116437,0.073019,0.99051,-0.006167],[0.0,0.0,0.0,1.0]],"antennas":[-1.347564,1.541596],"body_yaw":0.0,"check_collision":false},{"head":[[0.992081,-0.036157,0.120281,-0.009489],[0.044673,0.996625,-0.068873,0.000705],[-0.117385,0.073701,0.990348,-0.006188],[0.0,0.0,0.0,1.0]],"antennas":[-1.366318,1.563756],"body_yaw":0.0,"check_collision":false},{"head":[[0.991955,-0.036266,0.121287,-0.009398],[0.044919,0.996578,-0.069386,0.001292],[-0.118356,0.074276,0.990189,-0.006277],[0.0,0.0,0.0,1.0]],"antennas":[-1.384847,1.585652],"body_yaw":0.0,"check_collision":false},{"head":[[0.991817,-0.036208,0.122428,-0.009372],[0.045006,0.996539,-0.069882,0.001383],[-0.119474,0.07482,0.990014,-0.006242],[0.0,0.0,0.0,1.0]],"antennas":[-1.403695,1.607924],"body_yaw":0.0,"check_collision":false},{"head":[[0.991677,-0.036371,0.123508,-0.009333],[0.045352,0.996466,-0.0707,0.001795],[-0.120501,0.075713,0.989822,-0.006752],[0.0,0.0,0.0,1.0]],"antennas":[-1.422327,1.629941],"body_yaw":0.0,"check_collision":false},{"head":[[0.99142,-0.036261,0.125582,-0.009346],[0.045571,0.996358,-0.072073,0.001638],[-0.122511,0.077177,0.989462,-0.006779],[0.0,0.0,0.0,1.0]],"antennas":[-1.440999,1.652005],"body_yaw":0.0,"check_collision":false},{"head":[[0.991156,-0.036259,0.127655,-0.009339],[0.04583,0.996289,-0.072854,0.001606],[-0.124539,0.07806,0.989139,-0.006962],[0.0,0.0,0.0,1.0]],"antennas":[-1.459902,1.674342],"body_yaw":0.0,"check_collision":false},{"head":[[0.990771,-0.036046,0.130662,-0.00932],[0.046004,0.996196,-0.074007,0.00145],[-0.127497,0.079335,0.988661,-0.006964],[0.0,0.0,0.0,1.0]],"antennas":[-1.478517,1.696339],"body_yaw":0.0,"check_collision":false},{"head":[[0.99044,-0.035822,0.133212,-0.009346],[0.046065,0.996147,-0.074629,0.001453],[-0.130025,0.080052,0.988274,-0.006981],[0.0,0.0,0.0,1.0]],"antennas":[-1.497204,1.718421],"body_yaw":0.0,"check_collision":false},{"head":[[0.990209,-0.035336,0.135048,-0.009343],[0.045716,0.996169,-0.074549,0.001339],[-0.131896,0.079993,0.988031,-0.006872],[0.0,0.0,0.0,1.0]],"antennas":[-1.515852,1.740455],"body_yaw":0.0,"check_collision":false},{"head":[[0.989894,-0.035023,0.137419,-0.009193],[0.04561,0.996166,-0.074658,0.001349],[-0.134277,0.080171,0.987695,-0.007019],[0.0,0.0,0.0,1.0]],"antennas":[-1.53456,1.762562],"body_yaw":0.0,"check_collision":false},{"head":[[0.98948,-0.033973,0.140622,-0.009096],[0.044966,0.996113,-0.075749,0.001428],[-0.137502,0.081275,0.987161,-0.007284],[0.0,0.0,0.0,1.0]],"antennas":[-1.553308,1.784717],"body_yaw":0.0,"check_collision":false},{"head":[[0.988904,-0.033341,0.144766,-0.00907],[0.044816,0.996043,-0.076746,0.001414],[-0.141635,0.082382,0.986485,-0.007406],[0.0,0.0,0.0,1.0]],"antennas":[-1.571953,1.806749],"body_yaw":0.0,"check_collision":false},{"head":[[0.988459,-0.032821,0.147893,-0.009018],[0.04464,0.996006,-0.077322,0.001453],[-0.144764,0.083031,0.985976,-0.007549],[0.0,0.0,0.0,1.0]],"antennas":[-1.59062,1.828806],"body_yaw":0.0,"check_collision":false},{"head":[[0.988277,-0.032735,0.14912,-0.008955],[0.044612,0.996031,-0.077015,0.001364],[-0.146007,0.082765,0.985815,-0.007796],[0.0,0.0,0.0,1.0]],"antennas":[-1.609384,1.850979],"body_yaw":0.0,"check_collision":false},{"head":[[0.988255,-0.032681,0.149279,-0.008947],[0.044525,0.996059,-0.076704,0.001352],[-0.146184,0.08245,0.985816,-0.007877],[0.0,0.0,0.0,1.0]],"antennas":[-1.628067,1.873056],"body_yaw":0.0,"check_collision":false},{"head":[[0.988096,-0.032441,0.150381,-0.009051],[0.044411,0.996046,-0.076936,0.001662],[-0.147291,0.082698,0.98563,-0.007995],[0.0,0.0,0.0,1.0]],"antennas":[-1.646678,1.895048],"body_yaw":0.0,"check_collision":false},{"head":[[0.988035,-0.031943,0.150883,-0.009094],[0.043866,0.996114,-0.076368,0.001689],[-0.147857,0.082073,0.985597,-0.007801],[0.0,0.0,0.0,1.0]],"antennas":[-1.665578,1.917382],"body_yaw":0.0,"check_collision":false},{"head":[[0.987989,-0.031941,0.151184,-0.009002],[0.043879,0.996119,-0.076297,0.001592],[-0.14816,0.082014,0.985557,-0.007811],[0.0,0.0,0.0,1.0]],"antennas":[-1.684315,1.939522],"body_yaw":0.0,"check_collision":false},{"head":[[0.987392,-0.031556,0.155119,-0.009001],[0.044085,0.995978,-0.078005,0.001496],[-0.152034,0.08386,0.984811,-0.008033],[0.0,0.0,0.0,1.0]],"antennas":[-1.703018,1.961623],"body_yaw":0.0,"check_collision":false},{"head":[[0.986543,-0.030862,0.16056,-0.009058],[0.044146,0.99583,-0.07984,0.00147],[-0.157427,0.085853,0.983792,-0.008196],[0.0,0.0,0.0,1.0]],"antennas":[-1.721724,1.983728],"body_yaw":0.0,"check_collision":false},{"head":[[0.986345,-0.029996,0.161937,-0.00913],[0.043425,0.995845,-0.08004,0.001108],[-0.158863,0.085979,0.98355,-0.008065],[0.0,0.0,0.0,1.0]],"antennas":[-1.740477,2.005887],"body_yaw":0.0,"check_collision":false},{"head":[[0.986477,-0.029874,0.161154,-0.009166],[0.043235,0.995853,-0.080047,0.001167],[-0.158094,0.085932,0.983678,-0.007992],[0.0,0.0,0.0,1.0]],"antennas":[-1.759109,2.027904],"body_yaw":0.0,"check_collision":false},{"head":[[0.986783,-0.030195,0.159208,-0.009222],[0.043345,0.99587,-0.079781,0.001357],[-0.156141,0.085627,0.984016,-0.007869],[0.0,0.0,0.0,1.0]],"antennas":[-1.777816,2.050009],"body_yaw":0.0,"check_collision":false},{"head":[[0.987162,-0.030147,0.156853,-0.009225],[0.042925,0.995972,-0.078724,0.001268],[-0.153847,0.084446,0.984479,-0.007723],[0.0,0.0,0.0,1.0]],"antennas":[-1.796424,2.071997],"body_yaw":0.0,"check_collision":false},{"head":[[0.987506,-0.030296,0.15464,-0.009154],[0.042732,0.996058,-0.077739,0.001191],[-0.151675,0.083376,0.984908,-0.007642],[0.0,0.0,0.0,1.0]],"antennas":[-1.815223,2.094212],"body_yaw":0.0,"check_collision":false},{"head":[[0.988297,-0.030796,0.149401,-0.009115],[0.04233,0.996311,-0.074646,0.001011],[-0.146551,0.080097,0.985955,-0.007622],[0.0,0.0,0.0,1.0]],"antennas":[-1.833986,2.116383],"body_yaw":0.0,"check_collision":false},{"head":[[0.989453,-0.032425,0.141178,-0.00905],[0.042678,0.996619,-0.070214,0.000927],[-0.138424,0.075498,0.987491,-0.007431],[0.0,0.0,0.0,1.0]],"antennas":[-1.852671,2.138463],"body_yaw":0.0,"check_collision":false},{"head":[[0.990512,-0.034595,0.133,-0.008938],[0.043827,0.996782,-0.06712,0.00075],[-0.13025,0.072312,0.988841,-0.00724],[0.0,0.0,0.0,1.0]],"antennas":[-1.871366,2.160554],"body_yaw":0.0,"check_collision":false},{"head":[[0.990843,-0.034666,0.130497,-0.008943],[0.043432,0.996944,-0.064938,0.000832],[-0.127847,0.070011,0.98932,-0.00741],[0.0,0.0,0.0,1.0]],"antennas":[-1.890045,2.182626],"body_yaw":0.0,"check_collision":false},{"head":[[0.991175,-0.034315,0.128042,-0.00901],[0.042603,0.997131,-0.062564,0.001146],[-0.125528,0.067467,0.989793,-0.007376],[0.0,0.0,0.0,1.0]],"antennas":[-1.908776,2.20476],"body_yaw":0.0,"check_collision":false},{"head":[[0.991673,-0.034434,0.124092,-0.009069],[0.04214,0.997307,-0.060019,0.001617],[-0.121692,0.064749,0.990454,-0.007447],[0.0,0.0,0.0,1.0]],"antennas":[-1.927521,2.226911],"body_yaw":0.0,"check_collision":false},{"head":[[0.992117,-0.034456,0.120481,-0.009117],[0.041606,0.997487,-0.057342,0.001667],[-0.118203,0.061903,0.991058,-0.00745],[0.0,0.0,0.0,1.0]],"antennas":[-1.946074,2.248833],"body_yaw":0.0,"check_collision":false},{"head":[[0.991997,-0.034543,0.121442,-0.009073],[0.041718,0.9975,-0.057041,0.001525],[-0.119168,0.061651,0.990958,-0.00762],[0.0,0.0,0.0,1.0]],"antennas":[-1.964954,2.271143],"body_yaw":0.0,"check_collision":false},{"head":[[0.991605,-0.034095,0.124725,-0.009105],[0.041578,0.997457,-0.057894,0.001568],[-0.122433,0.062594,0.990501,-0.007715],[0.0,0.0,0.0,1.0]],"antennas":[-1.983663,2.293251],"body_yaw":0.0,"check_collision":false},{"head":[[0.990854,-0.033028,0.130831,-0.009186],[0.041076,0.997395,-0.059304,0.001619],[-0.128531,0.064135,0.989629,-0.007836],[0.0,0.0,0.0,1.0]],"antennas":[-2.00236,2.315345],"body_yaw":0.0,"check_collision":false},{"head":[[0.990417,-0.031597,0.134443,-0.009316],[0.039841,0.997458,-0.059077,0.00176],[-0.132234,0.063868,0.989159,-0.007819],[0.0,0.0,0.0,1.0]],"antennas":[-2.021071,2.337455],"body_yaw":0.0,"check_collision":false},{"head":[[0.990349,-0.031179,0.135041,-0.009387],[0.039454,0.997475,-0.059044,0.001933],[-0.132859,0.063802,0.989079,-0.00777],[0.0,0.0,0.0,1.0]],"antennas":[-2.039776,2.359558],"body_yaw":0.0,"check_collision":false},{"head":[[0.990139,-0.031171,0.136576,-0.009385],[0.039704,0.997396,-0.0602,0.00196],[-0.134344,0.065029,0.988799,-0.007744],[0.0,0.0,0.0,1.0]],"antennas":[-2.058502,2.381686],"body_yaw":0.0,"check_collision":false},{"head":[[0.989896,-0.03099,0.138367,-0.009339],[0.039684,0.997378,-0.060519,0.001825],[-0.136128,0.065398,0.98853,-0.007769],[0.0,0.0,0.0,1.0]],"antennas":[-2.077049,2.403778],"body_yaw":0.0,"check_collision":false},{"head":[[0.989915,-0.030942,0.138244,-0.00929],[0.039547,0.997418,-0.059942,0.001672],[-0.136033,0.064805,0.988583,-0.007776],[0.0,0.0,0.0,1.0]],"antennas":[-2.095519,2.425205],"body_yaw":0.0,"check_collision":false},{"head":[[0.989715,-0.031141,0.139623,-0.009288],[0.039942,0.997358,-0.06068,0.001637],[-0.137364,0.065633,0.988344,-0.007852],[0.0,0.0,0.0,1.0]],"antennas":[-2.113283,2.442741],"body_yaw":0.0,"check_collision":false},{"head":[[0.989158,-0.031233,0.143496,-0.009277],[0.04049,0.997251,-0.062049,0.001726],[-0.141163,0.067187,0.987704,-0.008011],[0.0,0.0,0.0,1.0]],"antennas":[-2.12206,2.446694],"body_yaw":0.0,"check_collision":false},{"head":[[0.988903,-0.031285,0.145235,-0.009375],[0.040626,0.997261,-0.061801,0.001819],[-0.142903,0.067015,0.987465,-0.008048],[0.0,0.0,0.0,1.0]],"antennas":[-2.12206,2.446694],"body_yaw":0.0,"check_collision":false},{"head":[[0.989177,-0.031624,0.143281,-0.00942],[0.040761,0.997288,-0.061287,0.001892],[-0.140954,0.066464,0.987783,-0.007971],[0.0,0.0,0.0,1.0]],"antennas":[-2.12206,2.446694],"body_yaw":0.0,"check_collision":false},{"head":[[0.989506,-0.032076,0.140888,-0.009423],[0.041018,0.997293,-0.061029,0.001955],[-0.138549,0.066167,0.988143,-0.007873],[0.0,0.0,0.0,1.0]],"antennas":[-2.12206,2.446694],"body_yaw":0.0,"check_collision":false},{"head":[[0.989799,-0.031966,0.138842,-0.00941],[0.040655,0.997358,-0.060209,0.001918],[-0.13655,0.065239,0.988483,-0.007812],[0.0,0.0,0.0,1.0]],"antennas":[-2.12206,2.446694],"body_yaw":0.0,"check_collision":false},{"head":[[0.990143,-0.032227,0.136302,-0.009375],[0.040555,0.997447,-0.058775,0.001876],[-0.13406,0.063723,0.988922,-0.00773],[0.0,0.0,0.0,1.0]],"antennas":[-2.12206,2.446694],"body_yaw":0.0,"check_collision":false},{"head":[[0.99067,-0.033053,0.132212,-0.009389],[0.040789,0.997584,-0.056237,0.001834],[-0.130033,0.061105,0.989625,-0.007526],[0.0,0.0,0.0,1.0]],"antennas":[-2.12206,2.446694],"body_yaw":0.0,"check_collision":false},{"head":[[0.991391,-0.034703,0.126255,-0.009446],[0.041827,0.997652,-0.054222,0.001796],[-0.124077,0.059036,0.990515,-0.007263],[0.0,0.0,0.0,1.0]],"antennas":[-2.12206,2.446694],"body_yaw":0.0,"check_collision":false},{"head":[[0.991981,-0.036006,0.121154,-0.009478],[0.042689,0.99768,-0.053028,0.001784],[-0.118963,0.057774,0.991216,-0.007108],[0.0,0.0,0.0,1.0]],"antennas":[-2.12206,2.446694],"body_yaw":0.0,"check_collision":false},{"head":[[0.992483,-0.037159,0.116608,-0.009425],[0.043403,0.997731,-0.051472,0.001693],[-0.11443,0.056146,0.991843,-0.006994],[0.0,0.0,0.0,1.0]],"antennas":[-2.12206,2.446694],"body_yaw":0.0,"check_collision":false},{"head":[[0.99267,-0.037522,0.114884,-0.009433],[0.043514,0.997796,-0.0501,0.001595],[-0.112751,0.054732,0.992115,-0.006953],[0.0,0.0,0.0,1.0]],"antennas":[-2.12206,2.446694],"body_yaw":0.0,"check_collision":false},{"head":[[0.992649,-0.03709,0.115201,-0.009485],[0.042992,0.997865,-0.049169,0.001504],[-0.113132,0.053761,0.992124,-0.006965],[0.0,0.0,0.0,1.0]],"antennas":[-2.12206,2.446694],"body_yaw":0.0,"check_collision":false},{"head":[[0.99264,-0.036498,0.115471,-0.009614],[0.042256,0.997962,-0.04781,0.001473],[-0.11349,0.052337,0.99216,-0.006865],[0.0,0.0,0.0,1.0]],"antennas":[-2.12206,2.446694],"body_yaw":0.0,"check_collision":false},{"head":[[0.992812,-0.036348,0.11403,-0.009773],[0.041852,0.998053,-0.046246,0.001589],[-0.112127,0.050686,0.9924,-0.006732],[0.0,0.0,0.0,1.0]],"antennas":[-2.12206,2.446694],"body_yaw":0.0,"check_collision":false},{"head":[[0.992966,-0.036647,0.112581,-0.009798],[0.041944,0.998104,-0.045049,0.001626],[-0.110717,0.049455,0.992621,-0.006531],[0.0,0.0,0.0,1.0]],"antennas":[-2.12206,2.446694],"body_yaw":0.0,"check_collision":false},{"head":[[0.99287,-0.036473,0.113487,-0.009804],[0.041762,0.998132,-0.044582,0.001667],[-0.111649,0.049004,0.992539,-0.006431],[0.0,0.0,0.0,1.0]],"antennas":[-2.12206,2.446694],"body_yaw":0.0,"check_collision":false},{"head":[[0.992803,-0.036406,0.114089,-0.009783],[0.041648,0.998167,-0.043905,0.001694],[-0.112282,0.048341,0.9925,-0.006423],[0.0,0.0,0.0,1.0]],"antennas":[-2.12206,2.446694],"body_yaw":0.0,"check_collision":false},{"head":[[0.992875,-0.036005,0.113591,-0.009819],[0.041072,0.998248,-0.042585,0.001942],[-0.111859,0.046947,0.992614,-0.006613],[0.0,0.0,0.0,1.0]],"antennas":[-2.12206,2.446694],"body_yaw":0.0,"check_collision":false},{"head":[[0.993119,-0.036164,0.111389,-0.009878],[0.040987,0.998305,-0.041313,0.002034],[-0.109706,0.045594,0.992918,-0.006724],[0.0,0.0,0.0,1.0]],"antennas":[-2.12206,2.446694],"body_yaw":0.0,"check_collision":false},{"head":[[0.993306,-0.036546,0.109578,-0.009907],[0.04119,0.998333,-0.040419,0.002096],[-0.107918,0.044662,0.993156,-0.006657],[0.0,0.0,0.0,1.0]],"antennas":[-2.12206,2.446694],"body_yaw":0.0,"check_collision":false},{"head":[[0.993366,-0.03675,0.108969,-0.009901],[0.0413,0.998354,-0.0398,0.001987],[-0.107326,0.044036,0.993248,-0.00647],[0.0,0.0,0.0,1.0]],"antennas":[-2.12206,2.446694],"body_yaw":0.0,"check_collision":false},{"head":[[0.993426,-0.036738,0.108423,-0.009923],[0.04115,0.998402,-0.038742,0.002077],[-0.106826,0.042949,0.99335,-0.006311],[0.0,0.0,0.0,1.0]],"antennas":[-2.12206,2.446694],"body_yaw":0.0,"check_collision":false},{"head":[[0.993534,-0.036425,0.107533,-0.010047],[0.040641,0.998478,-0.037283,0.002215],[-0.106011,0.041413,0.993502,-0.006233],[0.0,0.0,0.0,1.0]],"antennas":[-2.12206,2.446694],"body_yaw":0.0,"check_collision":false},{"head":[[0.993509,-0.036394,0.107771,-0.010155],[0.040569,0.998499,-0.036804,0.00196],[-0.10627,0.040938,0.993494,-0.006023],[0.0,0.0,0.0,1.0]],"antennas":[-2.12206,2.446694],"body_yaw":0.0,"check_collision":false},{"head":[[0.993486,-0.036248,0.108036,-0.01017],[0.040443,0.9985,-0.036896,0.001822],[-0.106536,0.041025,0.993462,-0.00597],[0.0,0.0,0.0,1.0]],"antennas":[-2.12206,2.446694],"body_yaw":0.0,"check_collision":false},{"head":[[0.993442,-0.036354,0.108401,-0.01008],[0.040603,0.998481,-0.037246,0.001858],[-0.106882,0.041403,0.993409,-0.006125],[0.0,0.0,0.0,1.0]],"antennas":[-2.12206,2.446694],"body_yaw":0.0,"check_collision":false},{"head":[[0.993369,-0.03614,0.109141,-0.010054],[0.040421,0.998487,-0.037267,0.001863],[-0.107629,0.041432,0.993327,-0.006104],[0.0,0.0,0.0,1.0]],"antennas":[-2.12206,2.446694],"body_yaw":0.0,"check_collision":false},{"head":[[0.993344,-0.036038,0.109405,-0.010076],[0.040309,0.998499,-0.037074,0.001804],[-0.107905,0.041237,0.993306,-0.006019],[0.0,0.0,0.0,1.0]],"antennas":[-2.12206,2.446694],"body_yaw":0.0,"check_collision":false},{"head":[[0.993298,-0.035799,0.109897,-0.010102],[0.040046,0.998524,-0.036684,0.001942],[-0.108422,0.040839,0.993266,-0.006065],[0.0,0.0,0.0,1.0]],"antennas":[-2.12206,2.446694],"body_yaw":0.0,"check_collision":false},{"head":[[0.993265,-0.035628,0.110251,-0.010075],[0.039835,0.99855,-0.036197,0.002002],[-0.108801,0.040345,0.993244,-0.006147],[0.0,0.0,0.0,1.0]],"antennas":[-2.12206,2.446694],"body_yaw":0.0,"check_collision":false},{"head":[[0.993289,-0.035484,0.110079,-0.010051],[0.039625,0.998578,-0.035661,0.002053],[-0.108657,0.039784,0.993283,-0.006144],[0.0,0.0,0.0,1.0]],"antennas":[-2.12206,2.446694],"body_yaw":0.0,"check_collision":false},{"head":[[0.993302,-0.035405,0.109992,-0.01003],[0.039482,0.998603,-0.035119,0.002152],[-0.108595,0.039227,0.993312,-0.006108],[0.0,0.0,0.0,1.0]],"antennas":[-2.12206,2.446694],"body_yaw":0.0,"check_collision":false},{"head":[[0.993373,-0.035381,0.10935,-0.010078],[0.039286,0.998657,-0.033763,0.002096],[-0.108009,0.037835,0.99343,-0.006081],[0.0,0.0,0.0,1.0]],"antennas":[-2.12206,2.446694],"body_yaw":0.0,"check_collision":false},{"head":[[0.993453,-0.035477,0.10859,-0.010139],[0.039238,0.998695,-0.032701,0.002221],[-0.107288,0.036748,0.993549,-0.006173],[0.0,0.0,0.0,1.0]],"antennas":[-2.12206,2.446694],"body_yaw":0.0,"check_collision":false},{"head":[[0.993572,-0.035501,0.107488,-0.010129],[0.039101,0.998737,-0.031567,0.002213],[-0.106232,0.035567,0.993705,-0.00609],[0.0,0.0,0.0,1.0]],"antennas":[-2.12206,2.446694],"body_yaw":0.0,"check_collision":false},{"head":[[0.993721,-0.035635,0.10606,-0.010119],[0.039078,0.998769,-0.030563,