{"description":"Just like boredom1, you start falling asleep, but now you snore. Also usable when no one talks to you for 2 minutes. You can follow with sleep1 if silence continues.","time":[0.0,0.02,0.04,0.06,0.08,0.1,0.12,0.14,0.16,0.18,0.2,0.22,0.24,0.26,0.28,0.3,0.32,0.34,0.36,0.38,0.4,0.42,0.44,0.46,0.48,0.5,0.52,0.54,0.56,0.58,0.6,0.62,0.64,0.66,0.68,0.7,0.72,0.74,0.76,0.78,0.8,0.82,0.84,0.86,0.88,0.9,0.92,0.94,0.96,0.98,1.0,1.02,1.04,1.06,1.08,1.1,1.12,1.14,1.16,1.18,1.2,1.22,1.24,1.26,1.28,1.3,1.32,1.34,1.36,1.38,1.4,1.42,1.44,1.46,1.48,1.5,1.52,1.54,1.56,1.58,1.6,1.62,1.64,1.66,1.68,1.7,1.72,1.74,1.76,1.78,1.8,1.82,1.84,1.86,1.88,1.9,1.92,1.94,1.96,1.98,2.0,2.02,2.04,2.06,2.08,2.1,2.12,2.14,2.16,2.18,2.2,2.22,2.24,2.26,2.28,2.3,2.32,2.34,2.36,2.38,2.4,2.42,2.44,2.46,2.48,2.5,2.52,2.54,2.56,2.58,2.6,2.62,2.64,2.66,2.68,2.7,2.72,2.74,2.76,2.78,2.8,2.82,2.84,2.86,2.88,2.9,2.92,2.94,2.96,2.98,3.0,3.02,3.04,3.06,3.08,3.1,3.12,3.14,3.16,3.18,3.2,3.22,3.24,3.26,3.28,3.3,3.32,3.34,3.36,3.38,3.4,3.42,3.44,3.46,3.48,3.5,3.52,3.54,3.56,3.58,3.6,3.62,3.64,3.66,3.68,3.7,3.72,3.74,3.76,3.78,3.8,3.82,3.84,3.86,3.88,3.9,3.92,3.94,3.96,3.98,4.0,4.02,4.04,4.06,4.08,4.1,4.12,4.14,4.16,4.18,4.2,4.22,4.24,4.26,4.28,4.3,4.32,4.34,4.36,4.38,4.4,4.42,4.44,4.46,4.48,4.5,4.52,4.54,4.56,4.58,4.6,4.62,4.64,4.66,4.68,4.7,4.72,4.74,4.76,4.78,4.8,4.82,4.84,4.86,4.88,4.9,4.92,4.94,4.96,4.98,5.0,5.02,5.04,5.06,5.08,5.1,5.12,5.14,5.16,5.18,5.2,5.22,5.24,5.26,5.28,5.3,5.32,5.34,5.36,5.38,5.4,5.42,5.44,5.46,5.48,5.5,5.52,5.54,5.56,5.58,5.6,5.62,5.64,5.66,5.68,5.7,5.72,5.74,5.76,5.78,5.8,5.82,5.84,5.86,5.88,5.9,5.92,5.94,5.96,5.98,6.0,6.02,6.04,6.06,6.08,6.1,6.12,6.14,6.16,6.18,6.2,6.22,6.24,6.26,6.28,6.3,6.32,6.34,6.36,6.38,6.4,6.42,6.44,6.46,6.48,6.5,6.52,6.54,6.56,6.58,6.6,6.62,6.64,6.66,6.68,6.7,6.72,6.74,6.76,6.78,6.8,6.82,6.84,6.86,6.88,6.9,6.92,6.94,6.96,6.98,7.0,7.02,7.04,7.06,7.08,7.1,7.12,7.14,7.16,7.18,7.2,7.22,7.24,7.26,7.28,7.3,7.32,7.34,7.36,7.38,7.4,7.42,7.44,7.46,7.48,7.5,7.52,7.54,7.56,7.58,7.6,7.62,7.64,7.66,7.68,7.7,7.72,7.74,7.76,7.78,7.8,7.82,7.84,7.86,7.88,7.9,7.92,7.94,7.96,7.98,8.0,8.02,8.04,8.06,8.08,8.1,8.12,8.14,8.16,8.18,8.2,8.22,8.24,8.26,8.28,8.3,8.32,8.34,8.36,8.38,8.4,8.42,8.44,8.46,8.48,8.5,8.52,8.54,8.56,8.58,8.6,8.62,8.64,8.66,8.68,8.7,8.72,8.74,8.76,8.78,8.8,8.82,8.84,8.86,8.88,8.9,8.92,8.94,8.96,8.98,9.0,9.02,9.04,9.06,9.08,9.1,9.12,9.14,9.16,9.18,9.2,9.22,9.24,9.26,9.28,9.3,9.32,9.34,9.36,9.38,9.4,9.42,9.44,9.46,9.48,9.5,9.52,9.54,9.56,9.58,9.6,9.62,9.64,9.66,9.68,9.7,9.72,9.74,9.76,9.78,9.8,9.82,9.84,9.86,9.88,9.9,9.92,9.94,9.96,9.98,10.0,10.02,10.04,10.06,10.08,10.1,10.12,10.14,10.16,10.18,10.2,10.22,10.24,10.26,10.28,10.3,10.32,10.34,10.36,10.38,10.4,10.42,10.44,10.46,10.48,10.5,10.52,10.54,10.56,10.58,10.6,10.62,10.64,10.66,10.68,10.7,10.72,10.74,10.76,10.78,10.8,10.82,10.84,10.86,10.88,10.9,10.92,10.94,10.96,10.98,11.0,11.02,11.04,11.06,11.08,11.1,11.12,11.14,11.16,11.18,11.2,11.22,11.24,11.26,11.28,11.3,11.32,11.34,11.36,11.38,11.4,11.42,11.44,11.46,11.48,11.5,11.52,11.54,11.56,11.58,11.6,11.62,11.64,11.66,11.68,11.7,11.72,11.74,11.76,11.78,11.8,11.82,11.84,11.86,11.88,11.9,11.92,11.94,11.96,11.98,12.0,12.02,12.04,12.06,12.08,12.1,12.12,12.14,12.16,12.18,12.2,12.22,12.24,12.26,12.28,12.3,12.32,12.34,12.36,12.38,12.4,12.42,12.44,12.46,12.48,12.5,12.52,12.54,12.56,12.58,12.6,12.62,12.64,12.66,12.68,12.7,12.72,12.74,12.76,12.78,12.8,12.82,12.84,12.86,12.88,12.9,12.92,12.94,12.96,12.98,13.0,13.02,13.04,13.06,13.08,13.1,13.12,13.14,13.16,13.18,13.2,13.22,13.24,13.26,13.28,13.3,13.32,13.34,13.36,13.38,13.4,13.42,13.44,13.46,13.48,13.5,13.52,13.54,13.56,13.58,13.6,13.62,13.64,13.66,13.68,13.7,13.72,13.74,13.76,13.78,13.8,13.82,13.84,13.86,13.88,13.9,13.92,13.94,13.96,13.98,14.0,14.02,14.04,14.06,14.08,14.1,14.12,14.14,14.16,14.18],"set_target_data":[{"head":[[0.999122,0.040735,0.009798,-0.010936],[-0.040588,0.999067,-0.014731,0.00432],[-0.010389,0.01432,0.999843,0.001148],[0.0,0.0,0.0,1.0]],"antennas":[0.0,0.163352],"body_yaw":0.0,"check_collision":false},{"head":[[0.999126,0.040573,0.010094,-0.010892],[-0.040426,0.999079,-0.014368,0.004304],[-0.010667,0.013948,0.999846,0.001121],[0.0,0.0,0.0,1.0]],"antennas":[0.0,0.163352],"body_yaw":0.0,"check_collision":false},{"head":[[0.999134,0.040312,0.010308,-0.010886],[-0.040163,0.999092,-0.014207,0.004418],[-0.010872,0.01378,0.999846,0.001091],[0.0,0.0,0.0,1.0]],"antennas":[0.0,0.163352],"body_yaw":0.0,"check_collision":false},{"head":[[0.999135,0.040193,0.010647,-0.010891],[-0.040041,0.999098,-0.014115,0.004508],[-0.011205,0.013676,0.999844,0.001121],[0.0,0.0,0.0,1.0]],"antennas":[0.0,0.163352],"body_yaw":0.0,"check_collision":false},{"head":[[0.999138,0.04005,0.010892,-0.010942],[-0.039894,0.999104,-0.014131,0.004566],[-0.011448,0.013684,0.999841,0.001094],[0.0,0.0,0.0,1.0]],"antennas":[0.0,0.163352],"body_yaw":0.0,"check_collision":false},{"head":[[0.999148,0.039779,0.011001,-0.010935],[-0.039622,0.999115,-0.014126,0.004526],[-0.011554,0.013678,0.99984,0.001059],[0.0,0.0,0.0,1.0]],"antennas":[0.0,0.163352],"body_yaw":0.0,"check_collision":false},{"head":[[0.99915,0.039667,0.011215,-0.010891],[-0.039507,0.99912,-0.014103,0.004498],[-0.011765,0.013648,0.999838,0.001013],[0.0,0.0,0.0,1.0]],"antennas":[0.0,0.163352],"body_yaw":0.0,"check_collision":false},{"head":[[0.999151,0.03952,0.011675,-0.010836],[-0.039355,0.999127,-0.014048,0.004497],[-0.01222,0.013577,0.999833,0.000989],[0.0,0.0,0.0,1.0]],"antennas":[0.0,0.163352],"body_yaw":0.0,"check_collision":false},{"head":[[0.99915,0.039414,0.012112,-0.010806],[-0.039243,0.999131,-0.014061,0.004487],[-0.012655,0.013574,0.999828,0.000949],[0.0,0.0,0.0,1.0]],"antennas":[0.0,0.163352],"body_yaw":0.0,"check_collision":false},{"head":[[0.999149,0.039281,0.012569,-0.010736],[-0.039105,0.999137,-0.013968,0.004463],[-0.013107,0.013464,0.999823,0.000936],[0.0,0.0,0.0,1.0]],"antennas":[0.0,0.163352],"body_yaw":0.0,"check_collision":false},{"head":[[0.999158,0.038874,0.01313,-0.010645],[-0.03869,0.999153,-0.014037,0.004397],[-0.013664,0.013518,0.999815,0.000975],[0.0,0.0,0.0,1.0]],"antennas":[0.0,0.163352],"body_yaw":0.0,"check_collision":false},{"head":[[0.999163,0.038663,0.013347,-0.010633],[-0.038475,0.99916,-0.014078,0.004357],[-0.01388,0.013553,0.999812,0.001034],[0.0,0.0,0.0,1.0]],"antennas":[0.0,0.163352],"body_yaw":0.0,"check_collision":false},{"head":[[0.99916,0.038621,0.013678,-0.010683],[-0.038428,0.999163,-0.014053,0.004404],[-0.01421,0.013515,0.999808,0.001061],[0.0,0.0,0.0,1.0]],"antennas":[0.0,0.163352],"body_yaw":0.0,"check_collision":false},{"head":[[0.999166,0.038422,0.01383,-0.010709],[-0.038228,0.99917,-0.014073,0.004408],[-0.014359,0.013532,0.999805,0.001052],[0.0,0.0,0.0,1.0]],"antennas":[0.0,0.163352],"body_yaw":0.0,"check_collision":false},{"head":[[0.999168,0.038202,0.014263,-0.010691],[-0.038003,0.99918,-0.013959,0.004339],[-0.014784,0.013405,0.999801,0.001061],[0.0,0.0,0.0,1.0]],"antennas":[0.0,0.163352],"body_yaw":0.0,"check_collision":false},{"head":[[0.999169,0.038072,0.014553,-0.010684],[-0.037873,0.999188,-0.013713,0.00427],[-0.015063,0.013151,0.9998,0.001085],[0.0,0.0,0.0,1.0]],"antennas":[0.0,0.163352],"body_yaw":0.0,"check_collision":false},{"head":[[0.999169,0.037908,0.014945,-0.010674],[-0.037705,0.999196,-0.013631,0.004175],[-0.015449,0.013056,0.999795,0.001088],[0.0,0.0,0.0,1.0]],"antennas":[0.0,0.163352],"body_yaw":0.0,"check_collision":false},{"head":[[0.99916,0.037964,0.01545,-0.010609],[-0.037757,0.999195,-0.01352,0.004227],[-0.015951,0.012926,0.999789,0.001009],[0.0,0.0,0.0,1.0]],"antennas":[0.0,0.163352],"body_yaw":0.0,"check_collision":false},{"head":[[0.999161,0.037896,0.015535,-0.010561],[-0.03769,0.9992,-0.013372,0.004178],[-0.016029,0.012775,0.99979,0.000992],[0.0,0.0,0.0,1.0]],"antennas":[0.0,0.163352],"body_yaw":0.0,"check_collision":false},{"head":[[0.999167,0.037736,0.015551,-0.010589],[-0.037533,0.999209,-0.013173,0.004328],[-0.016035,0.012578,0.999792,0.000931],[0.0,0.0,0.0,1.0]],"antennas":[0.0,0.163352],"body_yaw":0.0,"check_collision":false},{"head":[[0.999165,0.03771,0.015726,-0.010584],[-0.037507,0.999212,-0.012998,0.004427],[-0.016203,0.012397,0.999792,0.00098],[0.0,0.0,0.0,1.0]],"antennas":[0.0,0.163352],"body_yaw":0.0,"check_collision":false},{"head":[[0.999156,0.037772,0.016136,-0.010602],[-0.037564,0.99921,-0.012992,0.00447],[-0.016614,0.012375,0.999785,0.000974],[0.0,0.0,0.0,1.0]],"antennas":[0.0,0.163352],"body_yaw":0.0,"check_collision":false},{"head":[[0.999133,0.037999,0.017026,-0.010587],[-0.037781,0.999203,-0.012919,0.004501],[-0.017503,0.012265,0.999772,0.000995],[0.0,0.0,0.0,1.0]],"antennas":[0.0,0.163352],"body_yaw":0.0,"check_collision":false},{"head":[[0.999116,0.038171,0.017624,-0.010663],[-0.03795,0.999199,-0.012716,0.004634],[-0.018095,0.012036,0.999764,0.00087],[0.0,0.0,0.0,1.0]],"antennas":[0.0,0.163352],"body_yaw":0.0,"check_collision":false},{"head":[[0.999102,0.038105,0.018547,-0.010679],[-0.037869,0.9992,-0.012879,0.00461],[-0.019023,0.012165,0.999745,0.000765],[0.0,0.0,0.0,1.0]],"antennas":[0.0,0.163352],"body_yaw":0.0,"check_collision":false},{"head":[[0.999073,0.037996,0.020229,-0.01066],[-0.037734,0.999201,-0.013167,0.004601],[-0.020713,0.012391,0.999709,0.000671],[0.0,0.0,0.0,1.0]],"antennas":[0.0,0.163352],"body_yaw":0.0,"check_collision":false},{"head":[[0.999048,0.037822,0.021742,-0.010708],[-0.037538,0.999206,-0.013329,0.004603],[-0.022229,0.0125,0.999675,0.000708],[0.0,0.0,0.0,1.0]],"antennas":[0.0,0.163352],"body_yaw":0.0,"check_collision":false},{"head":[[0.99901,0.037619,0.023745,-0.010815],[-0.037308,0.999214,-0.013428,0.004609],[-0.024231,0.012529,0.999628,0.000749],[0.0,0.0,0.0,1.0]],"antennas":[0.0,0.163352],"body_yaw":0.0,"check_collision":false},{"head":[[0.998934,0.03734,0.027153,-0.010934],[-0.036983,0.999224,-0.013562,0.004699],[-0.027639,0.012543,0.999539,0.000738],[0.0,0.0,0.0,1.0]],"antennas":[0.0,0.163352],"body_yaw":0.0,"check_collision":false},{"head":[[0.998844,0.037065,0.030606,-0.011043],[-0.03666,0.999234,-0.013675,0.004748],[-0.031089,0.012537,0.999438,0.000776],[0.0,0.0,0.0,1.0]],"antennas":[0.0,0.163352],"body_yaw":0.0,"check_collision":false},{"head":[[0.998759,0.036738,0.033616,-0.011155],[-0.036289,0.999245,-0.013849,0.004764],[-0.0341,0.012612,0.999339,0.000692],[0.0,0.0,0.0,1.0]],"antennas":[0.0,0.163352],"body_yaw":0.0,"check_collision":false},{"head":[[0.998678,0.036152,0.036536,-0.011235],[-0.035651,0.999262,-0.014279,0.004735],[-0.037025,0.012957,0.99923,0.000658],[0.0,0.0,0.0,1.0]],"antennas":[0.0,0.163352],"body_yaw":0.0,"check_collision":false},{"head":[[0.998585,0.035808,0.039325,-0.011277],[-0.035248,0.999268,-0.014847,0.004708],[-0.039828,0.01344,0.999116,0.00063],[0.0,0.0,0.0,1.0]],"antennas":[0.0,0.163352],"body_yaw":0.0,"check_collision":false},{"head":[[0.998459,0.035641,0.042543,-0.011286],[-0.035026,0.999272,-0.015117,0.004598],[-0.043051,0.013604,0.99898,0.00064],[0.0,0.0,0.0,1.0]],"antennas":[0.0,0.163352],"body_yaw":0.0,"check_collision":false},{"head":[[0.998301,0.035415,0.046279,-0.011331],[-0.034738,0.999279,-0.015354,0.004626],[-0.046789,0.013721,0.998811,0.000601],[0.0,0.0,0.0,1.0]],"antennas":[0.0,0.163352],"body_yaw":0.0,"check_collision":false},{"head":[[0.998167,0.035418,0.049077,-0.011392],[-0.034673,0.999271,-0.015948,0.004725],[-0.049606,0.014217,0.998668,0.000504],[0.0,0.0,0.0,1.0]],"antennas":[0.0,0.163352],"body_yaw":0.0,"check_collision":false},{"head":[[0.998106,0.035619,0.050158,-0.011424],[-0.034848,0.999262,-0.016155,0.004685],[-0.050697,0.014376,0.998611,0.000531],[0.0,0.0,0.0,1.0]],"antennas":[0.0,0.163352],"body_yaw":0.0,"check_collision":false},{"head":[[0.998037,0.035468,0.051625,-0.011363],[-0.034648,0.99926,-0.016686,0.004683],[-0.052179,0.014865,0.998527,0.000556],[0.0,0.0,0.0,1.0]],"antennas":[0.0,0.163352],"body_yaw":0.0,"check_collision":false},{"head":[[0.997948,0.035579,0.053235,-0.011291],[-0.034704,0.999248,-0.017268,0.004642],[-0.053809,0.015385,0.998433,0.000555],[0.0,0.0,0.0,1.0]],"antennas":[0.0,0.163352],"body_yaw":0.0,"check_collision":false},{"head":[[0.997877,0.035566,0.054555,-0.011228],[-0.034642,0.999241,-0.017807,0.004515],[-0.055147,0.015879,0.998352,0.000499],[0.0,0.0,0.0,1.0]],"antennas":[0.0,0.163352],"body_yaw":0.0,"check_collision":false},{"head":[[0.997783,0.035454,0.056328,-0.011241],[-0.034494,0.999244,-0.017932,0.004523],[-0.056922,0.015949,0.998251,0.000411],[0.0,0.0,0.0,1.0]],"antennas":[0.0,0.163352],"body_yaw":0.0,"check_collision":false},{"head":[[0.997674,0.035228,0.058356,-0.011282],[-0.034217,0.999248,-0.018234,0.00454],[-0.058954,0.016195,0.998129,0.000394],[0.0,0.0,0.0,1.0]],"antennas":[0.0,0.163352],"body_yaw":0.0,"check_collision":false},{"head":[[0.997531,0.035191,0.060782,-0.01125],[-0.034088,0.999236,-0.019098,0.004593],[-0.061407,0.016979,0.997968,0.000399],[0.0,0.0,0.0,1.0]],"antennas":[0.0,0.163352],"body_yaw":0.0,"check_collision":false},{"head":[[0.997389,0.035523,0.062873,-0.011223],[-0.034343,0.999215,-0.019743,0.004654],[-0.063525,0.017532,0.997826,0.000358],[0.0,0.0,0.0,1.0]],"antennas":[0.0,0.163352],"body_yaw":0.0,"check_collision":false},{"head":[[0.997194,0.035734,0.065777,-0.011239],[-0.034419,0.999186,-0.021018,0.004662],[-0.066474,0.018695,0.997613,0.000221],[0.0,0.0,0.0,1.0]],"antennas":[0.0,0.163352],"body_yaw":0.0,"check_collision":false},{"head":[[0.996981,0.035562,0.069021,-0.011195],[-0.034103,0.999172,-0.0222,0.00461],[-0.069754,0.019779,0.997368,8.9e-05],[0.0,0.0,0.0,1.0]],"antennas":[0.0,0.163352],"body_yaw":0.0,"check_collision":false},{"head":[[0.996731,0.035252,0.072692,-0.011135],[-0.033644,0.999164,-0.02323,0.004622],[-0.07345,0.020709,0.997084,-6.5e-05],[0.0,0.0,0.0,1.0]],"antennas":[-0.010259,0.163352],"body_yaw":0.0,"check_collision":false},{"head":[[0.996472,0.034758,0.076387,-0.011128],[-0.033002,0.999164,-0.024128,0.004622],[-0.077161,0.021522,0.996786,-0.000182],[0.0,0.0,0.0,1.0]],"antennas":[-0.028828,0.163352],"body_yaw":0.0,"check_collision":false},{"head":[[0.996264,0.034287,0.079258,-0.011163],[-0.032428,0.999171,-0.024617,0.004646],[-0.080036,0.021955,0.99655,-0.00024],[0.0,0.0,0.0,1.0]],"antennas":[-0.050218,0.163352],"body_yaw":0.0,"check_collision":false},{"head":[[0.996042,0.03391,0.082162,-0.011161],[-0.031919,0.999167,-0.025422,0.004775],[-0.082956,0.022699,0.996295,-0.000266],[0.0,0.0,0.0,1.0]],"antennas":[-0.073386,0.163352],"body_yaw":0.0,"check_collision":false},{"head":[[0.995669,0.033704,0.086643,-0.011117],[-0.031498,0.999147,-0.026701,0.004815],[-0.087469,0.023857,0.995882,-0.000394],[0.0,0.0,0.0,1.0]],"antennas":[-0.098387,0.163352],"body_yaw":0.0,"check_collision":false},{"head":[[0.995319,0.033516,0.090643,-0.01107],[-0.031145,0.999138,-0.027451,0.004795],[-0.091485,0.024499,0.995505,-0.000501],[0.0,0.0,0.0,1.0]],"antennas":[-0.123713,0.163352],"body_yaw":0.0,"check_collision":false},{"head":[[0.995035,0.033332,0.093774,-0.011051],[-0.030789,0.999121,-0.028436,0.004822],[-0.09464,0.025407,0.995187,-0.000649],[0.0,0.0,0.0,1.0]],"antennas":[-0.148742,0.165532],"body_yaw":0.0,"check_collision":false},{"head":[[0.994676,0.033184,0.097566,-0.011022],[-0.0304,0.999091,-0.029888,0.004735],[-0.09847,0.026763,0.99478,-0.000744],[0.0,0.0,0.0,1.0]],"antennas":[-0.173908,0.180551],"body_yaw":0.0,"check_collision":false},{"head":[[0.994236,0.033151,0.101958,-0.011047],[-0.030186,0.999079,-0.030486,0.004615],[-0.102875,0.027232,0.994321,-0.000772],[0.0,0.0,0.0,1.0]],"antennas":[-0.19929,0.200315],"body_yaw":0.0,"check_collision":false},{"head":[[0.99376,0.033505,0.106388,-0.011081],[-0.030366,0.999058,-0.030987,0.004475],[-0.107326,0.027563,0.993842,-0.000792],[0.0,0.0,0.0,1.0]],"antennas":[-0.225496,0.222404],"body_yaw":0.0,"check_collision":false},{"head":[[0.993191,0.033957,0.111438,-0.011122],[-0.03057,0.999022,-0.031959,0.004514],[-0.112414,0.028335,0.993257,-0.000941],[0.0,0.0,0.0,1.0]],"antennas":[-0.253718,0.244883],"body_yaw":0.0,"check_collision":false},{"head":[[0.992636,0.034679,0.116063,-0.011197],[-0.031107,0.998989,-0.032452,0.004533],[-0.117071,0.028603,0.992712,-0.001009],[0.0,0.0,0.0,1.0]],"antennas":[-0.281707,0.267176],"body_yaw":0.0,"check_collision":false},{"head":[[0.992097,0.035059,0.120476,-0.011306],[-0.031283,0.998963,-0.033092,0.004499],[-0.121512,0.029062,0.992164,-0.001095],[0.0,0.0,0.0,1.0]],"antennas":[-0.309484,0.289542],"body_yaw":0.0,"check_collision":false},{"head":[[0.991409,0.035223,0.125969,-0.011425],[-0.031157,0.998932,-0.034105,0.004421],[-0.127035,0.029887,0.991448,-0.001191],[0.0,0.0,0.0,1.0]],"antennas":[-0.337946,0.316086],"body_yaw":0.0,"check_collision":false},{"head":[[0.990573,0.036007,0.132168,-0.011528],[-0.031661,0.998892,-0.034832,0.004326],[-0.133275,0.030319,0.990615,-0.001305],[0.0,0.0,0.0,1.0]],"antennas":[-0.365949,0.344203],"body_yaw":0.0,"check_collision":false},{"head":[[0.98983,0.037002,0.137359,-0.011615],[-0.032405,0.998842,-0.035556,0.004262],[-0.138515,0.030743,0.989883,-0.00137],[0.0,0.0,0.0,1.0]],"antennas":[-0.394149,0.372876],"body_yaw":0.0,"check_collision":false},{"head":[[0.989151,0.037771,0.141964,-0.011679],[-0.032936,0.9988,-0.036254,0.004251],[-0.143163,0.031185,0.989208,-0.00141],[0.0,0.0,0.0,1.0]],"antennas":[-0.422094,0.401764],"body_yaw":0.0,"check_collision":false},{"head":[[0.988603,0.038603,0.14551,-0.01178],[-0.033612,0.998764,-0.036606,0.004357],[-0.146743,0.031298,0.988679,-0.001535],[0.0,0.0,0.0,1.0]],"antennas":[-0.450379,0.431005],"body_yaw":0.0,"check_collision":false},{"head":[[0.988027,0.039405,0.149163,-0.011937],[-0.034304,0.99874,-0.036622,0.004455],[-0.150419,0.031066,0.988134,-0.00164],[0.0,0.0,0.0,1.0]],"antennas":[-0.478392,0.459964],"body_yaw":0.0,"check_collision":false},{"head":[[0.987384,0.039947,0.153225,-0.011958],[-0.034687,0.998719,-0.036851,0.00442],[-0.154501,0.031071,0.987504,-0.001814],[0.0,0.0,0.0,1.0]],"antennas":[-0.506607,0.489037],"body_yaw":0.0,"check_collision":false},{"head":[[0.986556,0.040805,0.158248,-0.011984],[-0.035382,0.998691,-0.036936,0.004379],[-0.159548,0.03084,0.986708,-0.002058],[0.0,0.0,0.0,1.0]],"antennas":[-0.53466,0.517086],"body_yaw":0.0,"check_collision":false},{"head":[[0.985804,0.041416,0.162711,-0.012008],[-0.035815,0.998665,-0.037211,0.004297],[-0.164035,0.030855,0.985972,-0.00228],[0.0,0.0,0.0,1.0]],"antennas":[-0.562725,0.545147],"body_yaw":0.0,"check_collision":false},{"head":[[0.985264,0.041935,0.165817,-0.012024],[-0.036123,0.998628,-0.037913,0.00437],[-0.16718,0.031364,0.985427,-0.002447],[0.0,0.0,0.0,1.0]],"antennas":[-0.590747,0.573166],"body_yaw":0.0,"check_collision":false},{"head":[[0.984763,0.042286,0.168683,-0.012119],[-0.036323,0.998607,-0.038281,0.004398],[-0.170067,0.03157,0.984927,-0.00251],[0.0,0.0,0.0,1.0]],"antennas":[-0.618962,0.601376],"body_yaw":0.0,"check_collision":false},{"head":[[0.984045,0.042911,0.172667,-0.012222],[-0.036783,0.99858,-0.038537,0.004395],[-0.174076,0.031571,0.984226,-0.002523],[0.0,0.0,0.0,1.0]],"antennas":[-0.647063,0.629474],"body_yaw":0.0,"check_collision":false},{"head":[[0.983024,0.043672,0.178204,-0.012295],[-0.03735,0.998553,-0.038678,0.004338],[-0.179635,0.031366,0.983233,-0.002515],[0.0,0.0,0.0,1.0]],"antennas":[-0.675089,0.657496],"body_yaw":0.0,"check_collision":false},{"head":[[0.982048,0.044391,0.183333,-0.012302],[-0.037837,0.998519,-0.039092,0.004252],[-0.184797,0.031454,0.982273,-0.002653],[0.0,0.0,0.0,1.0]],"antennas":[-0.70282,0.685223],"body_yaw":0.0,"check_collision":false},{"head":[[0.981421,0.045034,0.186509,-0.012339],[-0.038349,0.998491,-0.039302,0.004186],[-0.187998,0.03142,0.981667,-0.002883],[0.0,0.0,0.0,1.0]],"antennas":[-0.73138,0.71378],"body_yaw":0.0,"check_collision":false},{"head":[[0.980943,0.045599,0.188871,-0.01239],[-0.038822,0.998468,-0.039428,0.004319],[-0.190379,0.031344,0.98121,-0.003154],[0.0,0.0,0.0,1.0]],"antennas":[-0.759332,0.741728],"body_yaw":0.0,"check_collision":false},{"head":[[0.980299,0.046573,0.191948,-0.012487],[-0.039667,0.998425,-0.039667,0.004386],[-0.193493,0.031272,0.980603,-0.003294],[0.0,0.0,0.0,1.0]],"antennas":[-0.78753,0.770436],"body_yaw":0.0,"check_collision":false},{"head":[[0.979312,0.04776,0.196639,-0.012612],[-0.040541,0.998354,-0.04058,0.004407],[-0.198253,0.031768,0.979636,-0.003373],[0.0,0.0,0.0,1.0]],"antennas":[-0.815585,0.79896],"body_yaw":0.0,"check_collision":false},{"head":[[0.978587,0.048268,0.200094,-0.012736],[-0.040769,0.998309,-0.041429,0.004393],[-0.201755,0.032384,0.9789,-0.00334],[0.0,0.0,0.0,1.0]],"antennas":[-0.843707,0.827551],"body_yaw":0.0,"check_collision":false},{"head":[[0.977837,0.048647,0.203637,-0.012792],[-0.040906,0.998278,-0.042053,0.004407],[-0.205332,0.032791,0.978143,-0.003318],[0.0,0.0,0.0,1.0]],"antennas":[-0.87173,0.856041],"body_yaw":0.0,"check_collision":false},{"head":[[0.976793,0.049162,0.208466,-0.012852],[-0.040998,0.99822,-0.043305,0.004428],[-0.210224,0.033753,0.977071,-0.003527],[0.0,0.0,0.0,1.0]],"antennas":[-0.900012,0.885279],"body_yaw":0.0,"check_collision":false},{"head":[[0.975942,0.049957,0.212228,-0.012892],[-0.04137,0.998143,-0.044717,0.004317],[-0.214068,0.034861,0.976196,-0.003783],[0.0,0.0,0.0,1.0]],"antennas":[-0.928044,0.914257],"body_yaw":0.0,"check_collision":false},{"head":[[0.974787,0.05163,0.217081,-0.012999],[-0.042671,0.998041,-0.04576,0.004209],[-0.219018,0.035343,0.97508,-0.003901],[0.0,0.0,0.0,1.0]],"antennas":[-0.956247,0.943408],"body_yaw":0.0,"check_collision":false},{"head":[[0.97365,0.05338,0.221713,-0.013102],[-0.044101,0.99794,-0.046598,0.004089],[-0.223743,0.035593,0.973998,-0.003931],[0.0,0.0,0.0,1.0]],"antennas":[-0.984151,0.971308],"body_yaw":0.0,"check_collision":false},{"head":[[0.972575,0.054552,0.226103,-0.013161],[-0.044927,0.99786,-0.047501,0.004025],[-0.228211,0.036041,0.972944,-0.004008],[0.0,0.0,0.0,1.0]],"antennas":[-1.01228,1.000379],"body_yaw":0.0,"check_collision":false},{"head":[[0.971561,0.055183,0.230269,-0.013198],[-0.045062,0.997782,-0.048985,0.00405],[-0.232462,0.037215,0.971893,-0.004047],[0.0,0.0,0.0,1.0]],"antennas":[-1.040505,1.029078],"body_yaw":0.0,"check_collision":false},{"head":[[0.970542,0.055786,0.234386,-0.013233],[-0.045224,0.997715,-0.050201,0.004217],[-0.236651,0.038122,0.970847,-0.004127],[0.0,0.0,0.0,1.0]],"antennas":[-1.068589,1.057651],"body_yaw":0.0,"check_collision":false},{"head":[[0.969752,0.056378,0.237494,-0.013196],[-0.045469,0.997654,-0.051169,0.004243],[-0.239822,0.038823,0.97004,-0.004362],[0.0,0.0,0.0,1.0]],"antennas":[-1.096604,1.086142],"body_yaw":0.0,"check_collision":false},{"head":[[0.96859,0.057362,0.241956,-0.013277],[-0.046055,0.997578,-0.052134,0.004168],[-0.24436,0.039353,0.968886,-0.004598],[0.0,0.0,0.0,1.0]],"antennas":[-1.124779,1.11476],"body_yaw":0.0,"check_collision":false},{"head":[[0.9673,0.058509,0.246793,-0.013426],[-0.046765,0.997489,-0.053188,0.004193],[-0.249285,0.039907,0.967607,-0.004769],[0.0,0.0,0.0,1.0]],"antennas":[-1.152849,1.143299],"body_yaw":0.0,"check_collision":false},{"head":[[0.966181,0.059416,0.250925,-0.013435],[-0.047378,0.99743,-0.053751,0.004154],[-0.253474,0.040045,0.966513,-0.004762],[0.0,0.0,0.0,1.0]],"antennas":[-1.180957,1.171442],"body_yaw":0.0,"check_collision":false},{"head":[[0.965294,0.059779,0.254231,-0.013434],[-0.047436,0.997391,-0.054411,0.004255],[-0.25682,0.040463,0.965612,-0.004937],[0.0,0.0,0.0,1.0]],"antennas":[-1.20907,1.199551],"body_yaw":0.0,"check_collision":false},{"head":[[0.96409,0.060303,0.25864,-0.013495],[-0.047557,0.997339,-0.055261,0.004342],[-0.261284,0.040977,0.964392,-0.005133],[0.0,0.0,0.0,1.0]],"antennas":[-1.237277,1.227755],"body_yaw":0.0,"check_collision":false},{"head":[[0.962938,0.061047,0.262725,-0.013633],[-0.04801,0.997289,-0.055763,0.004496],[-0.265417,0.041082,0.963258,-0.005331],[0.0,0.0,0.0,1.0]],"antennas":[-1.265202,1.255676],"body_yaw":0.0,"check_collision":false},{"head":[[0.96183,0.062141,0.266499,-0.01359],[-0.048636,0.99719,-0.056985,0.004504],[-0.269291,0.041848,0.962149,-0.005547],[0.0,0.0,0.0,1.0]],"antennas":[-1.293406,1.283876],"body_yaw":0.0,"check_collision":false},{"head":[[0.96059,0.063462,0.270629,-0.013565],[-0.049719,0.997116,-0.057346,0.004465],[-0.273488,0.041631,0.960974,-0.005828],[0.0,0.0,0.0,1.0]],"antennas":[-1.321472,1.311939],"body_yaw":0.0,"check_collision":false},{"head":[[0.959268,0.064491,0.275038,-0.01373],[-0.05027,0.997024,-0.058455,0.004475],[-0.277989,0.042248,0.959655,-0.005926],[0.0,0.0,0.0,1.0]],"antennas":[-1.349588,1.340051],"body_yaw":0.0,"check_collision":false},{"head":[[0.957737,0.065429,0.280107,-0.013849],[-0.050908,0.99697,-0.058814,0.004541],[-0.283106,0.042068,0.958166,-0.006046],[0.0,0.0,0.0,1.0]],"antennas":[-1.377686,1.368146],"body_yaw":0.0,"check_collision":false},{"head":[[0.955779,0.066978,0.286359,-0.013944],[-0.052036,0.996872,-0.059482,0.004364],[-0.289447,0.041951,0.956274,-0.00606],[0.0,0.0,0.0,1.0]],"antennas":[-1.405583,1.396039],"body_yaw":0.0,"check_collision":false},{"head":[[0.953941,0.068681,0.292026,-0.014019],[-0.053459,0.996778,-0.0598,0.004387],[-0.295192,0.041435,0.954539,-0.00626],[0.0,0.0,0.0,1.0]],"antennas":[-1.434006,1.424458],"body_yaw":0.0,"check_collision":false},{"head":[[0.952534,0.069825,0.296317,-0.014046],[-0.054112,0.996675,-0.060911,0.004283],[-0.299584,0.041985,0.953146,-0.0062],[0.0,0.0,0.0,1.0]],"antennas":[-1.462115,1.452564],"body_yaw":0.0,"check_collision":false},{"head":[[0.951401,0.070625,0.299747,-0.014096],[-0.054484,0.996595,-0.061882,0.004261],[-0.303097,0.042543,0.95201,-0.006446],[0.0,0.0,0.0,1.0]],"antennas":[-1.490086,1.480531],"body_yaw":0.0,"check_collision":false},{"head":[[0.949958,0.071882,0.303996,-0.014285],[-0.055359,0.9965,-0.062636,0.004329],[-0.307435,0.042673,0.950612,-0.006798],[0.0,0.0,0.0,1.0]],"antennas":[-1.518338,1.508779],"body_yaw":0.0,"check_collision":false},{"head":[[0.948689,0.073007,0.307668,-0.014337],[-0.056115,0.996409,-0.06341,0.004122],[-0.311192,0.042892,0.949379,-0.006826],[0.0,0.0,0.0,1.0]],"antennas":[-1.546279,1.536716],"body_yaw":0.0,"check_collision":false},{"head":[[0.947392,0.073923,0.311422,-0.01443],[-0.056416,0.996298,-0.064868,0.004137],[-0.315064,0.043886,0.948055,-0.006848],[0.0,0.0,0.0,1.0]],"antennas":[-1.5744,1.564833],"body_yaw":0.0,"check_collision":false},{"head":[[0.945934,0.074659,0.315652,-0.014531],[-0.056318,0.996173,-0.066846,0.004079],[-0.319434,0.045455,0.946518,-0.006889],[0.0,0.0,0.0,1.0]],"antennas":[-1.602355,1.592784],"body_yaw":0.0,"check_collision":false},{"head":[[0.944827,0.075349,0.318785,-0.014723],[-0.056265,0.996052,-0.068669,0.004116],[-0.322701,0.046944,0.945336,-0.00705],[0.0,0.0,0.0,1.0]],"antennas":[-1.630131,1.620557],"body_yaw":0.0,"check_collision":false},{"head":[[0.943356,0.076277,0.322896,-0.014844],[-0.05664,0.995952,-0.069797,0.004202],[-0.326913,0.047555,0.943857,-0.007271],[0.0,0.0,0.0,1.0]],"antennas":[-1.658254,1.648197],"body_yaw":0.0,"check_collision":false},{"head":[[0.94181,0.077438,0.327103,-0.014931],[-0.057313,0.995847,-0.070735,0.004253],[-0.331222,0.047872,0.942338,-0.007442],[0.0,0.0,0.0,1.0]],"antennas":[-1.686345,1.675967],"body_yaw":0.0,"check_collision":false},{"head":[[0.94036,0.078594,0.330977,-0.015024],[-0.057889,0.995725,-0.071971,0.004234],[-0.335219,0.048519,0.94089,-0.007661],[0.0,0.0,0.0,1.0]],"antennas":[-1.714397,1.703064],"body_yaw":0.0,"check_collision":false},{"head":[[0.938941,0.079705,0.334718,-0.015166],[-0.058495,0.995615,-0.072995,0.004387],[-0.339069,0.048959,0.939487,-0.007944],[0.0,0.0,0.0,1.0]],"antennas":[-1.742549,1.729951],"body_yaw":0.0,"check_collision":false},{"head":[[0.937916,0.08066,0.337355,-0.015312],[-0.059119,0.995529,-0.073663,0.00444],[-0.341788,0.049146,0.938491,-0.007917],[0.0,0.0,0.0,1.0]],"antennas":[-1.77072,1.75621],"body_yaw":0.0,"check_collision":false},{"head":[[0.936854,0.08121,0.340161,-0.015431],[-0.059186,0.995452,-0.074649,0.004545],[-0.344677,0.049803,0.937399,-0.008012],[0.0,0.0,0.0,1.0]],"antennas":[-1.798783,1.782366],"body_yaw":0.0,"check_collision":false},{"head":[[0.934991,0.081711,0.345131,-0.015449],[-0.059024,0.995378,-0.075757,0.004351],[-0.349726,0.050461,0.935492,-0.008122],[0.0,0.0,0.0,1.0]],"antennas":[-1.826941,1.808612],"body_yaw":0.0,"check_collision":false},{"head":[[0.932752,0.082307,0.350997,-0.015502],[-0.058969,0.99531,-0.076688,0.004256],[-0.355663,0.050833,0.933231,-0.008233],[0.0,0.0,0.0,1.0]],"antennas":[-1.855062,1.834823],"body_yaw":0.0,"check_collision":false},{"head":[[0.930941,0.083571,0.355478,-0.015502],[-0.059871,0.995218,-0.077178,0.004184],[-0.360228,0.050565,0.931493,-0.008351],[0.0,0.0,0.0,1.0]],"antennas":[-1.883077,1.860935],"body_yaw":0.0,"check_collision":false},{"head":[[0.929227,0.084349,0.359753,-0.015614],[-0.060197,0.995147,-0.077839,0.004192],[-0.364573,0.050674,0.929795,-0.008553],[0.0,0.0,0.0,1.0]],"antennas":[-1.911274,1.887217],"body_yaw":0.0,"check_collision":false},{"head":[[0.927639,0.084832,0.363715,-0.015806],[-0.059908,0.99505,-0.079291,0.004291],[-0.368641,0.051764,0.928129,-0.008809],[0.0,0.0,0.0,1.0]],"antennas":[-1.939345,1.91338],"body_yaw":0.0,"check_collision":false},{"head":[[0.925785,0.085256,0.368313,-0.015934],[-0.059511,0.994958,-0.080723,0.004202],[-0.373338,0.052814,0.926191,-0.008774],[0.0,0.0,0.0,1.0]],"antennas":[-1.967419,1.939548],"body_yaw":0.0,"check_collision":false},{"head":[[0.924024,0.085772,0.37259,-0.016026],[-0.059287,0.994868,-0.081994,0.004271],[-0.37771,0.053675,0.924367,-0.008762],[0.0,0.0,0.0,1.0]],"antennas":[-1.995515,1.965735],"body_yaw":0.0,"check_collision":false},{"head":[[0.922241,0.086591,0.376793,-0.016074],[-0.0592,0.994731,-0.0837,0.004353],[-0.382055,0.054885,0.922508,-0.008965],[0.0,0.0,0.0,1.0]],"antennas":[-2.023577,1.991891],"body_yaw":0.0,"check_collision":false},{"head":[[0.921966,0.087083,0.377354,-0.016144],[-0.059435,0.994664,-0.084326,0.004301],[-0.382683,0.055318,0.922222,-0.009226],[0.0,0.0,0.0,1.0]],"antennas":[-2.051733,2.018135],"body_yaw":0.0,"check_collision":false},{"head":[[0.921926,0.087746,0.377298,-0.016145],[-0.060054,0.994606,-0.084567,0.004418],[-0.382683,0.055306,0.922223,-0.009391],[0.0,0.0,0.0,1.0]],"antennas":[-2.079603,2.044112],"body_yaw":0.0,"check_collision":false},{"head":[[0.921858,0.088728,0.377233,-0.016247],[-0.061079,0.994536,-0.084661,0.004569],[-0.382683,0.055004,0.922241,-0.009635],[0.0,0.0,0.0,1.0]],"antennas":[-2.107889,2.070477],"body_yaw":0.0,"check_collision":false},{"head":[[0.921813,0.089382,0.377189,-0.016364],[-0.061759,0.994488,-0.084727,0.004391],[-0.382683,0.054808,0.922252,-0.009521],[0.0,0.0,0.0,1.0]],"antennas":[-2.135967,2.096648],"body_yaw":0.0,"check_collision":false},{"head":[[0.921804,0.089568,0.377167,-0.016485],[-0.061896,0.994466,-0.084887,0.004554],[-0.382683,0.054904,0.922247,-0.009787],[0.0,0.0,0.0,1.0]],"antennas":[-2.16403,2.122804],"body_yaw":0.0,"check_collision":false},{"head":[[0.921785,0.090217,0.377058,-0.016367],[-0.062169,0.994359,-0.085932,0.004401],[-0.382683,0.055769,0.922195,-0.009767],[0.0,0.0,0.0,1.0]],"antennas":[-2.192137,2.149002],"body_yaw":0.0,"check_collision":false},{"head":[[0.921791,0.09071,0.376927,-0.016442],[-0.062091,0.994234,-0.087422,0.004548],[-0.382683,0.057181,0.922108,-0.010154],[0.0,0.0,0.0,1.0]],"antennas":[-2.220274,2.175228],"body_yaw":0.0,"check_collision":false},{"head":[[0.921763,0.091414,0.376825,-0.016434],[-0.062502,0.994133,-0.088277,0.004583],[-0.382683,0.057818,0.922069,-0.010267],[0.0,0.0,0.0,1.0]],"antennas":[-2.248324,2.201372],"body_yaw":0.0,"check_collision":false},{"head":[[0.921706,0.092432,0.376716,-0.016491],[-0.063338,0.994022,-0.088928,0.004925],[-0.382683,0.058105,0.922051,-0.010553],[0.0,0.0,0.0,1.0]],"antennas":[-2.27645,2.227588],"body_yaw":0.0,"check_collision":false},{"head":[[0.921646,0.093083,0.376701,-0.016526],[-0.064197,0.994001,-0.088551,0.004869],[-0.382683,0.05743,0.922093,-0.010644],[0.0,0.0,0.0,1.0]],"antennas":[-2.304574,2.253802],"body_yaw":0.0,"check_collision":false},{"head":[[0.921619,0.093252,0.376726,-0.016587],[-0.064592,0.994021,-0.088036,0.004871],[-0.382683,0.056803,0.922132,-0.010795],[0.0,0.0,0.0,1.0]],"antennas":[-2.332599,2.279924],"body_yaw":0.0,"check_collision":false},{"head":[[0.9216,0.093527,0.376704,-0.016604],[-0.06486,0.993997,-0.088106,0.004985],[-0.382683,0.056765,0.922134,-0.010919],[0.0,0.0,0.0,1.0]],"antennas":[-2.360787,2.306197],"body_yaw":0.0,"check_collision":false},{"head":[[0.921619,0.093646,0.376628,-0.016725],[-0.06459,0.993928,-0.08908,0.005216],[-0.382683,0.057771,0.922071,-0.011103],[0.0,0.0,0.0,1.0]],"antennas":[-2.388843,2.332347],"body_yaw":0.0,"check_collision":false},{"head":[[0.92164,0.093917,0.376509,-0.016796],[-0.064288,0.993816,-0.090532,0.005298],[-0.382683,0.059232,0.921979,-0.011324],[0.0,0.0,0.0,1.0]],"antennas":[-2.416758,2.358366],"body_yaw":0.0,"check_collision":false},{"head":[[0.921662,0.094244,0.376373,-0.016896],[-0.063967,0.993686,-0.092178,0.005206],[-0.382683,0.060882,0.921871,-0.011466],[0.0,0.0,0.0,1.0]],"antennas":[-2.444929,2.384465],"body_yaw":0.0,"check_collision":false},{"head":[[0.921611,0.095274,0.376239,-0.017034],[-0.064702,0.993552,-0.093105,0.005357],[-0.382683,0.061463,0.921833,-0.011579],[0.0,0.0,0.0,1.0]],"antennas":[-2.472941,2.408351],"body_yaw":0.0,"check_collision":false},{"head":[[0.92161,0.095852,0.376096,-0.016965],[-0.064724,0.993411,-0.094577,0.005317],[-0.382683,0.062821,0.921741,-0.011605],[0.0,0.0,0.0,1.0]],"antennas":[-2.500592,2.421446],"body_yaw":0.0,"check_collision":false},{"head":[[0.921626,0.096096,0.375995,-0.016899],[-0.064496,0.993311,-0.095778,0.005362],[-0.382683,0.064021,0.921659,-0.011844],[0.0,0.0,0.0,1.0]],"antennas":[-2.525748,2.421446],"body_yaw":0.0,"check_collision":false},{"head":[[0.921629,0.096293,0.375935,-0.016878],[-0.064443,0.993252,-0.096428,0.005345],[-0.382683,0.064644,0.921615,-0.012013],[0.0,0.0,0.0,1.0]],"antennas":[-2.538937,2.421446],"body_yaw":0.0,"check_collision":false},{"head":[[0.921618,0.096839,0.375822,-0.016908],[-0.064601,0.993138,-0.097487,0.005491],[-0.382683,0.065567,0.92155,-0.012252],[0.0,0.0,0.0,1.0]],"antennas":[-2.538937,2.421446],"body_yaw":0.0,"check_collision":false},{"head":[[0.921619,0.097745,0.375586,-0.016942],[-0.064596,0.992899,-0.099892,0.00575],[-0.382683,0.067801,0.921388,-0.012502],[0.0,0.0,0.0,1.0]],"antennas":[-2.538937,2.421446],"body_yaw":0.0,"check_collision":false},{"head":[[0.921654,0.098563,0.375286,-0.017045],[-0.064089,0.992584,-0.103293,0.005891],[-0.382683,0.071149,0.921136,-0.012741],[0.0,0.0,0.0,1.0]],"antennas":[-2.538937,2.421446],"body_yaw":0.0,"check_collision":false},{"head":[[0.921662,0.099303,0.375071,-0.017132],[-0.063972,0.992356,-0.105536,0.00598],[-0.382683,0.073274,0.920969,-0.012661],[0.0,0.0,0.0,1.0]],"antennas":[-2.538937,2.421446],"body_yaw":0.0,"check_collision":false},{"head":[[0.92168,0.099912,0.374863,-0.017203],[-0.063706,0.99213,-0.107797,0.006015],[-0.382683,0.075474,0.920792,-0.01276],[0.0,0.0,0.0,1.0]],"antennas":[-2.538937,2.421446],"body_yaw":0.0,"check_collision":false},{"head":[[0.921707,0.100399,0.374668,-0.017022],[-0.063323,0.99191,-0.110022,0.005671],[-0.382683,0.077683,0.920608,-0.012762],[0.0,0.0,0.0,1.0]],"antennas":[-2.538937,2.421446],"body_yaw":0.0,"check_collision":false},{"head":[[0.921691,0.10127,0.374473,-0.016962],[-0.063551,0.9917,-0.111771,0.005561],[-0.382683,0.07922,0.920477,-0.012876],[0.0,0.0,0.0,1.0]],"antennas":[-2.538937,2.421446],"body_yaw":0.0,"check_collision":false},{"head":[[0.921674,0.101917,0.374338,-0.016963],[-0.063795,0.991558,-0.112889,0.005431],[-0.382683,0.080166,0.920395,-0.012868],[0.0,0.0,0.0,1.0]],"antennas":[-2.538937,2.421446],"body_yaw":0.0,"check_collision":false},{"head":[[0.921672,0.102324,0.374233,-0.016995],[-0.063826,0.991441,-0.113891,0.005408],[-0.382683,0.081084,0.920314,-0.012655],[0.0,0.0,0.0,1.0]],"antennas":[-2.538937,2.421446],"body_yaw":0.0,"check_collision":false},{"head":[[0.921661,0.102808,0.374126,-0.016894],[-0.063981,0.991327,-0.114795,0.005355],[-0.382683,0.081865,0.920245,-0.012376],[0.0,0.0,0.0,1.0]],"antennas":[-2.538937,2.421446],"body_yaw":0.0,"check_collision":false},{"head":[[0.92165,0.103253,0.374032,-0.016789],[-0.064146,0.991226,-0.11557,0.00521],[-0.382683,0.082522,0.920187,-0.012247],[0.0,0.0,0.0,1.0]],"antennas":[-2.538937,2.421446],"body_yaw":0.0,"check_collision":false},{"head":[[0.921647,0.103548,0.373957,-0.016657],[-0.064186,0.991143,-0.116256,0.004972],[-0.382683,0.083144,0.920131,-0.012247],[0.0,0.0,0.0,1.0]],"antennas":[-2.538937,2.421446],"body_yaw":0.0,"check_collision":false},{"head":[[0.92163,0.104008,0.373872,-0.016674],[-0.064434,0.991055,-0.116869,0.004984],[-0.382683,0.08362,0.920088,-0.012395],[0.0,0.0,0.0,1.0]],"antennas":[-2.538937,2.421446],"body_yaw":0.0,"check_collision":false},{"head":[[0.921592,0.104538,0.373817,-0.016656],[-0.064968,0.991009,-0.116967,0.004815],[-0.382683,0.08351,0.920098,-0.012437],[0.0,0.0,0.0,1.0]],"antennas":[-2.538937,2.421446],"body_yaw":0.0,"check_collision":false},{"head":[[0.921556,0.105129,0.37374,-0.016698],[-0.065475,0.990937,-0.117293,0.004801],[-0.382683,0.083622,0.920087,-0.012519],[0.0,0.0,0.0,1.0]],"antennas":[-2.538937,2.421446],"body_yaw":0.0,"check_collision":false},{"head":[[0.921535,0.105484,0.373694,-0.01668],[-0.065784,0.990894,-0.11748,0.004932],[-0.382683,0.083679,0.920082,-0.012481],[0.0,0.0,0.0,1.0]],"antennas":[-2.538937,2.421446],"body_yaw":0.0,"check_collision":false},{"head":[[0.921526,0.105688,0.373657,-0.016664],[-0.065898,0.990855,-0.117741,0.004863],[-0.382683,0.083878,0.920064,-0.012252],[0.0,0.0,0.0,1.0]],"antennas":[-2.538937,2.421446],"body_yaw":0.0,"check_collision":false},{"head":[[0.921533,0.105821,0.373602,-0.016661],[-0.0658,0.990791,-0.118334,0.005012],[-0.382683,0.084465,0.92001,-0.012305],[0.0,0.0,0.0,1.0]],"antennas":[-2.538937,2.421446],"body_yaw":0.0,"check_collision":false},{"head":[[0.921513,0.106193,0.373545,-0.016615],[-0.066079,0.990736,-0.118638,0.005074],[-0.382683,0.084643,0.919994,-0.012416],[0.0,0.0,0.0,1.0]],"antennas":[-2.538937,2.421446],"body_yaw":0.0,"check_collision":false},{"head":[[0.921505,0.106442,0.373496,-0.016591],[-0.066201,0.990685,-0.118999,0.005208],[-0.382683,0.084933,0.919967,-0.012608],[0.0,0.0,0.0,1.0]],"antennas":[-2.538937,2.421446],"body_yaw":0.0,"check_collision":false},{"head":[[0.921476,0.106805,0.373462,-0.01656],[-0.066592,0.990658,-0.119006,0.005246],[-0.382683,0.084791,0.91998,-0.01267],[0.0,0.0,0.0,1.0]],"antennas":[-2.538937,2.421446],"body_yaw":0.0,"check_collision":false},{"head":[[0.921459,0.106983,0.373455,-0.01658],[-0.066837,0.990657,-0.118879,0.005525],[-0.382683,0.084581,0.92,-0.012824],[0.0,0.0,0.0,1.0]],"antennas":[-2.538937,2.421446],"body_yaw":0.0,"check_collision":false},{"head":[[0.921418,0.107472,0.373414,-0.016547],[-0.067392,0.990627,-0.118816,0.005748],[-0.382683,0.084314,0.920024,-0.012952],[0.0,0.0,0.0,1.0]],"antennas":[-2.538937,2.421446],"body_yaw":0.0,"check_collision":false},{"head":[[0.921405,0.107778,0.373359,-0.016532],[-0.067577,0.990571,-0.119176,0.005878],[-0.382683,0.084578,0.92,-0.012965],[0.0,0.0,0.0,1.0]],"antennas":[-2.538937,2.421446],"body_yaw":0.0,"check_collision":false},{"head":[[0.921397,0.107805,0.373372,-0.01655],[-0.067689,0.990587,-0.118975,0.005939],[-0.382683,0.08435,0.920021,-0.012907],[0.0,0.0,0.0,1.0]],"antennas":[-2.538937,2.421446],"body_yaw":0.0,"check_collision":false},{"head":[[0.921359,0.108089,0.373383,-0.016522],[-0.068204,0.990613,-0.118468,0.005942],[-0.382683,0.083685,0.920082,-0.012937],[0.0,0.0,0.0,1.0]],"antennas":[-2.538937,2.421446],"body_yaw":0.0,"check_collision":false},{"head":[[0.921334,0.108263,0.373393,-0.016434],[-0.068533,0.990631,-0.118124,0.005893],[-0.382683,0.083242,0.920122,-0.013026],[0.0,0.0,0.0,1.0]],"antennas":[-2.538937,2.421446],"body_yaw":0.0,"check_collision":false},{"head":[[0.921274,0.108614,0.373439,-0.016338],[-0.069331,0.990697,-0.117103,0.005887],[-0.382683,0.081993,0.920234,-0.013131],[0.0,0.0,0.0,1.0]],"antennas":[-2.538937,2.421446],"body_yaw":0.0,"check_collision":false},{"head":[[0.921233,0.108908,0.373456,-0.016287],[-0.069886,0.990726,-0.116525,0.005874],[-0.382683,0.081247,0.9203,-0.013222],[0.0,0.0,0