{"description":"A movement to calm your interlocutor when they seem a little stressed or anxious. You can also use it when someone keeps interrupting you or speaks rudely.","time":[0.0,0.02,0.04,0.06,0.08,0.1,0.12,0.14,0.16,0.18,0.2,0.22,0.24,0.26,0.28,0.3,0.32,0.34,0.36,0.38,0.4,0.42,0.44,0.46,0.48,0.5,0.52,0.54,0.56,0.58,0.6,0.62,0.64,0.66,0.68,0.7,0.72,0.74,0.76,0.78,0.8,0.82,0.84,0.86,0.88,0.9,0.92,0.94,0.96,0.98,1.0,1.02,1.04,1.06,1.08,1.1,1.12,1.14,1.16,1.18,1.2,1.22,1.24,1.26,1.28,1.3,1.32,1.34,1.36,1.38,1.4,1.42,1.44,1.46,1.48,1.5,1.52,1.54,1.56,1.58,1.6,1.62,1.64,1.66,1.68,1.7,1.72,1.74,1.76,1.78,1.8,1.82,1.84,1.86,1.88,1.9,1.92,1.94,1.96,1.98,2.0,2.02,2.04,2.06,2.08,2.1,2.12,2.14,2.16,2.18,2.2,2.22,2.24,2.26,2.28,2.3,2.32,2.34,2.36,2.38,2.4,2.42,2.44,2.46,2.48,2.5,2.52,2.54,2.56,2.58,2.6,2.62,2.64,2.66,2.68,2.7,2.72,2.74,2.76,2.78,2.8,2.82,2.84,2.86,2.88,2.9,2.92,2.94,2.96,2.98,3.0,3.02,3.04,3.06,3.08,3.1,3.12,3.14,3.16,3.18,3.2,3.22,3.24,3.26,3.28,3.3,3.32,3.34,3.36,3.38,3.4,3.42,3.44,3.46,3.48,3.5,3.52,3.54,3.56,3.58,3.6,3.62,3.64,3.66,3.68,3.7,3.72,3.74,3.76,3.78,3.8,3.82,3.84,3.86,3.88,3.9,3.92,3.94,3.96,3.98,4.0,4.02,4.04,4.06,4.08,4.1,4.12,4.14,4.16,4.18,4.2,4.22,4.24,4.26,4.28,4.3,4.32,4.34,4.36,4.38,4.4,4.42,4.44,4.46,4.48,4.5,4.52,4.54,4.56,4.58,4.6,4.62,4.64,4.66,4.68,4.7,4.72,4.74,4.76,4.78,4.8,4.82,4.84,4.86,4.88,4.9,4.92,4.94,4.96,4.98,5.0,5.02,5.04,5.06,5.08,5.1,5.12,5.14,5.16,5.18,5.2,5.22,5.24,5.26,5.28,5.3,5.32,5.34,5.36,5.38,5.4,5.42,5.44,5.46,5.48,5.5,5.52,5.54,5.56,5.58,5.6,5.62,5.64,5.66,5.68,5.7,5.72,5.74,5.76,5.78,5.8,5.82,5.84,5.86,5.88,5.9,5.92,5.94,5.96,5.98,6.0,6.02,6.04,6.06],"set_target_data":[{"head":[[0.999246,0.019655,-0.03347,-0.021663],[-0.019484,0.999795,0.005429,0.000528],[0.03357,-0.004772,0.999425,0.006177],[0.0,0.0,0.0,1.0]],"antennas":[-0.084192,0.2318],"body_yaw":0.0,"check_collision":false},{"head":[[0.99923,0.019618,-0.033983,-0.021598],[-0.019459,0.999798,0.005004,0.000641],[0.034074,-0.004339,0.99941,0.006416],[0.0,0.0,0.0,1.0]],"antennas":[-0.084192,0.2318],"body_yaw":0.0,"check_collision":false},{"head":[[0.999216,0.019863,-0.034247,-0.021436],[-0.019722,0.999796,0.004466,0.000785],[0.034328,-0.003787,0.999403,0.006369],[0.0,0.0,0.0,1.0]],"antennas":[-0.084192,0.2318],"body_yaw":0.0,"check_collision":false},{"head":[[0.999193,0.020348,-0.034628,-0.021261],[-0.020221,0.999787,0.004009,0.000778],[0.034702,-0.003305,0.999392,0.006174],[0.0,0.0,0.0,1.0]],"antennas":[-0.084192,0.2318],"body_yaw":0.0,"check_collision":false},{"head":[[0.99919,0.02059,-0.03458,-0.021024],[-0.020467,0.999783,0.003895,0.000742],[0.034653,-0.003184,0.999394,0.006048],[0.0,0.0,0.0,1.0]],"antennas":[-0.084192,0.2318],"body_yaw":0.0,"check_collision":false},{"head":[[0.999178,0.020903,-0.03472,-0.020923],[-0.020781,0.999777,0.003847,0.000778],[0.034792,-0.003123,0.99939,0.006097],[0.0,0.0,0.0,1.0]],"antennas":[-0.084192,0.2318],"body_yaw":0.0,"check_collision":false},{"head":[[0.999167,0.020983,-0.034995,-0.02086],[-0.020875,0.999776,0.003451,0.000606],[0.03506,-0.002717,0.999382,0.006187],[0.0,0.0,0.0,1.0]],"antennas":[-0.084192,0.2318],"body_yaw":0.0,"check_collision":false},{"head":[[0.999182,0.021149,-0.034465,-0.020882],[-0.021039,0.999772,0.003556,0.000725],[0.034532,-0.002828,0.9994,0.006273],[0.0,0.0,0.0,1.0]],"antennas":[-0.084192,0.226225],"body_yaw":0.0,"check_collision":false},{"head":[[0.999204,0.021128,-0.033832,-0.020862],[-0.021025,0.999773,0.003399,0.000915],[0.033897,-0.002685,0.999422,0.006334],[0.0,0.0,0.0,1.0]],"antennas":[-0.084192,0.205829],"body_yaw":0.0,"check_collision":false},{"head":[[0.999242,0.021027,-0.032751,-0.020742],[-0.020933,0.999776,0.003226,0.00079],[0.032811,-0.002538,0.999458,0.006461],[0.0,0.0,0.0,1.0]],"antennas":[-0.084192,0.181048],"body_yaw":0.0,"check_collision":false},{"head":[[0.999244,0.021061,-0.032692,-0.020648],[-0.020936,0.999772,0.004153,0.000749],[0.032772,-0.003466,0.999457,0.006373],[0.0,0.0,0.0,1.0]],"antennas":[-0.084192,0.153748],"body_yaw":0.0,"check_collision":false},{"head":[[0.999266,0.020653,-0.032252,-0.020557],[-0.020531,0.999781,0.004104,0.000764],[0.03233,-0.003439,0.999471,0.006312],[0.0,0.0,0.0,1.0]],"antennas":[-0.084192,0.126418],"body_yaw":0.0,"check_collision":false},{"head":[[0.999274,0.020847,-0.031884,-0.020521],[-0.020724,0.999777,0.00416,0.000633],[0.031964,-0.003496,0.999483,0.006326],[0.0,0.0,0.0,1.0]],"antennas":[-0.084192,0.112701],"body_yaw":0.0,"check_collision":false},{"head":[[0.999257,0.02093,-0.032361,-0.020502],[-0.020797,0.999774,0.004447,0.000507],[0.032447,-0.003771,0.999466,0.00649],[0.0,0.0,0.0,1.0]],"antennas":[-0.084192,0.112701],"body_yaw":0.0,"check_collision":false},{"head":[[0.999232,0.021111,-0.033008,-0.02044],[-0.020961,0.999768,0.004877,0.000433],[0.033104,-0.004182,0.999443,0.00663],[0.0,0.0,0.0,1.0]],"antennas":[-0.090637,0.112701],"body_yaw":0.0,"check_collision":false},{"head":[[0.999228,0.020865,-0.03329,-0.02039],[-0.0207,0.999772,0.005275,0.000439],[0.033392,-0.004581,0.999432,0.006811],[0.0,0.0,0.0,1.0]],"antennas":[-0.116139,0.112701],"body_yaw":0.0,"check_collision":false},{"head":[[0.999216,0.020596,-0.033808,-0.020361],[-0.020434,0.999778,0.005153,0.000339],[0.033907,-0.004458,0.999415,0.006942],[0.0,0.0,0.0,1.0]],"antennas":[-0.14422,0.112701],"body_yaw":0.0,"check_collision":false},{"head":[[0.999189,0.020166,-0.034863,-0.020423],[-0.019985,0.999785,0.005535,0.000386],[0.034967,-0.004834,0.999377,0.006924],[0.0,0.0,0.0,1.0]],"antennas":[-0.146821,0.112701],"body_yaw":0.0,"check_collision":false},{"head":[[0.999191,0.019743,-0.035032,-0.020353],[-0.019563,0.999794,0.005473,0.000312],[0.035133,-0.004784,0.999371,0.007018],[0.0,0.0,0.0,1.0]],"antennas":[-0.146821,0.112701],"body_yaw":0.0,"check_collision":false},{"head":[[0.999194,0.019389,-0.035154,-0.020313],[-0.019207,0.9998,0.005513,0.000625],[0.035254,-0.004834,0.999367,0.006973],[0.0,0.0,0.0,1.0]],"antennas":[-0.146821,0.112701],"body_yaw":0.0,"check_collision":false},{"head":[[0.999181,0.019043,-0.035712,-0.020285],[-0.018844,0.999805,0.005908,0.000674],[0.035817,-0.00523,0.999345,0.007054],[0.0,0.0,0.0,1.0]],"antennas":[-0.146821,0.112701],"body_yaw":0.0,"check_collision":false},{"head":[[0.999183,0.018653,-0.035853,-0.02027],[-0.01843,0.999809,0.006522,0.00069],[0.035968,-0.005856,0.999336,0.007143],[0.0,0.0,0.0,1.0]],"antennas":[-0.146821,0.112701],"body_yaw":0.0,"check_collision":false},{"head":[[0.999187,0.018165,-0.036003,-0.020135],[-0.017923,0.999815,0.007036,0.000614],[0.036124,-0.006385,0.999327,0.007248],[0.0,0.0,0.0,1.0]],"antennas":[-0.146821,0.112701],"body_yaw":0.0,"check_collision":false},{"head":[[0.999198,0.017596,-0.035977,-0.020043],[-0.017349,0.999824,0.007184,0.000779],[0.036097,-0.006554,0.999327,0.007225],[0.0,0.0,0.0,1.0]],"antennas":[-0.146821,0.112701],"body_yaw":0.0,"check_collision":false},{"head":[[0.999186,0.017465,-0.036371,-0.020041],[-0.0172,0.999823,0.007597,0.000677],[0.036498,-0.006965,0.999309,0.007207],[0.0,0.0,0.0,1.0]],"antennas":[-0.146821,0.112701],"body_yaw":0.0,"check_collision":false},{"head":[[0.999204,0.017043,-0.036074,-0.019982],[-0.016788,0.999832,0.007376,0.000505],[0.036193,-0.006764,0.999322,0.00727],[0.0,0.0,0.0,1.0]],"antennas":[-0.146821,0.112701],"body_yaw":0.0,"check_collision":false},{"head":[[0.999223,0.017148,-0.035495,-0.020047],[-0.016899,0.999831,0.007282,0.000482],[0.035614,-0.006676,0.999343,0.007301],[0.0,0.0,0.0,1.0]],"antennas":[-0.14261,0.112701],"body_yaw":0.0,"check_collision":false},{"head":[[0.999226,0.017052,-0.035454,-0.020142],[-0.016836,0.999838,0.006399,0.000317],[0.035557,-0.005797,0.999351,0.00722],[0.0,0.0,0.0,1.0]],"antennas":[-0.11847,0.125261],"body_yaw":0.0,"check_collision":false},{"head":[[0.999227,0.017054,-0.035427,-0.02017],[-0.01686,0.999841,0.00575,0.000162],[0.03552,-0.005148,0.999356,0.007071],[0.0,0.0,0.0,1.0]],"antennas":[-0.074409,0.145073],"body_yaw":0.0,"check_collision":false},{"head":[[0.99926,0.016496,-0.034735,-0.020092],[-0.016342,0.999855,0.004712,1e-05],[0.034807,-0.004141,0.999385,0.006869],[0.0,0.0,0.0,1.0]],"antennas":[-0.022765,0.165156],"body_yaw":0.0,"check_collision":false},{"head":[[0.999269,0.015431,-0.034987,-0.020029],[-0.015276,0.999872,0.00468,-8.9e-05],[0.035055,-0.004142,0.999377,0.006645],[0.0,0.0,0.0,1.0]],"antennas":[0.029035,0.183007],"body_yaw":0.0,"check_collision":false},{"head":[[0.999295,0.014466,-0.034638,-0.020127],[-0.014319,0.999887,0.004484,-0.000208],[0.034699,-0.003985,0.99939,0.006308],[0.0,0.0,0.0,1.0]],"antennas":[0.080618,0.185382],"body_yaw":0.0,"check_collision":false},{"head":[[0.999332,0.012008,-0.034522,-0.020199],[-0.011904,0.999924,0.003195,-0.000479],[0.034557,-0.002782,0.999399,0.005963],[0.0,0.0,0.0,1.0]],"antennas":[0.11517,0.185382],"body_yaw":0.0,"check_collision":false},{"head":[[0.999405,0.010654,-0.032794,-0.020228],[-0.010573,0.999941,0.002653,-0.000632],[0.03282,-0.002305,0.999459,0.005637],[0.0,0.0,0.0,1.0]],"antennas":[0.11517,0.185382],"body_yaw":0.0,"check_collision":false},{"head":[[0.999451,0.010089,-0.031568,-0.020236],[-0.010029,0.999948,0.002062,-0.000939],[0.031588,-0.001744,0.999499,0.005439],[0.0,0.0,0.0,1.0]],"antennas":[0.11517,0.185382],"body_yaw":0.0,"check_collision":false},{"head":[[0.999453,0.009343,-0.031734,-0.020207],[-0.009323,0.999956,0.000791,-0.00113],[0.03174,-0.000494,0.999496,0.005163],[0.0,0.0,0.0,1.0]],"antennas":[0.11517,0.185382],"body_yaw":0.0,"check_collision":false},{"head":[[0.999438,0.008746,-0.032348,-0.020074],[-0.008781,0.999961,-0.000936,-0.001331],[0.032338,0.00122,0.999476,0.004712],[0.0,0.0,0.0,1.0]],"antennas":[0.11517,0.185382],"body_yaw":0.0,"check_collision":false},{"head":[[0.999438,0.008388,-0.03246,-0.019971],[-0.008499,0.999959,-0.003277,-0.001344],[0.032431,0.003551,0.999468,0.004042],[0.0,0.0,0.0,1.0]],"antennas":[0.11517,0.185382],"body_yaw":0.0,"check_collision":false},{"head":[[0.999432,0.008768,-0.032539,-0.019887],[-0.008934,0.999948,-0.00495,-0.001304],[0.032494,0.005238,0.999458,0.003368],[0.0,0.0,0.0,1.0]],"antennas":[0.110568,0.185382],"body_yaw":0.0,"check_collision":false},{"head":[[0.99937,0.00756,-0.034678,-0.01971],[-0.007814,0.999943,-0.007211,-0.00121],[0.034622,0.007477,0.999373,0.002734],[0.0,0.0,0.0,1.0]],"antennas":[0.067497,0.185382],"body_yaw":0.0,"check_collision":false},{"head":[[0.999346,0.00698,-0.035479,-0.019538],[-0.00731,0.999931,-0.009162,-0.000751],[0.035413,0.009415,0.999328,0.00206],[0.0,0.0,0.0,1.0]],"antennas":[-0.027924,0.207054],"body_yaw":0.0,"check_collision":false},{"head":[[0.999394,0.00893,-0.033647,-0.019661],[-0.009098,0.999947,-0.004861,-0.000905],[0.033601,0.005164,0.999422,0.00196],[0.0,0.0,0.0,1.0]],"antennas":[-0.131713,0.243329],"body_yaw":0.0,"check_collision":false},{"head":[[0.999229,0.008542,-0.038308,-0.020074],[-0.008658,0.999958,-0.002855,-0.000973],[0.038282,0.003185,0.999262,0.002168],[0.0,0.0,0.0,1.0]],"antennas":[-0.235821,0.280344],"body_yaw":0.0,"check_collision":false},{"head":[[0.999016,0.006389,-0.043889,-0.020364],[-0.006618,0.999965,-0.005066,-0.000966],[0.043855,0.005351,0.999024,0.002722],[0.0,0.0,0.0,1.0]],"antennas":[-0.325675,0.300566],"body_yaw":0.0,"check_collision":false},{"head":[[0.99881,0.005294,-0.048479,-0.0205],[-0.005584,0.999967,-0.005841,-0.000972],[0.048446,0.006104,0.998807,0.003391],[0.0,0.0,0.0,1.0]],"antennas":[-0.346421,0.300566],"body_yaw":0.0,"check_collision":false},{"head":[[0.998922,0.005961,-0.046027,-0.02084],[-0.006279,0.999957,-0.006761,-0.000878],[0.045984,0.007042,0.998917,0.003965],[0.0,0.0,0.0,1.0]],"antennas":[-0.346421,0.300566],"body_yaw":0.0,"check_collision":false},{"head":[[0.999027,0.004605,-0.043859,-0.0211],[-0.004939,0.99996,-0.007519,-0.00095],[0.043822,0.007729,0.999009,0.004505],[0.0,0.0,0.0,1.0]],"antennas":[-0.346421,0.300566],"body_yaw":0.0,"check_collision":false},{"head":[[0.998994,0.004875,-0.044582,-0.020951],[-0.005204,0.99996,-0.007275,-0.001036],[0.044545,0.0075,0.998979,0.004647],[0.0,0.0,0.0,1.0]],"antennas":[-0.346421,0.300566],"body_yaw":0.0,"check_collision":false},{"head":[[0.998994,0.006567,-0.044351,-0.020551],[-0.006821,0.999961,-0.005588,-0.001187],[0.044312,0.005885,0.999,0.004508],[0.0,0.0,0.0,1.0]],"antennas":[-0.346421,0.300566],"body_yaw":0.0,"check_collision":false},{"head":[[0.999148,0.008093,-0.040467,-0.020152],[-0.008288,0.999955,-0.00465,-0.001274],[0.040427,0.004982,0.99917,0.003819],[0.0,0.0,0.0,1.0]],"antennas":[-0.346421,0.300566],"body_yaw":0.0,"check_collision":false},{"head":[[0.999398,0.009493,-0.033371,-0.019982],[-0.009591,0.99995,-0.002801,-0.001193],[0.033342,0.003119,0.999439,0.003036],[0.0,0.0,0.0,1.0]],"antennas":[-0.346421,0.300566],"body_yaw":0.0,"check_collision":false},{"head":[[0.999438,0.01092,-0.031698,-0.019735],[-0.010886,0.99994,0.001244,-0.001152],[0.03171,-0.000898,0.999497,0.00261],[0.0,0.0,0.0,1.0]],"antennas":[-0.346421,0.300566],"body_yaw":0.0,"check_collision":false},{"head":[[0.999425,0.011869,-0.031755,-0.019338],[-0.011803,0.999928,0.002281,-0.001046],[0.03178,-0.001905,0.999493,0.002072],[0.0,0.0,0.0,1.0]],"antennas":[-0.344124,0.300566],"body_yaw":0.0,"check_collision":false},{"head":[[0.999429,0.011103,-0.031904,-0.019094],[-0.011045,0.999937,0.002004,-0.001111],[0.031924,-0.00165,0.999489,0.001649],[0.0,0.0,0.0,1.0]],"antennas":[-0.326323,0.298429],"body_yaw":0.0,"check_collision":false},{"head":[[0.999417,0.009899,-0.032683,-0.01892],[-0.009867,0.999951,0.001147,-0.001365],[0.032693,-0.000824,0.999465,0.00129],[0.0,0.0,0.0,1.0]],"antennas":[-0.289407,0.283783],"body_yaw":0.0,"check_collision":false},{"head":[[0.999436,0.00929,-0.032285,-0.018659],[-0.009257,0.999956,0.001184,-0.001671],[0.032294,-0.000885,0.999478,0.00091],[0.0,0.0,0.0,1.0]],"antennas":[-0.230224,0.264606],"body_yaw":0.0,"check_collision":false},{"head":[[0.999429,0.008447,-0.032705,-0.0186],[-0.008437,0.999964,0.000443,-0.001815],[0.032708,-0.000167,0.999465,0.000599],[0.0,0.0,0.0,1.0]],"antennas":[-0.162651,0.242724],"body_yaw":0.0,"check_collision":false},{"head":[[0.99936,0.006701,-0.035124,-0.018579],[-0.006687,0.999978,0.000499,-0.001884],[0.035127,-0.000264,0.999383,0.000467],[0.0,0.0,0.0,1.0]],"antennas":[-0.142536,0.225409],"body_yaw":0.0,"check_collision":false},{"head":[[0.999325,0.005308,-0.036346,-0.01848],[-0.005284,0.999986,0.000764,-0.002034],[0.03635,-0.000572,0.999339,0.000436],[0.0,0.0,0.0,1.0]],"antennas":[-0.142536,0.225409],"body_yaw":0.0,"check_collision":false},{"head":[[0.999278,0.004478,-0.037737,-0.018668],[-0.004417,0.999989,0.001693,-0.001931],[0.037744,-0.001525,0.999286,0.000607],[0.0,0.0,0.0,1.0]],"antennas":[-0.142536,0.225409],"body_yaw":0.0,"check_collision":false},{"head":[[0.999062,0.003608,-0.04316,-0.019052],[-0.003503,0.999991,0.002524,-0.002003],[0.043169,-0.00237,0.999065,0.001449],[0.0,0.0,0.0,1.0]],"antennas":[-0.142536,0.225409],"body_yaw":0.0,"check_collision":false},{"head":[[0.998733,0.001581,-0.050289,-0.019337],[-0.00158,0.999999,6.5e-05,-0.001893],[0.050289,1.4e-05,0.998735,0.00232],[0.0,0.0,0.0,1.0]],"antennas":[-0.142536,0.225409],"body_yaw":0.0,"check_collision":false},{"head":[[0.998238,-0.001567,-0.059311,-0.019335],[0.001133,0.999972,-0.007337,-0.001893],[0.059321,0.007257,0.998213,0.003078],[0.0,0.0,0.0,1.0]],"antennas":[-0.142536,0.225409],"body_yaw":0.0,"check_collision":false},{"head":[[0.997664,-0.00331,-0.068228,-0.019494],[0.002563,0.999936,-0.011033,-0.001867],[0.068261,0.010832,0.997609,0.003835],[0.0,0.0,0.0,1.0]],"antennas":[-0.142536,0.225409],"body_yaw":0.0,"check_collision":false},{"head":[[0.99722,-0.003387,-0.07444,-0.019644],[0.002463,0.999919,-0.012496,-0.001877],[0.074476,0.012278,0.997147,0.004525],[0.0,0.0,0.0,1.0]],"antennas":[-0.142536,0.225409],"body_yaw":0.0,"check_collision":false},{"head":[[0.996803,-0.004261,-0.079784,-0.019748],[0.002962,0.999861,-0.016397,-0.001917],[0.079842,0.016109,0.996677,0.005219],[0.0,0.0,0.0,1.0]],"antennas":[-0.142536,0.225409],"body_yaw":0.0,"check_collision":false},{"head":[[0.996488,-0.004027,-0.083644,-0.020055],[0.002517,0.999832,-0.018152,-0.001766],[0.083703,0.017877,0.99633,0.006069],[0.0,0.0,0.0,1.0]],"antennas":[-0.142536,0.225409],"body_yaw":0.0,"check_collision":false},{"head":[[0.996045,-0.004236,-0.088754,-0.020352],[0.002569,0.999818,-0.018884,-0.001569],[0.088818,0.018581,0.995875,0.00709],[0.0,0.0,0.0,1.0]],"antennas":[-0.142536,0.225409],"body_yaw":0.0,"check_collision":false},{"head":[[0.995633,-0.004993,-0.093223,-0.020545],[0.003244,0.999816,-0.018903,-0.001507],[0.0933,0.018518,0.995466,0.007928],[0.0,0.0,0.0,1.0]],"antennas":[-0.142536,0.225409],"body_yaw":0.0,"check_collision":false},{"head":[[0.995258,-0.005035,-0.097136,-0.020485],[0.003082,0.99979,-0.020244,-0.001479],[0.097218,0.019849,0.995065,0.008443],[0.0,0.0,0.0,1.0]],"antennas":[-0.142536,0.225409],"body_yaw":0.0,"check_collision":false},{"head":[[0.995173,-0.004308,-0.098043,-0.020597],[0.002236,0.999772,-0.021227,-0.001338],[0.098113,0.020905,0.994956,0.008919],[0.0,0.0,0.0,1.0]],"antennas":[-0.142536,0.225409],"body_yaw":0.0,"check_collision":false},{"head":[[0.995131,-0.003716,-0.098494,-0.02083],[0.001554,0.999756,-0.022024,-0.001318],[0.098552,0.021764,0.994894,0.00943],[0.0,0.0,0.0,1.0]],"antennas":[-0.142536,0.225409],"body_yaw":0.0,"check_collision":false},{"head":[[0.995082,-0.003645,-0.098984,-0.020975],[0.001484,0.999759,-0.021897,-0.001142],[0.09904,0.021643,0.994848,0.009856],[0.0,0.0,0.0,1.0]],"antennas":[-0.142536,0.225409],"body_yaw":0.0,"check_collision":false},{"head":[[0.99516,-0.003699,-0.098197,-0.021095],[0.001527,0.999753,-0.022186,-0.000882],[0.098255,0.021929,0.99492,0.010237],[0.0,0.0,0.0,1.0]],"antennas":[-0.142536,0.225409],"body_yaw":0.0,"check_collision":false},{"head":[[0.995268,-0.004001,-0.097082,-0.02128],[0.001907,0.999764,-0.021645,-0.000668],[0.097145,0.021357,0.995041,0.010617],[0.0,0.0,0.0,1.0]],"antennas":[-0.142536,0.225409],"body_yaw":0.0,"check_collision":false},{"head":[[0.99518,-0.00541,-0.097919,-0.021405],[0.003219,0.999741,-0.022521,-0.000409],[0.098016,0.022097,0.99494,0.010866],[0.0,0.0,0.0,1.0]],"antennas":[-0.142536,0.225409],"body_yaw":0.0,"check_collision":false},{"head":[[0.995136,-0.006014,-0.098325,-0.021457],[0.003797,0.999735,-0.022714,-0.000355],[0.098435,0.02223,0.994895,0.010968],[0.0,0.0,0.0,1.0]],"antennas":[-0.142536,0.225409],"body_yaw":0.0,"check_collision":false},{"head":[[0.995139,-0.006411,-0.098269,-0.021552],[0.004253,0.999746,-0.022152,-0.000247],[0.098386,0.021627,0.994913,0.010891],[0.0,0.0,0.0,1.0]],"antennas":[-0.142536,0.225409],"body_yaw":0.0,"check_collision":false},{"head":[[0.995339,-0.006184,-0.096239,-0.021574],[0.004183,0.999771,-0.020977,-0.000214],[0.096346,0.020477,0.995137,0.01089],[0.0,0.0,0.0,1.0]],"antennas":[-0.142536,0.225409],"body_yaw":0.0,"check_collision":false},{"head":[[0.995673,-0.005843,-0.092739,-0.021669],[0.004032,0.999798,-0.0197,-0.000218],[0.092835,0.019241,0.995496,0.01073],[0.0,0.0,0.0,1.0]],"antennas":[-0.142536,0.225409],"body_yaw":0.0,"check_collision":false},{"head":[[0.996223,-0.006256,-0.086604,-0.021774],[0.004602,0.999803,-0.019291,-0.00022],[0.086707,0.01882,0.996056,0.010434],[0.0,0.0,0.0,1.0]],"antennas":[-0.142536,0.225409],"body_yaw":0.0,"check_collision":false},{"head":[[0.996935,-0.006832,-0.077931,-0.021956],[0.005566,0.999849,-0.016446,-0.000196],[0.078032,0.015962,0.996823,0.01012],[0.0,0.0,0.0,1.0]],"antennas":[-0.142536,0.225409],"body_yaw":0.0,"check_collision":false},{"head":[[0.997597,-0.007775,-0.068842,-0.022105],[0.006884,0.99989,-0.013174,-0.000393],[0.068937,0.012669,0.997541,0.009665],[0.0,0.0,0.0,1.0]],"antennas":[-0.142536,0.225409],"body_yaw":0.0,"check_collision":false},{"head":[[0.998135,-0.008771,-0.060404,-0.022281],[0.008122,0.999907,-0.010983,-0.000511],[0.060494,0.010471,0.998114,0.009005],[0.0,0.0,0.0,1.0]],"antennas":[-0.142536,0.225409],"body_yaw":0.0,"check_collision":false},{"head":[[0.99844,-0.010233,-0.054881,-0.022414],[0.009827,0.999922,-0.007666,-0.000667],[0.054955,0.007115,0.998463,0.008455],[0.0,0.0,0.0,1.0]],"antennas":[-0.142536,0.225409],"body_yaw":0.0,"check_collision":false},{"head":[[0.998708,-0.012739,-0.049196,-0.022569],[0.012506,0.999909,-0.005032,-0.000686],[0.049256,0.00441,0.998776,0.007982],[0.0,0.0,0.0,1.0]],"antennas":[-0.142536,0.225409],"body_yaw":0.0,"check_collision":false},{"head":[[0.998987,-0.015387,-0.042279,-0.022763],[0.015277,0.999879,-0.00293,-0.000684],[0.042319,0.002281,0.999102,0.00738],[0.0,0.0,0.0,1.0]],"antennas":[-0.142536,0.225409],"body_yaw":0.0,"check_collision":false},{"head":[[0.999229,-0.01697,-0.035411,-0.02292],[0.016945,0.999856,-0.001003,-0.000829],[0.035423,0.000402,0.999372,0.00673],[0.0,0.0,0.0,1.0]],"antennas":[-0.142536,0.225409],"body_yaw":0.0,"check_collision":false},{"head":[[0.999405,-0.017824,-0.029527,-0.023185],[0.017809,0.999841,-0.000772,-0.000783],[0.029536,0.000246,0.999564,0.00614],[0.0,0.0,0.0,1.0]],"antennas":[-0.147733,0.225409],"body_yaw":0.0,"check_collision":false},{"head":[[0.999462,-0.019931,-0.026029,-0.023303],[0.019924,0.999801,-0.000531,-0.000806],[0.026035,1.2e-05,0.999661,0.005591],[0.0,0.0,0.0,1.0]],"antennas":[-0.160736,0.239649],"body_yaw":0.0,"check_collision":false},{"head":[[0.999475,-0.022547,-0.023268,-0.02329],[0.022518,0.999745,-0.00149,-0.001013],[0.023295,0.000965,0.999728,0.005053],[0.0,0.0,0.0,1.0]],"antennas":[-0.177687,0.259007],"body_yaw":0.0,"check_collision":false},{"head":[[0.999454,-0.024818,-0.021796,-0.023417],[0.024791,0.999691,-0.001528,-0.00117],[0.021828,0.000987,0.999761,0.004559],[0.0,0.0,0.0,1.0]],"antennas":[-0.196484,0.279477],"body_yaw":0.0,"check_collision":false},{"head":[[0.999401,-0.026648,-0.022064,-0.023565],[0.026604,0.999643,-0.002258,-0.001472],[0.022116,0.00167,0.999754,0.004264],[0.0,0.0,0.0,1.0]],"antennas":[-0.217201,0.300308],"body_yaw":0.0,"check_collision":false},{"head":[[0.999426,-0.027538,-0.019735,-0.023688],[0.02747,0.999616,-0.003715,-0.001736],[0.019829,0.003171,0.999798,0.003955],[0.0,0.0,0.0,1.0]],"antennas":[-0.23905,0.320984],"body_yaw":0.0,"check_collision":false},{"head":[[0.999518,-0.027297,-0.0148,-0.023777],[0.027213,0.999612,-0.005875,-0.001981],[0.014954,0.00547,0.999873,0.003507],[0.0,0.0,0.0,1.0]],"antennas":[-0.261558,0.341853],"body_yaw":0.0,"check_collision":false},{"head":[[0.999631,-0.02594,-0.008122,-0.023828],[0.02588,0.999638,-0.007421,-0.002179],[0.008311,0.007208,0.999939,0.002926],[0.0,0.0,0.0,1.0]],"antennas":[-0.283992,0.362652],"body_yaw":0.0,"check_collision":false},{"head":[[0.999634,-0.026723,-0.004209,-0.023793],[0.026693,0.999619,-0.00705,-0.002321],[0.004396,0.006935,0.999966,0.002446],[0.0,0.0,0.0,1.0]],"antennas":[-0.306469,0.383491],"body_yaw":0.0,"check_collision":false},{"head":[[0.999594,-0.028293,-0.003227,-0.023798],[0.028269,0.999574,-0.007258,-0.002335],[0.003431,0.007164,0.999968,0.002086],[0.0,0.0,0.0,1.0]],"antennas":[-0.329264,0.40465],"body_yaw":0.0,"check_collision":false},{"head":[[0.999534,-0.030348,-0.003227,-0.023756],[0.030322,0.999509,-0.007909,-0.002244],[0.003466,0.007807,0.999964,0.001547],[0.0,0.0,0.0,1.0]],"antennas":[-0.353654,0.427401],"body_yaw":0.0,"check_collision":false},{"head":[[0.999496,-0.031643,-0.002479,-0.023635],[0.031623,0.999472,-0.007521,-0.002185],[0.002716,0.007439,0.999969,0.000852],[0.0,0.0,0.0,1.0]],"antennas":[-0.378567,0.451421],"body_yaw":0.0,"check_collision":false},{"head":[[0.999526,-0.030764,0.000978,-0.023625],[0.030772,0.999486,-0.008947,-0.002185],[-0.000703,0.008973,0.999959,0.00035],[0.0,0.0,0.0,1.0]],"antennas":[-0.403454,0.47549],"body_yaw":0.0,"check_collision":false},{"head":[[0.999596,-0.028058,0.004467,-0.023726],[0.028103,0.999551,-0.010425,-0.002194],[-0.004173,0.010547,0.999936,-0.000148],[0.0,0.0,0.0,1.0]],"antennas":[-0.428234,0.499453],"body_yaw":0.0,"check_collision":false},{"head":[[0.999635,-0.026422,0.005605,-0.023695],[0.02647,0.999613,-0.008578,-0.002174],[-0.005376,0.008723,0.999948,-0.000566],[0.0,0.0,0.0,1.0]],"antennas":[-0.453222,0.523936],"body_yaw":0.0,"check_collision":false},{"head":[[0.999659,-0.025472,0.00568,-0.023508],[0.025514,0.999648,-0.00734,-0.002209],[-0.005491,0.007482,0.999957,-0.001048],[0.0,0.0,0.0,1.0]],"antennas":[-0.478099,0.54943],"body_yaw":0.0,"check_collision":false},{"head":[[0.999669,-0.02523,0.005124,-0.023167],[0.025265,0.999656,-0.007019,-0.002213],[-0.004945,0.007146,0.999962,-0.001671],[0.0,0.0,0.0,1.0]],"antennas":[-0.502893,0.575848],"body_yaw":0.0,"check_collision":false},{"head":[[0.999684,-0.024292,0.006536,-0.022905],[0.024326,0.99969,-0.005255,-0.002245],[-0.006407,0.005412,0.999965,-0.002458],[0.0,0.0,0.0,1.0]],"antennas":[-0.527814,0.602399],"body_yaw":0.0,"check_collision":false},{"head":[[0.99973,-0.019816,0.01211,-0.023006],[0.019837,0.999802,-0.001692,-0.002364],[-0.012074,0.001932,0.999925,-0.002975],[0.0,0.0,0.0,1.0]],"antennas":[-0.55275,0.628967],"body_yaw":0.0,"check_collision":false},{"head":[[0.999774,-0.015616,0.0144,-0.023077],[0.015574,0.999874,0.003021,-0.002473],[-0.014446,-0.002796,0.999892,-0.003361],[0.0,0.0,0.0,1.0]],"antennas":[-0.577613,0.655457],"body_yaw":0.0,"check_collision":false},{"head":[[0.999777,-0.012959,0.01669,-0.022952],[0.012879,0.999905,0.004935,-0.002596],[-0.016752,-0.004719,0.999849,-0.003814],[0.0,0.0,0.0,1.0]],"antennas":[-0.602502,0.681975],"body_yaw":0.0,"check_collision":false},{"head":[[0.99977,-0.011071,0.018394,-0.022734],[0.010954,0.999919,0.006452,-0.002681],[-0.018464,-0.006249,0.99981,-0.004274],[0.0,0.0,0.0,1.0]],"antennas":[-0.627379,0.70848],"body_yaw":0.0,"check_collision":false},{"head":[[0.999762,-0.010631,0.019056,-0.02262],[0.010507,0.999923,0.006591,-0.002823],[-0.019124,-0.00639,0.999797,-0.004575],[0.0,0.0,0.0,1.0]],"antennas":[-0.652179,0.734903],"body_yaw":0.0,"check_collision":false},{"head":[[0.999774,-0.00868,0.019401,-0.022652],[0.008537,0.999936,0.00743,-0.002904],[-0.019464,-0.007263,0.999784,-0.004793],[0.0,0.0,0.0,1.0]],"antennas":[-0.677125,0.761481],"body_yaw":0.0,"check_collision":false},{"head":[[0.999797,-0.007902,0.018513,-0.022592],[0.007771,0.999944,0.007115,-0.003001],[-0.018568,-0.00697,0.999803,-0.004933],[0.0,0.0,0.0,1.0]],"antennas":[-0.701933,0.787913],"body_yaw":0.0,"check_collision":false},{"head":[[0.999824,-0.0073,0.017289,-0.022659],[0.007162,0.999942,0.008065,-0.003046],[-0.017347,-0.00794,0.999818,-0.00488],[0.0,0.0,0.0,1.0]],"antennas":[-0.726913,0.814528],"body_yaw":0.0,"check_collision":false},{"head":[[0.999851,-0.006325,0.016087,-0.022778],[0.006172,0.999935,0.009568,-0.003136],[-0.016146,-0.009468,0.999825,-0.00471],[0.0,0.0,0.0,1.0]],"antennas":[-0.751805,0.841049],"body_yaw":0.0,"check_collision":false},{"head":[[0.999873,-0.006664,0.014463,-0.022786],[0.006527,0.999933,0.00955,-0.003151],[-0.014526,-0.009455,0.99985,-0.004597],[0.0,0.0,0.0,1.0]],"antennas":[-0.776707,0.867336],"body_yaw":0.0,"check_collision":false},{"head":[[0.999898,-0.00734,0.012244,-0.022763],[0.007221,0.999927,0.009701,-0.003174],[-0.012314,-0.009611,0.999878,-0.004415],[0.0,0.0,0.0,1.0]],"antennas":[-0.801179,0.890472],"body_yaw":0.0,"check_collision":false},{"head":[[0.999921,-0.007434,0.010169,-0.022835],[0.007324,0.999915,0.0108,-0.003091],[-0.010249,-0.010725,0.99989,-0.004202],[0.0,0.0,0.0,1.0]],"antennas":[-0.826308,0.913127],"body_yaw":0.0,"check_collision":false},{"head":[[0.999954,-0.007025,0.006546,-0.02307],[0.00695,0.999912,0.011295,-0.003162],[-0.006624,-0.011249,0.999915,-0.003678],[0.0,0.0,0.0,1.0]],"antennas":[-0.851245,0.934973],"body_yaw":0.0,"check_collision":false},{"head":[[0.999958,-0.008877,-0.002101,-0.023332],[0.008894,0.999924,0.008552,-0.003057],[0.002025,-0.00857,0.999961,-0.002899],[0.0,0.0,0.0,1.0]],"antennas":[-0.876255,0.956477],"body_yaw":0.0,"check_collision":false},{"head":[[0.999866,-0.011957,-0.011212,-0.023428],[0.011985,0.999925,0.002434,-0.002915],[0.011182,-0.002568,0.999934,-0.001976],[0.0,0.0,0.0,1.0]],"antennas":[-0.900995,0.976051],"body_yaw":0.0,"check_collision":false},{"head":[[0.999655,-0.015167,-0.02144,-0.023491],[0.015023,0.999864,-0.006863,-0.002814],[0.021542,0.006539,0.999747,-0.000954],[0.0,0.0,0.0,1.0]],"antennas":[-0.92291,0.98015],"body_yaw":0.0,"check_collision":false},{"head":[[0.999357,-0.0166,-0.031791,-0.023542],[0.016142,0.999763,-0.014633,-0.00276],[0.032027,0.014111,0.999387,-8.4e-05],[0.0,0.0,0.0,1.0]],"antennas":[-0.93352,0.98015],"body_yaw":0.0,"check_collision":false},{"head":[[0.999042,-0.017302,-0.040198,-0.023624],[0.016534,0.999676,-0.019361,-0.002688],[0.04052,0.018677,0.999004,0.000625],[0.0,0.0,0.0,1.0]],"antennas":[-0.93352,0.98015],"body_yaw":0.0,"check_collision":false},{"head":[[0.998721,-0.01941,-0.046676,-0.023777],[0.018259,0.999522,-0.024951,-0.002605],[0.047138,0.024067,0.998598,0.001389],[0.0,0.0,0.0,1.0]],"antennas":[-0.93352,0.98015],"body_yaw":0.0,"check_collision":false},{"head":[[0.998368,-0.020893,-0.053155,-0.023916],[0.019481,0.999447,-0.026949,-0.002508],[0.053689,0.02587,0.998223,0.002197],[0.0,0.0,0.0,1.0]],"antennas":[-0.93352,0.98015],"body_yaw":0.0,"check_collision":false},{"head":[[0.997896,-0.022597,-0.060775,-0.023947],[0.020962,0.999405,-0.027408,-0.002394],[0.061358,0.026077,0.997775,0.002961],[0.0,0.0,0.0,1.0]],"antennas":[-0.93352,0.98015],"body_yaw":0.0,"check_collision":false},{"head":[[0.997206,-0.024534,-0.070558,-0.023926],[0.022399,0.999272,-0.030896,-0.002263],[0.071265,0.029229,0.997029,0.003751],[0.0,0.0,0.0,1.0]],"antennas":[-0.918635,0.98015],"body_yaw":0.0,"check_collision":false},{"head":[[0.996627,-0.02526,-0.07808,-0.023955],[0.022707,0.999183,-0.033421,-0.002126],[0.078861,0.031535,0.996387,0.00448],[0.0,0.0,0.0,1.0]],"antennas":[-0.886897,0.98015],"body_yaw":0.0,"check_collision":false},{"head":[[0.996096,-0.026225,-0.084297,-0.024142],[0.023393,0.999134,-0.034413,-0.001923],[0.085126,0.032307,0.995846,0.005331],[0.0,0.0,0.0,1.0]],"antennas":[-0.845038,0.98015],"body_yaw":0.0,"check_collision":false},{"head":[[0.995591,-0.027216,-0.089762,-0.024425],[0.024275,0.999137,-0.033693,-0.001692],[0.090602,0.031365,0.995393,0.006228],[0.0,0.0,0.0,1.0]],"antennas":[-0.79531,0.98015],"body_yaw":0.0,"check_collision":false},{"head":[[0.995213,-0.027038,-0.093912,-0.024559],[0.024137,0.9992,-0.031884,-0.001517],[0.094699,0.029465,0.99507,0.006813],[0.0,0.0,0.0,1.0]],"antennas":[-0.744448,0.98015],"body_yaw":0.0,"check_collision":false},{"head":[[0.994806,-0.026749,-0.098215,-0.0247],[0.02398,0.999284,-0.029265,-0.001317],[0.098927,0.026757,0.994735,0.007355],[0.0,0.0,0.0,1.0]],"antennas":[-0.701245,0.98015],"body_yaw":0.0,"check_collision":false},{"head":[[0.994214,-0.028038,-0.103695,-0.024829],[0.025374,0.999316,-0.026919,-0.001116],[0.104379,0.024132,0.994245,0.007878],[0.0,0.0,0.0,1.0]],"antennas":[-0.682412,0.98015],"body_yaw":0.0,"check_collision":false},{"head":[[0.993714,-0.028252,-0.108323,-0.02493],[0.025545,0.999328,-0.026299,-0.001089],[0.108993,0.023367,0.993768,0.008477],[0.0,0.0,0.0,1.0]],"antennas":[-0.682412,0.98015],"body_yaw":0.0,"check_collision":false},{"head":[[0.993275,-0.027814,-0.112387,-0.024942],[0.025145,0.999369,-0.025097,-0.001163],[0.113014,0.022102,0.993348,0.008955],[0.0,0.0,0.0,1.0]],"antennas":[-0.682412,0.98015],"body_yaw":0.0,"check_collision":false},{"head":[[0.992983,-0.028059,-0.114884,-0.02497],[0.025427,0.999381,-0.024317,-0.001143],[0.115495,0.021225,0.993081,0.009229],[0.0,0.0,0.0,1.0]],"antennas":[-0.682412,0.98015],"body_yaw":0.0,"check_collision":false},{"head":[[0.993068,-0.02846,-0.114043,-0.025012],[0.026001,0.999397,-0.022993,-0.001007],[0.114629,0.019868,0.99321,0.009381],[0.0,0.0,0.0,1.0]],"antennas":[-0.682412,0.978348],"body_yaw":0.0,"check_collision":false},{"head":[[0.993417,-0.028245,-0.111015,-0.025079],[0.026137,0.99945,-0.020399,-0.000893],[0.11153,0.017363,0.993609,0.009442],[0.0,0.0,0.0,1.0]],"antennas":[-0.682412,0.967345],"body_yaw":0.0,"check_collision":false},{"head":[[0.993764,-0.027533,-0.108054,-0.025236],[0.02574,0.999507,-0.017953,-0.000796],[0.108495,0.01506,0.993983,0.009455],[0.0,0.0,0.0,1.0]],"antennas":[-0.682412,0.956319],"body_yaw":0.0,"check_collision":false},{"head":[[0.994193,-0.027213,-0.10411,-0.025328],[0.025669,0.99954,-0.016138,-0.000736],[0.104502,0.013372,0.994435,0.009249],[0.0,0.0,0.0,1.0]],"antennas":[-0.682412,0.945198],"body_yaw":0.0,"check_collision":false},{"head":[[0.994877,-0.02702,-0.097418,-0.025389],[0.025995,0.999593,-0.011777,-0.000739],[0.097697,0.009184,0.995174,0.008787],[0.0,0.0,0.0,1.0]],"antennas":[-0.682412,0.935382],"body_yaw":0.0,"check_collision":false},{"head":[[0.995775,-0.027054,-0.087745,-0.025459],[0.02656,0.999624,-0.006783,-0.000733],[0.087896,0.004424,0.99612,0.008147],[0.0,0.0,0.0,1.0]],"antennas":[-0.682412,0.935382],"body_yaw":0.0,"check_collision":false},{"head":[[0.996722,-0.027384,-0.076131,-0.025623],[0.027175,0.999624,-0.00378,-0.000719],[0.076206,0.001699,0.997091,0.007431],[0.0,0.0,0.0,1.0]],"antennas":[-0.682412,0.935382],"body_yaw":0.0,"check_collision":false},{"head":[[0.99748,-0.027386,-0.065447,-0.025843],[0.027409,0.999624,-0.000553,-0.00079],[0.065438,-0.001242,0.997856,0.006895],[0.0,0.0,0.0,1.0]],"antennas":[-0.682412,0.935382],"body_yaw":0.0,"check_collision":false},{"head":[[0.997997,-0.029089,-0.05617,-0.025948],[0.029183,0.999574,0.000865,-0.001023],[0.056121,-0.002502,0.998421,0.006592],[0.0,0.0,0.0,1.0]],"antennas":[-0.682412,0.935382],"body_yaw":0.0,"check_collision":false},{"head":[[0.998385,-0.03228,-0.046751,-0.025934],[0.032371,0.999475,0.001183,-0.001122],[0.046688,-0.002695,0.998906,0.005799],[0.0,0.0,0.0,1.0]],"antennas":[-0.683912,0.935382],"body_yaw":0.0,"check_collision":false},{"head":[[0.998588,-0.034792,-0.040151,-0.025962],[0.0349,0.999389,0.001994,-0.001205],[0.040057,-0.003392,0.999192,0.005008],[0.0,0.0,0.0,1.0]],"antennas":[-0.69999,0.944127],"body_yaw":0.0,"check_collision":false},{"head":[[0.998797,-0.036955,-0.032242,-0.025946],[0.037078,0.999307,0.003238,-0.001297],[0.0321,-0.004429,0.999475,0.004188],[0.0,0.0,0.0,1.0]],"antennas":[-0.721405,0.965462],"body_yaw":0.0,"check_collision":false},{"head":[[0.998928,-0.038869,-0.025138,-0.025908],[0.03896,0.999236,0.003136,-0.00133],[0.024997,-0.004112,0.999679,0.003407],[0.0,0.0,0.0,1.0]],"antennas":[-0.747855,0.991915],"body_yaw":0.0,"check_collision":false},{"head":[[0.998935,-0.041156,-0.02087,-0.026033],[0.041231,0.999145,0.003173,-0.001336],[0.020721,-0.00403,0.999777,0.002841],[0.0,0.0,0.0,1.0]],"antennas":[-0.778623,1.021389],"body_yaw":0.0,"check_collision":false},{"head":[[0.998907,-0.043636,-0.016765,-0.026095],[0.043696,0.99904,0.003217,-0.00143],[0.016609,-0.003946,0.999854,0.002443],[0.0,0.0,0.0,1.0]],"antennas":[-0.810994,1.052117],"body_yaw":0.0,"check_collision":false},{"head":[[0.99883,-0.046233,-0.014155,-0.026218],[0.046272,0.998926,0.002482,-0.001365],[0.014025,-0.003134,0.999897,0.002],[0.0,0.0,0.0,1.0]],"antennas":[-0.843265,1.082697],"body_yaw":0.0,"check_collision":false},{"head":[[0.998756,-0.048526,-0.011503,-0.02632],[0.048552,0.998819,0.001919,-0.00118],[0.011396,-0.002475,0.999932,0.001336],[0.0,0.0,0.0,1.0]],"antennas":[-0.876835,1.113212],"body_yaw":0.0,"check_collision":false},{"head":[[0.998847,-0.047614,-0.006207,-0.026477],[0.047623,0.998864,0.001351,-0.001336],[0.006135,-0.001645,0.99998,0.000769],[0.0,0.0,0.0,1.0]],"antennas":[-0.913786,1.14396],"body_yaw":0.0,"check_collision":false},{"head":[[0.998927,-0.046285,-0.001546,-0.026515],[0.046286,0.998928,0.00073,-0.001449],[0.00151,-0.000801,0.999999,0.00019],[0.0,0.0,0.0,1.0]],"antennas":[-0.950871,1.174522],"body_yaw":0.0,"check_collision":false},{"head":[[0.998858,-0.047758,0.001233,-0.026557],[0.047756,0.998857,0.001936,-0.001433],[-0.001324,-0.001875,0.999997,-0.000337],[0.0,0.0,0.0,1.0]],"antennas":[-0.987911,1.204601],"body_yaw":0.0,"check_collision":false},{"head":[[0.99879,-0.048803,0.00604,-0.026692],[0.048771,0.998795,0.005431,-0.001489],[-0.006298,-0.00513,0.999967,-0.000861],[0.0,0.0,0.0,1.0]],"antennas":[-1.025148,1.23488],"body_yaw":0.0,"check_collision":false},{"head":[[0.998703,-0.049849,0.010344,-0.026784],[0.049751,0.998717,0.009483,-0.001714],[-0.010804,-0.008956,0.999902,-0.001323],[0.0,0.0,0.0,1.0]],"antennas":[-1.062185,1.264589],"body_yaw":0.0,"check_collision":false},{"head":[[0.998647,-0.05027,0.013294,-0.026845],[0.050118,0.998677,0.011493,-0.001754],[-0.013854,-0.010811,0.999846,-0.001711],[0.0,0.0,0.0,1.0]],"antennas":[-1.099404,1.294442],"body_yaw":0.0,"check_collision":false},{"head":[[0.998674,-0.048623,0.016898,-0.026955],[0.048383,0.998726,0.014343,-0.002038],[-0.017574,-0.013507,0.999754,-0.00207],[0.0,0.0,0.0,1.0]],"antennas":[-1.136442,1.323727],"body_yaw":0.0,"check_collision":false},{"head":[[0.998652,-0.04838,0.018818,-0.026962],[0.048024,0.998667,0.018915,-0.002406],[-0.019708,-0.017986,0.999644,-0.002362],[0.0,0.0,0.0,1.0]],"antennas":[-1.173792,1.352865],"body_yaw":0.0,"check_collision":false},{"head":[[0.998523,-0.049945,0.021384,-0.026909],[0.04944,0.9985,0.023525,-0.002462],[-0.022527,-0.022433,0.999495,-0.002856],[0.0,0.0,0.0,1.0]],"antennas":[-1.211039,1.381923],"body_yaw":0.0,"check_collision":false},{"head":[[0.998435,-0.050446,0.024136,-0.026931],[0.049723,0.998322,0.029662,-0.002586],[-0.025592,-0.028416,0.999269,-0.003264],[0.0,0.0,0.0,1.0]],"antennas":[-1.247879,1.410663],"body_yaw":0.0,"check_collision":false},{"head":[[0.998401,-0.050524,0.025341,-0.027001],[0.049707,0.998255,0.031887,-0.002662],[-0.026908,-0.030577,0.99917,-0.003684],[0.0,0.0,0.0,1.0]],"antennas":[-1.285172,1.439349],"body_yaw":0.0,"check_collision":false},{"head":[[0.998492,-0.047064,0.028253,-0.027159],[0.046045,0.998302,0.035679,-0.003059],[-0.029884,-0.034325,0.998964,-0.003936],[0.0,0.0,0.0,1.0]],"antennas":[-1.32196,1.46604],"body_yaw":0.0,"check_collision":false},{"head":[[0.99851,-0.04675,0.02813,-0.027194],[0.045657,0.998222,0.038308,-0.003113],[-0.029871,-0.036967,0.99887,-0.004107],[0.0,0.0,0.0,1.0]],"antennas":[-1.359428,1.491992],"body_yaw":0.0,"check_collision":false},{"head":[[0.998471,-0.047664,0.027987,-0.027209],[0.046479,0.998053,0.041583,-0.003092],[-0.029915,-0.040218,0.998743,-0.004189],[0.0,0.0,0.0,1.0]],"antennas":[-1.396635,1.517747],"body_yaw":0.0,"check_collision":false},{"head":[[0.998487,-0.047445,0.027805,-0.027278],[0.04615,0.997898,0.045501,-0.003095],[-0.029905,-0.044149,0.998577,-0.004382],[0.0,0.0,0.0,1.0]],"antennas":[-1.433674,1.543387],"body_yaw":0.0,"check_collision":false},{"head":[[0.9985,-0.047889,0.026554,-0.027299],[0.046626,0.997839,0.046301,-0.002933],[-0.028714,-0.044993,0.998575,-0.004466],[0.0,0.0,0.0,1.0]],"antennas":[-1.470881,1.567174],"body_yaw":0.0,"check_collision":false},{"head":[[0.998539,-0.047813,0.025159,-0.02739],[0.046596,0.997812,0.046902,-0.003055],[-0.027347,-0.045661,0.998583,-0.004271],[0.0,0.0,0.0,1.0]],"antennas":[-1.508068,1.587717],"body_yaw":0.0,"check_collision":false},{"head":[[0.998573,-0.047327,0.024738,-0.027539],[0.046117,0.997813,0.047364,-0.003042],[-0.026925,-0.046156,0.998571,-0.00391],[0.0,0.0,0.0,1.0]],"antennas":[-1.54411,1.604064],"body_yaw":0.0,"check_collision":false},{"head":[[0.998629,-0.046921,0.023203,-0.027643],[0.045784,0.997829,0.047335,-0.002882],[-0.025373,-0.046207,0.99861,-0.003634],[0.0,0.0,0.0,1.0]],"antennas":[-1.578876,1.619344],"body_yaw":0.0,"check_collision":false},{"head":[[0.99869,-0.047656,0.01861,-0.027636],[0.046751,0.99783,0.046354,-0.002834],[-0.020778,-0.045423,0.998752,-0.003393],[0.0,0.0,0.0,1.0]],"antennas":[-1.610371,1.634412],"body_yaw":0.0,"check_collision":false},{"head":[[0.998757,-0.047876,0.013864,-0.027676],[0.047189,0.997816,0.046227,-0.002738],[-0.016047,-0.045515,0.998835,-0.00315],[0.0,0.0,0.0,1.0]],"antennas":[-1.637963,1.646881],"body_yaw":0.0,"check_collision":false},{"head":[[0.998831,-0.047271,0.010097,-0.027713],[0.046752,0.997816,0.046662,-0.002586],[-0.01228,-0.046136,0.99886,-0.002878],[0.0,0.0,0.0,1.0]],"antennas":[-1.639704,1.647626],"body_yaw":0.0,"check_collision":false},{"head":[[0.998917,-0.046279,0.004762,-0.027703],[0.046013,0.997888,0.04585,-0.002714],[-0.006874,-0.045581,0