{"description":"It is like whistling. Use it when someone makes you a proposal that makes you happy.","time":[0.0,0.02,0.04,0.06,0.08,0.1,0.12,0.14,0.16,0.18,0.2,0.22,0.24,0.26,0.28,0.3,0.32,0.34,0.36,0.38,0.4,0.42,0.44,0.46,0.48,0.5,0.52,0.54,0.56,0.58,0.6,0.62,0.64,0.66,0.68,0.7,0.72,0.74,0.76,0.78,0.8,0.82,0.84,0.86,0.88,0.9,0.92,0.94,0.96,0.98,1.0,1.02,1.04,1.06,1.08,1.1,1.12,1.14,1.16,1.18,1.2,1.22,1.24,1.26,1.28,1.3,1.32,1.34,1.36,1.38,1.4,1.42,1.44,1.46,1.48,1.5,1.52,1.54,1.56,1.58,1.6,1.62,1.64,1.66,1.68,1.7,1.72,1.74,1.76,1.78,1.8,1.82,1.84,1.86,1.88,1.9,1.92,1.94,1.96,1.98,2.0,2.02,2.04,2.06,2.08,2.1,2.12,2.14,2.16,2.18,2.2,2.22,2.24,2.26,2.28,2.3,2.32,2.34,2.36,2.38,2.4,2.42,2.44,2.46,2.48,2.5,2.52,2.54,2.56,2.58,2.6,2.62,2.64,2.66,2.68,2.7,2.72,2.74,2.76,2.78,2.8],"set_target_data":[{"head":[[0.987353,-0.158446,0.005411,-0.013358],[0.158137,0.986707,0.037453,-0.004472],[-0.011273,-0.036123,0.999284,0.02],[0.0,0.0,0.0,1.0]],"antennas":[-0.213025,0.525809],"body_yaw":0.067239,"check_collision":false},{"head":[[0.987326,-0.158607,0.005567,-0.013266],[0.158297,0.986699,0.036976,-0.004345],[-0.011358,-0.035626,0.999301,0.02],[0.0,0.0,0.0,1.0]],"antennas":[-0.213025,0.525809],"body_yaw":0.067239,"check_collision":false},{"head":[[0.987351,-0.158448,0.005689,-0.013206],[0.15813,0.986709,0.037418,-0.004471],[-0.011542,-0.036045,0.999283,0.02],[0.0,0.0,0.0,1.0]],"antennas":[-0.213025,0.525809],"body_yaw":0.067239,"check_collision":false},{"head":[[0.987416,-0.158056,0.005368,-0.013181],[0.15774,0.986738,0.038297,-0.004493],[-0.01135,-0.036968,0.999252,0.02],[0.0,0.0,0.0,1.0]],"antennas":[-0.213025,0.525809],"body_yaw":0.067239,"check_collision":false},{"head":[[0.987457,-0.157796,0.005403,-0.013161],[0.157476,0.986773,0.038482,-0.004586],[-0.011404,-0.037148,0.999245,0.02],[0.0,0.0,0.0,1.0]],"antennas":[-0.213025,0.525809],"body_yaw":0.067239,"check_collision":false},{"head":[[0.987449,-0.157855,0.005191,-0.013145],[0.157559,0.986814,0.037066,-0.004593],[-0.010974,-0.035783,0.999299,0.02],[0.0,0.0,0.0,1.0]],"antennas":[-0.213025,0.525809],"body_yaw":0.067239,"check_collision":false},{"head":[[0.987383,-0.158254,0.005451,-0.013126],[0.157968,0.986815,0.035255,-0.004613],[-0.010958,-0.033949,0.999363,0.02],[0.0,0.0,0.0,1.0]],"antennas":[-0.213025,0.525809],"body_yaw":0.067239,"check_collision":false},{"head":[[0.987354,-0.158427,0.005785,-0.013089],[0.158146,0.986837,0.033804,-0.004726],[-0.011064,-0.032462,0.999412,0.02],[0.0,0.0,0.0,1.0]],"antennas":[-0.213025,0.525809],"body_yaw":0.067239,"check_collision":false},{"head":[[0.98733,-0.158582,0.005616,-0.013124],[0.158321,0.986855,0.032423,-0.004721],[-0.010684,-0.031123,0.999458,0.02],[0.0,0.0,0.0,1.0]],"antennas":[-0.213025,0.525809],"body_yaw":0.067239,"check_collision":false},{"head":[[0.987285,-0.15888,0.004989,-0.013187],[0.158658,0.986861,0.030537,-0.004862],[-0.009775,-0.029357,0.999521,0.02],[0.0,0.0,0.0,1.0]],"antennas":[-0.213025,0.525809],"body_yaw":0.067239,"check_collision":false},{"head":[[0.987167,-0.159629,0.004524,-0.013248],[0.15944,0.986802,0.028308,-0.004697],[-0.008983,-0.027224,0.999589,0.02],[0.0,0.0,0.0,1.0]],"antennas":[-0.213025,0.525809],"body_yaw":0.067239,"check_collision":false},{"head":[[0.9871,-0.160052,0.004129,-0.013238],[0.159884,0.986763,0.02714,-0.00461],[-0.008418,-0.02613,0.999623,0.02],[0.0,0.0,0.0,1.0]],"antennas":[-0.213025,0.525809],"body_yaw":0.067239,"check_collision":false},{"head":[[0.987109,-0.160004,0.003956,-0.013173],[0.159847,0.986793,0.026253,-0.004544],[-0.008104,-0.025282,0.999648,0.02],[0.0,0.0,0.0,1.0]],"antennas":[-0.213025,0.525809],"body_yaw":0.067239,"check_collision":false},{"head":[[0.98704,-0.160434,0.003599,-0.013051],[0.160299,0.986763,0.024556,-0.004715],[-0.007491,-0.023661,0.999692,0.02],[0.0,0.0,0.0,1.0]],"antennas":[-0.213025,0.525809],"body_yaw":0.067239,"check_collision":false},{"head":[[0.986894,-0.161338,0.00315,-0.012892],[0.161236,0.986686,0.021307,-0.004793],[-0.006545,-0.02052,0.999768,0.02],[0.0,0.0,0.0,1.0]],"antennas":[-0.213025,0.525809],"body_yaw":0.067239,"check_collision":false},{"head":[[0.986731,-0.162337,0.002887,-0.012834],[0.162266,0.986602,0.016924,-0.004733],[-0.005596,-0.016231,0.999853,0.02],[0.0,0.0,0.0,1.0]],"antennas":[-0.213025,0.525809],"body_yaw":0.067239,"check_collision":false},{"head":[[0.986583,-0.163249,0.001874,-0.012851],[0.163208,0.986496,0.013766,-0.004669],[-0.004096,-0.013275,0.999903,0.02],[0.0,0.0,0.0,1.0]],"antennas":[-0.213025,0.525809],"body_yaw":0.067239,"check_collision":false},{"head":[[0.986431,-0.164173,0.000653,-0.012903],[0.164156,0.986372,0.01108,-0.004558],[-0.002463,-0.010822,0.999938,0.02],[0.0,0.0,0.0,1.0]],"antennas":[-0.213025,0.525809],"body_yaw":0.067239,"check_collision":false},{"head":[[0.986291,-0.165016,-0.000722,-0.012986],[0.165016,0.986263,0.00743,-0.004525],[-0.000514,-0.007448,0.999972,0.02],[0.0,0.0,0.0,1.0]],"antennas":[-0.213025,0.525809],"body_yaw":0.067239,"check_collision":false},{"head":[[0.986126,-0.165986,-0.001903,-0.013039],[0.165992,0.986122,0.003298,-0.004487],[0.001329,-0.003568,0.999993,0.02],[0.0,0.0,0.0,1.0]],"antennas":[-0.213025,0.525809],"body_yaw":0.067239,"check_collision":false},{"head":[[0.985903,-0.167302,-0.002359,-0.013035],[0.167297,0.985904,-0.00236,-0.0045],[0.00272,0.001932,0.999994,0.02],[0.0,0.0,0.0,1.0]],"antennas":[-0.213025,0.525809],"body_yaw":0.067239,"check_collision":false},{"head":[[0.985564,-0.169292,-0.002134,-0.012938],[0.169252,0.985492,-0.012622,-0.00455],[0.004239,0.012078,0.999918,0.02],[0.0,0.0,0.0,1.0]],"antennas":[-0.213025,0.525809],"body_yaw":0.067239,"check_collision":false},{"head":[[0.984997,-0.172565,-0.001508,-0.012841],[0.172447,0.984576,-0.029538,-0.004397],[0.006582,0.028835,0.999563,0.02],[0.0,0.0,0.0,1.0]],"antennas":[-0.213025,0.525809],"body_yaw":0.067239,"check_collision":false},{"head":[[0.984491,-0.175417,-0.002532,-0.012861],[0.175047,0.983171,-0.052288,-0.003897],[0.011662,0.051034,0.998629,0.02],[0.0,0.0,0.0,1.0]],"antennas":[-0.213025,0.525809],"body_yaw":0.067239,"check_collision":false},{"head":[[0.984021,-0.178022,-0.003282,-0.012874],[0.177202,0.980958,-0.079509,-0.003711],[0.017374,0.077657,0.996829,0.02],[0.0,0.0,0.0,1.0]],"antennas":[-0.213025,0.525809],"body_yaw":0.067239,"check_collision":false},{"head":[[0.983496,-0.180873,-0.004543,-0.012866],[0.17922,0.977339,-0.112646,-0.003609],[0.024815,0.109972,0.993625,0.02],[0.0,0.0,0.0,1.0]],"antennas":[-0.213025,0.525809],"body_yaw":0.067239,"check_collision":false},{"head":[[0.982749,-0.18476,-0.008192,-0.012888],[0.181211,0.97083,-0.157007,-0.003177],[0.036961,0.152814,0.987564,0.02],[0.0,0.0,0.0,1.0]],"antennas":[-0.213025,0.525809],"body_yaw":0.067239,"check_collision":false},{"head":[[0.981868,-0.189238,-0.011126,-0.013017],[0.183002,0.961552,-0.204762,-0.002725],[0.049447,0.199013,0.978749,0.02],[0.0,0.0,0.0,1.0]],"antennas":[-0.213025,0.525809],"body_yaw":0.063922,"check_collision":false},{"head":[[0.980829,-0.194284,-0.015138,-0.013129],[0.184278,0.949966,-0.252201,-0.002306],[0.063379,0.244576,0.967556,0.02],[0.0,0.0,0.0,1.0]],"antennas":[-0.213025,0.525809],"body_yaw":0.044162,"check_collision":false},{"head":[[0.980049,-0.197881,-0.018637,-0.013282],[0.183588,0.937195,-0.296581,-0.001755],[0.076154,0.287242,0.954826,0.02],[0.0,0.0,0.0,1.0]],"antennas":[-0.213025,0.525809],"body_yaw":0.00591,"check_collision":false},{"head":[[0.979486,-0.20028,-0.022268,-0.013354],[0.181283,0.924011,-0.33666,-0.001433],[0.088002,0.325716,0.941363,0.02],[0.0,0.0,0.0,1.0]],"antennas":[-0.213025,0.525809],"body_yaw":-0.043395,"check_collision":false},{"head":[[0.979342,-0.200329,-0.027518,-0.013403],[0.176127,0.911935,-0.370613,-0.001236],[0.099339,0.35811,0.92838,0.02],[0.0,0.0,0.0,1.0]],"antennas":[-0.213025,0.525809],"body_yaw":-0.097479,"check_collision":false},{"head":[[0.978923,-0.201535,-0.033063,-0.013196],[0.172072,0.901104,-0.397997,-0.001349],[0.110003,0.38392,0.916791,0.02],[0.0,0.0,0.0,1.0]],"antennas":[-0.213025,0.525809],"body_yaw":-0.150789,"check_collision":false},{"head":[[0.97867,-0.202654,-0.033714,-0.013362],[0.170173,0.891614,-0.419603,-0.001468],[0.115094,0.404915,0.907082,0.02],[0.0,0.0,0.0,1.0]],"antennas":[-0.213025,0.525809],"body_yaw":-0.201072,"check_collision":false},{"head":[[0.978492,-0.203667,-0.032746,-0.013432],[0.169082,0.882799,-0.438265,-0.0021],[0.118169,0.423302,0.898249,0.02],[0.0,0.0,0.0,1.0]],"antennas":[-0.213025,0.525809],"body_yaw":-0.250124,"check_collision":false},{"head":[[0.97815,-0.205089,-0.034088,-0.013382],[0.167801,0.875594,-0.452965,-0.002623],[0.122745,0.437348,0.890876,0.02],[0.0,0.0,0.0,1.0]],"antennas":[-0.213025,0.525809],"body_yaw":-0.296468,"check_collision":false},{"head":[[0.97803,-0.2055,-0.035026,-0.013461],[0.166368,0.870681,-0.462856,-0.002585],[0.125614,0.44686,0.885741,0.02],[0.0,0.0,0.0,1.0]],"antennas":[-0.213025,0.525809],"body_yaw":-0.336984,"check_collision":false},{"head":[[0.97824,-0.204789,-0.033298,-0.01343],[0.166568,0.870859,-0.462449,-0.002639],[0.123702,0.44684,0.88602,0.02],[0.0,0.0,0.0,1.0]],"antennas":[-0.213025,0.525809],"body_yaw":-0.366612,"check_collision":false},{"head":[[0.978564,-0.203414,-0.03218,-0.0134],[0.166672,0.874014,-0.456421,-0.002902],[0.120968,0.441273,0.889182,0.02],[0.0,0.0,0.0,1.0]],"antennas":[-0.213025,0.525809],"body_yaw":-0.391856,"check_collision":false},{"head":[[0.979006,-0.201292,-0.032079,-0.013239],[0.166634,0.881005,-0.442791,-0.003315],[0.117392,0.428149,0.896051,0.02],[0.0,0.0,0.0,1.0]],"antennas":[-0.213025,0.525809],"body_yaw":-0.418386,"check_collision":false},{"head":[[0.979409,-0.199462,-0.0312,-0.013068],[0.167883,0.890496,-0.422886,-0.003642],[0.112133,0.408941,0.905645,0.02],[0.0,0.0,0.0,1.0]],"antennas":[-0.213025,0.525809],"body_yaw":-0.444396,"check_collision":false},{"head":[[0.97962,-0.198628,-0.029865,-0.012942],[0.170708,0.901662,-0.397322,-0.004121],[0.105847,0.384126,0.917193,0.02],[0.0,0.0,0.0,1.0]],"antennas":[-0.213025,0.525809],"body_yaw":-0.458953,"check_collision":false},{"head":[[0.979786,-0.198068,-0.028083,-0.013145],[0.174326,0.914208,-0.365832,-0.004114],[0.098134,0.353542,0.930257,0.02],[0.0,0.0,0.0,1.0]],"antennas":[-0.213025,0.525809],"body_yaw":-0.458953,"check_collision":false},{"head":[[0.979693,-0.198724,-0.02665,-0.013074],[0.179341,0.92795,-0.32672,-0.004153],[0.089657,0.315306,0.944745,0.02],[0.0,0.0,0.0,1.0]],"antennas":[-0.213025,0.525809],"body_yaw":-0.449335,"check_collision":false},{"head":[[0.9797,-0.198994,-0.024282,-0.012929],[0.184086,0.940966,-0.28407,-0.004191],[0.079377,0.273833,0.958496,0.02],[0.0,0.0,0.0,1.0]],"antennas":[-0.213025,0.525809],"body_yaw":-0.426772,"check_collision":false},{"head":[[0.979788,-0.198929,-0.021031,-0.012544],[0.188082,0.951926,-0.241789,-0.005358],[0.068119,0.232946,0.970101,0.02],[0.0,0.0,0.0,1.0]],"antennas":[-0.213025,0.525809],"body_yaw":-0.392503,"check_collision":false},{"head":[[0.980249,-0.197031,-0.017076,-0.012566],[0.189869,0.961737,-0.197515,-0.005572],[0.055339,0.190371,0.980151,0.02],[0.0,0.0,0.0,1.0]],"antennas":[-0.213025,0.525809],"body_yaw":-0.347718,"check_collision":false},{"head":[[0.980818,-0.1946,-0.011291,-0.012843],[0.190652,0.969759,-0.152378,-0.005683],[0.040603,0.147302,0.988258,0.02],[0.0,0.0,0.0,1.0]],"antennas":[-0.213025,0.525809],"body_yaw":-0.297261,"check_collision":false},{"head":[[0.981291,-0.192444,-0.005784,-0.012974],[0.190733,0.975786,-0.107062,-0.005566],[0.026248,0.103956,0.994236,0.02],[0.0,0.0,0.0,1.0]],"antennas":[-0.213025,0.525809],"body_yaw":-0.246145,"check_collision":false},{"head":[[0.98161,-0.190899,0.000324,-0.013172],[0.190608,0.980015,-0.056913,-0.00582],[0.010547,0.055929,0.998379,0.02],[0.0,0.0,0.0,1.0]],"antennas":[-0.213025,0.525809],"body_yaw":-0.196172,"check_collision":false},{"head":[[0.981947,-0.189055,0.006229,-0.013357],[0.189067,0.981963,-0.0015,-0.005965],[-0.005833,0.00265,0.999979,0.02],[0.0,0.0,0.0,1.0]],"antennas":[-0.213025,0.525809],"body_yaw":-0.149598,"check_collision":false},{"head":[[0.982589,-0.185503,0.0104,-0.013318],[0.184686,0.981301,0.054221,-0.006373],[-0.020264,-0.051356,0.998475,0.02],[0.0,0.0,0.0,1.0]],"antennas":[-0.213025,0.525809],"body_yaw":-0.100237,"check_collision":false},{"head":[[0.9832,-0.182078,0.012873,-0.013242],[0.179681,0.977849,0.107355,-0.006714],[-0.032135,-0.103239,0.994137,0.02],[0.0,0.0,0.0,1.0]],"antennas":[-0.213025,0.525809],"body_yaw":-0.055345,"check_collision":false},{"head":[[0.983551,-0.179915,0.016058,-0.013386],[0.17499,0.971109,0.162253,-0.00724],[-0.044786,-0.156774,0.986618,0.02],[0.0,0.0,0.0,1.0]],"antennas":[-0.213025,0.525809],"body_yaw":-0.009997,"check_collision":false},{"head":[[0.983708,-0.178502,0.021353,-0.013695],[0.169824,0.961651,0.215377,-0.007419],[-0.058979,-0.208241,0.976298,0.02],[0.0,0.0,0.0,1.0]],"antennas":[-0.213025,0.525809],"body_yaw":0.034845,"check_collision":false},{"head":[[0.983903,-0.176776,0.026174,-0.013929],[0.163372,0.949144,0.269137,-0.00769],[-0.07242,-0.260529,0.962746,0.02],[0.0,0.0,0.0,1.0]],"antennas":[-0.213025,0.525809],"body_yaw":0.073725,"check_collision":false},{"head":[[0.984188,-0.174599,0.029825,-0.01398],[0.155955,0.934002,0.321433,-0.007778],[-0.083978,-0.311699,0.946463,0.02],[0.0,0.0,0.0,1.0]],"antennas":[-0.213025,0.525809],"body_yaw":0.098728,"check_collision":false},{"head":[[0.984259,-0.173249,0.034923,-0.014006],[0.148852,0.919161,0.364673,-0.008079],[-0.095279,-0.353734,0.930481,0.02],[0.0,0.0,0.0,1.0]],"antennas":[-0.213025,0.525809],"body_yaw":0.108305,"check_collision":false},{"head":[[0.984411,-0.171536,0.03887,-0.013739],[0.142329,0.906743,0.396937,-0.009076],[-0.103334,-0.385217,0.917022,0.02],[0.0,0.0,0.0,1.0]],"antennas":[-0.213025,0.525809],"body_yaw":0.108305,"check_collision":false},{"head":[[0.984289,-0.171198,0.043192,-0.013829],[0.137472,0.896592,0.42098,-0.009328],[-0.110796,-0.408429,0.906041,0.02],[0.0,0.0,0.0,1.0]],"antennas":[-0.213025,0.525809],"body_yaw":0.108305,"check_collision":false},{"head":[[0.983993,-0.172403,0.04512,-0.013917],[0.135809,0.889377,0.436536,-0.009771],[-0.115388,-0.423421,0.898554,0.02],[0.0,0.0,0.0,1.0]],"antennas":[-0.213025,0.525809],"body_yaw":0.108305,"check_collision":false},{"head":[[0.983795,-0.173483,0.045285,-0.013867],[0.135177,0.883596,0.448315,-0.009712],[-0.117788,-0.434928,0.892728,0.02],[0.0,0.0,0.0,1.0]],"antennas":[-0.213025,0.525809],"body_yaw":0.108305,"check_collision":false},{"head":[[0.983604,-0.174462,0.045672,-0.013901],[0.135304,0.881342,0.452691,-0.009733],[-0.11923,-0.43909,0.890497,0.02],[0.0,0.0,0.0,1.0]],"antennas":[-0.213025,0.525809],"body_yaw":0.108305,"check_collision":false},{"head":[[0.983453,-0.175421,0.045252,-0.013955],[0.136891,0.88317,0.448632,-0.009796],[-0.118665,-0.435014,0.89257,0.02],[0.0,0.0,0.0,1.0]],"antennas":[-0.213025,0.525809],"body_yaw":0.108305,"check_collision":false},{"head":[[0.983307,-0.176475,0.044318,-0.013958],[0.139737,0.888411,0.437263,-0.009874],[-0.116539,-0.423771,0.898241,0.02],[0.0,0.0,0.0,1.0]],"antennas":[-0.213025,0.525809],"body_yaw":0.108305,"check_collision":false},{"head":[[0.983195,-0.177769,0.041537,-0.01381],[0.144005,0.895066,0.422042,-0.009755],[-0.112205,-0.408968,0.905624,0.02],[0.0,0.0,0.0,1.0]],"antennas":[-0.213025,0.525809],"body_yaw":0.108305,"check_collision":false},{"head":[[0.983056,-0.179133,0.038889,-0.013685],[0.148676,0.903284,0.402459,-0.009614],[-0.107222,-0.389858,0.914612,0.02],[0.0,0.0,0.0,1.0]],"antennas":[-0.213025,0.525809],"body_yaw":0.106955,"check_collision":false},{"head":[[0.982863,-0.180844,0.035728,-0.013613],[0.154365,0.913376,0.376717,-0.009442],[-0.10076,-0.364746,0.925639,0.02],[0.0,0.0,0.0,1.0]],"antennas":[-0.213025,0.525809],"body_yaw":0.087979,"check_collision":false},{"head":[[0.98277,-0.182167,0.031281,-0.013685],[0.160069,0.923441,0.348761,-0.008745],[-0.092419,-0.337744,0.93669,0.02],[0.0,0.0,0.0,1.0]],"antennas":[-0.213025,0.525809],"body_yaw":0.050804,"check_collision":false},{"head":[[0.982674,-0.183303,0.027414,-0.013769],[0.165313,0.933724,0.317538,-0.008104],[-0.083803,-0.307504,0.947849,0.02],[0.0,0.0,0.0,1.0]],"antennas":[-0.213025,0.525809],"body_yaw":0.003332,"check_collision":false},{"head":[[0.98248,-0.184624,0.025415,-0.013504],[0.170228,0.944534,0.280852,-0.00875],[-0.075857,-0.271605,0.959415,0.02],[0.0,0.0,0.0,1.0]],"antennas":[-0.213025,0.525809],"body_yaw":-0.047922,"check_collision":false},{"head":[[0.982227,-0.186421,0.021851,-0.013401],[0.175729,0.954249,0.241927,-0.008604],[-0.065951,-0.233788,0.970048,0.02],[0.0,0.0,0.0,1.0]],"antennas":[-0.213025,0.525809],"body_yaw":-0.098455,"check_collision":false},{"head":[[0.981814,-0.189102,0.016776,-0.013421],[0.181658,0.961471,0.206332,-0.007884],[-0.055147,-0.199533,0.978338,0.02],[0.0,0.0,0.0,1.0]],"antennas":[-0.213025,0.525809],"body_yaw":-0.143056,"check_collision":false},{"head":[[0.981164,-0.192713,0.013341,-0.013194],[0.187914,0.968175,0.165303,-0.007314],[-0.044772,-0.159682,0.986153,0.02],[0.0,0.0,0.0,1.0]],"antennas":[-0.213025,0.525809],"body_yaw":-0.176977,"check_collision":false},{"head":[[0.980439,-0.196489,0.011437,-0.013088],[0.19373,0.973666,0.120177,-0.007036],[-0.034749,-0.115611,0.992687,0.02],[0.0,0.0,0.0,1.0]],"antennas":[-0.213025,0.525809],"body_yaw":-0.189889,"check_collision":false},{"head":[[0.979533,-0.200973,0.011197,-0.013074],[0.199794,0.977532,0.067189,-0.006171],[-0.024449,-0.063577,0.997677,0.02],[0.0,0.0,0.0,1.0]],"antennas":[-0.213025,0.525809],"body_yaw":-0.189889,"check_collision":false},{"head":[[0.978703,-0.205083,0.009012,-0.013063],[0.20497,0.978694,0.012038,-0.005155],[-0.011289,-0.009934,0.999887,0.02],[0.0,0.0,0.0,1.0]],"antennas":[-0.213025,0.525809],"body_yaw":-0.189889,"check_collision":false},{"head":[[0.977751,-0.209632,0.007618,-0.01308],[0.209767,0.976906,-0.040641,-0.004732],[0.001077,0.041335,0.999145,0.02],[0.0,0.0,0.0,1.0]],"antennas":[-0.213025,0.525809],"body_yaw":-0.189889,"check_collision":false},{"head":[[0.976847,-0.213877,0.005099,-0.012983],[0.213472,0.97287,-0.089184,-0.004435],[0.014114,0.088207,0.996002,0.02],[0.0,0.0,0.0,1.0]],"antennas":[-0.213025,0.525809],"body_yaw":-0.189889,"check_collision":false},{"head":[[0.976046,-0.217557,0.001746,-0.012958],[0.215558,0.965928,-0.143242,-0.003994],[0.029477,0.140187,0.989686,0.02],[0.0,0.0,0.0,1.0]],"antennas":[-0.213025,0.525809],"body_yaw":-0.189889,"check_collision":false},{"head":[[0.975502,-0.219987,0.001311,-0.012994],[0.21606,0.95693,-0.193918,-0.003344],[0.041405,0.18945,0.981017,0.02],[0.0,0.0,0.0,1.0]],"antennas":[-0.213025,0.525809],"body_yaw":-0.189889,"check_collision":false},{"head":[[0.975043,-0.221991,0.003445,-0.012948],[0.216427,0.946913,-0.237728,-0.00309],[0.049511,0.232541,0.971326,0.02],[0.0,0.0,0.0,1.0]],"antennas":[-0.213025,0.525809],"body_yaw":-0.189889,"check_collision":false},{"head":[[0.974368,-0.224929,0.00371,-0.012985],[0.217336,0.936967,-0.2736,-0.002431],[0.058065,0.267394,0.961836,0.02],[0.0,0.0,0.0,1.0]],"antennas":[-0.213025,0.525809],"body_yaw":-0.189889,"check_collision":false},{"head":[[0.974216,-0.225605,0.002463,-0.01296],[0.215542,0.927425,-0.305653,-0.002513],[0.066673,0.298303,0.95214,0.02],[0.0,0.0,0.0,1.0]],"antennas":[-0.213025,0.525809],"body_yaw":-0.189889,"check_collision":false},{"head":[[0.97411,-0.226074,0.000144,-0.012998],[0.21366,0.920412,-0.3274,-0.00239],[0.073885,0.318955,0.944886,0.02],[0.0,0.0,0.0,1.0]],"antennas":[-0.213025,0.525809],"body_yaw":-0.189889,"check_collision":false},{"head":[[0.974222,-0.225588,-0.001369,-0.013119],[0.211572,0.915766,-0.341481,-0.001936],[0.078288,0.332389,0.939888,0.02],[0.0,0.0,0.0,1.0]],"antennas":[-0.213025,0.525809],"body_yaw":-0.189889,"check_collision":false},{"head":[[0.974558,-0.224102,-0.003977,-0.013111],[0.20909,0.91538,-0.344037,-0.002117],[0.08074,0.334452,0.938948,0.02],[0.0,0.0,0.0,1.0]],"antennas":[-0.213025,0.525809],"body_yaw":-0.189889,"check_collision":false},{"head":[[0.975029,-0.222004,-0.005663,-0.013156],[0.207342,0.919177,-0.334847,-0.002418],[0.079543,0.325311,0.942256,0.02],[0.0,0.0,0.0,1.0]],"antennas":[-0.213025,0.525809],"body_yaw":-0.189889,"check_collision":false},{"head":[[0.97539,-0.22036,-0.007512,-0.013208],[0.206218,0.923792,-0.322618,-0.002531],[0.078031,0.31313,0.946499,0.02],[0.0,0.0,0.0,1.0]],"antennas":[-0.213025,0.525809],"body_yaw":-0.189889,"check_collision":false},{"head":[[0.975699,-0.218966,-0.008062,-0.013162],[0.205778,0.928332,-0.309604,-0.002694],[0.075277,0.300422,0.950831,0.02],[0.0,0.0,0.0,1.0]],"antennas":[-0.213025,0.525809],"body_yaw":-0.189889,"check_collision":false},{"head":[[0.975994,-0.217685,-0.006924,-0.013],[0.206007,0.933017,-0.295025,-0.002967],[0.070683,0.286517,0.955464,0.02],[0.0,0.0,0.0,1.0]],"antennas":[-0.213025,0.525809],"body_yaw":-0.189889,"check_collision":false},{"head":[[0.97637,-0.216046,-0.005126,-0.01291],[0.206179,0.938361,-0.277432,-0.00301],[0.064748,0.269819,0.960732,0.02],[0.0,0.0,0.0,1.0]],"antennas":[-0.213025,0.525809],"body_yaw":-0.189889,"check_collision":false},{"head":[[0.976627,-0.214886,-0.004967,-0.012789],[0.206244,0.943357,-0.259885,-0.003232],[0.060531,0.252786,0.965627,0.02],[0.0,0.0,0.0,1.0]],"antennas":[-0.213025,0.525809],"body_yaw":-0.189889,"check_collision":false},{"head":[[0.976849,-0.213825,-0.006768,-0.012594],[0.20601,0.948733,-0.239718,-0.003538],[0.057679,0.232774,0.970819,0.02],[0.0,0.0,0.0,1.0]],"antennas":[-0.213025,0.525809],"body_yaw":-0.189889,"check_collision":false},{"head":[[0.977338,-0.211542,-0.007821,-0.01244],[0.205321,0.956294,-0.208197,-0.003804],[0.051522,0.201872,0.978056,0.02],[0.0,0.0,0.0,1.0]],"antennas":[-0.213025,0.525809],"body_yaw":-0.189889,"check_collision":false},{"head":[[0.977894,-0.20904,-0.005131,-0.012479],[0.20531,0.964519,-0.165986,-0.003949],[0.039646,0.161263,0.986115,0.02],[0.0,0.0,0.0,1.0]],"antennas":[-0.213025,0.525809],"body_yaw":-0.177498,"check_collision":false},{"head":[[0.97866,-0.205486,-4.1e-05,-0.012461],[0.204035,0.971771,-0.118455,-0.004483],[0.02438,0.115919,0.992959,0.02],[0.0,0.0,0.0,1.0]],"antennas":[-0.213025,0.525809],"body_yaw":-0.150977,"check_collision":false},{"head":[[0.979745,-0.200188,0.004984,-0.012221],[0.200072,0.977523,-0.066481,-0.005269],[0.008437,0.066131,0.997775,0.02],[0.0,0.0,0.0,1.0]],"antennas":[-0.213025,0.525809],"body_yaw":-0.116425,"check_collision":false},{"head":[[0.981044,-0.193568,0.00919,-0.011877],[0.19368,0.980974,-0.013384,-0.00588],[-0.006424,0.01491,0.999868,0.02],[0.0,0.0,0.0,1.0]],"antennas":[-0.213025,0.525809],"body_yaw":-0.081132,"check_collision":false},{"head":[[0.982431,-0.186234,0.012107,-0.011702],[0.185648,0.981854,0.038706,-0.006459],[-0.019095,-0.035778,0.999177,0.02],[0.0,0.0,0.0,1.0]],"antennas":[-0.213025,0.525809],"body_yaw":-0.058771,"check_collision":false},{"head":[[0.983684,-0.179056,0.017457,-0.011858],[0.17688,0.980299,0.087906,-0.007116],[-0.032853,-0.083384,0.995976,0.02],[0.0,0.0,0.0,1.0]],"antennas":[-0.213025,0.525809],"body_yaw":-0.056835,"check_collision":false},{"head":[[0.984599,-0.173192,0.023864,-0.012135],[0.168633,0.976833,0.131758,-0.007553],[-0.046131,-0.125705,0.990995,0.02],[0.0,0.0,0.0,1.0]],"antennas":[-0.213025,0.525809],"body_yaw":-0.056835,"check_collision":false},{"head":[[0.985448,-0.167773,0.027295,-0.012157],[0.161036,0.972886,0.166012,-0.00832],[-0.054407,-0.1592,0.985746,0.02],[0.0,0.0,0.0,1.0]],"antennas":[-0.213025,0.525809],"body_yaw":-0.056835,"check_collision":false},{"head":[[0.985985,-0.164271,0.029129,-0.012258],[0.155779,0.969009,0.191713,-0.008386],[-0.059719,-0.184488,0.981019,0.02],[0.0,0.0,0.0,1.0]],"antennas":[-0.213025,0.525809],"body_yaw":-0.056835,"check_collision":false},{"head":[[0.986217,-0.162917,0.028878,-0.012428],[0.153778,0.966944,0.2034,-0.008085],[-0.061061,-0.196156,0.97867,0.02],[0.0,0.0,0.0,1.0]],"antennas":[-0.213025,0.525809],"body_yaw":-0.056835,"check_collision":false},{"head":[[0.986208,-0.163087,0.02821,-0.012323],[0.1539,0.966325,0.206232,-0.008157],[-0.060894,-0.199046,0.978096,0.02],[0.0,0.0,0.0,1.0]],"antennas":[-0.213025,0.525809],"body_yaw":-0.056835,"check_collision":false},{"head":[[0.986284,-0.162912,0.026526,-0.012244],[0.154087,0.966373,0.205864,-0.007948],[-0.059172,-0.198954,0.978221,0.02],[0.0,0.0,0.0,1.0]],"antennas":[-0.213025,0.525809],"body_yaw":-0.056835,"check_collision":false},{"head":[[0.986148,-0.164152,0.023808,-0.012305],[0.155956,0.966487,0.203913,-0.007679],[-0.056483,-0.197376,0.978699,0.02],[0.0,0.0,0.0,1.0]],"antennas":[-0.213025,0.525809],"body_yaw":-0.056835,"check_collision":false},{"head":[[0.985937,-0.165779,0.021112,-0.012467],[0.158263,0.966791,0.200668,-0.007473],[-0.053677,-0.194505,0.979432,0.02],[0.0,0.0,0.0,1.0]],"antennas":[-0.213025,0.525809],"body_yaw":-0.056835,"check_collision":false},{"head":[[0.985872,-0.166552,0.017789,-0.012643],[0.159854,0.967272,0.19706,-0.007271],[-0.050028,-0.191432,0.98023,0.02],[0.0,0.0,0.0,1.0]],"antennas":[-0.213025,0.525809],"body_yaw":-0.056835,"check_collision":false},{"head":[[0.985706,-0.167634,0.016796,-0.012765],[0.16125,0.967622,0.194182,-0.007238],[-0.048803,-0.188698,0.980822,0.02],[0.0,0.0,0.0,1.0]],"antennas":[-0.213025,0.525809],"body_yaw":-0.056835,"check_collision":false},{"head":[[0.985438,-0.169263,0.016174,-0.012904],[0.163003,0.967476,0.193444,-0.00733],[-0.048391,-0.187991,0.980978,0.02],[0.0,0.0,0.0,1.0]],"antennas":[-0.213025,0.525809],"body_yaw":-0.056835,"check_collision":false},{"head":[[0.985081,-0.171458,0.014767,-0.012982],[0.165537,0.967517,0.191072,-0.006896],[-0.047048,-0.185777,0.981465,0.02],[0.0,0.0,0.0,1.0]],"antennas":[-0.213025,0.525809],"body_yaw":-0.056835,"check_collision":false},{"head":[[0.984541,-0.174652,0.01323,-0.0129],[0.169272,0.968177,0.184337,-0.007026],[-0.045004,-0.179248,0.982774,0.02],[0.0,0.0,0.0,1.0]],"antennas":[-0.213025,0.525809],"body_yaw":-0.056835,"check_collision":false},{"head":[[0.983711,-0.179457,0.010386,-0.013112],[0.174807,0.968485,0.177424,-0.006813],[-0.041898,-0.172718,0.98408,0.02],[0.0,0.0,0.0,1.0]],"antennas":[-0.213025,0.525809],"body_yaw":-0.056835,"check_collision":false},{"head":[[0.982556,-0.185853,0.006473,-0.013297],[0.182048,0.96838,0.170584,-0.006429],[-0.037971,-0.16643,0.985322,0.02],[0.0,0.0,0.0,1.0]],"antennas":[-0.213025,0.525809],"body_yaw":-0.056835,"check_collision":false},{"head":[[0.981246,-0.192723,0.003777,-0.01355],[0.189588,0.968455,0.161715,-0.005839],[-0.034824,-0.157966,0.98683,0.02],[0.0,0.0,0.0,1.0]],"antennas":[-0.213025,0.525809],"body_yaw":-0.056835,"check_collision":false},{"head":[[0.979829,-0.199831,0.001606,-0.013854],[0.197274,0.968515,0.151861,-0.005636],[-0.031901,-0.148481,0.988401,0.02],[0.0,0.0,0.0,1.0]],"antennas":[-0.213025,0.525809],"body_yaw":-0.056835,"check_collision":false},{"head":[[0.978321,-0.207083,0.002194,-0.014228],[0.204686,0.968502,0.141801,-0.005749],[-0.03149,-0.138278,0.989893,0.02],[0.0,0.0,0.0,1.0]],"antennas":[-0.213025,0.525809],"body_yaw":-0.056835,"check_collision":false},{"head":[[0.975835,-0.218508,0.001148,-0.014398],[0.216518,0.967629,0.129668,-0.005302],[-0.029445,-0.126286,0.991557,0.02],[0.0,0.0,0.0,1.0]],"antennas":[-0.213025,0.525809],"body_yaw":-0.056835,"check_collision":false},{"head":[[0.97329,-0.229574,-0.001795,-0.01444],[0.228281,0.96692,0.113816,-0.005169],[-0.024394,-0.111186,0.9935,0.02],[0.0,0.0,0.0,1.0]],"antennas":[-0.213025,0.525809],"body_yaw":-0.056835,"check_collision":false},{"head":[[0.970837,-0.239689,-0.005061,-0.014473],[0.23901,0.966004,0.09854,-0.005152],[-0.01873,-0.096875,0.99512,0.02],[0.0,0.0,0.0,1.0]],"antennas":[-0.213025,0.525809],"body_yaw":-0.056835,"check_collision":false},{"head":[[0.96806,-0.250558,-0.008972,-0.014241],[0.250407,0.964449,0.084472,-0.005205],[-0.012513,-0.084021,0.996385,0.02],[0.0,0.0,0.0,1.0]],"antennas":[-0.213025,0.525809],"body_yaw":-0.056835,"check_collision":false},{"head":[[0.964892,-0.262389,-0.011606,-0.014106],[0.262539,0.962294,0.071165,-0.005869],[-0.007504,-0.071714,0.997397,0.02],[0.0,0.0,0.0,1.0]],"antennas":[-0.213025,0.525809],"body_yaw":-0.056835,"check_collision":false},{"head":[[0.961415,-0.274863,-0.01143,-0.014087],[0.275029,0.959382,0.062808,-0.00611],[-0.006298,-0.063528,0.99796,0.02],[0.0,0.0,0.0,1.0]],"antennas":[-0.213025,0.525809],"body_yaw":-0.056835,"check_collision":false},{"head":[[0.958701,-0.284276,-0.00894,-0.014176],[0.284343,0.957263,0.052879,-0.006406],[-0.006474,-0.053237,0.998561,0.02],[0.0,0.0,0.0,1.0]],"antennas":[-0.213025,0.525809],"body_yaw":-0.056835,"check_collision":false},{"head":[[0.956477,-0.291708,-0.007663,-0.014324],[0.291761,0.955516,0.043191,-0.006796],[-0.005277,-0.043547,0.999037,0.02],[0.0,0.0,0.0,1.0]],"antennas":[-0.213025,0.525809],"body_yaw":-0.056835,"check_collision":false},{"head":[[0.954536,-0.297994,-0.007809,-0.014534],[0.298073,0.953809,0.037421,-0.00691],[-0.003703,-0.038048,0.999269,0.02],[0.0,0.0,0.0,1.0]],"antennas":[-0.213025,0.525809],"body_yaw":-0.056835,"check_collision":false},{"head":[[0.951515,-0.307404,-0.011042,-0.014481],[0.307603,0.950895,0.034338,-0.007243],[-5.6e-05,-0.036069,0.999349,0.02],[0.0,0.0,0.0,1.0]],"antennas":[-0.213025,0.525809],"body_yaw":-0.056835,"check_collision":false},{"head":[[0.948936,-0.31522,-0.012497,-0.01428],[0.315463,0.948407,0.031728,-0.008249],[0.001851,-0.03405,0.999418,0.02],[0.0,0.0,0.0,1.0]],"antennas":[-0.213025,0.525809],"body_yaw":-0.056835,"check_collision":false},{"head":[[0.947761,-0.318748,-0.012172,-0.01431],[0.318973,0.947313,0.029217,-0.008492],[0.002218,-0.031573,0.999499,0.02],[0.0,0.0,0.0,1.0]],"antennas":[-0.213025,0.525809],"body_yaw":-0.056835,"check_collision":false},{"head":[[0.947348,-0.32,-0.011454,-0.014462],[0.320201,0.946907,0.028952,-0.008893],[0.001581,-0.031095,0.999515,0.02],[0.0,0.0,0.0,1.0]],"antennas":[-0.213025,0.525809],"body_yaw":-0.056835,"check_collision":false},{"head":[[0.946894,-0.321307,-0.012374,-0.014559],[0.32154,0.9464,0.030637,-0.009239],[0.001867,-0.032989,0.999454,0.02],[0.0,0.0,0.0,1.0]],"antennas":[-0.213025,0.525809],"body_yaw":-0.056835,"check_collision":false},{"head":[[0.9456,-0.324944,-0.015866,-0.014631],[0.325303,0.945034,0.033001,-0.009462],[0.004271,-0.036367,0.999329,0.02],[0.0,0.0,0.0,1.0]],"antennas":[-0.213025,0.525809],"body_yaw":-0.056835,"check_collision":false},{"head":[[0.944184,-0.328932,-0.017886,-0.01469],[0.329366,0.943606,0.033547,-0.009796],[0.005843,-0.037566,0.999277,0.02],[0.0,0.0,0.0,1.0]],"antennas":[-0.213025,0.525809],"body_yaw":-0.056835,"check_collision":false},{"head":[[0.943624,-0.330611,-0.016452,-0.014763],[0.330978,0.94313,0.030974,-0.009959],[0.005276,-0.034673,0.999385,0.02],[0.0,0.0,0.0,1.0]],"antennas":[-0.213025,0.525809],"body_yaw":-0.056835,"check_collision":false},{"head":[[0.94353,-0.330929,-0.015427,-0.014776],[0.33125,0.943105,0.028735,-0.010308],[0.00504,-0.032222,0.999468,0.02],[0.0,0.0,0.0,1.0]],"antennas":[-0.213025,0.525809],"body_yaw":-0.056835,"check_collision":false},{"head":[[0.943945,-0.32978,-0.014625,-0.014747],[0.330077,0.943505,0.029098,-0.010878],[0.004203,-0.032294,0.99947,0.02],[0.0,0.0,0.0,1.0]],"antennas":[-0.213025,0.525809],"body_yaw":-0.056835,"check_collision":false},{"head":[[0.945684,-0.324795,-0.013825,-0.014804],[0.325064,0.945279,0.02794,-0.011292],[0.003994,-0.030916,0.999514,0.02],[0.0,0.0,0.0,1.0]],"antennas":[-0.213025,0.525809],"body_yaw":-0.056835,"check_collision":false},{"head":[[0.948905,-0.315309,-0.0126,-0.01483],[0.315542,0.948528,0.026978,-0.011855],[0.003445,-0.029576,0.999557,0.02],[0.0,0.0,0.0,1.0]],"antennas":[-0.213025,0.525809],"body_yaw":-0.056835,"check_collision":false},{"head":[[0.953752,-0.300382,-0.011332,-0.014905],[0.30058,0.953409,0.02573,-0.012413],[0.003075,-0.027946,0.999605,0.02],[0.0,0.0,0.0,1.0]],"antennas":[-0.213025,0.525809],"body_yaw":-0.056835,"check_collision":false}]}