{"description":"A gesture to invite your interlocutor to come closer.","time":[0.0,0.02,0.04,0.06,0.08,0.1,0.12,0.14,0.16,0.18,0.2,0.22,0.24,0.26,0.28,0.3,0.32,0.34,0.36,0.38,0.4,0.42,0.44,0.46,0.48,0.5,0.52,0.54,0.56,0.58,0.6,0.62,0.64,0.66,0.68,0.7,0.72,0.74,0.76,0.78,0.8,0.82,0.84,0.86,0.88,0.9,0.92,0.94,0.96,0.98,1.0,1.02,1.04,1.06,1.08,1.1,1.12,1.14,1.16,1.18,1.2,1.22,1.24,1.26,1.28,1.3,1.32,1.34,1.36,1.38,1.4,1.42,1.44,1.46,1.48,1.5,1.52,1.54,1.56,1.58,1.6,1.62,1.64,1.66,1.68,1.7,1.72,1.74,1.76,1.78,1.8,1.82,1.84,1.86,1.88,1.9,1.92,1.94,1.96,1.98,2.0,2.02,2.04,2.06,2.08,2.1,2.12,2.14,2.16,2.18,2.2,2.22,2.24,2.26,2.28,2.3,2.32,2.34,2.36,2.38,2.4,2.42,2.44,2.46,2.48,2.5,2.52,2.54,2.56,2.58,2.6,2.62,2.64,2.66,2.68,2.7,2.72,2.74,2.76,2.78,2.8,2.82,2.84,2.86,2.88,2.9,2.92,2.94,2.96,2.98,3.0,3.02,3.04,3.06,3.08,3.1,3.12,3.14,3.16],"set_target_data":[{"head":[[0.996982,0.068737,-0.036083,-0.011816],[-0.069327,0.997475,-0.015379,0.000617],[0.034935,0.017834,0.99923,0.004],[0.0,0.0,0.0,1.0]],"antennas":[0.0,0.0],"body_yaw":-0.056835,"check_collision":false},{"head":[[0.996972,0.06855,-0.036722,-0.011883],[-0.069145,0.997491,-0.015165,0.000686],[0.03559,0.017658,0.99921,0.004147],[0.0,0.0,0.0,1.0]],"antennas":[0.0,0.0],"body_yaw":-0.056835,"check_collision":false},{"head":[[0.996964,0.068429,-0.037153,-0.011942],[-0.069019,0.997505,-0.014825,0.000713],[0.036046,0.017344,0.9992,0.004267],[0.0,0.0,0.0,1.0]],"antennas":[0.0,0.0],"body_yaw":-0.056835,"check_collision":false},{"head":[[0.996962,0.068069,-0.037864,-0.011972],[-0.068672,0.997529,-0.014844,0.000737],[0.03676,0.017399,0.999173,0.004194],[0.0,0.0,0.0,1.0]],"antennas":[0.0,0.0],"body_yaw":-0.056835,"check_collision":false},{"head":[[0.996995,0.067568,-0.037899,-0.011993],[-0.068191,0.997554,-0.015378,0.000771],[0.036767,0.017916,0.999163,0.004015],[0.0,0.0,0.0,1.0]],"antennas":[0.0,0.0],"body_yaw":-0.056835,"check_collision":false},{"head":[[0.996998,0.067356,-0.038181,-0.012023],[-0.067985,0.997567,-0.015418,0.000764],[0.037049,0.017967,0.999152,0.003915],[0.0,0.0,0.0,1.0]],"antennas":[0.0,0.0],"body_yaw":-0.056835,"check_collision":false},{"head":[[0.996977,0.067133,-0.039108,-0.012106],[-0.067777,0.997582,-0.015383,0.001073],[0.037981,0.017987,0.999117,0.003989],[0.0,0.0,0.0,1.0]],"antennas":[0.0,0.0],"body_yaw":-0.056835,"check_collision":false},{"head":[[0.99695,0.066932,-0.040131,-0.01219],[-0.0676,0.997591,-0.015543,0.001135],[0.038994,0.018208,0.999074,0.004074],[0.0,0.0,0.0,1.0]],"antennas":[0.0,0.0],"body_yaw":-0.056835,"check_collision":false},{"head":[[0.996932,0.066743,-0.040901,-0.012238],[-0.067429,0.997602,-0.015609,0.001405],[0.039761,0.018319,0.999041,0.004255],[0.0,0.0,0.0,1.0]],"antennas":[0.0,0.0],"body_yaw":-0.056835,"check_collision":false},{"head":[[0.996929,0.066495,-0.041372,-0.012296],[-0.067204,0.997611,-0.015984,0.001456],[0.040211,0.018716,0.999016,0.004315],[0.0,0.0,0.0,1.0]],"antennas":[0.0,0.0],"body_yaw":-0.056835,"check_collision":false},{"head":[[0.996912,0.066461,-0.041815,-0.012328],[-0.067181,0.997612,-0.016045,0.001477],[0.040649,0.018805,0.998997,0.004313],[0.0,0.0,0.0,1.0]],"antennas":[0.0,0.0],"body_yaw":-0.056835,"check_collision":false},{"head":[[0.996868,0.066825,-0.042292,-0.012345],[-0.067531,0.997597,-0.01548,0.001515],[0.041156,0.018287,0.998985,0.004264],[0.0,0.0,0.0,1.0]],"antennas":[0.0,0.0],"body_yaw":-0.056835,"check_collision":false},{"head":[[0.996816,0.067395,-0.042608,-0.012349],[-0.068085,0.997567,-0.014956,0.00153],[0.041496,0.017809,0.99898,0.004132],[0.0,0.0,0.0,1.0]],"antennas":[0.0,0.0],"body_yaw":-0.056835,"check_collision":false},{"head":[[0.996782,0.067791,-0.04277,-0.012414],[-0.068467,0.997548,-0.01453,0.001468],[0.04168,0.017412,0.998979,0.004106],[0.0,0.0,0.0,1.0]],"antennas":[0.0,0.0],"body_yaw":-0.056835,"check_collision":false},{"head":[[0.996735,0.067989,-0.04355,-0.012481],[-0.068653,0.997543,-0.013946,0.001482],[0.042495,0.01689,0.998954,0.004173],[0.0,0.0,0.0,1.0]],"antennas":[0.0,0.0],"body_yaw":-0.056835,"check_collision":false},{"head":[[0.996692,0.068098,-0.04436,-0.012572],[-0.068757,0.997542,-0.0135,0.001602],[0.043332,0.016505,0.998924,0.004303],[0.0,0.0,0.0,1.0]],"antennas":[0.0,0.0],"body_yaw":-0.056835,"check_collision":false},{"head":[[0.996547,0.068944,-0.046279,-0.012666],[-0.069571,0.997504,-0.012075,0.001823],[0.045331,0.015253,0.998856,0.004454],[0.0,0.0,0.0,1.0]],"antennas":[0.0,0.0],"body_yaw":-0.056835,"check_collision":false},{"head":[[0.996357,0.069619,-0.049262,-0.012744],[-0.070201,0.997481,-0.010186,0.002006],[0.048429,0.013607,0.998734,0.004633],[0.0,0.0,0.0,1.0]],"antennas":[0.0,0.0],"body_yaw":-0.056835,"check_collision":false},{"head":[[0.996114,0.070801,-0.052384,-0.012804],[-0.071291,0.997427,-0.007552,0.002049],[0.051715,0.011257,0.998598,0.00473],[0.0,0.0,0.0,1.0]],"antennas":[0.0,0.0],"body_yaw":-0.056835,"check_collision":false},{"head":[[0.995803,0.072997,-0.055205,-0.012843],[-0.073329,0.9973,-0.004006,0.002052],[0.054764,0.008037,0.998467,0.004727],[0.0,0.0,0.0,1.0]],"antennas":[0.0,0.0],"body_yaw":-0.056835,"check_collision":false},{"head":[[0.995279,0.076997,-0.059087,-0.012869],[-0.076907,0.997031,0.00379,0.00189],[0.059203,0.000772,0.998246,0.004753],[0.0,0.0,0.0,1.0]],"antennas":[0.0,0.0],"body_yaw":-0.056835,"check_collision":false},{"head":[[0.994734,0.081247,-0.062482,-0.013009],[-0.080664,0.996671,0.011807,0.001749],[0.063234,-0.006705,0.997976,0.004839],[0.0,0.0,0.0,1.0]],"antennas":[0.0,0.0],"body_yaw":-0.056835,"check_collision":false},{"head":[[0.994256,0.085038,-0.064987,-0.013188],[-0.084026,0.996298,0.018156,0.00164],[0.066291,-0.012591,0.997721,0.005033],[0.0,0.0,0.0,1.0]],"antennas":[0.0,0.0],"body_yaw":-0.056835,"check_collision":false},{"head":[[0.993752,0.088812,-0.067591,-0.013311],[-0.087352,0.995882,0.024273,0.001596],[0.069468,-0.018217,0.997418,0.005282],[0.0,0.0,0.0,1.0]],"antennas":[0.0,0.0],"body_yaw":-0.056835,"check_collision":false},{"head":[[0.992845,0.094498,-0.072998,-0.013393],[-0.092231,0.995163,0.03383,0.001601],[0.075842,-0.026856,0.996758,0.005504],[0.0,0.0,0.0,1.0]],"antennas":[0.0,0.0],"body_yaw":-0.056835,"check_collision":false},{"head":[[0.991813,0.100939,-0.078221,-0.01351],[-0.097561,0.994172,0.045873,0.001618],[0.082395,-0.037867,0.99588,0.005738],[0.0,0.0,0.0,1.0]],"antennas":[0.0,0.0],"body_yaw":-0.056835,"check_collision":false},{"head":[[0.990823,0.106385,-0.083383,-0.013554],[-0.101916,0.993208,0.05614,0.001531],[0.088789,-0.047127,0.994935,0.005951],[0.0,0.0,0.0,1.0]],"antennas":[0.0,0.0],"body_yaw":-0.056835,"check_collision":false},{"head":[[0.989869,0.111374,-0.088068,-0.013595],[-0.105936,0.992298,0.064198,0.001379],[0.094539,-0.054218,0.994044,0.00604],[0.0,0.0,0.0,1.0]],"antennas":[0.0,0.0],"body_yaw":-0.056835,"check_collision":false},{"head":[[0.98905,0.115716,-0.091598,-0.013651],[-0.109413,0.991451,0.07109,0.001208],[0.099042,-0.060289,0.993255,0.005977],[0.0,0.0,0.0,1.0]],"antennas":[0.0,0.0],"body_yaw":-0.056835,"check_collision":false},{"head":[[0.988145,0.119775,-0.096038,-0.01369],[-0.11252,0.990606,0.077715,0.000971],[0.104444,-0.065988,0.992339,0.005999],[0.0,0.0,0.0,1.0]],"antennas":[0.0,0.0],"body_yaw":-0.056835,"check_collision":false},{"head":[[0.987189,0.123407,-0.101132,-0.013748],[-0.115017,0.989721,0.084986,0.000901],[0.11058,-0.072266,0.991236,0.006102],[0.0,0.0,0.0,1.0]],"antennas":[0.0,0.0],"body_yaw":-0.056835,"check_collision":false},{"head":[[0.986345,0.126853,-0.105031,-0.01384],[-0.117511,0.988909,0.090827,0.001029],[0.115388,-0.077244,0.990313,0.006211],[0.0,0.0,0.0,1.0]],"antennas":[0.0,0.0],"body_yaw":-0.056835,"check_collision":false},{"head":[[0.985893,0.128548,-0.107197,-0.013857],[-0.118684,0.988488,0.093838,0.001169],[0.118026,-0.079791,0.9898,0.006306],[0.0,0.0,0.0,1.0]],"antennas":[0.0,0.0],"body_yaw":-0.056835,"check_collision":false},{"head":[[0.985876,0.129321,-0.106418,-0.013836],[-0.119343,0.988264,0.095345,0.001301],[0.117499,-0.081299,0.98974,0.006278],[0.0,0.0,0.0,1.0]],"antennas":[0.0,0.0],"body_yaw":-0.056835,"check_collision":false},{"head":[[0.985925,0.129943,-0.105198,-0.013819],[-0.119994,0.988126,0.095962,0.001244],[0.116418,-0.081988,0.98981,0.006192],[0.0,0.0,0.0,1.0]],"antennas":[0.0,0.0],"body_yaw":-0.056835,"check_collision":false},{"head":[[0.985684,0.131341,-0.105716,-0.013754],[-0.121043,0.987741,0.098572,0.000981],[0.117366,-0.084365,0.989499,0.006151],[0.0,0.0,0.0,1.0]],"antennas":[0.0,0.0],"body_yaw":-0.056835,"check_collision":false},{"head":[[0.985445,0.132604,-0.106371,-0.01368],[-0.121935,0.987363,0.101227,0.000805],[0.11845,-0.086783,0.98916,0.006064],[0.0,0.0,0.0,1.0]],"antennas":[0.0,0.0],"body_yaw":-0.056835,"check_collision":false},{"head":[[0.985378,0.133311,-0.106102,-0.013591],[-0.122533,0.987173,0.102349,0.000718],[0.118385,-0.087852,0.989074,0.005872],[0.0,0.0,0.0,1.0]],"antennas":[0.0,0.0],"body_yaw":-0.056835,"check_collision":false},{"head":[[0.985439,0.134376,-0.104178,-0.01355],[-0.12368,0.986949,0.103123,0.000674],[0.116676,-0.088737,0.989198,0.005689],[0.0,0.0,0.0,1.0]],"antennas":[0.0,0.0],"body_yaw":-0.056835,"check_collision":false},{"head":[[0.985444,0.136119,-0.101839,-0.013575],[-0.125487,0.986587,0.104401,0.000702],[0.114684,-0.090102,0.989307,0.005601],[0.0,0.0,0.0,1.0]],"antennas":[0.0,0.0],"body_yaw":-0.056835,"check_collision":false},{"head":[[0.98554,0.137475,-0.099053,-0.013613],[-0.127059,0.986348,0.104752,0.000714],[0.112101,-0.090652,0.989553,0.00563],[0.0,0.0,0.0,1.0]],"antennas":[0.0,0.0],"body_yaw":-0.056835,"check_collision":false},{"head":[[0.985642,0.13841,-0.096713,-0.013604],[-0.128291,0.986266,0.104025,0.000713],[0.109783,-0.090124,0.989861,0.005641],[0.0,0.0,0.0,1.0]],"antennas":[0.0,0.0],"body_yaw":-0.056835,"check_collision":false},{"head":[[0.985716,0.139341,-0.094599,-0.01356],[-0.129447,0.986146,0.103733,0.000679],[0.107742,-0.090005,0.990096,0.005544],[0.0,0.0,0.0,1.0]],"antennas":[0.0,0.0],"body_yaw":-0.056835,"check_collision":false},{"head":[[0.98587,0.14033,-0.091477,-0.01353],[-0.130674,0.985938,0.104164,0.000625],[0.104808,-0.090738,0.990344,0.005365],[0.0,0.0,0.0,1.0]],"antennas":[0.0,0.0],"body_yaw":-0.056835,"check_collision":false},{"head":[[0.985973,0.141187,-0.08901,-0.0135],[-0.131798,0.98583,0.103775,0.000606],[0.1024,-0.090588,0.99061,0.005206],[0.0,0.0,0.0,1.0]],"antennas":[0.0,0.0],"body_yaw":-0.056835,"check_collision":false},{"head":[[0.986039,0.141452,-0.087857,-0.013457],[-0.13223,0.985835,0.103174,0.000568],[0.101207,-0.090116,0.990776,0.005148],[0.0,0.0,0.0,1.0]],"antennas":[0.0,0.0],"body_yaw":-0.056835,"check_collision":false},{"head":[[0.985825,0.142208,-0.089027,-0.013472],[-0.132688,0.985577,0.10503,0.000518],[0.102679,-0.091729,0.990476,0.005145],[0.0,0.0,0.0,1.0]],"antennas":[0.0,0.0],"body_yaw":-0.056835,"check_collision":false},{"head":[[0.984686,0.145459,-0.096102,-0.013576],[-0.134457,0.984516,0.112474,0.000471],[0.110974,-0.09783,0.988996,0.005365],[0.0,0.0,0.0,1.0]],"antennas":[0.0,0.0],"body_yaw":-0.056835,"check_collision":false},{"head":[[0.981001,0.153932,-0.118077,-0.013797],[-0.137358,0.980919,0.137592,0.000414],[0.137003,-0.118759,0.983426,0.006295],[0.0,0.0,0.0,1.0]],"antennas":[0.0,0.0],"body_yaw":-0.056835,"check_collision":false},{"head":[[0.97468,0.165204,-0.150689,-0.01406],[-0.139287,0.975756,0.168817,0.000493],[0.174925,-0.143553,0.97406,0.007753],[0.0,0.0,0.0,1.0]],"antennas":[0.0,0.0],"body_yaw":-0.056835,"check_collision":false},{"head":[[0.965803,0.172974,-0.193142,-0.014247],[-0.135873,0.972107,0.191171,0.000875],[0.220822,-0.158391,0.962367,0.009389],[0.0,0.0,0.0,1.0]],"antennas":[0.0,0.0],"body_yaw":-0.056835,"check_collision":false},{"head":[[0.955304,0.174577,-0.238571,-0.014309],[-0.127853,0.971617,0.199033,0.001576],[0.266547,-0.159635,0.95051,0.010699],[0.0,0.0,0.0,1.0]],"antennas":[0.0,0.0],"body_yaw":-0.056835,"check_collision":false},{"head":[[0.946444,0.171436,-0.273594,-0.014157],[-0.119354,0.973133,0.196892,0.002193],[0.299998,-0.153692,0.941478,0.011475],[0.0,0.0,0.0,1.0]],"antennas":[0.0,0.0],"body_yaw":-0.056835,"check_collision":false},{"head":[[0.941688,0.165931,-0.292729,-0.013722],[-0.112685,0.975236,0.190306,0.002476],[0.317058,-0.146223,0.937066,0.011625],[0.0,0.0,0.0,1.0]],"antennas":[0.0,0.0],"body_yaw":-0.056835,"check_collision":false},{"head":[[0.940094,0.162576,-0.299655,-0.013149],[-0.110104,0.976654,0.184456,0.002735],[0.322647,-0.140413,0.936046,0.011052],[0.0,0.0,0.0,1.0]],"antennas":[0.0,0.0],"body_yaw":-0.056835,"check_collision":false},{"head":[[0.942418,0.160562,-0.293375,-0.012668],[-0.111521,0.977882,0.176947,0.002705],[0.315297,-0.134041,0.939479,0.010294],[0.0,0.0,0.0,1.0]],"antennas":[0.0,0.0],"body_yaw":-0.056835,"check_collision":false},{"head":[[0.948906,0.156231,-0.274171,-0.012466],[-0.115667,0.980571,0.158438,0.002758],[0.293597,-0.11863,0.94854,0.009505],[0.0,0.0,0.0,1.0]],"antennas":[0.0,0.0],"body_yaw":-0.056835,"check_collision":false},{"head":[[0.957284,0.151969,-0.245993,-0.012623],[-0.119746,0.982725,0.141112,0.002748],[0.263188,-0.105627,0.958945,0.008852],[0.0,0.0,0.0,1.0]],"antennas":[0.0,0.0],"body_yaw":-0.056835,"check_collision":false},{"head":[[0.967322,0.146239,-0.207131,-0.013188],[-0.121887,0.98453,0.125875,0.002628],[0.222334,-0.096515,0.970182,0.00847],[0.0,0.0,0.0,1.0]],"antennas":[0.0,0.0],"body_yaw":-0.056835,"check_collision":false},{"head":[[0.975804,0.139244,-0.168577,-0.013789],[-0.121418,0.986281,0.111838,0.002062],[0.181837,-0.088664,0.979323,0.008518],[0.0,0.0,0.0,1.0]],"antennas":[0.0,0.0],"body_yaw":-0.056835,"check_collision":false},{"head":[[0.97963,0.136668,-0.14713,-0.014205],[-0.12166,0.986829,0.106617,0.001554],[0.159763,-0.086545,0.983354,0.008449],[0.0,0.0,0.0,1.0]],"antennas":[0.0,0.0],"body_yaw":-0.056835,"check_collision":false},{"head":[[0.976609,0.144922,-0.158847,-0.014086],[-0.126441,0.98458,0.120893,0.001394],[0.173918,-0.097981,0.979874,0.00848],[0.0,0.0,0.0,1.0]],"antennas":[0.0,0.0],"body_yaw":-0.056835,"check_collision":false},{"head":[[0.967226,0.157729,-0.198986,-0.013328],[-0.128866,0.980167,0.150551,0.001093],[0.218786,-0.119974,0.968369,0.009156],[0.0,0.0,0.0,1.0]],"antennas":[0.0,0.0],"body_yaw":-0.056835,"check_collision":false},{"head":[[0.950188,0.172825,-0.259373,-0.012307],[-0.126334,0.974319,0.186393,0.001246],[0.284926,-0.144341,0.94762,0.010243],[0.0,0.0,0.0,1.0]],"antennas":[0.0,0.0],"body_yaw":-0.056835,"check_collision":false},{"head":[[0.936464,0.178345,-0.302041,-0.01199],[-0.116533,0.97037,0.211666,0.001372],[0.330841,-0.16302,0.929499,0.011563],[0.0,0.0,0.0,1.0]],"antennas":[0.0,0.0],"body_yaw":-0.056835,"check_collision":false},{"head":[[0.926364,0.177488,-0.332187,-0.012155],[-0.106172,0.969291,0.221815,0.001925],[0.361356,-0.170212,0.91676,0.012676],[0.0,0.0,0.0,1.0]],"antennas":[0.0,0.0],"body_yaw":-0.056835,"check_collision":false},{"head":[[0.919113,0.169118,-0.355851,-0.012246],[-0.093729,0.971115,0.219433,0.002666],[0.382682,-0.16833,0.908416,0.01341],[0.0,0.0,0.0,1.0]],"antennas":[0.0,0.0],"body_yaw":-0.056835,"check_collision":false},{"head":[[0.91989,0.156872,-0.359434,-0.011993],[-0.085765,0.974797,0.205947,0.002921],[0.382683,-0.158622,0.910161,0.013849],[0.0,0.0,0.0,1.0]],"antennas":[0.0,0.0],"body_yaw":-0.056835,"check_collision":false},{"head":[[0.919914,0.153424,-0.360859,-0.01189],[-0.085506,0.976618,0.197247,0.003063],[0.382684,-0.150595,0.911523,0.013477],[0.0,0.0,0.0,1.0]],"antennas":[0.0,0.0],"body_yaw":-0.056835,"check_collision":false},{"head":[[0.919719,0.153522,-0.361315,-0.011944],[-0.087582,0.977408,0.192359,0.003165],[0.382684,-0.145272,0.912387,0.013497],[0.0,0.0,0.0,1.0]],"antennas":[0.0,0.0],"body_yaw":-0.056835,"check_collision":false},{"head":[[0.91942,0.155405,-0.361269,-0.012179],[-0.090661,0.977626,0.18981,0.002906],[0.382683,-0.141762,0.912939,0.013415],[0.0,0.0,0.0,1.0]],"antennas":[0.0,0.0],"body_yaw":-0.056835,"check_collision":false},{"head":[[0.919258,0.15813,-0.360499,-0.012405],[-0.092291,0.976822,0.193135,0.002603],[0.382683,-0.14427,0.912546,0.013682],[0.0,0.0,0.0,1.0]],"antennas":[0.0,0.0],"body_yaw":-0.056835,"check_collision":false},{"head":[[0.919257,0.158801,-0.360206,-0.012441],[-0.092302,0.976464,0.19493,0.002677],[0.382683,-0.145943,0.91228,0.01364],[0.0,0.0,0.0,1.0]],"antennas":[0.0,0.0],"body_yaw":-0.056835,"check_collision":false},{"head":[[0.919244,0.159324,-0.36001,-0.012422],[-0.092742,0.976352,0.195283,0.002609],[0.382609,-0.146125,0.912282,0.013555],[0.0,0.0,0.0,1.0]],"antennas":[0.0,0.0],"body_yaw":-0.056835,"check_collision":false},{"head":[[0.92254,0.159455,-0.351418,-0.012373],[-0.094114,0.976109,0.195839,0.002343],[0.37425,-0.147596,0.915507,0.01293],[0.0,0.0,0.0,1.0]],"antennas":[0.0,0.0],"body_yaw":-0.056835,"check_collision":false},{"head":[[0.931678,0.157408,-0.327412,-0.012554],[-0.09732,0.976457,0.192513,0.002026],[0.350006,-0.147496,0.925062,0.012196],[0.0,0.0,0.0,1.0]],"antennas":[0.0,0.0],"body_yaw":-0.056835,"check_collision":false},{"head":[[0.94499,0.154274,-0.288434,-0.013025],[-0.103622,0.977567,0.183372,0.001829],[0.310253,-0.143396,0.939777,0.011586],[0.0,0.0,0.0,1.0]],"antennas":[0.0,0.0],"body_yaw":-0.056835,"check_collision":false},{"head":[[0.960839,0.14589,-0.235596,-0.013996],[-0.107163,0.979669,0.169602,0.001401],[0.255549,-0.137713,0.956938,0.011271],[0.0,0.0,0.0,1.0]],"antennas":[0.0,0.0],"body_yaw":-0.056835,"check_collision":false},{"head":[[0.970721,0.138097,-0.196543,-0.014741],[-0.10798,0.981757,0.156503,0.000962],[0.21457,-0.130698,0.967924,0.010966],[0.0,0.0,0.0,1.0]],"antennas":[0.0,0.0],"body_yaw":-0.056835,"check_collision":false},{"head":[[0.977153,0.131783,-0.166747,-0.015027],[-0.108427,0.983883,0.142188,0.000737],[0.182798,-0.120859,0.975694,0.010342],[0.0,0.0,0.0,1.0]],"antennas":[0.0,0.0],"body_yaw":-0.056835,"check_collision":false},{"head":[[0.980214,0.129386,-0.149801,-0.014986],[-0.109865,0.985143,0.131993,0.000541],[0.164653,-0.112923,0.979866,0.009998],[0.0,0.0,0.0,1.0]],"antennas":[0.0,0.0],"body_yaw":-0.056835,"check_collision":false},{"head":[[0.981887,0.127824,-0.139853,-0.014846],[-0.110993,0.986282,0.12218,0.000334],[0.153552,-0.104444,0.982605,0.009421],[0.0,0.0,0.0,1.0]],"antennas":[0.0,0.0],"body_yaw":-0.056835,"check_collision":false},{"head":[[0.984591,0.123895,-0.123414,-0.014862],[-0.110229,0.987573,0.112019,0.000378],[0.135759,-0.096689,0.986013,0.008743],[0.0,0.0,0.0,1.0]],"antennas":[0.0,0.0],"body_yaw":-0.056835,"check_collision":false},{"head":[[0.986645,0.119795,-0.11037,-0.014966],[-0.108728,0.98889,0.101368,0.00039],[0.121287,-0.088014,0.988708,0.008654],[0.0,0.0,0.0,1.0]],"antennas":[0.0,0.0],"body_yaw":-0.056835,"check_collision":false},{"head":[[0.987675,0.116065,-0.105008,-0.01487],[-0.106501,0.989998,0.092529,0.000728],[0.114697,-0.080205,0.990157,0.008397],[0.0,0.0,0.0,1.0]],"antennas":[0.0,0.0],"body_yaw":-0.056835,"check_collision":false},{"head":[[0.988205,0.112499,-0.103896,-0.014812],[-0.103858,0.99094,0.085151,0.000984],[0.112534,-0.073356,0.990936,0.008189],[0.0,0.0,0.0,1.0]],"antennas":[0.0,0.0],"body_yaw":-0.056835,"check_collision":false},{"head":[[0.989084,0.107997,-0.100248,-0.014558],[-0.100681,0.992058,0.075387,0.001109],[0.107594,-0.064471,0.992102,0.007769],[0.0,0.0,0.0,1.0]],"antennas":[0.0,0.0],"body_yaw":-0.056835,"check_collision":false},{"head":[[0.989804,0.104377,-0.096921,-0.014351],[-0.098194,0.992942,0.06652,0.001167],[0.10318,-0.056324,0.993067,0.00751],[0.0,0.0,0.0,1.0]],"antennas":[0.0,0.0],"body_yaw":-0.056835,"check_collision":false},{"head":[[0.990316,0.101644,-0.094571,-0.014163],[-0.096394,0.993621,0.058521,0.001248],[0.099916,-0.048839,0.993797,0.00723],[0.0,0.0,0.0,1.0]],"antennas":[0.0,0.0],"body_yaw":-0.056835,"check_collision":false},{"head":[[0.990535,0.09977,-0.094264,-0.01411],[-0.095066,0.994051,0.053151,0.001551],[0.099006,-0.043686,0.994127,0.007149],[0.0,0.0,0.0,1.0]],"antennas":[0.0,0.0],"body_yaw":-0.056835,"check_collision":false},{"head":[[0.990798,0.097832,-0.093532,-0.014017],[-0.093623,0.994431,0.048393,0.001739],[0.097746,-0.039191,0.994439,0.007213],[0.0,0.0,0.0,1.0]],"antennas":[0.0,0.0],"body_yaw":-0.056835,"check_collision":false},{"head":[[0.991055,0.09672,-0.091955,-0.014023],[-0.092974,0.994687,0.044195,0.001827],[0.095741,-0.035251,0.994782,0.007214],[0.0,0.0,0.0,1.0]],"antennas":[0.0,0.0],"body_yaw":-0.056835,"check_collision":false},{"head":[[0.991157,0.095757,-0.091856,-0.0139],[-0.09235,0.994896,0.040661,0.001727],[0.095281,-0.031818,0.994942,0.006656],[0.0,0.0,0.0,1.0]],"antennas":[0.0,0.0],"body_yaw":-0.056835,"check_collision":false},{"head":[[0.991137,0.094864,-0.093001,-0.013814],[-0.091648,0.995056,0.038268,0.001818],[0.096171,-0.029406,0.99493,0.006316],[0.0,0.0,0.0,1.0]],"antennas":[0.0,0.0],"body_yaw":-0.056835,"check_collision":false},{"head":[[0.99114,0.094205,-0.09363,-0.013747],[-0.091083,0.995153,0.037084,0.002055],[0.096669,-0.028228,0.994916,0.006168],[0.0,0.0,0.0,1.0]],"antennas":[0.0,0.0],"body_yaw":-0.056835,"check_collision":false},{"head":[[0.991176,0.093459,-0.093998,-0.013743],[-0.090509,0.995274,0.035184,0.002163],[0.096842,-0.026366,0.99495,0.006175],[0.0,0.0,0.0,1.0]],"antennas":[0.0,0.0],"body_yaw":-0.056835,"check_collision":false},{"head":[[0.991146,0.092856,-0.094909,-0.013741],[-0.090059,0.995378,0.033358,0.002291],[0.097568,-0.024515,0.994927,0.006294],[0.0,0.0,0.0,1.0]],"antennas":[0.0,0.0],"body_yaw":-0.056835,"check_collision":false},{"head":[[0.991125,0.092688,-0.095287,-0.013719],[-0.089983,0.995419,0.032313,0.002403],[0.097845,-0.023452,0.994925,0.00647],[0.0,0.0,0.0,1.0]],"antennas":[0.0,0.0],"body_yaw":-0.056835,"check_collision":false},{"head":[[0.991102,0.092667,-0.095547,-0.013726],[-0.089964,0.995423,0.032233,0.002483],[0.098096,-0.023351,0.994903,0.006531],[0.0,0.0,0.0,1.0]],"antennas":[0.0,0.0],"body_yaw":-0.056835,"check_collision":false},{"head":[[0.991067,0.092118,-0.096441,-0.013692],[-0.089469,0.995493,0.031443,0.002342],[0.098903,-0.022533,0.994842,0.006436],[0.0,0.0,0.0,1.0]],"antennas":[0.0,0.0],"body_yaw":-0.056835,"check_collision":false},{"head":[[0.991047,0.091604,-0.097133,-0.013707],[-0.089091,0.995574,0.029905,0.002158],[0.099443,-0.020983,0.994822,0.006365],[0.0,0.0,0.0,1.0]],"antennas":[0.0,0.0],"body_yaw":-0.056835,"check_collision":false},{"head":[[0.991073,0.091252,-0.097196,-0.01365],[-0.088878,0.995635,0.028494,0.002107],[0.099372,-0.019601,0.994857,0.00622],[0.0,0.0,0.0,1.0]],"antennas":[0.0,0.0],"body_yaw":-0.056835,"check_collision":false},{"head":[[0.991105,0.090993,-0.097115,-0.013656],[-0.088702,0.995674,0.027665,0.002067],[0.099212,-0.018804,0.994889,0.00621],[0.0,0.0,0.0,1.0]],"antennas":[0.0,0.0],"body_yaw":-0.056835,"check_collision":false},{"head":[[0.991117,0.090458,-0.097495,-0.013683],[-0.088234,0.995737,0.026893,0.00206],[0.099512,-0.018052,0.994873,0.006302],[0.0,0.0,0.0,1.0]],"antennas":[0.0,0.0],"body_yaw":-0.056835,"check_collision":false},{"head":[[0.991141,0.089523,-0.09811,-0.013716],[-0.087476,0.995853,0.024977,0.002156],[0.099939,-0.016173,0.994862,0.006413],[0.0,0.0,0.0,1.0]],"antennas":[0.0,0.0],"body_yaw":-0.056835,"check_collision":false},{"head":[[0.991312,0.087894,-0.097849,-0.013676],[-0.086179,0.996045,0.02162,0.002247],[0.099362,-0.013,0.994966,0.006493],[0.0,0.0,0.0,1.0]],"antennas":[0.0,0.0],"body_yaw":-0.056835,"check_collision":false},{"head":[[0.991565,0.085976,-0.096988,-0.013654],[-0.084663,0.996255,0.017585,0.002254],[0.098137,-0.009225,0.99513,0.00643],[0.0,0.0,0.0,1.0]],"antennas":[0.0,0.0],"body_yaw":-0.056835,"check_collision":false},{"head":[[0.991987,0.083181,-0.095089,-0.013621],[-0.082439,0.996527,0.01171,0.002311],[0.095732,-0.003777,0.9954,0.00624],[0.0,0.0,0.0,1.0]],"antennas":[0.0,0.0],"body_yaw":-0.056835,"check_collision":false},{"head":[[0.992458,0.078879,-0.093837,-0.013522],[-0.078888,0.996877,0.003622,0.002424],[0.093829,0.003808,0.995581,0.006193],[0.0,0.0,0.0,1.0]],"antennas":[0.0,0.0],"body_yaw":-0.056835,"check_collision":false},{"head":[[0.992899,0.07253,-0.094291,-0.013358],[-0.073413,0.997284,-0.005925,0.002596],[0.093605,0.012805,0.995527,0.006193],[0.0,0.0,0.0,1.0]],"antennas":[0.0,0.0],"body_yaw":-0.056835,"check_collision":false},{"head":[[0.99323,0.066411,-0.095309,-0.013248],[-0.068131,0.997565,-0.014904,0.00276],[0.094087,0.021297,0.995336,0.006188],[0.0,0.0,0.0,1.0]],"antennas":[0.0,0.0],"body_yaw":-0.056835,"check_collision":false},{"head":[[0.993633,0.059319,-0.095781,-0.013148],[-0.062005,0.997755,-0.025321,0.003008],[0.094064,0.031099,0.99508,0.006235],[0.0,0.0,0.0,1.0]],"antennas":[0.0,0.0],"body_yaw":-0.056835,"check_collision":false},{"head":[[0.993959,0.05005,-0.097678,-0.013006],[-0.053949,0.997832,-0.037693,0.003326],[0.09558,0.042735,0.994504,0.006348],[0.0,0.0,0.0,1.0]],"antennas":[0.0,0.0],"body_yaw":-0.056835,"check_collision":false},{"head":[[0.994374,0.041199,-0.097591,-0.012941],[-0.046136,0.997739,-0.048876,0.003545],[0.095356,0.053103,0.994026,0.006394],[0.0,0.0,0.0,1.0]],"antennas":[0.0,0.0],"body_yaw":-0.056835,"check_collision":false},{"head":[[0.994788,0.033604,-0.096264,-0.012885],[-0.039096,0.997679,-0.055752,0.003527],[0.094168,0.059225,0.993793,0.006409],[0.0,0.0,0.0,1.0]],"antennas":[0.0,0.0],"body_yaw":-0.056835,"check_collision":false},{"head":[[0.99506,0.0271,-0.0955,-0.012742],[-0.033063,0.997564,-0.061422,0.003436],[0.093603,0.064276,0.993533,0.00645],[0.0,0.0,0.0,1.0]],"antennas":[0.0,0.0],"body_yaw":-0.056835,"check_collision":false},{"head":[[0.99529,0.021283,-0.094573,-0.012568],[-0.027773,0.997309,-0.06785,0.003563],[0.092875,0.070157,0.993203,0.006447],[0.0,0.0,0.0,1.0]],"antennas":[0.0,0.0],"body_yaw":-0.056835,"check_collision":false},{"head":[[0.995693,0.014057,-0.091635,-0.012404],[-0.020802,0.997109,-0.073075,0.00375],[0.090343,0.074667,0.993108,0.006438],[0.0,0.0,0.0,1.0]],"antennas":[0.0,0.0],"body_yaw":-0.056835,"check_collision":false},{"head":[[0.996155,0.008292,-0.087219,-0.012303],[-0.01504,0.996917,-0.077003,0.003797],[0.086312,0.078018,0.993209,0.006425],[0.0,0.0,0.0,1.0]],"antennas":[0.0,0.0],"body_yaw":-0.056835,"check_collision":false},{"head":[[0.996669,0.003013,-0.081493,-0.012191],[-0.009611,0.996692,-0.080696,0.003791],[0.08098,0.08121,0.993402,0.006387],[0.0,0.0,0.0,1.0]],"antennas":[0.0,0.0],"body_yaw":-0.056835,"check_collision":false},{"head":[[0.996987,-0.002797,-0.077516,-0.011994],[-0.003857,0.996326,-0.085559,0.003737],[0.077471,0.0856,0.993313,0.006193],[0.0,0.0,0.0,1.0]],"antennas":[0.0,0.0],"body_yaw":-0.056835,"check_collision":false},{"head":[[0.997224,-0.007359,-0.07409,-0.011807],[0.000553,0.995808,-0.091468,0.003556],[0.074452,0.091173,0.993048,0.005941],[0.0,0.0,0.0,1.0]],"antennas":[0.0,0.0],"body_yaw":-0.056835,"check_collision":false},{"head":[[0.997425,-0.010079,-0.071009,-0.011631],[0.003271,0.995439,-0.095344,0.003322],[0.071646,0.094866,0.992908,0.005739],[0.0,0.0,0.0,1.0]],"antennas":[0.0,0.0],"body_yaw":-0.056835,"check_collision":false},{"head":[[0.997656,-0.012555,-0.067269,-0.011504],[0.00588,0.995117,-0.098528,0.003229],[0.068178,0.097901,0.992858,0.005649],[0.0,0.0,0.0,1.0]],"antennas":[0.0,0.0],"body_yaw":-0.056835,"check_collision":false},{"head":[[0.997902,-0.017174,-0.06242,-0.011379],[0.010625,0.994544,-0.103779,0.003336],[0.063862,0.102898,0.99264,0.005619],[0.0,0.0,0.0,1.0]],"antennas":[0.0,0.0],"body_yaw":-0.056835,"check_collision":false},{"head":[[0.998105,-0.021214,-0.057755,-0.011287],[0.014794,0.993888,-0.109397,0.003493],[0.059723,0.108335,0.992319,0.005492],[0.0,0.0,0.0,1.0]],"antennas":[0.0,0.0],"body_yaw":-0.056835,"check_collision":false},{"head":[[0.998394,-0.023007,-0.051768,-0.011289],[0.016945,0.993262,-0.114645,0.003555],[0.054056,0.113584,0.992057,0.005345],[0.0,0.0,0.0,1.0]],"antennas":[0.0,0.0],"body_yaw":-0.056835,"check_collision":false},{"head":[[0.998643,-0.024767,-0.045814,-0.01129],[0.01915,0.992682,-0.119233,0.00361],[0.048432,0.118194,0.991809,0.005263],[0.0,0.0,0.0,1.0]],"antennas":[0.0,0.0],"body_yaw":-0.056835,"check_collision":false},{"head":[[0.998768,-0.026763,-0.041779,-0.011197],[0.021419,0.992114,-0.123498,0.003712],[0.044755,0.122451,0.991465,0.00509],[0.0,0.0,0.0,1.0]],"antennas":[0.0,0.0],"body_yaw":-0.056835,"check_collision":false},{"head":[[0.998942,-0.028539,-0.036073,-0.011137],[0.023713,0.991521,-0.127768,0.003741],[0.039414,0.126778,0.991148,0.004787],[0.0,0.0,0.0,1.0]],"antennas":[0.0,0.0],"body_yaw":-0.056835,"check_collision":false},{"head":[[0.999169,-0.030389,-0.027179,-0.011205],[0.026567,0.990978,-0.131368,0.003718],[0.030926,0.130537,0.990961,0.004609],[0.0,0.0,0.0,1.0]],"antennas":[0.0,0.0],"body_yaw":-0.056835,"check_collision":false},{"head":[[0.999225,-0.033979,-0.019882,-0.011257],[0.030983,0.990314,-0.135348,0.003572],[0.024288,0.134627,0.990599,0.004599],[0.0,0.0,0.0,1.0]],"antennas":[0.0,0.0],"body_yaw":-0.056835,"check_collision":false},{"head":[[0.999199,-0.036602,-0.01617,-0.01121],[0.034028,0.989856,-0.137936,0.003439],[0.021055,0.137275,0.990309,0.004506],[0.0,0.0,0.0,1.0]],"antennas":[0.0,0.0],"body_yaw":-0.056835,"check_collision":false},{"head":[[0.999211,-0.038286,-0.010563,-0.011149],[0.036443,0.98957,-0.139367,0.003217],[0.015789,0.138872,0.990185,0.004415],[0.0,0.0,0.0,1.0]],"antennas":[0.0,0.0],"body_yaw":-0.056835,"check_collision":false},{"head":[[0.999219,-0.039219,-0.004898,-0.011166],[0.038149,0.989434,-0.139877,0.00299],[0.010332,0.13958,0.990157,0.004344],[0.0,0.0,0.0,1.0]],"antennas":[0.0,0.0],"body_yaw":-0.056835,"check_collision":false},{"head":[[0.999192,-0.040134,-0.001925,-0.011162],[0.039469,0.989342,-0.140156,0.002703],[0.00753,0.139967,0.990128,0.004335],[0.0,0.0,0.0,1.0]],"antennas":[0.0,0.0],"body_yaw":-0.056835,"check_collision":false},{"head":[[0.999134,-0.041618,7.4e-05,-0.011157],[0.04122,0.989321,-0.139806,0.002397],[0.005745,0.139688,0.990179,0.004425],[0.0,0.0,0.0,1.0]],"antennas":[0.0,0.0],"body_yaw":-0.056835,"check_collision":false},{"head":[[0.9991,-0.042317,0.002754,-0.011257],[0.042289,0.989432,-0.138691,0.002191],[0.003144,0.138683,0.990332,0.004484],[0.0,0.0,0.0,1.0]],"antennas":[0.0,0.0],"body_yaw":-0.056835,"check_collision":false},{"head":[[0.999095,-0.042197,0.005354,-0.011375],[0.042533,0.989627,-0.137217,0.001945],[0.000491,0.13732,0.990527,0.004577],[0.0,0.0,0.0,1.0]],"antennas":[0.0,0.0],"body_yaw":-0.056835,"check_collision":false},{"head":[[0.999072,-0.042802,0.004908,-0.011527],[0.043072,0.989791,-0.135859,0.001809],[0.000957,0.135944,0.990716,0.004741],[0.0,0.0,0.0,1.0]],"antennas":[0.0,0.0],"body_yaw":-0.056835,"check_collision":false},{"head":[[0.999072,-0.043016,0.002066,-0.011768],[0.042908,0.990183,-0.133026,0.001663],[0.003677,0.132991,0.99111,0.004944],[0.0,0.0,0.0,1.0]],"antennas":[0.0,0.0],"body_yaw":-0.056835,"check_collision":false},{"head":[[0.999082,-0.042832,-0.001076,-0.012058],[0.042344,0.990892,-0.127828,0.001608],[0.006541,0.127665,0.991796,0.005214],[0.0,0.0,0.0,1.0]],"antennas":[0.0,0.0],"body_yaw":-0.056835,"check_collision":false},{"head":[[0.99907,-0.042853,-0.004758,-0.012381],[0.041943,0.991507,-0.123107,0.001591],[0.009993,0.122793,0.992382,0.005499],[0.0,0.0,0.0,1.0]],"antennas":[0.0,0.0],"body_yaw":-0.056835,"check_collision":false},{"head":[[0.999061,-0.042548,-0.008199,-0.012698],[0.041256,0.991888,-0.120236,0.001601],[0.013248,0.119785,0.992712,0.005802],[0.0,0.0,0.0,1.0]],"antennas":[0.0,0.0],"body_yaw":-0.056835,"check_collision":false},{"head":[[0.999049,-0.04157,-0.013168,-0.012996],[0.039773,0.992499,-0.115604,0.001334],[0.017875,0.11497,0.993208,0.006144],[0.0,0.0,0.0,1.0]],"antennas":[0.0,0.0],"body_yaw":-0.056835,"check_collision":false},{"head":[[0.999024,-0.040936,-0.016598,-0.013195],[0.03884,0.99302,-0.111372,0.001328],[0.021041,0.110618,0.99364,0.00639],[0.0,0.0,0.0,1.0]],"antennas":[0.0,0.0],"body_yaw":-0.056835,"check_collision":false},{"head":[[0.998962,-0.04092,-0.020017,-0.013318],[0.038534,0.99343,-0.107756,0.001545],[0.024295,0.106872,0.993976,0.006587],[0.0,0.0,0.0,1.0]],"antennas":[0.0,0.0],"body_yaw":-0.056835,"check_collision":false},{"head":[[0.998866,-0.041074,-0.024073,-0.013399],[0.038337,0.993748,-0.104861,0.001672],[0.028229,0.10382,0.994195,0.006672],[0.0,0.0,0.0,1.0]],"antennas":[0.0,0.0],"body_yaw":-0.056835,"check_collision":false},{"head":[[0.998736,-0.040696,-0.029493,-0.013456],[0.037527,0.994175,-0.101036,0.001728],[0.033433,0.099801,0.994446,0.006776],[0.0,0.0,0.0,1.0]],"antennas":[0.0,0.0],"body_yaw":-0.056835,"check_collision":false},{"head":[[0.998652,-0.039213,-0.034013,-0.013578],[0.035731,0.994591,-0.097531,0.001747],[0.037654,0.096184,0.994651,0.006733],[0.0,0.0,0.0,1.0]],"antennas":[0.0,0.0],"body_yaw":-0.056835,"check_collision":false},{"head":[[0.998638,-0.03754,-0.036247,-0.013684],[0.033919,0.994822,-0.095801,0.001709],[0.039656,0.094441,0.99474,0.006729],[0.0,0.0,0.0,1.0]],"antennas":[0.0,0.0],"body_yaw":-0.056835,"check_collision":false},{"head":[[0.998626,-0.037354,-0.036754,-0.013735],[0.033719,0.994906,-0.094998,0.001491],[0.040116,0.093628,0.994799,0.00679],[0.0,0.0,0.0,1.0]],"antennas":[0.0,0.0],"body_yaw":-0.056835,"check_collision":false},{"head":[[0.99858,-0.036909,-0.038423,-0.013761],[0.033171,0.995043,-0.093754,0.001389],[0.041692,0.092347,0.994854,0.006867],[0.0,0.0,0.0,1.0]],"antennas":[0.0,0.0],"body_yaw":-0.056835,"check_collision":false},{"head":[[0.99854,-0.036385,-0.039923,-0.013746],[0.032572,0.995195,-0.092334,0.001374],[0.043091,0.090899,0.994927,0.006933],[0.0,0.0,0.0,1.0]],"antennas":[0.0,0.0],"body_yaw":-0.056835,"check_collision":false},{"head":[[0.998535,-0.03578,-0.040581,-0.013683],[0.031956,0.995315,-0.091257,0.001429],[0.043656,0.089826,0.995,0.007003],[0.0,0.0,0.0,1.0]],"antennas":[0.0,0.0],"body_yaw":-0.056835,"check_collision":false},{"head":[[0.998586,-0.035495,-0.039583,-0.01366],[0.031759,0.995314,-0.091337,0.001537],[0.04264,0.08995,0.995033,0.007003],[0.0,0.0,0.0,1.0]],"antennas":[0.0,0.0],"body_yaw":-0.056835,"check_collision":false},{"head":[[0.998589,-0.035396,-0.039586,-0.013705],[0.031642,0.995281,-0.091732,0.001421],[0.042646,0.09035,0.994997,0.007074],[0.0,0.0,0.0,1.0]],"antennas":[0.0,0.0],"body_yaw":-0.056835,"check_collision":false},{"head":[[0.998613,-0.03507,-0.039271,-0.013653],[0.031366,0.995334,-0.091253,0.001424],[0.042288,0.089894,0.995053,0.006935],[0.0,0.0,0.0,1.0]],"antennas":[0.0,0.0],"body_yaw":-0.056835,"check_collision":false},{"head":[[0.998693,-0.03431,-0.037885,-0.013629],[0.030748,0.995385,-0.090899,0.001386],[0.040829,0.089616,0.995139,0.006743],[0.0,0.0,0.0,1.0]],"antennas":[0.0,0.0],"body_yaw":-0.056835,"check_collision":false}]}