{"description":"Similar to the lost1 gesture. Use it when you don\u2019t know how to answer a question. It can be funny sometimes.","time":[0.0,0.02,0.04,0.06,0.08,0.1,0.12,0.14,0.16,0.18,0.2,0.22,0.24,0.26,0.28,0.3,0.32,0.34,0.36,0.38,0.4,0.42,0.44,0.46,0.48,0.5,0.52,0.54,0.56,0.58,0.6,0.62,0.64,0.66,0.68,0.7,0.72,0.74,0.76,0.78,0.8,0.82,0.84,0.86,0.88,0.9,0.92,0.94,0.96,0.98,1.0,1.02,1.04,1.06,1.08,1.1,1.12,1.14,1.16,1.18,1.2,1.22,1.24,1.26,1.28,1.3,1.32,1.34,1.36,1.38,1.4,1.42,1.44,1.46,1.48,1.5,1.52,1.54,1.56,1.58,1.6,1.62,1.64,1.66,1.68,1.7,1.72,1.74,1.76,1.78,1.8,1.82,1.84,1.86,1.88,1.9,1.92,1.94,1.96,1.98,2.0,2.02,2.04,2.06,2.08,2.1,2.12,2.14,2.16,2.18,2.2,2.22,2.24,2.26,2.28,2.3,2.32,2.34,2.36,2.38,2.4,2.42,2.44,2.46,2.48,2.5,2.52,2.54,2.56,2.58,2.6,2.62,2.64,2.66,2.68,2.7,2.72,2.74,2.76,2.78,2.8,2.82,2.84,2.86,2.88,2.9,2.92,2.94,2.96,2.98,3.0,3.02,3.04,3.06,3.08,3.1,3.12,3.14,3.16,3.18,3.2,3.22,3.24,3.26,3.28,3.3,3.32,3.34,3.36,3.38,3.4,3.42,3.44,3.46,3.48,3.5,3.52,3.54,3.56,3.58,3.6,3.62,3.64,3.66,3.68,3.7,3.72,3.74,3.76,3.78,3.8,3.82,3.84,3.86,3.88,3.9,3.92,3.94,3.96,3.98,4.0,4.02,4.04,4.06,4.08,4.1,4.12,4.14,4.16,4.18,4.2,4.22,4.24,4.26,4.28,4.3,4.32,4.34,4.36,4.38,4.4,4.42,4.44,4.46,4.48,4.5,4.52,4.54,4.56,4.58,4.6,4.62,4.64,4.66,4.68,4.7,4.72,4.74,4.76,4.78,4.8,4.82,4.84,4.86,4.88,4.9,4.92,4.94,4.96,4.98,5.0,5.02,5.04,5.06,5.08,5.1,5.12,5.14,5.16,5.18,5.2,5.22,5.24,5.26,5.28,5.3,5.32,5.34,5.36,5.38,5.4,5.42,5.44,5.46,5.48,5.5,5.52,5.54,5.56,5.58,5.6,5.62,5.64,5.66,5.68,5.7,5.72,5.74,5.76,5.78,5.8,5.82,5.84,5.86,5.88,5.9,5.92,5.94,5.96,5.98,6.0,6.02,6.04,6.06,6.08,6.1,6.12,6.14,6.16,6.18,6.2,6.22,6.24,6.26,6.28,6.3,6.32,6.34,6.36,6.38,6.4,6.42,6.44,6.46,6.48,6.5,6.52,6.54,6.56,6.58,6.6,6.62,6.64,6.66,6.68,6.7,6.72,6.74,6.76,6.78,6.8,6.82,6.84,6.86,6.88,6.9,6.92,6.94,6.96,6.98,7.0,7.02,7.04,7.06,7.08,7.1,7.12,7.14,7.16,7.18,7.2,7.22,7.24,7.26,7.28,7.3,7.32,7.34,7.36,7.38,7.4,7.42,7.44,7.46,7.48,7.5,7.52,7.54,7.56,7.58,7.6,7.62,7.64,7.66,7.68,7.7,7.72,7.74,7.76,7.78,7.8,7.82,7.84,7.86,7.88],"set_target_data":[{"head":[[0.985358,0.166302,0.037601,-0.006388],[-0.169072,0.98153,0.089523,-0.00361],[-0.022018,-0.094569,0.995275,0.02],[0.0,0.0,0.0,1.0]],"antennas":[-0.011343,0.097492],"body_yaw":-0.005147,"check_collision":false},{"head":[[0.98521,0.16728,0.037145,-0.006418],[-0.170003,0.981369,0.089518,-0.003496],[-0.021478,-0.094509,0.995292,0.02],[0.0,0.0,0.0,1.0]],"antennas":[-0.011343,0.097492],"body_yaw":-0.005147,"check_collision":false},{"head":[[0.985078,0.168079,0.037011,-0.00637],[-0.170799,0.981178,0.090103,-0.003421],[-0.02117,-0.09508,0.995245,0.02],[0.0,0.0,0.0,1.0]],"antennas":[-0.011343,0.097492],"body_yaw":-0.005147,"check_collision":false},{"head":[[0.984898,0.169082,0.037244,-0.006337],[-0.171817,0.98101,0.089986,-0.003467],[-0.021321,-0.095026,0.995246,0.02],[0.0,0.0,0.0,1.0]],"antennas":[-0.011343,0.097492],"body_yaw":-0.005147,"check_collision":false},{"head":[[0.984718,0.170105,0.03735,-0.006349],[-0.172847,0.980829,0.089995,-0.003363],[-0.021325,-0.095075,0.995242,0.02],[0.0,0.0,0.0,1.0]],"antennas":[-0.011343,0.097492],"body_yaw":-0.005147,"check_collision":false},{"head":[[0.984633,0.17045,0.038022,-0.006457],[-0.173248,0.980784,0.089706,-0.003132],[-0.022001,-0.094915,0.995242,0.02],[0.0,0.0,0.0,1.0]],"antennas":[-0.011343,0.097492],"body_yaw":-0.005147,"check_collision":false},{"head":[[0.98445,0.171412,0.038426,-0.006479],[-0.174239,0.980632,0.089449,-0.003053],[-0.022349,-0.094753,0.99525,0.02],[0.0,0.0,0.0,1.0]],"antennas":[-0.011343,0.097492],"body_yaw":-0.005147,"check_collision":false},{"head":[[0.984118,0.17324,0.038722,-0.006572],[-0.176101,0.980246,0.090031,-0.00288],[-0.022361,-0.09542,0.995186,0.02],[0.0,0.0,0.0,1.0]],"antennas":[-0.011343,0.097492],"body_yaw":-0.005147,"check_collision":false},{"head":[[0.983915,0.174291,0.039174,-0.006708],[-0.177196,0.98003,0.090235,-0.002736],[-0.022665,-0.095725,0.99515,0.02],[0.0,0.0,0.0,1.0]],"antennas":[-0.011343,0.097492],"body_yaw":-0.005147,"check_collision":false},{"head":[[0.983597,0.175886,0.04002,-0.006763],[-0.178849,0.979793,0.089547,-0.002716],[-0.023461,-0.095236,0.995178,0.02],[0.0,0.0,0.0,1.0]],"antennas":[-0.011343,0.097492],"body_yaw":-0.005147,"check_collision":false},{"head":[[0.983345,0.177238,0.040246,-0.006858],[-0.180228,0.979498,0.090011,-0.002359],[-0.023468,-0.095765,0.995127,0.02],[0.0,0.0,0.0,1.0]],"antennas":[-0.011343,0.097492],"body_yaw":-0.005147,"check_collision":false},{"head":[[0.98308,0.178685,0.040302,-0.006791],[-0.181668,0.97926,0.089699,-0.002544],[-0.023438,-0.095503,0.995153,0.02],[0.0,0.0,0.0,1.0]],"antennas":[-0.011343,0.097492],"body_yaw":-0.005147,"check_collision":false},{"head":[[0.982695,0.180771,0.040396,-0.006836],[-0.183753,0.978878,0.089628,-0.002409],[-0.023341,-0.0955,0.995156,0.02],[0.0,0.0,0.0,1.0]],"antennas":[-0.011343,0.097492],"body_yaw":-0.005147,"check_collision":false},{"head":[[0.982276,0.182831,0.04131,-0.006933],[-0.185875,0.978544,0.088892,-0.002088],[-0.024172,-0.094995,0.995184,0.02],[0.0,0.0,0.0,1.0]],"antennas":[-0.011343,0.097492],"body_yaw":-0.005147,"check_collision":false},{"head":[[0.981726,0.185529,0.042346,-0.007069],[-0.188651,0.978052,0.088459,-0.001737],[-0.025005,-0.094831,0.995179,0.02],[0.0,0.0,0.0,1.0]],"antennas":[-0.011343,0.097492],"body_yaw":-0.005147,"check_collision":false},{"head":[[0.981403,0.187178,0.042575,-0.007105],[-0.190299,0.977792,0.087805,-0.001564],[-0.025195,-0.094274,0.995227,0.02],[0.0,0.0,0.0,1.0]],"antennas":[-0.011343,0.097492],"body_yaw":-0.005147,"check_collision":false},{"head":[[0.981191,0.188146,0.043197,-0.007109],[-0.191294,0.977694,0.086726,-0.001577],[-0.025917,-0.093358,0.995295,0.02],[0.0,0.0,0.0,1.0]],"antennas":[-0.011343,0.097492],"body_yaw":-0.005147,"check_collision":false},{"head":[[0.980952,0.189153,0.044203,-0.007194],[-0.192375,0.977533,0.086145,-0.001289],[-0.026915,-0.093008,0.995301,0.02],[0.0,0.0,0.0,1.0]],"antennas":[-0.011343,0.097492],"body_yaw":-0.005147,"check_collision":false},{"head":[[0.980702,0.190178,0.04534,-0.007283],[-0.193486,0.977365,0.085557,-0.00105],[-0.028042,-0.092679,0.995301,0.02],[0.0,0.0,0.0,1.0]],"antennas":[-0.011343,0.097492],"body_yaw":-0.005147,"check_collision":false},{"head":[[0.980538,0.190978,0.045528,-0.00739],[-0.194306,0.977188,0.085724,-0.000683],[-0.028118,-0.092902,0.995278,0.02],[0.0,0.0,0.0,1.0]],"antennas":[-0.011343,0.097492],"body_yaw":-0.005147,"check_collision":false},{"head":[[0.98041,0.191599,0.045679,-0.007468],[-0.194934,0.977079,0.085544,-0.000344],[-0.028242,-0.092772,0.995287,0.02],[0.0,0.0,0.0,1.0]],"antennas":[-0.011343,0.097492],"body_yaw":-0.005147,"check_collision":false},{"head":[[0.980197,0.192678,0.045711,-0.007532],[-0.195994,0.976923,0.084897,-0.00036],[-0.028298,-0.092175,0.995341,0.02],[0.0,0.0,0.0,1.0]],"antennas":[-0.011343,0.104748],"body_yaw":-0.005147,"check_collision":false},{"head":[[0.979989,0.193763,0.045569,-0.007671],[-0.197058,0.976721,0.084761,7.2e-05],[-0.028084,-0.092045,0.995359,0.02],[0.0,0.0,0.0,1.0]],"antennas":[-0.011343,0.116829],"body_yaw":-0.005147,"check_collision":false},{"head":[[0.979934,0.194064,0.045477,-0.007613],[-0.197317,0.976768,0.083613,-0.000101],[-0.028194,-0.090908,0.99546,0.02],[0.0,0.0,0.0,1.0]],"antennas":[-0.011343,0.130765],"body_yaw":-0.005147,"check_collision":false},{"head":[[0.979758,0.194938,0.045539,-0.007715],[-0.198168,0.976674,0.082686,0.000132],[-0.028358,-0.090036,0.995535,0.02],[0.0,0.0,0.0,1.0]],"antennas":[-0.011343,0.145689],"body_yaw":-0.005147,"check_collision":false},{"head":[[0.979344,0.196982,0.045646,-0.007817],[-0.200212,0.976266,0.082584,0.000345],[-0.028295,-0.090017,0.995538,0.02],[0.0,0.0,0.0,1.0]],"antennas":[-0.017791,0.160899],"body_yaw":-0.005147,"check_collision":false},{"head":[[0.979091,0.198315,0.045306,-0.007843],[-0.201502,0.976023,0.082313,0.000323],[-0.027896,-0.089721,0.995576,0.02],[0.0,0.0,0.0,1.0]],"antennas":[-0.027054,0.178421],"body_yaw":-0.005147,"check_collision":false},{"head":[[0.980607,0.190325,0.046749,-0.005763],[-0.19367,0.9776,0.0824,-0.005117],[-0.030018,-0.089856,0.995502,0.02],[0.0,0.0,0.0,1.0]],"antennas":[-0.040531,0.199743],"body_yaw":-0.005147,"check_collision":false},{"head":[[0.980333,0.191667,0.047032,-0.006025],[-0.195017,0.977375,0.081894,-0.005079],[-0.030272,-0.089455,0.995531,0.02],[0.0,0.0,0.0,1.0]],"antennas":[-0.060431,0.224381],"body_yaw":-0.005147,"check_collision":false},{"head":[[0.979894,0.193751,0.047617,-0.006294],[-0.197137,0.976978,0.081549,-0.004506],[-0.030721,-0.089297,0.995531,0.02],[0.0,0.0,0.0,1.0]],"antennas":[-0.08512,0.250209],"body_yaw":-0.005147,"check_collision":false},{"head":[[0.979278,0.196624,0.048524,-0.006512],[-0.200056,0.976454,0.080711,-0.003944],[-0.031512,-0.088746,0.995556,0.02],[0.0,0.0,0.0,1.0]],"antennas":[-0.11406,0.277098],"body_yaw":-0.005147,"check_collision":false},{"head":[[0.978453,0.200556,0.049059,-0.006615],[-0.204015,0.975659,0.080417,-0.003694],[-0.031737,-0.088693,0.995553,0.02],[0.0,0.0,0.0,1.0]],"antennas":[-0.145156,0.303994],"body_yaw":-0.005147,"check_collision":false},{"head":[[0.977633,0.204404,0.049531,-0.006679],[-0.207896,0.974835,0.080473,-0.003357],[-0.031835,-0.088971,0.995525,0.02],[0.0,0.0,0.0,1.0]],"antennas":[-0.17772,0.330906],"body_yaw":-0.005147,"check_collision":false},{"head":[[0.977131,0.206772,0.049592,-0.006797],[-0.210231,0.974417,0.079464,-0.002832],[-0.031893,-0.088073,0.995603,0.02],[0.0,0.0,0.0,1.0]],"antennas":[-0.212832,0.358457],"body_yaw":-0.005147,"check_collision":false},{"head":[[0.976736,0.208538,0.049989,-0.006717],[-0.211992,0.974122,0.078398,-0.002671],[-0.032347,-0.087171,0.995668,0.02],[0.0,0.0,0.0,1.0]],"antennas":[-0.25034,0.386973],"body_yaw":-0.005147,"check_collision":false},{"head":[[0.976166,0.211164,0.050106,-0.006715],[-0.214596,0.973614,0.077621,-0.002291],[-0.032393,-0.086524,0.995723,0.02],[0.0,0.0,0.0,1.0]],"antennas":[-0.288608,0.416111],"body_yaw":-0.005147,"check_collision":false},{"head":[[0.975542,0.213754,0.051245,-0.006822],[-0.217283,0.973007,0.077752,-0.001762],[-0.033242,-0.086985,0.995655,0.02],[0.0,0.0,0.0,1.0]],"antennas":[-0.328239,0.446],"body_yaw":-0.005147,"check_collision":false},{"head":[[0.975209,0.215207,0.051511,-0.00704],[-0.218749,0.972694,0.077563,-0.001098],[-0.033412,-0.086909,0.995656,0.02],[0.0,0.0,0.0,1.0]],"antennas":[-0.367588,0.475578],"body_yaw":-0.005147,"check_collision":false},{"head":[[0.97498,0.216151,0.051888,-0.007203],[-0.219702,0.972528,0.076939,-0.000822],[-0.033832,-0.086414,0.995685,0.02],[0.0,0.0,0.0,1.0]],"antennas":[-0.40721,0.506047],"body_yaw":-0.005147,"check_collision":false},{"head":[[0.974737,0.217282,0.051732,-0.00722],[-0.220799,0.97232,0.076432,-0.000502],[-0.033693,-0.085923,0.995732,0.02],[0.0,0.0,0.0,1.0]],"antennas":[-0.446358,0.537757],"body_yaw":-0.005147,"check_collision":false},{"head":[[0.974268,0.219396,0.051648,-0.007185],[-0.222884,0.971882,0.075946,-0.000294],[-0.033533,-0.085503,0.995773,0.02],[0.0,0.0,0.0,1.0]],"antennas":[-0.485966,0.570807],"body_yaw":-0.005147,"check_collision":false},{"head":[[0.973693,0.221918,0.051716,-0.00714],[-0.225372,0.971387,0.074925,-0.000298],[-0.03361,-0.084609,0.995847,0.02],[0.0,0.0,0.0,1.0]],"antennas":[-0.525379,0.603695],"body_yaw":-0.005147,"check_collision":false},{"head":[[0.972965,0.224893,0.052559,-0.007129],[-0.228385,0.970743,0.07415,-0.000186],[-0.034345,-0.084149,0.995861,0.02],[0.0,0.0,0.0,1.0]],"antennas":[-0.564891,0.636665],"body_yaw":-0.005147,"check_collision":false},{"head":[[0.972242,0.227852,0.053186,-0.007176],[-0.231368,0.970084,0.073525,-4e-06],[-0.034842,-0.083789,0.995874,0.02],[0.0,0.0,0.0,1.0]],"antennas":[-0.60444,0.669666],"body_yaw":-0.005147,"check_collision":false},{"head":[[0.972208,0.22829,0.05192,-0.007312],[-0.231679,0.970055,0.072921,0.000246],[-0.033718,-0.082924,0.995985,0.02],[0.0,0.0,0.0,1.0]],"antennas":[-0.643932,0.702619],"body_yaw":-0.005147,"check_collision":false},{"head":[[0.972437,0.227441,0.05135,-0.007424],[-0.230767,0.970312,0.072391,0.00051],[-0.033361,-0.082246,0.996054,0.02],[0.0,0.0,0.0,1.0]],"antennas":[-0.683227,0.735408],"body_yaw":-0.005147,"check_collision":false},{"head":[[0.972522,0.227061,0.051423,-0.007444],[-0.230389,0.970414,0.072235,0.000599],[-0.0335,-0.082098,0.996061,0.02],[0.0,0.0,0.0,1.0]],"antennas":[-0.72282,0.76894],"body_yaw":-0.005147,"check_collision":false},{"head":[[0.972507,0.22712,0.051443,-0.007453],[-0.230433,0.97044,0.071748,0.000683],[-0.033627,-0.08163,0.996095,0.02],[0.0,0.0,0.0,1.0]],"antennas":[-0.761692,0.80292],"body_yaw":-0.005147,"check_collision":false},{"head":[[0.972482,0.227233,0.051415,-0.007456],[-0.230513,0.970483,0.07089,0.000721],[-0.033789,-0.080791,0.996158,0.02],[0.0,0.0,0.0,1.0]],"antennas":[-0.80146,0.839145],"body_yaw":-0.005147,"check_collision":false},{"head":[[0.97235,0.227825,0.051297,-0.007442],[-0.231101,0.97033,0.071074,0.000814],[-0.033583,-0.080964,0.996151,0.02],[0.0,0.0,0.0,1.0]],"antennas":[-0.840553,0.875905],"body_yaw":-0.005147,"check_collision":false},{"head":[[0.971995,0.229367,0.05115,-0.007436],[-0.232647,0.96992,0.071622,0.001001],[-0.033184,-0.081516,0.996119,0.02],[0.0,0.0,0.0,1.0]],"antennas":[-0.880534,0.913774],"body_yaw":-0.005147,"check_collision":false},{"head":[[0.971591,0.23122,0.050479,-0.007459],[-0.234441,0.969488,0.071634,0.001115],[-0.032375,-0.081433,0.996153,0.02],[0.0,0.0,0.0,1.0]],"antennas":[-0.920096,0.951329],"body_yaw":-0.005147,"check_collision":false},{"head":[[0.971435,0.231836,0.050659,-0.007595],[-0.235067,0.969342,0.071551,0.001279],[-0.032517,-0.081416,0.99615,0.02],[0.0,0.0,0.0,1.0]],"antennas":[-0.959557,0.988611],"body_yaw":-0.005147,"check_collision":false},{"head":[[0.971356,0.23214,0.050782,-0.007711],[-0.235355,0.969332,0.070742,0.001426],[-0.032803,-0.080667,0.996201,0.02],[0.0,0.0,0.0,1.0]],"antennas":[-0.998901,1.025782],"body_yaw":-0.005147,"check_collision":false},{"head":[[0.971002,0.233672,0.050522,-0.007658],[-0.236853,0.968989,0.07043,0.00152],[-0.032498,-0.080354,0.996236,0.02],[0.0,0.0,0.0,1.0]],"antennas":[-1.038405,1.063462],"body_yaw":-0.005147,"check_collision":false},{"head":[[0.970468,0.236088,0.049539,-0.007569],[-0.239181,0.968423,0.070345,0.001753],[-0.031368,-0.080116,0.996292,0.02],[0.0,0.0,0.0,1.0]],"antennas":[-1.077968,1.101385],"body_yaw":-0.005147,"check_collision":false},{"head":[[0.970096,0.237714,0.049045,-0.007603],[-0.240742,0.968089,0.069619,0.00195],[-0.03093,-0.079345,0.996367,0.02],[0.0,0.0,0.0,1.0]],"antennas":[-1.117348,1.139484],"body_yaw":-0.005147,"check_collision":false},{"head":[[0.970058,0.23787,0.049044,-0.007721],[-0.240861,0.968144,0.068432,0.002134],[-0.031203,-0.078196,0.99645,0.02],[0.0,0.0,0.0,1.0]],"antennas":[-1.156333,1.177458],"body_yaw":-0.005147,"check_collision":false},{"head":[[0.969987,0.238116,0.049247,-0.007754],[-0.241114,0.968098,0.068185,0.002175],[-0.03144,-0.078013,0.996457,0.02],[0.0,0.0,0.0,1.0]],"antennas":[-1.1963,1.216872],"body_yaw":-0.005147,"check_collision":false},{"head":[[0.969787,0.238932,0.049243,-0.007716],[-0.241947,0.967847,0.068799,0.002137],[-0.031222,-0.078634,0.996415,0.02],[0.0,0.0,0.0,1.0]],"antennas":[-1.235511,1.25554],"body_yaw":-0.005147,"check_collision":false},{"head":[[0.969454,0.24017,0.049765,-0.007571],[-0.243239,0.967488,0.069289,0.001965],[-0.031506,-0.079278,0.996355,0.02],[0.0,0.0,0.0,1.0]],"antennas":[-1.275265,1.295081],"body_yaw":-0.005147,"check_collision":false},{"head":[[0.969268,0.240964,0.049551,-0.007596],[-0.244002,0.967325,0.06888,0.002096],[-0.031334,-0.078854,0.996394,0.02],[0.0,0.0,0.0,1.0]],"antennas":[-1.314692,1.334567],"body_yaw":-0.005147,"check_collision":false},{"head":[[0.96931,0.240737,0.049845,-0.007529],[-0.243763,0.967464,0.067775,0.002023],[-0.031908,-0.077845,0.996455,0.02],[0.0,0.0,0.0,1.0]],"antennas":[-1.354125,1.374541],"body_yaw":-0.005147,"check_collision":false},{"head":[[0.969416,0.240362,0.049581,-0.007581],[-0.243357,0.967591,0.067415,0.002119],[-0.03177,-0.077419,0.996492,0.02],[0.0,0.0,0.0,1.0]],"antennas":[-1.393491,1.414448],"body_yaw":-0.005147,"check_collision":false},{"head":[[0.969446,0.24018,0.049882,-0.007525],[-0.243196,0.967638,0.067324,0.001917],[-0.032098,-0.077398,0.996483,0.02],[0.0,0.0,0.0,1.0]],"antennas":[-1.432944,1.454766],"body_yaw":-0.005147,"check_collision":false},{"head":[[0.969266,0.2409,0.049912,-0.007658],[-0.243931,0.967423,0.067747,0.002124],[-0.031966,-0.07784,0.996453,0.02],[0.0,0.0,0.0,1.0]],"antennas":[-1.472401,1.495309],"body_yaw":-0.005147,"check_collision":false},{"head":[[0.969069,0.241599,0.05035,-0.007718],[-0.244654,0.96726,0.067476,0.002327],[-0.032399,-0.077707,0.99645,0.02],[0.0,0.0,0.0,1.0]],"antennas":[-1.511957,1.535954],"body_yaw":-0.005147,"check_collision":false},{"head":[[0.968924,0.242057,0.050931,-0.0078],[-0.245141,0.967169,0.067014,0.002532],[-0.033037,-0.077417,0.996451,0.02],[0.0,0.0,0.0,1.0]],"antennas":[-1.551278,1.576358],"body_yaw":-0.005147,"check_collision":false},{"head":[[0.968769,0.242684,0.050896,-0.007992],[-0.245742,0.967063,0.066338,0.002755],[-0.03312,-0.076774,0.996498,0.02],[0.0,0.0,0.0,1.0]],"antennas":[-1.590926,1.617097],"body_yaw":-0.005147,"check_collision":false},{"head":[[0.968598,0.243342,0.051009,-0.007875],[-0.246377,0.966962,0.065437,0.00264],[-0.0334,-0.07595,0.996552,0.02],[0.0,0.0,0.0,1.0]],"antennas":[-1.629561,1.656523],"body_yaw":-0.005147,"check_collision":false},{"head":[[0.968143,0.245377,0.049887,-0.007917],[-0.248302,0.966514,0.064785,0.002921],[-0.032319,-0.075108,0.996651,0.02],[0.0,0.0,0.0,1.0]],"antennas":[-1.66994,1.698013],"body_yaw":-0.005147,"check_collision":false},{"head":[[0.967712,0.247183,0.049336,-0.008023],[-0.250059,0.96607,0.064641,0.003183],[-0.031684,-0.074891,0.996688,0.02],[0.0,0.0,0.0,1.0]],"antennas":[-1.7094,1.73853],"body_yaw":-0.005147,"check_collision":false},{"head":[[0.967325,0.248487,0.050361,-0.008166],[-0.251418,0.96576,0.064008,0.003594],[-0.032732,-0.074579,0.996678,0.02],[0.0,0.0,0.0,1.0]],"antennas":[-1.748707,1.778675],"body_yaw":-0.005147,"check_collision":false},{"head":[[0.966879,0.249947,0.051688,-0.008252],[-0.25293,0.965449,0.062719,0.003764],[-0.034226,-0.073716,0.996692,0.02],[0.0,0.0,0.0,1.0]],"antennas":[-1.788105,1.819178],"body_yaw":-0.005147,"check_collision":false},{"head":[[0.965951,0.253392,0.05226,-0.008309],[-0.256384,0.964592,0.061892,0.004189],[-0.034727,-0.073183,0.996714,0.02],[0.0,0.0,0.0,1.0]],"antennas":[-1.826956,1.8594],"body_yaw":-0.005147,"check_collision":false},{"head":[[0.964887,0.257758,0.050526,-0.008118],[-0.260577,0.963543,0.060697,0.003927],[-0.033039,-0.071732,0.996877,0.02],[0.0,0.0,0.0,1.0]],"antennas":[-1.862486,1.900089],"body_yaw":-0.005147,"check_collision":false},{"head":[[0.964271,0.260133,0.050126,-0.008304],[-0.262935,0.962873,0.061164,0.004279],[-0.032354,-0.072159,0.996868,0.02],[0.0,0.0,0.0,1.0]],"antennas":[-1.887267,1.939491],"body_yaw":-0.005147,"check_collision":false},{"head":[[0.964016,0.261137,0.049807,-0.008336],[-0.263881,0.962681,0.060105,0.004294],[-0.032253,-0.071086,0.996949,0.02],[0.0,0.0,0.0,1.0]],"antennas":[-1.901117,1.975086],"body_yaw":-0.005147,"check_collision":false},{"head":[[0.963806,0.261835,0.050206,-0.008411],[-0.264585,0.962527,0.059473,0.004795],[-0.032753,-0.070604,0.996967,0.02],[0.0,0.0,0.0,1.0]],"antennas":[-1.901117,2.000779],"body_yaw":-0.005147,"check_collision":false},{"head":[[0.963435,0.263172,0.050334,-0.008521],[-0.265925,0.962166,0.059332,0.005184],[-0.032815,-0.070547,0.996969,0.02],[0.0,0.0,0.0,1.0]],"antennas":[-1.901117,2.01083],"body_yaw":-0.005147,"check_collision":false},{"head":[[0.96302,0.264644,0.050547,-0.008696],[-0.26742,0.961735,0.059601,0.005584],[-0.03284,-0.070914,0.996942,0.02],[0.0,0.0,0.0,1.0]],"antennas":[-1.901117,2.01083],"body_yaw":-0.005147,"check_collision":false},{"head":[[0.962975,0.264824,0.050467,-0.008758],[-0.267574,0.961729,0.05901,0.005715],[-0.032908,-0.070329,0.996981,0.02],[0.0,0.0,0.0,1.0]],"antennas":[-1.901117,2.01083],"body_yaw":-0.005147,"check_collision":false},{"head":[[0.962546,0.266385,0.050436,-0.008714],[-0.269111,0.961336,0.058413,0.00586],[-0.032925,-0.069798,0.997018,0.02],[0.0,0.0,0.0,1.0]],"antennas":[-1.901117,2.01083],"body_yaw":-0.005147,"check_collision":false},{"head":[[0.961548,0.270015,0.050166,-0.008662],[-0.272743,0.960264,0.059199,0.00603],[-0.032188,-0.070605,0.996985,0.02],[0.0,0.0,0.0,1.0]],"antennas":[-1.901117,2.01083],"body_yaw":-0.005147,"check_collision":false},{"head":[[0.960392,0.274157,0.04985,-0.008598],[-0.276862,0.959076,0.059344,0.00638],[-0.03154,-0.070795,0.996992,0.02],[0.0,0.0,0.0,1.0]],"antennas":[-1.901117,2.01083],"body_yaw":-0.005147,"check_collision":false},{"head":[[0.959662,0.276543,0.050715,-0.008681],[-0.279301,0.958378,0.059185,0.006743],[-0.032237,-0.070963,0.996958,0.02],[0.0,0.0,0.0,1.0]],"antennas":[-1.901117,2.01083],"body_yaw":-0.005147,"check_collision":false},{"head":[[0.958847,0.279003,0.052638,-0.0088],[-0.28184,0.957731,0.057601,0.006975],[-0.034342,-0.070066,0.996951,0.02],[0.0,0.0,0.0,1.0]],"antennas":[-1.901117,2.01083],"body_yaw":-0.005147,"check_collision":false},{"head":[[0.958449,0.280395,0.052487,-0.008732],[-0.283271,0.957217,0.059102,0.007183],[-0.03367,-0.071514,0.996871,0.02],[0.0,0.0,0.0,1.0]],"antennas":[-1.901117,2.01083],"body_yaw":-0.005147,"check_collision":false},{"head":[[0.957383,0.283553,0.054916,-0.008814],[-0.286588,0.95625,0.058764,0.007241],[-0.03585,-0.071998,0.99676,0.02],[0.0,0.0,0.0,1.0]],"antennas":[-1.901117,2.01083],"body_yaw":-0.005147,"check_collision":false},{"head":[[0.956479,0.286284,0.056477,-0.008841],[-0.289413,0.955424,0.058351,0.007274],[-0.037254,-0.072157,0.996697,0.02],[0.0,0.0,0.0,1.0]],"antennas":[-1.901117,2.01083],"body_yaw":-0.005147,"check_collision":false},{"head":[[0.956067,0.287663,0.056449,-0.008774],[-0.290779,0.955025,0.058094,0.007246],[-0.037199,-0.071956,0.996714,0.02],[0.0,0.0,0.0,1.0]],"antennas":[-1.901117,2.01083],"body_yaw":-0.005147,"check_collision":false},{"head":[[0.955953,0.288086,0.056214,-0.008577],[-0.291171,0.954928,0.057722,0.006976],[-0.037052,-0.071547,0.996749,0.02],[0.0,0.0,0.0,1.0]],"antennas":[-1.901117,2.01083],"body_yaw":-0.005147,"check_collision":false},{"head":[[0.955742,0.288631,0.056997,-0.00847],[-0.291736,0.954814,0.056757,0.006814],[-0.03804,-0.070873,0.99676,0.02],[0.0,0.0,0.0,1.0]],"antennas":[-1.901117,2.01083],"body_yaw":-0.005147,"check_collision":false},{"head":[[0.955144,0.290524,0.057415,-0.008385],[-0.293655,0.954227,0.056716,0.006861],[-0.038309,-0.071032,0.996738,0.02],[0.0,0.0,0.0,1.0]],"antennas":[-1.901117,2.01083],"body_yaw":-0.005147,"check_collision":false},{"head":[[0.954415,0.293054,0.05667,-0.008483],[-0.296154,0.953416,0.057359,0.007331],[-0.03722,-0.071527,0.996744,0.02],[0.0,0.0,0.0,1.0]],"antennas":[-1.901117,2.01083],"body_yaw":-0.005147,"check_collision":false},{"head":[[0.954209,0.293784,0.056352,-0.008406],[-0.296847,0.953221,0.057031,0.007266],[-0.036961,-0.071147,0.996781,0.02],[0.0,0.0,0.0,1.0]],"antennas":[-1.901117,2.01083],"body_yaw":-0.005147,"check_collision":false},{"head":[[0.954218,0.293751,0.056375,-0.008529],[-0.296776,0.953305,0.055975,0.007416],[-0.037299,-0.070144,0.996839,0.02],[0.0,0.0,0.0,1.0]],"antennas":[-1.901117,2.01083],"body_yaw":-0.005147,"check_collision":false},{"head":[[0.95405,0.294159,0.057096,-0.008533],[-0.297225,0.953181,0.055712,0.007677],[-0.038034,-0.070123,0.996813,0.02],[0.0,0.0,0.0,1.0]],"antennas":[-1.901117,2.01083],"body_yaw":-0.005147,"check_collision":false},{"head":[[0.953608,0.295421,0.057954,-0.008541],[-0.29853,0.952798,0.055283,0.007869],[-0.038886,-0.07002,0.996787,0.02],[0.0,0.0,0.0,1.0]],"antennas":[-1.901117,2.01083],"body_yaw":-0.005147,"check_collision":false},{"head":[[0.953272,0.296519,0.057869,-0.008499],[-0.299598,0.952497,0.054684,0.00787],[-0.038905,-0.069467,0.996825,0.02],[0.0,0.0,0.0,1.0]],"antennas":[-1.901117,2.01083],"body_yaw":-0.005147,"check_collision":false},{"head":[[0.953026,0.297341,0.057708,-0.008448],[-0.300384,0.952284,0.054075,0.008048],[-0.038876,-0.06887,0.996868,0.02],[0.0,0.0,0.0,1.0]],"antennas":[-1.901117,2.01083],"body_yaw":-0.005147,"check_collision":false},{"head":[[0.952997,0.297382,0.057979,-0.008451],[-0.300427,0.952295,0.053647,0.007984],[-0.039259,-0.068543,0.996875,0.02],[0.0,0.0,0.0,1.0]],"antennas":[-1.901117,2.01083],"body_yaw":-0.005147,"check_collision":false},{"head":[[0.953018,0.29712,0.058969,-0.008621],[-0.300223,0.952374,0.053389,0.008448],[-0.040298,-0.068584,0.996831,0.02],[0.0,0.0,0.0,1.0]],"antennas":[-1.901117,2.01083],"body_yaw":-0.005147,"check_collision":false},{"head":[[0.952761,0.297715,0.060095,-0.008619],[-0.300854,0.95223,0.052398,0.008595],[-0.041624,-0.068002,0.996816,0.02],[0.0,0.0,0.0,1.0]],"antennas":[-1.901117,2.01083],"body_yaw":-0.005147,"check_collision":false},{"head":[[0.952254,0.299349,0.060015,-0.008664],[-0.302489,0.951701,0.052583,0.008765],[-0.041375,-0.068226,0.996812,0.02],[0.0,0.0,0.0,1.0]],"antennas":[-1.901117,2.01083],"body_yaw":-0.005147,"check_collision":false},{"head":[[0.952055,0.299887,0.060482,-0.008737],[-0.303048,0.951537,0.05233,0.008917],[-0.041858,-0.06815,0.996797,0.02],[0.0,0.0,0.0,1.0]],"antennas":[-1.901117,2.01083],"body_yaw":-0.008194,"check_collision":false},{"head":[[0.952141,0.299583,0.06065,-0.008836],[-0.302728,0.951676,0.051667,0.009186],[-0.04224,-0.067555,0.996821,0.02],[0.0,0.0,0.0,1.0]],"antennas":[-1.901117,2.01083],"body_yaw":-0.02232,"check_collision":false},{"head":[[0.952189,0.299183,0.061857,-0.008633],[-0.302388,0.951812,0.05115,0.009028],[-0.043573,-0.067409,0.996773,0.02],[0.0,0.0,0.0,1.0]],"antennas":[-1.901117,2.01083],"body_yaw":-0.041523,"check_collision":false},{"head":[[0.952291,0.298674,0.06273,-0.008579],[-0.301909,0.951998,0.05051,0.009094],[-0.044633,-0.067039,0.996752,0.02],[0.0,0.0,0.0,1.0]],"antennas":[-1.901117,2.01083],"body_yaw":-0.067737,"check_collision":false},{"head":[[0.952327,0.29833,0.063809,-0.00858],[-0.301621,0.952108,0.050142,0.009174],[-0.045794,-0.066998,0.996702,0.02],[0.0,0.0,0.0,1.0]],"antennas":[-1.901117,2.01083],"body_yaw":-0.099992,"check_collision":false},{"head":[[0.951926,0.299599,0.063852,-0.008622],[-0.302845,0.951773,0.049114,0.009316],[-0.046059,-0.06609,0.99675,0.02],[0.0,0.0,0.0,1.0]],"antennas":[-1.901117,2.01083],"body_yaw":-0.13492,"check_collision":false},{"head":[[0.954885,0.289339,0.066915,-0.006326],[-0.292809,0.954889,0.049504,0.003546],[-0.049573,-0.066864,0.99653,0.02],[0.0,0.0,0.0,1.0]],"antennas":[-1.901117,2.01083],"body_yaw":-0.170903,"check_collision":false},{"head":[[0.954548,0.290636,0.0661,-0.006699],[-0.294097,0.954444,0.050435,0.003868],[-0.048431,-0.067582,0.996538,0.02],[0.0,0.0,0.0,1.0]],"antennas":[-1.901117,2.01083],"body_yaw":-0.207288,"check_collision":false},{"head":[[0.954134,0.292024,0.065957,-0.006752],[-0.295498,0.953987,0.050896,0.003726],[-0.04806,-0.068052,0.996524,0.02],[0.0,0.0,0.0,1.0]],"antennas":[-1.901117,2.01083],"body_yaw":-0.244977,"check_collision":false},{"head":[[0.954091,0.292078,0.066336,-0.006925],[-0.295595,0.953936,0.05127,0.004114],[-0.048306,-0.068524,0.996479,0.02],[0.0,0.0,0.0,1.0]],"antennas":[-1.901117,2.01083],"body_yaw":-0.284406,"check_collision":false},{"head":[[0.954006,0.29212,0.067366,-0.007087],[-0.295673,0.95395,0.050559,0.00443],[-0.049495,-0.068152,0.996446,0.02],[0.0,0.0,0.0,1.0]],"antennas":[-1.901117,2.01083],"body_yaw":-0.324712,"check_collision":false},{"head":[[0.952666,0.296266,0.068228,-0.007074],[-0.299813,0.952724,0.049279,0.004738],[-0.050403,-0.067401,0.996452,0.02],[0.0,0.0,0.0,1.0]],"antennas":[-1.901117,2.01083],"body_yaw":-0.365042,"check_collision":false},{"head":[[0.950079,0.304315,0.068863,-0.006924],[-0.307887,0.950166,0.04889,0.004928],[-0.050553,-0.067652,0.996427,0.02],[0.0,0.0,0.0,1.0]],"antennas":[-1.901117,2.01083],"body_yaw":-0.404752,"check_collision":false},{"head":[[0.947431,0.312356,0.069348,-0.006835],[-0.31596,0.947513,0.048863,0.005109],[-0.050445,-0.068206,0.996395,0.02],[0.0,0.0,0.0,1.0]],"antennas":[-1.901117,2.01083],"body_yaw":-0.443438,"check_collision":false},{"head":[[0.945031,0.319371,0.07013,-0.006793],[-0.32306,0.945084,0.049472,0.005166],[-0.050479,-0.069408,0.99631,0.02],[0.0,0.0,0.0,1.0]],"antennas":[-1.901117,2.01083],"body_yaw":-0.481104,"check_collision":false},{"head":[[0.941327,0.330213,0.06973,-0.006836],[-0.334018,0.94111,0.052384,0.005505],[-0.048326,-0.072601,0.99619,0.02],[0.0,0.0,0.0,1.0]],"antennas":[-1.901117,2.01083],"body_yaw":-0.518538,"check_collision":false},{"head":[[0.936177,0.344351,0.070679,-0.006852],[-0.348426,0.935621,0.056681,0.005777],[-0.04661,-0.077689,0.995887,0.02],[0.0,0.0,0.0,1.0]],"antennas":[-1.901117,2.01083],"body_yaw":-0.554766,"check_collision":false},{"head":[[0.930572,0.358353,0.074962,-0.006909],[-0.363025,0.929706,0.062132,0.005909],[-0.047427,-0.085032,0.995249,0.02],[0.0,0.0,0.0,1.0]],"antennas":[-1.901117,2.01083],"body_yaw":-0.589779,"check_collision":false},{"head":[[0.926203,0.368644,0.079058,-0.006959],[-0.373832,0.925175,0.065574,0.006293],[-0.048969,-0.090289,0.994711,0.02],[0.0,0.0,0.0,1.0]],"antennas":[-1.901117,2.01083],"body_yaw":-0.624055,"check_collision":false},{"head":[[0.921649,0.379295,0.081845,-0.006908],[-0.384655,0.920828,0.064157,0.006998],[-0.05103,-0.090612,0.994578,0.02],[0.0,0.0,0.0,1.0]],"antennas":[-1.901117,2.01083],"body_yaw":-0.656151,"check_collision":false},{"head":[[0.916342,0.391592,0.083501,-0.00667],[-0.396923,0.915828,0.060919,0.007723],[-0.052617,-0.088966,0.994644,0.02],[0.0,0.0,0.0,1.0]],"antennas":[-1.901117,2.01083],"body_yaw":-0.686133,"check_collision":false},{"head":[[0.91011,0.4057,0.08431,-0.006352],[-0.411098,0.90955,0.060967,0.008379],[-0.051949,-0.090147,0.994573,0.019962],[0.0,0.0,0.0,1.0]],"antennas":[-1.901117,2.01083],"body_yaw":-0.716075,"check_collision":false},{"head":[[0.9031,0.420562,0.08682,-0.006233],[-0.426333,0.90231,0.063858,0.009026],[-0.051483,-0.094685,0.994175,0.019654],[0.0,0.0,0.0,1.0]],"antennas":[-1.901117,2.01083],"body_yaw":-0.745606,"check_collision":false},{"head":[[0.896014,0.434382,0.092039,-0.006289],[-0.440734,0.895249,0.065443,0.00965],[-0.053971,-0.099203,0.993603,0.019365],[0.0,0.0,0.0,1.0]],"antennas":[-1.901117,2.01083],"body_yaw":-0.7751,"check_collision":false},{"head":[[0.888686,0.448105,0.097153,-0.006407],[-0.454991,0.888055,0.065896,0.010295],[-0.056749,-0.102765,0.993086,0.019185],[0.0,0.0,0.0,1.0]],"antennas":[-1.901117,2.01083],"body_yaw":-0.803664,"check_collision":false},{"head":[[0.880514,0.463195,0.100725,-0.006335],[-0.470469,0.879921,0.066313,0.010809],[-0.057915,-0.105777,0.992702,0.018983],[0.0,0.0,0.0,1.0]],"antennas":[-1.901117,2.01083],"body_yaw":-0.830656,"check_collision":false},{"head":[[0.871077,0.479764,0.105128,-0.006134],[-0.487547,0.870519,0.067041,0.011396],[-0.059352,-0.109652,0.992196,0.018546],[0.0,0.0,0.0,1.0]],"antennas":[-1.901117,2.01083],"body_yaw":-0.855938,"check_collision":false},{"head":[[0.862858,0.494318,0.105478,-0.005875],[-0.502346,0.861762,0.070811,0.01205],[-0.055894,-0.114086,0.991897,0.018065],[0.0,0.0,0.0,1.0]],"antennas":[-1.901117,2.01083],"body_yaw":-0.879565,"check_collision":false},{"head":[[0.85624,0.506067,0.103676,-0.005698],[-0.514033,0.854583,0.073874,0.012643],[-0.051215,-0.116547,0.991864,0.017659],[0.0,0.0,0.0,1.0]],"antennas":[-1.901117,2.01083],"body_yaw":-0.90221,"check_collision":false},{"head":[[0.847393,0.520485,0.104982,-0.005706],[-0.528696,0.845377,0.076276,0.013198],[-0.049049,-0.120139,0.991545,0.017355],[0.0,0.0,0.0,1.0]],"antennas":[-1.901117,2.01083],"body_yaw":-0.924852,"check_collision":false},{"head":[[0.835993,0.537752,0.109261,-0.005641],[-0.546704,0.83335,0.081507,0.013504],[-0.047223,-0.127873,0.990666,0.017],[0.0,0.0,0.0,1.0]],"antennas":[-1.901117,2.01083],"body_yaw":-0.947195,"check_collision":false},{"head":[[0.823326,0.556071,0.113667,-0.005546],[-0.56582,0.819872,0.087511,0.013573],[-0.04453,-0.136365,0.989657,0.016743],[0.0,0.0,0.0,1.0]],"antennas":[-1.901117,2.01083],"body_yaw":-0.968977,"check_collision":false},{"head":[[0.811977,0.571941,0.116516,-0.005584],[-0.582222,0.807779,0.092251,0.013543],[-0.041357,-0.142744,0.988895,0.016629],[0.0,0.0,0.0,1.0]],"antennas":[-1.901117,2.01083],"body_yaw":-0.990363,"check_collision":false},{"head":[[0.805363,0.581247,0.116367,-0.005566],[-0.591596,0.800521,0.095814,0.013951],[-0.037463,-0.146008,0.988574,0.016538],[0.0,0.0,0.0,1.0]],"antennas":[-1.901117,2.01083],"body_yaw":-1.009918,"check_collision":false},{"head":[[0.79865,0.590648,0.115294,-0.00528],[-0.600916,0.793064,0.099744,0.014272],[-0.032522,-0.148943,0.988311,0.016142],[0.0,0.0,0.0,1.0]],"antennas":[-1.901117,2.01083],"body_yaw":-1.022049,"check_collision":false},{"head":[[0.790549,0.601311,0.116007,-0.005092],[-0.611825,0.783707,0.10711,0.014554],[-0.026509,-0.155652,0.987456,0.015583],[0.0,0.0,0.0,1.0]],"antennas":[-1.901117,2.01083],"body_yaw":-1.022049,"check_collision":false},{"head":[[0.782595,0.611527,0.116534,-0.005107],[-0.622232,0.7742,0.115942,0.014758],[-0.019319,-0.163247,0.986396,0.015261],[0.0,0.0,0.0,1.0]],"antennas":[-1.901117,2.01083],"body_yaw":-1.022049,"check_collision":false},{"head":[[0.774485,0.621577,0.117538,-0.005243],[-0.632446,0.764817,0.122746,0.015095],[-0.013599,-0.169402,0.985453,0.015142],[0.0,0.0,0.0,1.0]],"antennas":[-1.901117,2.01083],"body_yaw":-1.022049,"check_collision":false},{"head":[[0.768139,0.628942,0.119974,-0.005419],[-0.640204,0.757379,0.128515,0.015374],[-0.010037,-0.175525,0.984424,0.01503],[0.0,0.0,0.0,1.0]],"antennas":[-1.901117,2.01083],"body_yaw":-1.022049,"check_collision":false},{"head":[[0.760325,0.637829,0.122798,-0.00545],[-0.649502,0.748685,0.132733,0.015617],[-0.007276,-0.180678,0.983515,0.014692],[0.0,0.0,0.0,1.0]],"antennas":[-1.901117,2.01083],"body_yaw":-1.022049,"check_collision":false},{"head":[[0.750222,0.649393,0.124325,-0.005428],[-0.661187,0.736884,0.140832,0.015724],[-0.000158,-0.187857,0.982196,0.014426],[0.0,0.0,0.0,1.0]],"antennas":[-1.901117,2.01083],"body_yaw":-1.022049,"check_collision":false},{"head":[[0.742997,0.657415,0.125541,-0.005504],[-0.669254,0.727697,0.150189,0.016013],[0.007381,-0.195609,0.980654,0.014251],[0.0,0.0,0.0,1.0]],"antennas":[-1.901117,2.01083],"body_yaw":-1.022049,"check_collision":false},{"head":[[0.739928,0.661202,0.123771,-0.005591],[-0.672565,0.723668,0.154796,0.016325],[0.012782,-0.197782,0.980163,0.014215],[0.0,0.0,0.0,1.0]],"antennas":[-1.901117,2.01083],"body_yaw":-1.022049,"check_collision":false},{"head":[[0.735261,0.666336,0.124046,-0.00567],[-0.677608,0.718489,0.156909,0.016636],[0.015428,-0.199424,0.979792,0.01403],[0.0,0.0,0.0,1.0]],"antennas":[-1.901117,2.01083],"body_yaw":-1.022049,"check_collision":false},{"head":[[0.728072,0.674292,0.123452,-0.005837],[-0.685165,0.710187,0.161815,0.016953],[0.021436,-0.202398,0.979069,0.013853],[0.0,0.0,0.0,1.0]],"antennas":[-1.901117,2.01083],"body_yaw":-1.022049,"check_collision":false},{"head":[[0.71998,0.683236,0.121725,-0.006036],[-0.693389,0.700875,0.167292,0.017052],[0.028986,-0.20485,0.978364,0.013901],[0.0,0.0,0.0,1.0]],"antennas":[-1.901117,2.01083],"body_yaw":-1.022049,"check_collision":false},{"head":[[0.714728,0.688842,0.121081,-0.006277],[-0.698593,0.694799,0.170945,0.017135],[0.033627,-0.206766,0.977812,0.014109],[0.0,0.0,0.0,1.0]],"antennas":[-1.901117,2.01083],"body_yaw":-1.022049,"check_collision":false},{"head":[[0.710148,0.693623,0.120738,-0.006453],[-0.70306,0.689536,0.173918,0.017299],[0.03738,-0.208394,0.97733,0.014134],[0.0,0.0,0.0,1.0]],"antennas":[-1.901117,2.01083],"body_yaw":-1.022049,"check_collision":false},{"head":[[0.706509,0.69716,0.121707,-0.006457],[-0.706509,0.684816,0.17853,0.017545],[0.041117,-0.21212,0.976378,0.013868],[0.0,0.0,0.0,1.0]],"antennas":[-1.901117,2.01083],"body_yaw":-1.022049,"check_collision":false},{"head":[[0.706407,0.697418,0.120816,-0.006425],[-0.706407,0.68394,0.18225,0.017698],[0.044474,-0.214088,0.975801,0.013512],[0.0,0.0,0.0,1.0]],"antennas":[-1.901117,2.01083],"body_yaw":-1.022049,"check_collision":false},{"head":[[0.706344,0.697755,0.119233,-0.006441],[-0.706344,0.683699,0.183395,0.017877],[0.046446,-0.21376,0.975782,0.013427],[0.0,0.0,0.0,1.0]],"antennas":[-1.901117,2.01083],"body_yaw":-1.022049,"check_collision":false},{"head":[[0.706287,0.698056,0.117799,-0.006556],[-0.706287,0.68351,0.184318,0.018038],[0.048148,-0.213381,0.975782,0.01351],[0.0,0.0,0.0,1.0]],"antennas":[-1.901117,2.01083],"body_yaw":-1.022049,"check_collision":false},{"head":[[0.706239,0.698256,0.116895,-0.006733],[-0.706239,0.68329,0.185315,0.018294],[0.049524,-0.213433,0.975702,0.013401],[0.0,0.0,0.0,1.0]],"antennas":[-1.901117,2.01083],"body_yaw":-1.022049,"check_collision":false},{"head":[[0.706235,0.698273,0.116823,-0.006852],[-0.706235,0.683265,0.185423,0.018447],[0.049655,-0.213457,0.97569,0.013219],[0.0,0.0,0.0,1.0]],"antennas":[-1.901117,2.01083],"body_yaw":-1.022049,"check_collision":false},{"head":[[0.706248,0.698108,0.11772,-0.007029],[-0.706248,0.68316,0.185757,0.018639],[0.049257,-0.21433,0.975518,0.01308],[0.0,0.0,0.0,1.0]],"antennas":[-1.901117,2.01083],"body_yaw":-1.022049,"check_collision":false},{"head":[[0.706258,0.697956,0.118568,-0.006997],[-0.706258,0.683022,0.186229,0.018423],[0.048995,-0.215265,0.975326,0.013214],[0.0,0.0,0.0,1.0]],"antennas":[-1.901117,2.01083],"body_yaw":-1.022049,"check_collision":false},{"head":[[0.706334,0.697784,0.119119,-0.007016],[-0.706334,0.683632,0.183684,0.018342],[0.046738,-0.21388,0.975741,0.013296],[0.0,0.0,0.0,1.0]],"antennas":[-1.901117,2.01083],"body_yaw":-1.022049,"check_collision":false},{"head":[[0.70643,0.6975,0.120213,-0.006907],[-0.70643,0.684335,0.180674,0.017957],[0.043754,-0.212555,0.976169,0.013498],[0.0,0.0,0.0,1.0]],"antennas":[-1.901117,2.01083],"body_yaw":-1.022049,"check_collision":false},{"head":[[0.706502,0.697167,0.121705,-0.007001],[-0.706502,0.684745,0.178826,0.018252],[0.041335,-0.212326,0.976324,0.013301],[0.0,0.0,0.0,1.0]],"antennas":[-1.901117,2.01083],"body_yaw":-1.022049,"check_collision":false},{"head":[[0.706504,0.696947,0.12295,-0.006941],[-0.706504,0.684445,0.179963,0.017907],[0.041272,-0.214009,0.975959,0.01335],[0.0,0.0,0.0,1.0]],"antennas":[-1.901117,2.01083],"body_yaw":-1.022049,"check_collision":false},{"head":[[0.706498,0.697022,0.12256,-0.007007],[-0.706498,0.684476,0.17987,0.017645],[0.041484,-0.213666,0.976026,0.013532],[0.0,0.0,0.0,1.0]],"antennas":[-1.901117,2.01083],"body_yaw":-1.022049,"check_collision":false},{"head":[[0.706489,0.697193,0.121636,-0.007163],[-0.706489,0.684613,0.179384,0.017839],[0.041792,-0.212667,0.976231,0.013706],[0.0,0.0,0.0,1.0]],"antennas":[-1.901117,2.01083],"body_yaw":-1.022049,"check_collision":false},{"head":[[0.706502,0.697233,0.12133,-0.007237],[-0.706502,0.684835,0.178485,0.017928],[0.041355,-0.211819,0.976433,0.013756],[0.0,0.0,0.0,1.0]],"antennas":[-1.901117,2.01083],"body_yaw":-1.022049,"check_collision":false},{"head":[[0.706537,0.697192,0.121358,-0.007174],[-0.706537,0.685228,0.176826,0.017654],[0.040124,-0.210678,0.976732,0.013856],[0.0,0.0,0.0,1.0]],"antennas":[-1.901117,2.01083],"body_yaw":-1.022049,"check_collision":false},{"head":[[0.706565,0.697054,0.121993,-0.007255],[-0.706565,0.685382,0.176119,0.017684],[0.039153,-0.210635,0.97678,0.013858],[0.0,0.0,0.0,1.0]],"antennas":[-1.901117,2.01083],"body_yaw":-1.022049,"check_collision":false},{"head":[[0.706577,0.697079,0.121772,-0.00736],[-0.706577,0.685589,0.175261,0.017508],[0.038685,-0.209877,0.976962,0.014057],[0.0,0.0,0.0,1.0]],"antennas":[-1.901117,2.01083],"body_yaw":-1.022049,"check_collision":false},{"head":[[0.706612,0.696968,0.122211,-0.0074],[-0.706612,0.685886,0.173956,0.017347],[0.037419,-0.209275,0.977141,0.014158],[0.0,0.0,0.0,1.0]],"antennas":[-1.901117,2.01083],"body_yaw":-1.022049,"check_collision":false},{"head":[[0.706639,0.696893,0.122482,-0.007427],[-0.706639,0.68615,0.172802,0.01743],[0.036384,-0.208659,0.977311,0.014141],[0.0,0.0,0.0,1.0]],"antennas":[-1.901117,2.01083],"body_yaw":-1.018674,"check_collision":false},{"head":[[0.706