{"description":"A movement you do when you perceive someone\u2019s words or actions as careless or disrespectful.","time":[0.0,0.02,0.04,0.06,0.08,0.1,0.12,0.14,0.16,0.18,0.2,0.22,0.24,0.26,0.28,0.3,0.32,0.34,0.36,0.38,0.4,0.42,0.44,0.46,0.48,0.5,0.52,0.54,0.56,0.58,0.6,0.62,0.64,0.66,0.68,0.7,0.72,0.74,0.76,0.78,0.8,0.82,0.84,0.86,0.88,0.9,0.92,0.94,0.96,0.98,1.0,1.02,1.04,1.06,1.08,1.1,1.12,1.14,1.16,1.18,1.2,1.22,1.24,1.26,1.28,1.3,1.32,1.34,1.36,1.38,1.4,1.42,1.44,1.46,1.48,1.5,1.52,1.54,1.56,1.58,1.6,1.62,1.64,1.66,1.68,1.7,1.72,1.74,1.76,1.78,1.8,1.82,1.84,1.86,1.88,1.9,1.92,1.94,1.96,1.98,2.0,2.02,2.04,2.06,2.08,2.1,2.12,2.14,2.16,2.18,2.2,2.22,2.24,2.26,2.28,2.3,2.32,2.34,2.36,2.38,2.4,2.42,2.44,2.46,2.48,2.5,2.52,2.54,2.56,2.58,2.6,2.62,2.64,2.66,2.68,2.7,2.72,2.74,2.76,2.78,2.8,2.82,2.84,2.86,2.88,2.9,2.92,2.94,2.96,2.98,3.0,3.02,3.04,3.06,3.08,3.1,3.12,3.14,3.16,3.18,3.2,3.22,3.24,3.26,3.28,3.3,3.32,3.34,3.36,3.38,3.4,3.42,3.44,3.46,3.48,3.5,3.52,3.54,3.56],"set_target_data":[{"head":[[0.998458,0.027702,-0.048112,-0.008285],[-0.028214,0.999552,-0.010001,0.007715],[0.047814,0.011343,0.998792,0.008309],[0.0,0.0,0.0,1.0]],"antennas":[-0.115973,0.12874],"body_yaw":-0.027925,"check_collision":false},{"head":[[0.998465,0.02771,-0.047948,-0.008272],[-0.028226,0.99955,-0.010117,0.00762],[0.047646,0.011455,0.998799,0.008295],[0.0,0.0,0.0,1.0]],"antennas":[-0.115973,0.12874],"body_yaw":-0.027925,"check_collision":false},{"head":[[0.998421,0.027877,-0.048764,-0.00832],[-0.028371,0.999553,-0.009467,0.007635],[0.048479,0.010835,0.998765,0.008414],[0.0,0.0,0.0,1.0]],"antennas":[-0.115973,0.12874],"body_yaw":-0.027925,"check_collision":false},{"head":[[0.998395,0.027892,-0.049294,-0.008443],[-0.028364,0.999558,-0.00891,0.007713],[0.049024,0.010294,0.998745,0.008486],[0.0,0.0,0.0,1.0]],"antennas":[-0.115973,0.12874],"body_yaw":-0.027925,"check_collision":false},{"head":[[0.998373,0.027661,-0.049868,-0.008469],[-0.028141,0.999564,-0.008949,0.007541],[0.049599,0.010338,0.998716,0.008627],[0.0,0.0,0.0,1.0]],"antennas":[-0.115973,0.12874],"body_yaw":-0.027925,"check_collision":false},{"head":[[0.998266,0.028193,-0.051682,-0.008488],[-0.028662,0.999554,-0.008353,0.007333],[0.051423,0.009819,0.998629,0.00886],[0.0,0.0,0.0,1.0]],"antennas":[-0.115973,0.12874],"body_yaw":-0.027925,"check_collision":false},{"head":[[0.998072,0.029381,-0.054667,-0.008558],[-0.02985,0.999524,-0.007785,0.007152],[0.054412,0.009402,0.998474,0.008974],[0.0,0.0,0.0,1.0]],"antennas":[-0.115973,0.12874],"body_yaw":-0.027925,"check_collision":false},{"head":[[0.997625,0.031087,-0.061463,-0.008483],[-0.031626,0.999469,-0.007815,0.007066],[0.061188,0.009741,0.998079,0.009054],[0.0,0.0,0.0,1.0]],"antennas":[-0.115973,0.12874],"body_yaw":-0.027925,"check_collision":false},{"head":[[0.996952,0.034473,-0.069983,-0.008551],[-0.035005,0.999367,-0.006393,0.006895],[0.069718,0.008823,0.997528,0.009095],[0.0,0.0,0.0,1.0]],"antennas":[-0.115973,0.12874],"body_yaw":-0.027925,"check_collision":false},{"head":[[0.996308,0.037532,-0.07721,-0.008654],[-0.03816,0.999249,-0.006672,0.006845],[0.076902,0.009594,0.996992,0.00922],[0.0,0.0,0.0,1.0]],"antennas":[-0.115973,0.12874],"body_yaw":-0.027925,"check_collision":false},{"head":[[0.995682,0.041156,-0.083208,-0.008658],[-0.041881,0.999098,-0.006981,0.00672],[0.082846,0.010435,0.996508,0.009416],[0.0,0.0,0.0,1.0]],"antennas":[-0.115973,0.12874],"body_yaw":-0.027925,"check_collision":false},{"head":[[0.995134,0.043926,-0.088192,-0.008663],[-0.044723,0.998974,-0.007072,0.006753],[0.087791,0.010982,0.996078,0.009438],[0.0,0.0,0.0,1.0]],"antennas":[-0.115973,0.12874],"body_yaw":-0.027925,"check_collision":false},{"head":[[0.994528,0.047844,-0.092874,-0.008512],[-0.048709,0.998788,-0.007066,0.006567],[0.092424,0.011551,0.995653,0.009574],[0.0,0.0,0.0,1.0]],"antennas":[-0.115973,0.12874],"body_yaw":-0.027925,"check_collision":false},{"head":[[0.993452,0.054618,-0.100346,-0.008355],[-0.055363,0.998455,-0.004654,0.006389],[0.099936,0.010179,0.994942,0.009732],[0.0,0.0,0.0,1.0]],"antennas":[-0.115973,0.12874],"body_yaw":-0.027925,"check_collision":false},{"head":[[0.99233,0.061421,-0.107278,-0.008371],[-0.061958,0.998077,-0.001673,0.006219],[0.106969,0.008307,0.994228,0.009887],[0.0,0.0,0.0,1.0]],"antennas":[-0.115973,0.12874],"body_yaw":-0.027925,"check_collision":false},{"head":[[0.991518,0.066733,-0.111532,-0.008291],[-0.067195,0.99774,-0.000385,0.006155],[0.111254,0.007876,0.993761,0.009904],[0.0,0.0,0.0,1.0]],"antennas":[-0.115973,0.12874],"body_yaw":-0.027925,"check_collision":false},{"head":[[0.99045,0.072837,-0.117065,-0.008201],[-0.073184,0.997318,0.001337,0.006094],[0.116848,0.007243,0.993123,0.009851],[0.0,0.0,0.0,1.0]],"antennas":[-0.115973,0.12874],"body_yaw":-0.027925,"check_collision":false},{"head":[[0.989203,0.080363,-0.122553,-0.00818],[-0.080344,0.996754,0.005105,0.006054],[0.122565,0.004797,0.992449,0.00984],[0.0,0.0,0.0,1.0]],"antennas":[-0.115973,0.12874],"body_yaw":-0.027925,"check_collision":false},{"head":[[0.987884,0.087792,-0.127977,-0.008148],[-0.087563,0.996131,0.007432,0.006028],[0.128134,0.003864,0.991749,0.00991],[0.0,0.0,0.0,1.0]],"antennas":[-0.115973,0.12874],"body_yaw":-0.027925,"check_collision":false},{"head":[[0.986191,0.096167,-0.134832,-0.008092],[-0.095642,0.995362,0.01038,0.005994],[0.135205,0.002659,0.990814,0.009873],[0.0,0.0,0.0,1.0]],"antennas":[-0.115973,0.12874],"body_yaw":-0.027925,"check_collision":false},{"head":[[0.984588,0.104893,-0.139946,-0.008103],[-0.103873,0.994484,0.014594,0.005936],[0.140705,0.000168,0.990052,0.009875],[0.0,0.0,0.0,1.0]],"antennas":[-0.115973,0.12874],"body_yaw":-0.027925,"check_collision":false},{"head":[[0.983158,0.113297,-0.143404,-0.008148],[-0.111804,0.993559,0.018455,0.005933],[0.144572,-0.002111,0.989492,0.009793],[0.0,0.0,0.0,1.0]],"antennas":[-0.115973,0.12874],"body_yaw":-0.027925,"check_collision":false},{"head":[[0.981586,0.122,-0.146988,-0.008126],[-0.120005,0.992521,0.022404,0.005912],[0.148622,-0.004352,0.988885,0.009762],[0.0,0.0,0.0,1.0]],"antennas":[-0.115973,0.12874],"body_yaw":-0.027925,"check_collision":false},{"head":[[0.97959,0.13043,-0.152946,-0.008076],[-0.128034,0.991443,0.025458,0.005909],[0.154957,-0.005357,0.987907,0.009748],[0.0,0.0,0.0,1.0]],"antennas":[-0.115973,0.126056],"body_yaw":-0.027925,"check_collision":false},{"head":[[0.977082,0.140447,-0.159955,-0.008024],[-0.137452,0.990063,0.029691,0.005793],[0.162536,-0.007025,0.986678,0.00992],[0.0,0.0,0.0,1.0]],"antennas":[-0.10977,0.111273],"body_yaw":-0.027925,"check_collision":false},{"head":[[0.974277,0.153441,-0.165049,-0.008182],[-0.149354,0.988092,0.036967,0.0056],[0.168756,-0.011366,0.985592,0.010007],[0.0,0.0,0.0,1.0]],"antennas":[-0.091605,0.079117],"body_yaw":-0.027925,"check_collision":false},{"head":[[0.971308,0.16751,-0.168823,-0.008323],[-0.162228,0.98574,0.044709,0.005364],[0.173905,-0.016038,0.984632,0.010004],[0.0,0.0,0.0,1.0]],"antennas":[-0.057732,0.031002],"body_yaw":-0.027925,"check_collision":false},{"head":[[0.96896,0.179675,-0.169805,-0.008278],[-0.1733,0.983508,0.05177,0.005111],[0.176306,-0.020736,0.984117,0.009921],[0.0,0.0,0.0,1.0]],"antennas":[-0.010565,-0.021133],"body_yaw":-0.027925,"check_collision":false},{"head":[[0.965975,0.192552,-0.172673,-0.008313],[-0.185145,0.980987,0.058181,0.004971],[0.180593,-0.024232,0.983259,0.009838],[0.0,0.0,0.0,1.0]],"antennas":[0.040264,-0.073188],"body_yaw":-0.027925,"check_collision":false},{"head":[[0.961841,0.206598,-0.179387,-0.008442],[-0.197872,0.978041,0.065443,0.00485],[0.188968,-0.02745,0.9816,0.009881],[0.0,0.0,0.0,1.0]],"antennas":[0.09089,-0.125036],"body_yaw":-0.027925,"check_collision":false},{"head":[[0.956636,0.223295,-0.187048,-0.008645],[-0.212726,0.974225,0.075051,0.004727],[0.198985,-0.032006,0.97948,0.009826],[0.0,0.0,0.0,1.0]],"antennas":[0.141885,-0.177261],"body_yaw":-0.027925,"check_collision":false},{"head":[[0.951804,0.238699,-0.192593,-0.008976],[-0.226316,0.970403,0.084252,0.004742],[0.207004,-0.036604,0.977655,0.009849],[0.0,0.0,0.0,1.0]],"antennas":[0.191918,-0.229102],"body_yaw":-0.027925,"check_collision":false},{"head":[[0.946941,0.25343,-0.197675,-0.009206],[-0.239572,0.966554,0.091532,0.004798],[0.214261,-0.039318,0.975985,0.009858],[0.0,0.0,0.0,1.0]],"antennas":[0.241338,-0.28131],"body_yaw":-0.027925,"check_collision":false},{"head":[[0.942297,0.268635,-0.199779,-0.009484],[-0.253271,0.962281,0.09934,0.004857],[0.218929,-0.043009,0.974792,0.009769],[0.0,0.0,0.0,1.0]],"antennas":[0.290452,-0.333279],"body_yaw":-0.027925,"check_collision":false},{"head":[[0.937792,0.283932,-0.199821,-0.009919],[-0.266998,0.95766,0.107704,0.004831],[0.221941,-0.047653,0.973895,0.009731],[0.0,0.0,0.0,1.0]],"antennas":[0.339435,-0.38511],"body_yaw":-0.027925,"check_collision":false},{"head":[[0.932274,0.29737,-0.206,-0.010027],[-0.278598,0.953437,0.115504,0.004511],[0.230755,-0.05029,0.971711,0.010107],[0.0,0.0,0.0,1.0]],"antennas":[0.388778,-0.43732],"body_yaw":-0.027925,"check_collision":false},{"head":[[0.926889,0.310014,-0.211586,-0.010183],[-0.289388,0.949259,0.123133,0.004479],[0.239023,-0.0529,0.969572,0.010279],[0.0,0.0,0.0,1.0]],"antennas":[0.437994,-0.489397],"body_yaw":-0.027925,"check_collision":false},{"head":[[0.921936,0.323307,-0.213324,-0.010309],[-0.300925,0.944597,0.131072,0.004191],[0.243882,-0.056646,0.968149,0.010386],[0.0,0.0,0.0,1.0]],"antennas":[0.486114,-0.54151],"body_yaw":-0.027925,"check_collision":false},{"head":[[0.916489,0.338257,-0.213611,-0.010446],[-0.313744,0.939006,0.140828,0.003774],[0.248218,-0.062048,0.966715,0.010598],[0.0,0.0,0.0,1.0]],"antennas":[0.525037,-0.593468],"body_yaw":-0.027925,"check_collision":false},{"head":[[0.910984,0.352808,-0.213624,-0.010674],[-0.32628,0.933299,0.149982,0.003552],[0.25229,-0.06693,0.965334,0.010731],[0.0,0.0,0.0,1.0]],"antennas":[0.5484,-0.645189],"body_yaw":-0.027925,"check_collision":false},{"head":[[0.903667,0.367422,-0.21997,-0.010905],[-0.338307,0.927449,0.159334,0.0034],[0.262554,-0.069568,0.962406,0.010938],[0.0,0.0,0.0,1.0]],"antennas":[0.565026,-0.697218],"body_yaw":-0.027925,"check_collision":false},{"head":[[0.895628,0.383053,-0.226101,-0.011159],[-0.351298,0.920944,0.168678,0.003278],[0.272839,-0.071644,0.959388,0.011098],[0.0,0.0,0.0,1.0]],"antennas":[0.575871,-0.749089],"body_yaw":-0.027925,"check_collision":false},{"head":[[0.888463,0.398556,-0.227566,-0.011487],[-0.364715,0.914128,0.177068,0.003178],[0.278596,-0.074322,0.957528,0.011165],[0.0,0.0,0.0,1.0]],"antennas":[0.575871,-0.771441],"body_yaw":-0.027925,"check_collision":false},{"head":[[0.881615,0.414049,-0.226535,-0.01193],[-0.37844,0.906967,0.184916,0.003075],[0.282024,-0.077295,0.956289,0.011208],[0.0,0.0,0.0,1.0]],"antennas":[0.575871,-0.771441],"body_yaw":-0.027925,"check_collision":false},{"head":[[0.873878,0.430766,-0.225339,-0.012394],[-0.393193,0.898868,0.193483,0.002927],[0.285896,-0.080479,0.954875,0.011267],[0.0,0.0,0.0,1.0]],"antennas":[0.575871,-0.771441],"body_yaw":-0.027925,"check_collision":false},{"head":[[0.865865,0.446199,-0.22624,-0.012791],[-0.406162,0.891009,0.202819,0.002784],[0.29208,-0.083723,0.952722,0.011411],[0.0,0.0,0.0,1.0]],"antennas":[0.575871,-0.771441],"body_yaw":-0.027925,"check_collision":false},{"head":[[0.857794,0.459736,-0.229851,-0.013092],[-0.417429,0.884027,0.210355,0.00264],[0.299902,-0.084495,0.950221,0.011529],[0.0,0.0,0.0,1.0]],"antennas":[0.575871,-0.771441],"body_yaw":-0.027925,"check_collision":false},{"head":[[0.850192,0.472275,-0.232658,-0.013397],[-0.427847,0.877314,0.217409,0.002534],[0.306791,-0.085297,0.947947,0.011561],[0.0,0.0,0.0,1.0]],"antennas":[0.575871,-0.771441],"body_yaw":-0.027925,"check_collision":false},{"head":[[0.842986,0.48342,-0.235967,-0.013733],[-0.43717,0.871257,0.223144,0.002545],[0.31346,-0.08495,0.945794,0.011559],[0.0,0.0,0.0,1.0]],"antennas":[0.575871,-0.771441],"body_yaw":-0.027925,"check_collision":false},{"head":[[0.833605,0.496796,-0.241447,-0.014095],[-0.447978,0.863783,0.230638,0.002701],[0.323138,-0.084098,0.942608,0.01143],[0.0,0.0,0.0,1.0]],"antennas":[0.575871,-0.771441],"body_yaw":-0.027925,"check_collision":false},{"head":[[0.822773,0.512031,-0.246716,-0.014454],[-0.459759,0.854785,0.240758,0.002566],[0.334164,-0.08466,0.938705,0.011535],[0.0,0.0,0.0,1.0]],"antennas":[0.575871,-0.771441],"body_yaw":-0.027925,"check_collision":false},{"head":[[0.815201,0.523496,-0.24779,-0.014872],[-0.468924,0.847669,0.248127,0.002593],[0.339937,-0.086078,0.9365,0.011679],[0.0,0.0,0.0,1.0]],"antennas":[0.575871,-0.771441],"body_yaw":-0.027925,"check_collision":false},{"head":[[0.809063,0.533245,-0.247117,-0.015281],[-0.477155,0.841453,0.253535,0.002695],[0.343134,-0.087212,0.935229,0.011633],[0.0,0.0,0.0,1.0]],"antennas":[0.575871,-0.771441],"body_yaw":-0.027925,"check_collision":false},{"head":[[0.803086,0.54201,-0.247545,-0.015599],[-0.484588,0.835832,0.25799,0.002667],[0.346739,-0.08723,0.933897,0.011687],[0.0,0.0,0.0,1.0]],"antennas":[0.575871,-0.771441],"body_yaw":-0.027925,"check_collision":false},{"head":[[0.796866,0.549734,-0.250593,-0.015718],[-0.490783,0.830911,0.262142,0.002518],[0.352329,-0.085906,0.931925,0.011766],[0.0,0.0,0.0,1.0]],"antennas":[0.575871,-0.771441],"body_yaw":-0.027925,"check_collision":false},{"head":[[0.791329,0.556414,-0.25338,-0.015825],[-0.496273,0.826626,0.265335,0.002346],[0.357087,-0.084222,0.930267,0.011872],[0.0,0.0,0.0,1.0]],"antennas":[0.575871,-0.771441],"body_yaw":-0.027925,"check_collision":false},{"head":[[0.784282,0.564946,-0.256392,-0.016168],[-0.50257,0.820844,0.271364,0.002242],[0.363764,-0.083971,0.927699,0.011991],[0.0,0.0,0.0,1.0]],"antennas":[0.575871,-0.771441],"body_yaw":-0.027925,"check_collision":false},{"head":[[0.777925,0.573304,-0.257208,-0.016672],[-0.508721,0.814899,0.277744,0.001885],[0.36883,-0.085217,0.925582,0.012417],[0.0,0.0,0.0,1.0]],"antennas":[0.575871,-0.771441],"body_yaw":-0.027925,"check_collision":false},{"head":[[0.77259,0.580359,-0.257464,-0.017021],[-0.514226,0.80983,0.282396,0.001793],[0.372394,-0.085782,0.924102,0.012551],[0.0,0.0,0.0,1.0]],"antennas":[0.575871,-0.771441],"body_yaw":-0.027925,"check_collision":false},{"head":[[0.7668,0.586653,-0.260492,-0.017102],[-0.519216,0.805492,0.285651,0.001856],[0.377403,-0.083785,0.922251,0.012546],[0.0,0.0,0.0,1.0]],"antennas":[0.575871,-0.771441],"body_yaw":-0.027925,"check_collision":false},{"head":[[0.761125,0.592974,-0.262813,-0.017334],[-0.523681,0.800891,0.290398,0.001925],[0.382683,-0.083399,0.920108,0.012556],[0.0,0.0,0.0,1.0]],"antennas":[0.575871,-0.771441],"body_yaw":-0.027925,"check_collision":false},{"head":[[0.757046,0.599078,-0.260744,-0.017645],[-0.529561,0.796366,0.292176,0.001877],[0.382684,-0.083111,0.920134,0.012742],[0.0,0.0,0.0,1.0]],"antennas":[0.575871,-0.771441],"body_yaw":-0.027925,"check_collision":false},{"head":[[0.752337,0.605642,-0.259206,-0.018004],[-0.53623,0.791552,0.293091,0.001864],[0.382684,-0.081509,0.920277,0.013147],[0.0,0.0,0.0,1.0]],"antennas":[0.575871,-0.771441],"body_yaw":-0.027925,"check_collision":false},{"head":[[0.749007,0.609942,-0.258766,-0.018147],[-0.540872,0.788455,0.29291,0.001761],[0.382683,-0.079433,0.920458,0.013556],[0.0,0.0,0.0,1.0]],"antennas":[0.575871,-0.771441],"body_yaw":-0.027925,"check_collision":false},{"head":[[0.748627,0.610087,-0.259521,-0.01815],[-0.541397,0.788487,0.291851,0.001408],[0.382683,-0.077984,0.920582,0.014159],[0.0,0.0,0.0,1.0]],"antennas":[0.575871,-0.771441],"body_yaw":-0.027925,"check_collision":false},{"head":[[0.750701,0.606148,-0.262742,-0.018198],[-0.538518,0.791828,0.288109,0.001277],[0.382683,-0.074793,0.920847,0.014817],[0.0,0.0,0.0,1.0]],"antennas":[0.575871,-0.771441],"body_yaw":-0.027925,"check_collision":false},{"head":[[0.752205,0.603361,-0.264847,-0.018273],[-0.536415,0.794138,0.285664,0.001014],[0.382683,-0.07281,0.921006,0.015579],[0.0,0.0,0.0,1.0]],"antennas":[0.575871,-0.771441],"body_yaw":-0.027925,"check_collision":false},{"head":[[0.754127,0.599764,-0.267538,-0.018337],[-0.53371,0.797087,0.282499,0.000856],[0.382683,-0.070252,0.921205,0.016334],[0.0,0.0,0.0,1.0]],"antennas":[0.575871,-0.771441],"body_yaw":-0.027925,"check_collision":false},{"head":[[0.755655,0.596124,-0.271335,-0.018289],[-0.531544,0.800205,0.277727,0.000698],[0.382683,-0.065639,0.921545,0.0169],[0.0,0.0,0.0,1.0]],"antennas":[0.575871,-0.771441],"body_yaw":-0.027925,"check_collision":false},{"head":[[0.757787,0.592177,-0.274018,-0.018106],[-0.5285,0.803326,0.274509,0.00076],[0.382683,-0.063201,0.921715,0.017326],[0.0,0.0,0.0,1.0]],"antennas":[0.575871,-0.771441],"body_yaw":-0.027925,"check_collision":false},{"head":[[0.76036,0.587527,-0.276883,-0.017973],[-0.524791,0.806917,0.271071,0.000713],[0.382683,-0.060805,0.921876,0.017857],[0.0,0.0,0.0,1.0]],"antennas":[0.575871,-0.771441],"body_yaw":-0.027925,"check_collision":false},{"head":[[0.763472,0.581968,-0.280043,-0.018027],[-0.520254,0.811116,0.267259,0.000393],[0.382683,-0.058351,0.922035,0.018603],[0.0,0.0,0.0,1.0]],"antennas":[0.575871,-0.771441],"body_yaw":-0.027925,"check_collision":false},{"head":[[0.766911,0.575763,-0.28345,-0.017909],[-0.515171,0.815715,0.263075,0.000243],[0.382683,-0.05573,0.922197,0.019167],[0.0,0.0,0.0,1.0]],"antennas":[0.575871,-0.771441],"body_yaw":-0.027925,"check_collision":false},{"head":[[0.770031,0.569974,-0.286675,-0.017758],[-0.510496,0.819946,0.259004,0.000148],[0.382683,-0.053095,0.922353,0.019679],[0.0,0.0,0.0,1.0]],"antennas":[0.575871,-0.771441],"body_yaw":-0.027925,"check_collision":false},{"head":[[0.771985,0.566076,-0.289132,-0.017609],[-0.507536,0.822792,0.255774,-7.9e-05],[0.382683,-0.050708,0.922487,0.02],[0.0,0.0,0.0,1.0]],"antennas":[0.575871,-0.771441],"body_yaw":-0.027925,"check_collision":false},{"head":[[0.773828,0.562751,-0.290692,-0.017596],[-0.504722,0.825132,0.253796,-0.00029],[0.382683,-0.049676,0.922543,0.02],[0.0,0.0,0.0,1.0]],"antennas":[0.575871,-0.771441],"body_yaw":-0.027925,"check_collision":false},{"head":[[0.775149,0.560023,-0.292435,-0.017472],[-0.50269,0.827091,0.251442,-0.000361],[0.382683,-0.047901,0.922637,0.02],[0.0,0.0,0.0,1.0]],"antennas":[0.575871,-0.771441],"body_yaw":-0.027925,"check_collision":false},{"head":[[0.775869,0.559043,-0.292401,-0.017282],[-0.501579,0.827716,0.251605,-0.000284],[0.382683,-0.04855,0.922603,0.02],[0.0,0.0,0.0,1.0]],"antennas":[0.575871,-0.771441],"body_yaw":-0.027925,"check_collision":false},{"head":[[0.777479,0.556356,-0.293248,-0.017155],[-0.499078,0.829528,0.250606,-0.000233],[0.382683,-0.048488,0.922606,0.02],[0.0,0.0,0.0,1.0]],"antennas":[0.575871,-0.771441],"body_yaw":-0.027925,"check_collision":false},{"head":[[0.779302,0.552273,-0.296112,-0.01705],[-0.496227,0.832435,0.246597,-0.000212],[0.382683,-0.045235,0.922771,0.02],[0.0,0.0,0.0,1.0]],"antennas":[0.575871,-0.771441],"body_yaw":-0.027925,"check_collision":false},{"head":[[0.779741,0.550006,-0.299162,-0.017154],[-0.495538,0.834179,0.24205,0.00013],[0.382683,-0.04049,0.922992,0.02],[0.0,0.0,0.0,1.0]],"antennas":[0.575871,-0.771441],"body_yaw":-0.027925,"check_collision":false},{"head":[[0.780732,0.546988,-0.302095,-0.016891],[-0.493975,0.83635,0.237713,0.00025],[0.382683,-0.036363,0.923164,0.02],[0.0,0.0,0.0,1.0]],"antennas":[0.575871,-0.771441],"body_yaw":-0.027925,"check_collision":false},{"head":[[0.781412,0.54477,-0.304336,-0.016616],[-0.492898,0.837931,0.234358,0.000342],[0.382683,-0.033124,0.923286,0.02],[0.0,0.0,0.0,1.0]],"antennas":[0.575871,-0.771441],"body_yaw":-0.027925,"check_collision":false},{"head":[[0.782456,0.541679,-0.307158,-0.016445],[-0.491239,0.840079,0.230111,0.000337],[0.382683,-0.029164,0.923419,0.02],[0.0,0.0,0.0,1.0]],"antennas":[0.575871,-0.771441],"body_yaw":-0.027925,"check_collision":false},{"head":[[0.783047,0.538667,-0.310927,-0.016462],[-0.490297,0.8422,0.224296,0.000321],[0.382683,-0.023188,0.923588,0.02],[0.0,0.0,0.0,1.0]],"antennas":[0.575871,-0.771441],"body_yaw":-0.027925,"check_collision":false},{"head":[[0.781937,0.539534,-0.312214,-0.016751],[-0.492066,0.841723,0.222202,0.000672],[0.382683,-0.020118,0.92366,0.02],[0.0,0.0,0.0,1.0]],"antennas":[0.575871,-0.771441],"body_yaw":-0.027925,"check_collision":false},{"head":[[0.780129,0.540558,-0.314953,-0.016312],[-0.494926,0.841189,0.217827,0.000737],[0.382684,-0.014055,0.923773,0.02],[0.0,0.0,0.0,1.0]],"antennas":[0.575871,-0.771441],"body_yaw":-0.027925,"check_collision":false},{"head":[[0.780107,0.538188,-0.319039,-0.015908],[-0.494961,0.842795,0.211448,0.000862],[0.382683,-0.00704,0.923853,0.02],[0.0,0.0,0.0,1.0]],"antennas":[0.575871,-0.771441],"body_yaw":-0.027925,"check_collision":false},{"head":[[0.780143,0.536186,-0.322306,-0.015695],[-0.494905,0.844098,0.206319,0.000835],[0.382683,-0.001447,0.923878,0.02],[0.0,0.0,0.0,1.0]],"antennas":[0.575871,-0.771441],"body_yaw":-0.027925,"check_collision":false},{"head":[[0.780317,0.534428,-0.324795,-0.015851],[-0.49463,0.845209,0.202392,0.000562],[0.382683,0.002723,0.923876,0.02],[0.0,0.0,0.0,1.0]],"antennas":[0.575871,-0.771441],"body_yaw":-0.027925,"check_collision":false},{"head":[[0.780742,0.53145,-0.328638,-0.015585],[-0.493958,0.847041,0.196282,0.000592],[0.382683,0.009088,0.923835,0.02],[0.0,0.0,0.0,1.0]],"antennas":[0.575871,-0.771441],"body_yaw":-0.027925,"check_collision":false},{"head":[[0.780613,0.528584,-0.333529,-0.015259],[-0.494162,0.848696,0.188463,0.000582],[0.382683,0.017701,0.92371,0.02],[0.0,0.0,0.0,1.0]],"antennas":[0.575871,-0.771441],"body_yaw":-0.027925,"check_collision":false},{"head":[[0.780895,0.52591,-0.337078,-0.014982],[-0.493716,0.850209,0.182725,0.000519],[0.382683,0.023732,0.923575,0.02],[0.0,0.0,0.0,1.0]],"antennas":[0.575871,-0.771441],"body_yaw":-0.027925,"check_collision":false},{"head":[[0.781145,0.523935,-0.339564,-0.014648],[-0.493321,0.851299,0.178672,0.000415],[0.382683,0.027945,0.923457,0.02],[0.0,0.0,0.0,1.0]],"antennas":[0.575871,-0.771441],"body_yaw":-0.027925,"check_collision":false},{"head":[[0.782318,0.519455,-0.343722,-0.015118],[-0.491459,0.853798,0.171745,0.000936],[0.382683,0.034565,0.923233,0.02],[0.0,0.0,0.0,1.0]],"antennas":[0.575871,-0.771441],"body_yaw":-0.027925,"check_collision":false},{"head":[[0.784422,0.514276,-0.346702,-0.015012],[-0.488094,0.856756,0.166534,0.001276],[0.382683,0.03859,0.923073,0.02],[0.0,0.0,0.0,1.0]],"antennas":[0.575871,-0.771441],"body_yaw":-0.027925,"check_collision":false},{"head":[[0.784253,0.5132,-0.348674,-0.014862],[-0.488365,0.857229,0.163271,0.001239],[0.382684,0.042234,0.922914,0.02],[0.0,0.0,0.0,1.0]],"antennas":[0.575871,-0.771441],"body_yaw":-0.027925,"check_collision":false},{"head":[[0.782811,0.512943,-0.352274,-0.014643],[-0.490674,0.856991,0.157499,0.001162],[0.382684,0.049559,0.922549,0.02],[0.0,0.0,0.0,1.0]],"antennas":[0.575871,-0.771441],"body_yaw":-0.027925,"check_collision":false},{"head":[[0.78333,0.509789,-0.355681,-0.014872],[-0.489844,0.858513,0.151683,0.001449],[0.382683,0.055411,0.922216,0.02],[0.0,0.0,0.0,1.0]],"antennas":[0.575871,-0.768887],"body_yaw":-0.027925,"check_collision":false},{"head":[[0.785272,0.504911,-0.358349,-0.014791],[-0.486726,0.86114,0.146748,0.001508],[0.382683,0.059181,0.921982,0.02],[0.0,0.0,0.0,1.0]],"antennas":[0.56995,-0.758799],"body_yaw":-0.027925,"check_collision":false},{"head":[[0.784272,0.504384,-0.361267,-0.014618],[-0.488334,0.861026,0.142002,0.001431],[0.382684,0.065051,0.921586,0.02],[0.0,0.0,0.0,1.0]],"antennas":[0.558118,-0.746962],"body_yaw":-0.027925,"check_collision":false},{"head":[[0.781724,0.506577,-0.363714,-0.014462],[-0.492403,0.85928,0.138483,0.001401],[0.382684,0.070838,0.92116,0.02],[0.0,0.0,0.0,1.0]],"antennas":[0.544925,-0.734178],"body_yaw":-0.027925,"check_collision":false},{"head":[[0.78076,0.506945,-0.365268,-0.014299],[-0.493931,0.858783,0.136105,0.001321],[0.382683,0.074152,0.920899,0.02],[0.0,0.0,0.0,1.0]],"antennas":[0.53161,-0.719407],"body_yaw":-0.027925,"check_collision":false},{"head":[[0.781659,0.504503,-0.366723,-0.01407],[-0.492506,0.860027,0.133381,0.001109],[0.382683,0.076355,0.920719,0.02],[0.0,0.0,0.0,1.0]],"antennas":[0.518347,-0.70057],"body_yaw":-0.027925,"check_collision":false},{"head":[[0.781546,0.503477,-0.368372,-0.013769],[-0.492686,0.860351,0.130602,0.000787],[0.382684,0.07942,0.920459,0.02],[0.0,0.0,0.0,1.0]],"antennas":[0.505072,-0.67723],"body_yaw":-0.027925,"check_collision":false},{"head":[[0.779787,0.506092,-0.368514,-0.014305],[-0.495465,0.858712,0.130877,0.001359],[0.382683,0.08053,0.920363,0.02],[0.0,0.0,0.0,1.0]],"antennas":[0.491674,-0.65001],"body_yaw":-0.027925,"check_collision":false},{"head":[[0.780068,0.505636,-0.368545,-0.014151],[-0.495022,0.858988,0.130742,0.000813],[0.382683,0.08045,0.92037,0.02],[0.0,0.0,0.0,1.0]],"antennas":[0.476033,-0.620176],"body_yaw":-0.027925,"check_collision":false},{"head":[[0.78151,0.503276,-0.368721,-0.014043],[-0.492743,0.860407,0.130014,0.000923],[0.382684,0.080078,0.920403,0.02],[0.0,0.0,0.0,1.0]],"antennas":[0.45416,-0.58618],"body_yaw":-0.027925,"check_collision":false},{"head":[[0.782627,0.501579,-0.368665,-0.013863],[-0.490967,0.861457,0.129779,0.000662],[0.382683,0.079434,0.920458,0.02],[0.0,0.0,0.0,1.0]],"antennas":[0.42902,-0.54883],"body_yaw":-0.027925,"check_collision":false},{"head":[[0.781925,0.502565,-0.368811,-0.013822],[-0.492083,0.860827,0.129737,0.000653],[0.382683,0.080041,0.920406,0.02],[0.0,0.0,0.0,1.0]],"antennas":[0.398339,-0.508626],"body_yaw":-0.027925,"check_collision":false},{"head":[[0.781488,0.504214,-0.367486,-0.013862],[-0.492778,0.860065,0.13213,0.000765],[0.382683,0.077831,0.920595,0.02],[0.0,0.0,0.0,1.0]],"antennas":[0.362493,-0.466924],"body_yaw":-0.027925,"check_collision":false},{"head":[[0.78156,0.504951,-0.366317,-0.013831],[-0.492664,0.859825,0.134102,0.00067],[0.382683,0.075662,0.920776,0.02],[0.0,0.0,0.0,1.0]],"antennas":[0.324013,-0.425101],"body_yaw":-0.027925,"check_collision":false},{"head":[[0.781649,0.505042,-0.366001,-0.013691],[-0.492522,0.859826,0.134615,0.000336],[0.382683,0.075042,0.920827,0.02],[0.0,0.0,0.0,1.0]],"antennas":[0.285122,-0.383272],"body_yaw":-0.027925,"check_collision":false},{"head":[[0.781188,0.506167,-0.365432,-0.013811],[-0.493254,0.859234,0.135709,0.000419],[0.382683,0.074237,0.920892,0.02],[0.0,0.0,0.0,1.0]],"antennas":[0.246047,-0.341334],"body_yaw":-0.027925,"check_collision":false},{"head":[[0.780711,0.507068,-0.365203,-0.013684],[-0.494009,0.858718,0.136229,0.000355],[0.382683,0.074058,0.920907,0.02],[0.0,0.0,0.0,1.0]],"antennas":[0.207098,-0.299532],"body_yaw":-0.027925,"check_collision":false},{"head":[[0.780615,0.507327,-0.365048,-0.01351],[-0.49416,0.858586,0.136517,0.000279],[0.382683,0.073825,0.920925,0.02],[0.0,0.0,0.0,1.0]],"antennas":[0.168254,-0.257842],"body_yaw":-0.027925,"check_collision":false},{"head":[[0.781153,0.506584,-0.364929,-0.013485],[-0.493309,0.859066,0.136573,0.000433],[0.382683,0.073338,0.920964,0.02],[0.0,0.0,0.0,1.0]],"antennas":[0.129091,-0.215927],"body_yaw":-0.027925,"check_collision":false},{"head":[[0.782681,0.504159,-0.365012,-0.013351],[-0.49088,0.860544,0.136018,0.000185],[0.382684,0.072718,0.921013,0.02],[0.0,0.0,0.0,1.0]],"antennas":[0.089688,-0.174188],"body_yaw":-0.027925,"check_collision":false},{"head":[[0.785142,0.500783,-0.364373,-0.013196],[-0.486934,0.862714,0.136455,3.4e-05],[0.382684,0.070289,0.921202,0.02],[0.0,0.0,0.0,1.0]],"antennas":[0.04975,-0.132313],"body_yaw":-0.027925,"check_collision":false},{"head":[[0.789004,0.495455,-0.363315,-0.013063],[-0.480651,0.866099,0.137285,0.000259],[0.382685,0.066309,0.921496,0.02],[0.0,0.0,0.0,1.0]],"antennas":[0.009743,-0.090978],"body_yaw":-0.027925,"check_collision":false},{"head":[[0.793719,0.488828,-0.36202,-0.012909],[-0.472825,0.870222,0.138387,0.000634],[0.382685,0.061332,0.921841,0.02],[0.0,0.0,0.0,1.0]],"antennas":[-0.030256,-0.050572],"body_yaw":-0.027925,"check_collision":false},{"head":[[0.798065,0.482914,-0.360397,-0.012808],[-0.46545,0.873888,0.140271,0.00105],[0.382685,0.055801,0.922192,0.02],[0.0,0.0,0.0,1.0]],"antennas":[-0.070305,-0.010419],"body_yaw":-0.027925,"check_collision":false},{"head":[[0.802055,0.477671,-0.358522,-0.012482],[-0.45854,0.877123,0.142813,0.000444],[0.382685,0.049853,0.922533,0.02],[0.0,0.0,0.0,1.0]],"antennas":[-0.110542,0.029816],"body_yaw":-0.027925,"check_collision":false},{"head":[[0.805772,0.472803,-0.356634,-0.012162],[-0.451977,0.880074,0.145558,0.000627],[0.382684,0.043904,0.922835,0.02],[0.0,0.0,0.0,1.0]],"antennas":[-0.150662,0.069844],"body_yaw":-0.027925,"check_collision":false},{"head":[[0.810965,0.464446,-0.355845,-0.01193],[-0.442592,0.884742,0.146097,0.002393],[0.382685,0.039014,0.923055,0.02],[0.0,0.0,0.0,1.0]],"antennas":[-0.181713,0.098459],"body_yaw":-0.027925,"check_collision":false},{"head":[[0.814929,0.457699,-0.355533,-0.011638],[-0.435253,0.888388,0.146019,0.003239],[0.382684,0.035752,0.923187,0.02],[0.0,0.0,0.0,1.0]],"antennas":[-0.181713,0.101703],"body_yaw":-0.027925,"check_collision":false},{"head":[[0.817398,0.453622,-0.355089,-0.011604],[-0.430598,0.890577,0.146487,0.003858],[0.382684,0.033162,0.923284,0.02],[0.0,0.0,0.0,1.0]],"antennas":[-0.181713,0.101703],"body_yaw":-0.027925,"check_collision":false},{"head":[[0.820805,0.447496,-0.355003,-0.011477],[-0.424067,0.893762,0.146138,0.003911],[0.382684,0.030594,0.923373,0.02],[0.0,0.0,0.0,1.0]],"antennas":[-0.181713,0.101703],"body_yaw":-0.027925,"check_collision":false},{"head":[[0.824681,0.440503,-0.354764,-0.011031],[-0.416477,0.897336,0.146065,0.003874],[0.382685,0.027294,0.923476,0.02],[0.0,0.0,0.0,1.0]],"antennas":[-0.181713,0.101703],"body_yaw":-0.027925,"check_collision":false},{"head":[[0.829138,0.432925,-0.353703,-0.010558],[-0.407531,0.901169,0.147692,0.003942],[0.382686,0.021688,0.923624,0.02],[0.0,0.0,0.0,1.0]],"antennas":[-0.181713,0.101703],"body_yaw":-0.027925,"check_collision":false},{"head":[[0.835263,0.422205,-0.352247,-0.010162],[-0.394824,0.906398,0.150189,0.004176],[0.382686,0.013628,0.923778,0.02],[0.0,0.0,0.0,1.0]],"antennas":[-0.181713,0.101703],"body_yaw":-0.027925,"check_collision":false},{"head":[[0.8398,0.413994,-0.351204,-0.010046],[-0.385082,0.910249,0.152179,0.004379],[0.382685,0.007442,0.923849,0.02],[0.0,0.0,0.0,1.0]],"antennas":[-0.181713,0.101703],"body_yaw":-0.027925,"check_collision":false},{"head":[[0.843016,0.408194,-0.350288,-0.009679],[-0.37799,0.912892,0.154118,0.00453],[0.382685,0.002481,0.923876,0.02],[0.0,0.0,0.0,1.0]],"antennas":[-0.181713,0.101703],"body_yaw":-0.027925,"check_collision":false},{"head":[[0.847776,0.398697,-0.349739,-0.009318],[-0.367188,0.917077,0.155379,0.004814],[0.382687,-0.003307,0.923872,0.019994],[0.0,0.0,0.0,1.0]],"antennas":[-0.181713,0.101703],"body_yaw":-0.027925,"check_collision":false},{"head":[[0.853434,0.38659,-0.349568,-0.008215],[-0.353839,0.922203,0.15601,0.004291],[0.382685,-0.009453,0.923831,0.019713],[0.0,0.0,0.0,1.0]],"antennas":[-0.181713,0.101703],"body_yaw":-0.027925,"check_collision":false},{"head":[[0.858347,0.374895,-0.350278,-0.007725],[-0.341751,0.926975,0.15467,0.004393],[0.382684,-0.013052,0.923787,0.019252],[0.0,0.0,0.0,1.0]],"antennas":[-0.181713,0.101703],"body_yaw":-0.027925,"check_collision":false},{"head":[[0.862322,0.365059,-0.350902,-0.006948],[-0.331592,0.930846,0.153532,0.002752],[0.382684,-0.016038,0.92374,0.019245],[0.0,0.0,0.0,1.0]],"antennas":[-0.181713,0.101703],"body_yaw":-0.027925,"check_collision":false},{"head":[[0.867225,0.351916,-0.352243,-0.005569],[-0.318547,0.935849,0.150714,-0.001381],[0.382685,-0.018497,0.923694,0.02],[0.0,0.0,0.0,1.0]],"antennas":[-0.181713,0.101703],"body_yaw":-0.027925,"check_collision":false},{"head":[[0.872906,0.336269,-0.353496,-0.005085],[-0.302634,0.941498,0.148304,-9.7e-05],[0.382686,-0.022476,0.923605,0.019891],[0.0,0.0,0.0,1.0]],"antennas":[-0.181713,0.101703],"body_yaw":-0.027925,"check_collision":false},{"head":[[0.877463,0.323706,-0.353939,-0.004984],[-0.289154,0.945755,0.148115,0.00341],[0.382685,-0.027623,0.923466,0.019087],[0.0,0.0,0.0,1.0]],"antennas":[-0.181713,0.101703],"body_yaw":-0.027925,"check_collision":false},{"head":[[0.880708,0.314958,-0.353773,-0.004611],[-0.279118,0.948531,0.149605,0.004482],[0.382685,-0.033014,0.923289,0.017917],[0.0,0.0,0.0,1.0]],"antennas":[-0.181713,0.101703],"body_yaw":-0.027925,"check_collision":false},{"head":[[0.884156,0.303797,-0.354932,-0.004272],[-0.267997,0.952089,0.147325,0.005208],[0.382684,-0.035138,0.923211,0.017166],[0.0,0.0,0.0,1.0]],"antennas":[-0.181713,0.101703],"body_yaw":-0.027925,"check_collision":false},{"head":[[0.888573,0.287712,-0.357295,-0.003971],[-0.252965,0.957062,0.141565,0.006116],[0.382683,-0.035408,0.923201,0.016496],[0.0,0.0,0.0,1.0]],"antennas":[-0.181713,0.101703],"body_yaw":-0.027925,"check_collision":false},{"head":[[0.892677,0.271455,-0.359778,-0.003631],[-0.238079,0.96182,0.134981,0.006873],[0.382683,-0.034839,0.923222,0.015812],[0.0,0.0,0.0,1.0]],"antennas":[-0.181713,0.101703],"body_yaw":-0.027925,"check_collision":false},{"head":[[0.895463,0.259899,-0.361383,-0.003322],[-0.227373,0.965009,0.130612,0.007255],[0.382684,-0.03479,0.923224,0.015239],[0.0,0.0,0.0,1.0]],"antennas":[-0.181713,0.101703],"body_yaw":-0.027925,"check_collision":false},{"head":[[0.897341,0.252293,-0.362115,-0.002984],[-0.219847,0.966978,0.128921,0.007637],[0.382684,-0.036076,0.923175,0.014696],[0.0,0.0,0.0,1.0]],"antennas":[-0.181713,0.101703],"body_yaw":-0.027925,"check_collision":false},{"head":[[0.899626,0.242191,-0.363342,-0.002499],[-0.210303,0.96954,0.125557,0.008085],[0.382683,-0.036542,0.923157,0.014223],[0.0,0.0,0.0,1.0]],"antennas":[-0.181713,0.101703],"body_yaw":-0.027925,"check_collision":false},{"head":[[0.904463,0.228417,-0.360239,-0.002126],[-0.198856,0.972942,0.11764,0.008517],[0.377363,-0.034765,0.925413,0.013799],[0.0,0.0,0.0,1.0]],"antennas":[-0.181713,0.101703],"body_yaw":-0.027925,"check_collision":false},{"head":[[0.916195,0.215504,-0.337853,-0.001979],[-0.189609,0.97587,0.108286,0.008668],[0.353037,-0.035151,0.934949,0.01324],[0.0,0.0,0.0,1.0]],"antennas":[-0.181713,0.101703],"body_yaw":-0.027925,"check_collision":false},{"head":[[0.92623,0.20622,-0.31555,-0.00176],[-0.183199,0.977842,0.101304,0.008728],[0.329449,-0.036022,0.943486,0.012665],[0.0,0.0,0.0,1.0]],"antennas":[-0.181713,0.101703],"body_yaw":-0.027925,"check_collision":false},{"head":[[0.933474,0.200467,-0.297387,-0.001497],[-0.17955,0.979018,0.09636,0.008912],[0.310464,-0.036554,0.949882,0.012069],[0.0,0.0,0.0,1.0]],"antennas":[-0.181713,0.101703],"body_yaw":-0.027925,"check_collision":false},{"head":[[0.940863,0.191534,-0.279448,-0.001178],[-0.173215,0.980847,0.089083,0.009182],[0.291158,-0.035411,0.956019,0.01158],[0.0,0.0,0.0,1.0]],"antennas":[-0.181713,0.101703],"body_yaw":-0.027925,"check_collision":false},{"head":[[0.948761,0.180901,-0.259088,-0.000975],[-0.165734,0.982967,0.079426,0.009561],[0.269043,-0.032416,0.962582,0.010895],[0.0,0.0,0.0,1.0]],"antennas":[-0.181713,0.101703],"body_yaw":-0.027925,"check_collision":false},{"head":[[0.955778,0.173381,-0.237544,-0.000865],[-0.160531,0.98436,0.072564,0.009629],[0.24641,-0.031222,0.968663,0.010376],[0.0,0.0,0.0,1.0]],"antennas":[-0.181713,0.101703],"body_yaw":-0.027925,"check_collision":false},{"head":[[0.96209,0.164814,-0.217299,-0.000774],[-0.154197,0.985896,0.065061,0.009593],[0.224957,-0.029088,0.973934,0.009981],[0.0,0.0,0.0,1.0]],"antennas":[-0.181713,0.101703],"body_yaw":-0.027925,"check_collision":false},{"head":[[0.968427,0.156015,-0.194443,-0.000457],[-0.147726,0.987412,0.056518,0.009661],[0.200813,-0.026009,0.979284,0.009354],[0.0,0.0,0.0,1.0]],"antennas":[-0.181713,0.101703],"body_yaw":-0.027925,"check_collision":false},{"head":[[0.973682,0.14838,-0.172992,-0.000249],[-0.142293,0.988701,0.047141,0.00963],[0.178032,-0.021285,0.983794,0.00882],[0.0,0.0,0.0,1.0]],"antennas":[-0.181713,0.101703],"body_yaw":-0.027925,"check_collision":false},{"head":[[0.976886,0.14363,-0.158318,-0.000348],[-0.138851,0.989468,0.040908,0.00988],[0.162526,-0.01798,0.98654,0.008582],[0.0,0.0,0.0,1.0]],"antennas":[-0.181713,0.101703],"body_yaw":-0.027925,"check_collision":false},{"head":[[0.979913,0.139611,-0.142407,-0.000472],[-0.135881,0.990084,0.035642,0.009951],[0.145971,-0.015576,0.989166,0.008379],[0.0,0.0,0.0,1.0]],"antennas":[-0.181713,0.101703],"body_yaw":-0.027925,"check_collision":false},{"head":[[0.9834,0.133614,-0.122768,-0.000436],[-0.131012,0.990955,0.029061,0.010078],[0.12554,-0.012495,0.99201,0.007953],[0.0,0.0,0.0,1.0]],"antennas":[-0.181713,0.101703],"body_yaw":-0.027925,"check_collision":false},{"head":[[0.986982,0.124666,-0.10161,-0.00033],[-0.123323,0.992177,0.019412,0.010097],[0.103235,-0.006628,0.994635,0.007542],[0.0,0.0,0.0,1.0]],"antennas":[-0.181713,0.101703],"body_yaw":-0.027925,"check_collision":false},{"head":[[0.988796,0.122081,-0.085902,-0.000383],[-0.121716,0.99252,0.009502,0.009768],[0.08642,0.00106,0.996258,0.007024],[0.0,0.0,0.0,1.0]],"antennas":[-0.181713,0.101703],"body_yaw":-0.027925,"check_collision":false},{"head":[[0.989922,0.119067,-0.076665,-0.000254],[-0.119078,0.992875,0.004447,0.009816],[0.076648,0.004727,0.997047,0.006852],[0.0,0.0,0.0,1.0]],"antennas":[-0.181713,0.101703],"body_yaw":-0.027925,"check_collision":false},{"head":[[0.990908,0.115801,-0.068496,-0.00011],[-0.116084,0.993239,-0.000148,0.009952],[0.068016,0.008098,0.997651,0.006752],[0.0,0.0,0.0,1.0]],"antennas":[-0.181713,0.101703],"body_yaw":-0.027925,"check_collision":false},{"head":[[0.9919,0.111687,-0.060507,0.000218],[-0.112185,0.993675,-0.004895,0.009979],[0.059578,0.011643,0.998156,0.00657],[0.0,0.0,0.0,1.0]],"antennas":[-0.181713,0.101703],"body_yaw":-0.027925,"check_collision":false},{"head":[[0.993069,0.106298,-0.050144,0.000274],[-0.106969,0.994203,-0.010886,0.010063],[0.048696,0.016174,0.998683,0.006581],[0.0,0.0,0.0,1.0]],"antennas":[-0.181713,0.101703],"body_yaw":-0.027925,"check_collision":false},{"head":[[0.99429,0.099108,-0.039552,6.2e-05],[-0.099901,0.994823,-0.018606,0.01031],[0.037503,0.022451,0.999044,0.006581],[0.0,0.0,0.0,1.0]],"antennas":[-0.181713,0.101703],"body_yaw":-0.027925,"check_collision":false},{"head":[[0.995338,0.092159,-0.028434,-8.3e-05],[-0.092908,0.995328,-0.026257,0.010349],[0.025882,0.028777,0.999251,0.00652],[0.0,0.0,0.0,1.0]],"antennas":[-0.181713,0.101703],"body_yaw":-0.027925,"check_collision":false},{"head":[[0.996124,0.086198,-0.017523,-0.00012],[-0.086737,0.995692,-0.032767,0.010171],[0.014623,0.03416,0.999309,0.006307],[0.0,0.0,0.0,1.0]],"antennas":[-0.181713,0.101703],"body_yaw":-0.027925,"check_collision":false},{"head":[[0.996515,0.08253,-0.012134,-0.000111],[-0.08292,0.995897,-0.036237,0.00986],[0.009093,0.037117,0.99927,0.006195],[0.0,0.0,0.0,1.0]],"antennas":[-0.181713,0.101703],"body_yaw":-0.027925,"check_collision":false},{"head":[[0.996798,0.07936,-0.009737,-0.00047],[-0.079682,0.996055,-0.039049,0.009845],[0.0066,0.0397,0.99919,0.006374],[0.0,0.0,0.0,1.0]],"antennas":[-0.181713,0.101703],"body_yaw":-0.027925,"check_collision":false},{"head":[[0.997008,0.076699,-0.009614,-0.000963],[-0.077033,0.996177,-0.041209,0.009781],[0.006416,0.041826,0.999104,0.006606],[0.0,0.0,0.0,1.0]],"antennas":[-0.181713,0.101703],"body_yaw":-0.027925,"check_collision":false},{"head":[[0.997163,0.075037,-0.00596,-0.001609],[-0.075227,0.996202,-0.043856,0.009709],[0.002647,0.04418,0.99902,0.006693],[0.0,0.0,0.0,1.0]],"antennas":[-0.181713,0.101703],"body_yaw":-0.027925,"check_collision":false},{"head":[[0.997408,0.071762,-0.00525,-0.002231],[-0.071928,0.996336,-0.046261,0.009682],[0.001911,0.046519,0.998916,0.006996],[0.0,0.0,0.0,1.0]],"antennas":[-0.181713,0.101703],"body_yaw":-0.027925,"check_collision":false},{"head":[[0.997402,0.071938,-0.003688,-0.002854],[-0.072032,0.996297,-0.046948,0.00931],[0.000297,0.047091,0.998891,0.007173],[0.0,0.0,0.0,1.0]],"antennas":[-0.181713,0.101703],"body_yaw":-0.027925,"check_collision":false},{"head":[[0.997264,0.073903,0.001758,-0.00349],[-0.073733,0.996113,-0.048187,0.008984],[-0.005312,0.047925,0.998837,0.007071],[0.0,0.0,0.0,1.0]],"antennas":[-0.181713,0.101703],"body_yaw":-0.027925,"check_collision":false},{"head":[[0.997173,0.074713,0.007953,-0.003967],[-0.074217,0.99595,-0.050753,0.007887],[-0.011713,0.050