{"description":"You look around. Use this when you\u2019re in a conversation with several people and want to glance at everyone.","time":[0.0,0.02,0.04,0.06,0.08,0.1,0.12,0.14,0.16,0.18,0.2,0.22,0.24,0.26,0.28,0.3,0.32,0.34,0.36,0.38,0.4,0.42,0.44,0.46,0.48,0.5,0.52,0.54,0.56,0.58,0.6,0.62,0.64,0.66,0.68,0.7,0.72,0.74,0.76,0.78,0.8,0.82,0.84,0.86,0.88,0.9,0.92,0.94,0.96,0.98,1.0,1.02,1.04,1.06,1.08,1.1,1.12,1.14,1.16,1.18,1.2,1.22,1.24,1.26,1.28,1.3,1.32,1.34,1.36,1.38,1.4,1.42,1.44,1.46,1.48,1.5,1.52,1.54,1.56,1.58,1.6,1.62,1.64,1.66,1.68,1.7,1.72,1.74,1.76,1.78,1.8,1.82,1.84,1.86,1.88,1.9,1.92,1.94,1.96,1.98,2.0,2.02,2.04,2.06,2.08,2.1,2.12,2.14,2.16,2.18,2.2,2.22,2.24,2.26,2.28,2.3,2.32,2.34,2.36,2.38,2.4,2.42,2.44,2.46,2.48,2.5,2.52,2.54,2.56,2.58,2.6,2.62,2.64,2.66,2.68,2.7,2.72,2.74,2.76,2.78,2.8,2.82,2.84,2.86,2.88,2.9,2.92,2.94,2.96,2.98,3.0,3.02,3.04,3.06,3.08,3.1,3.12,3.14,3.16,3.18,3.2,3.22,3.24,3.26,3.28,3.3,3.32,3.34,3.36,3.38,3.4,3.42,3.44,3.46,3.48,3.5,3.52,3.54,3.56,3.58,3.6,3.62,3.64,3.66,3.68,3.7,3.72,3.74,3.76,3.78,3.8,3.82,3.84,3.86,3.88,3.9,3.92,3.94,3.96,3.98,4.0,4.02,4.04,4.06,4.08,4.1,4.12,4.14,4.16,4.18,4.2,4.22,4.24,4.26,4.28,4.3,4.32,4.34,4.36,4.38,4.4,4.42,4.44,4.46,4.48,4.5,4.52,4.54,4.56,4.58,4.6,4.62,4.64,4.66,4.68,4.7,4.72,4.74,4.76,4.78,4.8,4.82,4.84,4.86,4.88,4.9,4.92,4.94,4.96,4.98,5.0,5.02,5.04,5.06,5.08,5.1,5.12,5.14,5.16,5.18,5.2,5.22,5.24,5.26,5.28,5.3,5.32,5.34,5.36,5.38,5.4,5.42,5.44,5.46,5.48,5.5,5.52,5.54,5.56,5.58,5.6,5.62,5.64,5.66,5.68,5.7,5.72,5.74,5.76,5.78,5.8,5.82,5.84,5.86,5.88,5.9,5.92,5.94,5.96,5.98,6.0,6.02,6.04,6.06,6.08,6.1,6.12,6.14,6.16,6.18,6.2,6.22,6.24,6.26,6.28,6.3,6.32,6.34,6.36,6.38,6.4,6.42,6.44,6.46,6.48,6.5,6.52,6.54,6.56,6.58,6.6,6.62,6.64,6.66,6.68,6.7,6.72,6.74,6.76,6.78,6.8,6.82,6.84,6.86,6.88,6.9,6.92,6.94,6.96,6.98,7.0,7.02,7.04,7.06,7.08,7.1,7.12,7.14,7.16,7.18,7.2,7.22,7.24,7.26,7.28,7.3,7.32,7.34,7.36,7.38,7.4,7.42,7.44,7.46,7.48,7.5,7.52,7.54,7.56,7.58,7.6,7.62,7.64,7.66,7.68,7.7,7.72,7.74,7.76,7.78,7.8,7.82,7.84,7.86,7.88,7.9,7.92,7.94,7.96,7.98,8.0,8.02,8.04,8.06,8.08,8.1,8.12,8.14,8.16,8.18,8.2,8.22,8.24,8.26,8.28,8.3,8.32,8.34,8.36,8.38,8.4,8.42,8.44,8.46,8.48,8.5,8.52,8.54,8.56,8.58,8.6,8.62,8.64,8.66,8.68,8.7,8.72,8.74,8.76,8.78,8.8,8.82,8.84,8.86,8.88,8.9,8.92,8.94,8.96,8.98,9.0,9.02,9.04,9.06,9.08,9.1,9.12,9.14,9.16,9.18,9.2,9.22,9.24,9.26,9.28,9.3,9.32,9.34,9.36,9.38,9.4,9.42,9.44,9.46,9.48,9.5,9.52,9.54,9.56,9.58,9.6,9.62,9.64,9.66,9.68,9.7,9.72,9.74,9.76,9.78,9.8,9.82,9.84,9.86,9.88,9.9,9.92,9.94,9.96,9.98,10.0,10.02,10.04,10.06,10.08,10.1,10.12,10.14,10.16,10.18,10.2,10.22,10.24,10.26,10.28,10.3,10.32,10.34,10.36,10.38,10.4,10.42,10.44,10.46,10.48,10.5,10.52,10.54,10.56,10.58,10.6,10.62,10.64,10.66,10.68,10.7,10.72,10.74,10.76,10.78,10.8,10.82,10.84,10.86,10.88,10.9,10.92,10.94,10.96,10.98,11.0,11.02,11.04,11.06,11.08,11.1,11.12,11.14,11.16,11.18,11.2,11.22,11.24,11.26,11.28,11.3,11.32,11.34,11.36,11.38,11.4,11.42,11.44,11.46,11.48,11.5,11.52,11.54,11.56,11.58,11.6,11.62,11.64,11.66,11.68,11.7,11.72,11.74,11.76,11.78],"set_target_data":[{"head":[[0.995962,-0.082777,0.034748,-0.01033],[0.084861,0.994367,-0.063513,0.003512],[-0.029294,0.066205,0.997376,0.00453],[0.0,0.0,0.0,1.0]],"antennas":[0.093068,0.229659],"body_yaw":0.145428,"check_collision":false},{"head":[[0.995726,-0.08596,0.033763,-0.010243],[0.087926,0.994205,-0.061853,0.003292],[-0.028251,0.064558,0.997514,0.004622],[0.0,0.0,0.0,1.0]],"antennas":[0.093068,0.229659],"body_yaw":0.145428,"check_collision":false},{"head":[[0.99553,-0.088522,0.032929,-0.010085],[0.090397,0.994059,-0.060631,0.003104],[-0.027366,0.063337,0.997617,0.00456],[0.0,0.0,0.0,1.0]],"antennas":[0.093068,0.229659],"body_yaw":0.145428,"check_collision":false},{"head":[[0.995418,-0.090167,0.031836,-0.010061],[0.091936,0.993995,-0.059337,0.003169],[-0.026295,0.061992,0.99773,0.004425],[0.0,0.0,0.0,1.0]],"antennas":[0.093068,0.229659],"body_yaw":0.145428,"check_collision":false},{"head":[[0.995394,-0.091181,0.0296,-0.010144],[0.092772,0.994011,-0.057749,0.004209],[-0.024157,0.060229,0.997892,0.003806],[0.0,0.0,0.0,1.0]],"antennas":[0.093068,0.229659],"body_yaw":0.145428,"check_collision":false},{"head":[[0.995066,-0.095269,0.027705,-0.010142],[0.096692,0.993761,-0.055587,0.004098],[-0.022236,0.057991,0.998069,0.00383],[0.0,0.0,0.0,1.0]],"antennas":[0.093068,0.229659],"body_yaw":0.145428,"check_collision":false},{"head":[[0.994723,-0.099211,0.026153,-0.010059],[0.100498,0.993491,-0.053627,0.003939],[-0.020662,0.055973,0.998218,0.003949],[0.0,0.0,0.0,1.0]],"antennas":[0.093068,0.229659],"body_yaw":0.145428,"check_collision":false},{"head":[[0.994332,-0.10314,0.025825,-0.010016],[0.104375,0.993167,-0.052197,0.003854],[-0.020265,0.054597,0.998303,0.004004],[0.0,0.0,0.0,1.0]],"antennas":[0.093068,0.229659],"body_yaw":0.145428,"check_collision":false},{"head":[[0.993921,-0.107062,0.025652,-0.010001],[0.108254,0.992826,-0.050762,0.003828],[-0.020034,0.05323,0.998381,0.003958],[0.0,0.0,0.0,1.0]],"antennas":[0.093068,0.229659],"body_yaw":0.145428,"check_collision":false},{"head":[[0.993522,-0.110707,0.025664,-0.00999],[0.111873,0.992481,-0.049652,0.003788],[-0.019974,0.052201,0.998437,0.003937],[0.0,0.0,0.0,1.0]],"antennas":[0.093068,0.229659],"body_yaw":0.145428,"check_collision":false},{"head":[[0.993147,-0.113934,0.02603,-0.010002],[0.115101,0.992151,-0.048875,0.003732],[-0.020257,0.051536,0.998466,0.003904],[0.0,0.0,0.0,1.0]],"antennas":[0.093068,0.229659],"body_yaw":0.145428,"check_collision":false},{"head":[[0.992818,-0.116632,0.026645,-0.010017],[0.117822,0.991846,-0.048577,0.003771],[-0.020762,0.051368,0.998464,0.003888],[0.0,0.0,0.0,1.0]],"antennas":[0.093068,0.229659],"body_yaw":0.145428,"check_collision":false},{"head":[[0.992496,-0.11925,0.027042,-0.010065],[0.120455,0.991536,-0.048442,0.003862],[-0.021036,0.051336,0.99846,0.00388],[0.0,0.0,0.0,1.0]],"antennas":[0.093068,0.229659],"body_yaw":0.145428,"check_collision":false},{"head":[[0.992332,-0.120627,0.026961,-0.010013],[0.121824,0.991375,-0.048328,0.003806],[-0.020898,0.051242,0.998468,0.003902],[0.0,0.0,0.0,1.0]],"antennas":[0.093068,0.229659],"body_yaw":0.145428,"check_collision":false},{"head":[[0.992371,-0.120458,0.026254,-0.009873],[0.121613,0.991415,-0.048018,0.0037],[-0.020244,0.050845,0.998501,0.003842],[0.0,0.0,0.0,1.0]],"antennas":[0.093068,0.229659],"body_yaw":0.145428,"check_collision":false},{"head":[[0.992867,-0.116855,0.023665,-0.009822],[0.117872,0.991891,-0.047516,0.004619],[-0.017921,0.049966,0.99859,0.003322],[0.0,0.0,0.0,1.0]],"antennas":[0.093068,0.229659],"body_yaw":0.145428,"check_collision":false},{"head":[[0.993215,-0.114201,0.021943,-0.009879],[0.115118,0.992265,-0.046463,0.005381],[-0.016468,0.048674,0.998679,0.002977],[0.0,0.0,0.0,1.0]],"antennas":[0.093068,0.229659],"body_yaw":0.145428,"check_collision":false},{"head":[[0.9932,-0.114961,0.018401,-0.009884],[0.115691,0.99225,-0.045335,0.006049],[-0.013047,0.047155,0.998802,0.002772],[0.0,0.0,0.0,1.0]],"antennas":[0.093068,0.229659],"body_yaw":0.145428,"check_collision":false},{"head":[[0.992958,-0.117376,0.016037,-0.009737],[0.117983,0.992024,-0.044372,0.006523],[-0.010701,0.045952,0.998886,0.002634],[0.0,0.0,0.0,1.0]],"antennas":[0.093068,0.229659],"body_yaw":0.145428,"check_collision":false},{"head":[[0.992497,-0.121502,0.013653,-0.009498],[0.121989,0.991574,-0.043575,0.006784],[-0.008244,0.044914,0.998957,0.00251],[0.0,0.0,0.0,1.0]],"antennas":[0.093068,0.229659],"body_yaw":0.145428,"check_collision":false},{"head":[[0.991174,-0.132411,0.006455,-0.009069],[0.132563,0.990369,-0.039953,0.006673],[-0.001103,0.040457,0.999181,0.002529],[0.0,0.0,0.0,1.0]],"antennas":[0.093068,0.229659],"body_yaw":0.145428,"check_collision":false},{"head":[[0.989205,-0.146539,4.5e-05,-0.00863],[0.14645,0.988592,-0.035176,0.006559],[0.00511,0.034803,0.999381,0.00239],[0.0,0.0,0.0,1.0]],"antennas":[0.093068,0.229659],"body_yaw":0.145428,"check_collision":false},{"head":[[0.986732,-0.162358,-0.000449,-0.00844],[0.162262,0.986236,-0.031765,0.006535],[0.0056,0.031271,0.999495,0.002195],[0.0,0.0,0.0,1.0]],"antennas":[0.093068,0.229659],"body_yaw":0.145428,"check_collision":false},{"head":[[0.984228,-0.176899,0.001254,-0.008567],[0.176863,0.983826,-0.028376,0.006767],[0.003786,0.02815,0.999597,0.002124],[0.0,0.0,0.0,1.0]],"antennas":[0.093068,0.229659],"body_yaw":0.145428,"check_collision":false},{"head":[[0.982186,-0.187885,0.003171,-0.008898],[0.187906,0.981893,-0.024026,0.007571],[0.0014,0.024194,0.999706,0.001959],[0.0,0.0,0.0,1.0]],"antennas":[0.093068,0.229659],"body_yaw":0.145428,"check_collision":false},{"head":[[0.981287,-0.192505,0.004126,-0.009074],[0.192549,0.98109,-0.019686,0.007904],[-0.000259,0.020112,0.999798,0.002016],[0.0,0.0,0.0,1.0]],"antennas":[0.093068,0.229659],"body_yaw":0.145428,"check_collision":false},{"head":[[0.981482,-0.191542,0.002315,-0.00898],[0.191555,0.981375,-0.014509,0.008037],[0.000507,0.014684,0.999892,0.001881],[0.0,0.0,0.0,1.0]],"antennas":[0.093068,0.229659],"body_yaw":0.145428,"check_collision":false},{"head":[[0.981163,-0.193183,-0.000409,-0.008817],[0.193167,0.981105,-0.010936,0.008024],[0.002514,0.010651,0.99994,0.001594],[0.0,0.0,0.0,1.0]],"antennas":[0.093068,0.229659],"body_yaw":0.145428,"check_collision":false},{"head":[[0.980236,-0.197761,-0.005249,-0.008663],[0.197712,0.980222,-0.00871,0.00785],[0.006868,0.0075,0.999948,0.001367],[0.0,0.0,0.0,1.0]],"antennas":[0.093068,0.229659],"body_yaw":0.145428,"check_collision":false},{"head":[[0.979348,-0.201994,-0.008722,-0.008627],[0.201934,0.979371,-0.007378,0.007803],[0.010033,0.005465,0.999935,0.001267],[0.0,0.0,0.0,1.0]],"antennas":[0.093068,0.229659],"body_yaw":0.145428,"check_collision":false},{"head":[[0.978317,-0.206857,-0.010328,-0.008771],[0.206798,0.978362,-0.006566,0.007772],[0.011463,0.004288,0.999925,0.001401],[0.0,0.0,0.0,1.0]],"antennas":[0.093068,0.229659],"body_yaw":0.145428,"check_collision":false},{"head":[[0.977074,-0.212614,-0.011003,-0.008964],[0.212556,0.977129,-0.006241,0.007827],[0.012078,0.00376,0.99992,0.001623],[0.0,0.0,0.0,1.0]],"antennas":[0.093068,0.229659],"body_yaw":0.145428,"check_collision":false},{"head":[[0.976156,-0.216766,-0.011524,-0.009059],[0.2167,0.976215,-0.006703,0.007998],[0.012703,0.004046,0.999911,0.001687],[0.0,0.0,0.0,1.0]],"antennas":[0.093068,0.229659],"body_yaw":0.145428,"check_collision":false},{"head":[[0.976439,-0.215408,-0.012866,-0.008999],[0.215343,0.976518,-0.006325,0.008072],[0.013926,0.003406,0.999897,0.001614],[0.0,0.0,0.0,1.0]],"antennas":[0.093068,0.229659],"body_yaw":0.145428,"check_collision":false},{"head":[[0.976562,-0.214625,-0.016177,-0.008895],[0.214574,0.976696,-0.004885,0.007961],[0.016848,0.0013,0.999857,0.001475],[0.0,0.0,0.0,1.0]],"antennas":[0.093068,0.229659],"body_yaw":0.145428,"check_collision":false},{"head":[[0.975556,-0.218593,-0.022519,-0.008848],[0.218594,0.975813,-0.00246,0.007773],[0.022512,-0.002522,0.999743,0.00154],[0.0,0.0,0.0,1.0]],"antennas":[0.093068,0.229659],"body_yaw":0.145428,"check_collision":false},{"head":[[0.973747,-0.225679,-0.029752,-0.008893],[0.225805,0.974172,0.000912,0.007731],[0.028778,-0.007606,0.999557,0.001582],[0.0,0.0,0.0,1.0]],"antennas":[0.093068,0.229659],"body_yaw":0.145428,"check_collision":false},{"head":[[0.97197,-0.232765,-0.033079,-0.008989],[0.233003,0.97247,0.003478,0.008239],[0.031359,-0.011088,0.999447,0.001347],[0.0,0.0,0.0,1.0]],"antennas":[0.093068,0.23288],"body_yaw":0.145428,"check_collision":false},{"head":[[0.970366,-0.239433,-0.032592,-0.009134],[0.239692,0.97084,0.004231,0.00919],[0.030628,-0.011918,0.99946,0.001044],[0.0,0.0,0.0,1.0]],"antennas":[0.093068,0.249998],"body_yaw":0.145428,"check_collision":false},{"head":[[0.967749,-0.249615,-0.033965,-0.009311],[0.249898,0.968263,0.004299,0.009923],[0.031814,-0.012649,0.999414,0.000796],[0.0,0.0,0.0,1.0]],"antennas":[0.093068,0.273234],"body_yaw":0.145428,"check_collision":false},{"head":[[0.964392,-0.262167,-0.034889,-0.009462],[0.262459,0.964935,0.003986,0.010253],[0.03262,-0.013001,0.999383,0.000589],[0.0,0.0,0.0,1.0]],"antennas":[0.093068,0.300778],"body_yaw":0.145428,"check_collision":false},{"head":[[0.960349,-0.276558,-0.035286,-0.009331],[0.27694,0.960866,0.006325,0.010148],[0.032156,-0.015846,0.999357,0.000954],[0.0,0.0,0.0,1.0]],"antennas":[0.093068,0.332281],"body_yaw":0.145428,"check_collision":false},{"head":[[0.955449,-0.292874,-0.036626,-0.009071],[0.293348,0.95597,0.008215,0.010152],[0.032607,-0.018593,0.999295,0.001553],[0.0,0.0,0.0,1.0]],"antennas":[0.093068,0.366957],"body_yaw":0.145428,"check_collision":false},{"head":[[0.9505,-0.30833,-0.0385,-0.0094],[0.308856,0.951071,0.008427,0.010995],[0.034018,-0.019901,0.999223,0.000558],[0.0,0.0,0.0,1.0]],"antennas":[0.093068,0.402555],"body_yaw":0.145428,"check_collision":false},{"head":[[0.947223,-0.317989,-0.040632,-0.009674],[0.31855,0.947872,0.008018,0.010785],[0.035964,-0.020538,0.999142,0.000563],[0.0,0.0,0.0,1.0]],"antennas":[0.093068,0.438371],"body_yaw":0.145428,"check_collision":false},{"head":[[0.944906,-0.324461,-0.043335,-0.010021],[0.325063,0.945663,0.007476,0.009895],[0.038555,-0.021151,0.999033,0.000709],[0.0,0.0,0.0,1.0]],"antennas":[0.093068,0.475218],"body_yaw":0.145428,"check_collision":false},{"head":[[0.94234,-0.331349,-0.046943,-0.010051],[0.331986,0.943264,0.006266,0.009721],[0.042203,-0.021489,0.998878,0.00077],[0.0,0.0,0.0,1.0]],"antennas":[0.093068,0.51225],"body_yaw":0.145428,"check_collision":false},{"head":[[0.939564,-0.338744,-0.049726,-0.010135],[0.339379,0.940638,0.004694,0.009994],[0.045184,-0.021286,0.998752,0.000634],[0.0,0.0,0.0,1.0]],"antennas":[0.093068,0.549463],"body_yaw":0.145428,"check_collision":false},{"head":[[0.936603,-0.346623,-0.051252,-0.010196],[0.347217,0.93778,0.002904,0.009796],[0.047056,-0.020515,0.998682,0.000874],[0.0,0.0,0.0,1.0]],"antennas":[0.093068,0.586498],"body_yaw":0.145428,"check_collision":false},{"head":[[0.93358,-0.354563,-0.0521,-0.010341],[0.355111,0.934823,0.001357,0.010237],[0.048223,-0.019768,0.998641,0.00074],[0.0,0.0,0.0,1.0]],"antennas":[0.093068,0.623745],"body_yaw":0.145428,"check_collision":false},{"head":[[0.930766,-0.361569,-0.05425,-0.010339],[0.362187,0.932104,0.001683,0.010512],[0.049959,-0.021215,0.998526,0.000881],[0.0,0.0,0.0,1.0]],"antennas":[0.093068,0.660915],"body_yaw":0.145428,"check_collision":false},{"head":[[0.92826,-0.367439,-0.057631,-0.010572],[0.368279,0.929705,0.004327,0.010088],[0.051991,-0.025241,0.998329,0.001671],[0.0,0.0,0.0,1.0]],"antennas":[0.093068,0.69756],"body_yaw":0.145428,"check_collision":false},{"head":[[0.925899,-0.372999,-0.059862,-0.010845],[0.373984,0.927417,0.005779,0.009801],[0.053361,-0.027738,0.99819,0.002027],[0.0,0.0,0.0,1.0]],"antennas":[0.093068,0.735173],"body_yaw":0.145428,"check_collision":false},{"head":[[0.922575,-0.380774,-0.062173,-0.010787],[0.381954,0.924148,0.007876,0.009165],[0.054458,-0.031013,0.998034,0.002488],[0.0,0.0,0.0,1.0]],"antennas":[0.093068,0.772246],"body_yaw":0.145428,"check_collision":false},{"head":[[0.918892,-0.38945,-0.062978,-0.010947],[0.390768,0.920438,0.009664,0.009104],[0.054203,-0.03349,0.997968,0.002133],[0.0,0.0,0.0,1.0]],"antennas":[0.093068,0.808669],"body_yaw":0.145428,"check_collision":false},{"head":[[0.914249,-0.400279,-0.062648,-0.010987],[0.401742,0.915671,0.012253,0.008119],[0.05246,-0.036371,0.99796,0.002821],[0.0,0.0,0.0,1.0]],"antennas":[0.093068,0.844997],"body_yaw":0.145428,"check_collision":false},{"head":[[0.909426,-0.411313,-0.061366,-0.011222],[0.412774,0.910743,0.012819,0.008296],[0.050616,-0.036988,0.998033,0.002759],[0.0,0.0,0.0,1.0]],"antennas":[0.093068,0.881392],"body_yaw":0.145428,"check_collision":false},{"head":[[0.904277,-0.422347,-0.062501,-0.011468],[0.423866,0.905635,0.012792,0.008495],[0.051201,-0.038059,0.997963,0.002745],[0.0,0.0,0.0,1.0]],"antennas":[0.093068,0.917872],"body_yaw":0.145428,"check_collision":false},{"head":[[0.898506,-0.433836,-0.06688,-0.011911],[0.435518,0.900096,0.012273,0.009548],[0.054874,-0.040155,0.997686,0.00265],[0.0,0.0,0.0,1.0]],"antennas":[0.093068,0.953215],"body_yaw":0.145428,"check_collision":false},{"head":[[0.891201,-0.447878,-0.071879,-0.012251],[0.449692,0.893122,0.010522,0.010082],[0.059484,-0.0417,0.997358,0.00288],[0.0,0.0,0.0,1.0]],"antennas":[0.093068,0.990064],"body_yaw":0.145428,"check_collision":false},{"head":[[0.884188,-0.460881,-0.076153,-0.012027],[0.462773,0.886438,0.008349,0.010208],[0.063657,-0.042624,0.997061,0.002364],[0.0,0.0,0.0,1.0]],"antennas":[0.093068,1.026352],"body_yaw":0.145428,"check_collision":false},{"head":[[0.878281,-0.471815,-0.077541,-0.012271],[0.473738,0.880634,0.007456,0.010467],[0.064767,-0.043282,0.996961,0.002227],[0.0,0.0,0.0,1.0]],"antennas":[0.093068,1.0627],"body_yaw":0.145428,"check_collision":false},{"head":[[0.872973,-0.48152,-0.077825,-0.012381],[0.483503,0.875308,0.0078,0.010546],[0.064364,-0.044438,0.996937,0.002283],[0.0,0.0,0.0,1.0]],"antennas":[0.093068,1.099132],"body_yaw":0.145428,"check_collision":false},{"head":[[0.864822,-0.495452,-0.081299,-0.012525],[0.497466,0.867467,0.005307,0.00947],[0.067895,-0.045033,0.996676,0.003116],[0.0,0.0,0.0,1.0]],"antennas":[0.093068,1.135432],"body_yaw":0.145428,"check_collision":false},{"head":[[0.85638,-0.50931,-0.084953,-0.012707],[0.511286,0.859409,0.001748,0.009649],[0.072119,-0.044932,0.996383,0.003149],[0.0,0.0,0.0,1.0]],"antennas":[0.093068,1.17075],"body_yaw":0.145428,"check_collision":false},{"head":[[0.850507,-0.518553,-0.087981,-0.013241],[0.520801,0.853673,0.003069,0.008982],[0.073516,-0.04843,0.996117,0.003839],[0.0,0.0,0.0,1.0]],"antennas":[0.093068,1.19956],"body_yaw":0.145428,"check_collision":false},{"head":[[0.843926,-0.527761,-0.096219,-0.013723],[0.530825,0.847448,0.007564,0.009061],[0.077548,-0.057458,0.995331,0.004099],[0.0,0.0,0.0,1.0]],"antennas":[0.093068,1.22603],"body_yaw":0.145428,"check_collision":false},{"head":[[0.835389,-0.540182,-0.10163,-0.013874],[0.543701,0.839236,0.008479,0.008517],[0.080712,-0.062339,0.994786,0.004409],[0.0,0.0,0.0,1.0]],"antennas":[0.093068,1.252534],"body_yaw":0.145428,"check_collision":false},{"head":[[0.826325,-0.55374,-0.102759,-0.013993],[0.557251,0.830317,0.006727,0.008149],[0.081598,-0.062821,0.994684,0.00437],[0.0,0.0,0.0,1.0]],"antennas":[0.093068,1.279067],"body_yaw":0.145428,"check_collision":false},{"head":[[0.818606,-0.564765,-0.104522,-0.0141],[0.568313,0.822796,0.005146,0.007973],[0.083094,-0.063614,0.994509,0.004533],[0.0,0.0,0.0,1.0]],"antennas":[0.093068,1.305694],"body_yaw":0.145428,"check_collision":false},{"head":[[0.812137,-0.573731,-0.106139,-0.014458],[0.577458,0.816402,0.005463,0.008173],[0.083518,-0.065728,0.994336,0.004536],[0.0,0.0,0.0,1.0]],"antennas":[0.093068,1.331455],"body_yaw":0.145428,"check_collision":false},{"head":[[0.805145,-0.583113,-0.108263,-0.015032],[0.587132,0.809464,0.00663,0.007906],[0.083769,-0.068903,0.9941,0.004991],[0.0,0.0,0.0,1.0]],"antennas":[0.093068,1.341056],"body_yaw":0.145428,"check_collision":false},{"head":[[0.795907,-0.595189,-0.110824,-0.015207],[0.599254,0.800547,0.004279,0.00762],[0.086173,-0.069818,0.993831,0.005301],[0.0,0.0,0.0,1.0]],"antennas":[0.093068,1.341056],"body_yaw":0.145428,"check_collision":false},{"head":[[0.788706,-0.604365,-0.112629,-0.015521],[0.60853,0.793524,0.00332,0.007535],[0.087367,-0.071157,0.993632,0.005659],[0.0,0.0,0.0,1.0]],"antennas":[0.093068,1.341056],"body_yaw":0.145428,"check_collision":false},{"head":[[0.783352,-0.611087,-0.113718,-0.015675],[0.615297,0.788292,0.002458,0.007658],[0.08814,-0.071896,0.99351,0.005318],[0.0,0.0,0.0,1.0]],"antennas":[0.093068,1.341056],"body_yaw":0.145428,"check_collision":false},{"head":[[0.778875,-0.616695,-0.114194,-0.015938],[0.620925,0.783868,0.001892,0.007795],[0.088346,-0.07238,0.993457,0.005277],[0.0,0.0,0.0,1.0]],"antennas":[0.093068,1.341056],"body_yaw":0.145428,"check_collision":false},{"head":[[0.774357,-0.622174,-0.115201,-0.016062],[0.626417,0.779488,0.000809,0.007811],[0.089295,-0.07279,0.993342,0.005238],[0.0,0.0,0.0,1.0]],"antennas":[0.093068,1.341056],"body_yaw":0.145428,"check_collision":false},{"head":[[0.771667,-0.624885,-0.118529,-0.016197],[0.62956,0.776948,0.002595,0.007034],[0.09047,-0.076624,0.992947,0.005591],[0.0,0.0,0.0,1.0]],"antennas":[0.093068,1.341056],"body_yaw":0.145428,"check_collision":false},{"head":[[0.769484,-0.626737,-0.122861,-0.0164],[0.631846,0.775087,0.003414,0.007035],[0.093088,-0.080256,0.992418,0.005623],[0.0,0.0,0.0,1.0]],"antennas":[0.093068,1.341056],"body_yaw":0.145428,"check_collision":false},{"head":[[0.768169,-0.627719,-0.126032,-0.016495],[0.633106,0.774057,0.003502,0.007027],[0.095358,-0.082482,0.99202,0.005597],[0.0,0.0,0.0,1.0]],"antennas":[0.093068,1.341056],"body_yaw":0.145428,"check_collision":false},{"head":[[0.767491,-0.628208,-0.127723,-0.016365],[0.633811,0.773476,0.004234,0.007042],[0.09613,-0.084202,0.991801,0.005731],[0.0,0.0,0.0,1.0]],"antennas":[0.093068,1.341056],"body_yaw":0.145428,"check_collision":false},{"head":[[0.765653,-0.629883,-0.130472,-0.016391],[0.635751,0.771882,0.004363,0.007213],[0.097961,-0.086288,0.991442,0.005621],[0.0,0.0,0.0,1.0]],"antennas":[0.093068,1.341056],"body_yaw":0.145428,"check_collision":false},{"head":[[0.763916,-0.631464,-0.132987,-0.016541],[0.637589,0.770363,0.004576,0.007526],[0.099558,-0.088286,0.991107,0.005499],[0.0,0.0,0.0,1.0]],"antennas":[0.093068,1.341056],"body_yaw":0.145428,"check_collision":false},{"head":[[0.763207,-0.632049,-0.134268,-0.01669],[0.638367,0.769714,0.005282,0.007812],[0.100009,-0.089744,0.990931,0.005394],[0.0,0.0,0.0,1.0]],"antennas":[0.093068,1.341056],"body_yaw":0.145428,"check_collision":false},{"head":[[0.76153,-0.633396,-0.137411,-0.016716],[0.640056,0.768307,0.005672,0.008121],[0.101981,-0.092271,0.990498,0.005406],[0.0,0.0,0.0,1.0]],"antennas":[0.093068,1.341056],"body_yaw":0.145428,"check_collision":false},{"head":[[0.759408,-0.63486,-0.14231,-0.01673],[0.64202,0.766665,0.005834,0.00802],[0.1054,-0.095796,0.989805,0.005482],[0.0,0.0,0.0,1.0]],"antennas":[0.093068,1.341056],"body_yaw":0.145428,"check_collision":false},{"head":[[0.757426,-0.636044,-0.147494,-0.016778],[0.64375,0.765213,0.005993,0.007892],[0.109052,-0.099489,0.989045,0.00546],[0.0,0.0,0.0,1.0]],"antennas":[0.093068,1.341056],"body_yaw":0.145428,"check_collision":false},{"head":[[0.756381,-0.636316,-0.151621,-0.016837],[0.644589,0.764495,0.007221,0.00804],[0.111318,-0.103195,0.988412,0.005329],[0.0,0.0,0.0,1.0]],"antennas":[0.093068,1.341056],"body_yaw":0.145428,"check_collision":false},{"head":[[0.754853,-0.637626,-0.153719,-0.016848],[0.646184,0.763144,0.007632,0.008072],[0.112443,-0.105092,0.988085,0.005229],[0.0,0.0,0.0,1.0]],"antennas":[0.093068,1.341056],"body_yaw":0.145428,"check_collision":false},{"head":[[0.753545,-0.639008,-0.154399,-0.016821],[0.647623,0.761926,0.00736,0.008196],[0.112938,-0.105538,0.987981,0.005197],[0.0,0.0,0.0,1.0]],"antennas":[0.093068,1.341056],"body_yaw":0.145428,"check_collision":false},{"head":[[0.753674,-0.638853,-0.15441,-0.016878],[0.647495,0.762032,0.007607,0.008539],[0.112806,-0.105713,0.987978,0.005163],[0.0,0.0,0.0,1.0]],"antennas":[0.093068,1.341056],"body_yaw":0.145428,"check_collision":false},{"head":[[0.75386,-0.638406,-0.155347,-0.016857],[0.647174,0.762302,0.007861,0.008865],[0.113402,-0.106462,0.987829,0.005047],[0.0,0.0,0.0,1.0]],"antennas":[0.093068,1.341056],"body_yaw":0.145428,"check_collision":false},{"head":[[0.753402,-0.638804,-0.155931,-0.016825],[0.647582,0.76196,0.007354,0.009067],[0.114116,-0.106519,0.98774,0.004989],[0.0,0.0,0.0,1.0]],"antennas":[0.093068,1.341056],"body_yaw":0.145428,"check_collision":false},{"head":[[0.752944,-0.638872,-0.157854,-0.016886],[0.647874,0.761711,0.007463,0.009364],[0.115471,-0.107889,0.987434,0.004795],[0.0,0.0,0.0,1.0]],"antennas":[0.093068,1.341056],"body_yaw":0.145428,"check_collision":false},{"head":[[0.752588,-0.638959,-0.159192,-0.016755],[0.648178,0.761447,0.008028,0.009562],[0.116087,-0.109226,0.987215,0.00448],[0.0,0.0,0.0,1.0]],"antennas":[0.093068,1.341056],"body_yaw":0.145428,"check_collision":false},{"head":[[0.752617,-0.639147,-0.158301,-0.016659],[0.648278,0.761361,0.00811,0.009664],[0.11534,-0.108727,0.987358,0.004293],[0.0,0.0,0.0,1.0]],"antennas":[0.093068,1.341056],"body_yaw":0.145428,"check_collision":false},{"head":[[0.75293,-0.63886,-0.157972,-0.016753],[0.64797,0.761621,0.008276,0.009792],[0.115027,-0.108592,0.987409,0.00427],[0.0,0.0,0.0,1.0]],"antennas":[0.093068,1.341056],"body_yaw":0.145428,"check_collision":false},{"head":[[0.753034,-0.638611,-0.15848,-0.016804],[0.647762,0.761799,0.008159,0.009904],[0.11552,-0.108801,0.987328,0.004159],[0.0,0.0,0.0,1.0]],"antennas":[0.093068,1.341056],"body_yaw":0.145428,"check_collision":false},{"head":[[0.752586,-0.639031,-0.158918,-0.01681],[0.648177,0.761451,0.007665,0.009854],[0.11611,-0.108775,0.987262,0.004224],[0.0,0.0,0.0,1.0]],"antennas":[0.093068,1.341056],"body_yaw":0.145428,"check_collision":false},{"head":[[0.751793,-0.639569,-0.160497,-0.016748],[0.648834,0.760896,0.007122,0.009804],[0.117567,-0.109491,0.987011,0.004222],[0.0,0.0,0.0,1.0]],"antennas":[0.093068,1.341056],"body_yaw":0.145428,"check_collision":false},{"head":[[0.751406,-0.640004,-0.160574,-0.016622],[0.649255,0.760539,0.006887,0.009537],[0.117715,-0.109428,0.987,0.004359],[0.0,0.0,0.0,1.0]],"antennas":[0.093068,1.341056],"body_yaw":0.145428,"check_collision":false},{"head":[[0.751513,-0.640116,-0.159624,-0.016532],[0.649254,0.760541,0.006817,0.00919],[0.117037,-0.10876,0.987154,0.004458],[0.0,0.0,0.0,1.0]],"antennas":[0.093068,1.341056],"body_yaw":0.145428,"check_collision":false},{"head":[[0.751838,-0.640052,-0.158342,-0.01647],[0.649043,0.760721,0.006784,0.008971],[0.116112,-0.107871,0.987361,0.004587],[0.0,0.0,0.0,1.0]],"antennas":[0.093068,1.341056],"body_yaw":0.145428,"check_collision":false},{"head":[[0.752448,-0.639341,-0.158318,-0.016478],[0.648365,0.761296,0.007154,0.008749],[0.115953,-0.108031,0.987362,0.004709],[0.0,0.0,0.0,1.0]],"antennas":[0.093068,1.341056],"body_yaw":0.145428,"check_collision":false},{"head":[[0.753263,-0.638255,-0.158824,-0.016569],[0.647405,0.762106,0.007858,0.008415],[0.116026,-0.108743,0.987276,0.004962],[0.0,0.0,0.0,1.0]],"antennas":[0.093068,1.341056],"body_yaw":0.145428,"check_collision":false},{"head":[[0.753812,-0.637661,-0.158608,-0.016619],[0.646801,0.762616,0.008045,0.0083],[0.115827,-0.108652,0.987309,0.005031],[0.0,0.0,0.0,1.0]],"antennas":[0.093068,1.341056],"body_yaw":0.145428,"check_collision":false},{"head":[[0.754096,-0.637549,-0.157705,-0.016595],[0.646553,0.76283,0.007746,0.008351],[0.115364,-0.107806,0.987456,0.00504],[0.0,0.0,0.0,1.0]],"antennas":[0.093068,1.341056],"body_yaw":0.145428,"check_collision":false},{"head":[[0.754491,-0.637393,-0.15644,-0.01663],[0.646244,0.763092,0.007646,0.008549],[0.114505,-0.106867,0.987658,0.004984],[0.0,0.0,0.0,1.0]],"antennas":[0.093068,1.341056],"body_yaw":0.145428,"check_collision":false},{"head":[[0.755055,-0.636909,-0.15569,-0.016657],[0.645687,0.763563,0.007767,0.008419],[0.113932,-0.106392,0.987775,0.00509],[0.0,0.0,0.0,1.0]],"antennas":[0.093068,1.341056],"body_yaw":0.145428,"check_collision":false},{"head":[[0.755466,-0.636597,-0.154969,-0.016654],[0.645309,0.763881,0.007901,0.008385],[0.113348,-0.105972,0.987888,0.005165],[0.0,0.0,0.0,1.0]],"antennas":[0.093068,1.341056],"body_yaw":0.145428,"check_collision":false},{"head":[[0.756173,-0.635753,-0.154988,-0.016645],[0.644507,0.764553,0.008331,0.00857],[0.1132,-0.10619,0.987881,0.00508],[0.0,0.0,0.0,1.0]],"antennas":[0.093068,1.341056],"body_yaw":0.145428,"check_collision":false},{"head":[[0.756876,-0.634934,-0.154912,-0.016628],[0.643719,0.765212,0.008758,0.008972],[0.11298,-0.106349,0.987889,0.004805],[0.0,0.0,0.0,1.0]],"antennas":[0.093068,1.341056],"body_yaw":0.145428,"check_collision":false},{"head":[[0.757349,-0.634516,-0.15431,-0.016569],[0.643211,0.76564,0.008585,0.008908],[0.112699,-0.105755,0.987985,0.004657],[0.0,0.0,0.0,1.0]],"antennas":[0.093068,1.341056],"body_yaw":0.145428,"check_collision":false},{"head":[[0.757757,-0.634196,-0.153623,-0.016567],[0.642817,0.765972,0.00861,0.008987],[0.11221,-0.105276,0.988092,0.004612],[0.0,0.0,0.0,1.0]],"antennas":[0.093068,1.341056],"body_yaw":0.145428,"check_collision":false},{"head":[[0.758306,-0.633669,-0.153087,-0.016527],[0.642243,0.766451,0.00876,0.009159],[0.111783,-0.104962,0.988174,0.004595],[0.0,0.0,0.0,1.0]],"antennas":[0.093068,1.338091],"body_yaw":0.145428,"check_collision":false},{"head":[[0.758885,-0.633118,-0.152498,-0.016539],[0.641658,0.766938,0.009064,0.00893],[0.111218,-0.10473,0.988262,0.00491],[0.0,0.0,0.0,1.0]],"antennas":[0.093068,1.322971],"body_yaw":0.145428,"check_collision":false},{"head":[[0.759518,-0.632453,-0.152104,-0.016498],[0.640966,0.767513,0.009265,0.008436],[0.110882,-0.104531,0.988321,0.005208],[0.0,0.0,0.0,1.0]],"antennas":[0.093068,1.298662],"body_yaw":0.145428,"check_collision":false},{"head":[[0.760032,-0.631895,-0.151858,-0.01658],[0.640377,0.768005,0.009278,0.008499],[0.110765,-0.104298,0.988359,0.005111],[0.0,0.0,0.0,1.0]],"antennas":[0.093068,1.264602],"body_yaw":0.145428,"check_collision":false},{"head":[[0.760624,-0.631192,-0.151817,-0.016579],[0.6397,0.768565,0.009609,0.008799],[0.110616,-0.104426,0.988362,0.004916],[0.0,0.0,0.0,1.0]],"antennas":[0.093068,1.223027],"body_yaw":0.145428,"check_collision":false},{"head":[[0.760553,-0.631351,-0.151509,-0.016396],[0.639818,0.768467,0.009524,0.008404],[0.110417,-0.104182,0.98841,0.005072],[0.0,0.0,0.0,1.0]],"antennas":[0.093068,1.177666],"body_yaw":0.145428,"check_collision":false},{"head":[[0.760524,-0.631379,-0.15154,-0.016507],[0.639813,0.768476,0.009193,0.008239],[0.11065,-0.103949,0.988408,0.005037],[0.0,0.0,0.0,1.0]],"antennas":[0.093068,1.130314],"body_yaw":0.145428,"check_collision":false},{"head":[[0.76105,-0.63061,-0.152099,-0.016592],[0.639128,0.769042,0.009479,0.008203],[0.110993,-0.104425,0.98832,0.005018],[0.0,0.0,0.0,1.0]],"antennas":[0.093068,1.079862],"body_yaw":0.145428,"check_collision":false},{"head":[[0.761912,-0.629636,-0.15182,-0.016533],[0.638165,0.769836,0.00994,0.008168],[0.110618,-0.10446,0.988358,0.005252],[0.0,0.0,0.0,1.0]],"antennas":[0.093068,1.025584],"body_yaw":0.145428,"check_collision":false},{"head":[[0.763082,-0.628385,-0.151122,-0.016606],[0.636889,0.770884,0.010498,0.008414],[0.109901,-0.104258,0.988459,0.005199],[0.0,0.0,0.0,1.0]],"antennas":[0.093068,0.965706],"body_yaw":0.145428,"check_collision":false},{"head":[[0.764312,-0.627059,-0.150414,-0.016581],[0.635523,0.772004,0.010946,0.008488],[0.109257,-0.103958,0.988562,0.005041],[0.0,0.0,0.0,1.0]],"antennas":[0.093068,0.902435],"body_yaw":0.145428,"check_collision":false},{"head":[[0.765301,-0.626014,-0.149734,-0.016425],[0.634389,0.772937,0.010883,0.008319],[0.108922,-0.103318,0.988666,0.004996],[0.0,0.0,0.0,1.0]],"antennas":[0.093068,0.83831],"body_yaw":0.145428,"check_collision":false},{"head":[[0.765915,-0.625498,-0.148752,-0.016394],[0.633781,0.773434,0.011034,0.008328],[0.108148,-0.102727,0.988813,0.004977],[0.0,0.0,0.0,1.0]],"antennas":[0.093068,0.774334],"body_yaw":0.145428,"check_collision":false},{"head":[[0.766461,-0.624949,-0.148246,-0.016428],[0.633206,0.7739,0.011334,0.008588],[0.107644,-0.102558,0.988886,0.004909],[0.0,0.0,0.0,1.0]],"antennas":[0.093068,0.710316],"body_yaw":0.145428,"check_collision":false},{"head":[[0.766792,-0.624623,-0.147906,-0.016508],[0.632873,0.774168,0.01162,0.008994],[0.107246,-0.102516,0.988933,0.004773],[0.0,0.0,0.0,1.0]],"antennas":[0.093068,0.64601],"body_yaw":0.145428,"check_collision":false},{"head":[[0.766933,-0.624605,-0.147246,-0.016549],[0.632779,0.774246,0.01155,0.009108],[0.106791,-0.102033,0.989032,0.004742],[0.0,0.0,0.0,1.0]],"antennas":[0.093068,0.581806],"body_yaw":0.145428,"check_collision":false},{"head":[[0.767382,-0.624294,-0.146225,-0.016478],[0.632361,0.774588,0.011569,0.009311],[0.106042,-0.101345,0.989184,0.004685],[0.0,0.0,0.0,1.0]],"antennas":[0.093068,0.51803],"body_yaw":0.145428,"check_collision":false},{"head":[[0.767651,-0.62427,-0.14491,-0.016342],[0.632157,0.77476,0.011157,0.008914],[0.105306,-0.10017,0.989382,0.004814],[0.0,0.0,0.0,1.0]],"antennas":[0.093068,0.453948],"body_yaw":0.145428,"check_collision":false},{"head":[[0.767851,-0.624131,-0.144446,-0.016352],[0.63195,0.774932,0.010971,0.009039],[0.105089,-0.099707,0.989452,0.004723],[0.0,0.0,0.0,1.0]],"antennas":[0.093068,0.38947],"body_yaw":0.145428,"check_collision":false},{"head":[[0.768037,-0.623923,-0.144358,-0.016259],[0.631703,0.775137,0.010704,0.008746],[0.105219,-0.099413,0.989468,0.004809],[0.0,0.0,0.0,1.0]],"antennas":[0.093068,0.325532],"body_yaw":0.145428,"check_collision":false},{"head":[[0.768601,-0.62337,-0.143742,-0.016268],[0.631067,0.775657,0.010555,0.00821],[0.104914,-0.098824,0.989559,0.005074],[0.0,0.0,0.0,1.0]],"antennas":[0.093068,0.263288],"body_yaw":0.145428,"check_collision":false},{"head":[[0.770091,-0.621294,-0.144752,-0.016414],[0.629138,0.777214,0.011157,0.008211],[0.105572,-0.099661,0.989405,0.005193],[0.0,0.0,0.0,1.0]],"antennas":[0.093068,0.235116],"body_yaw":0.145428,"check_collision":false},{"head":[[0.773986,-0.615987,-0.146645,-0.016435],[0.6241,0.781247,0.012322,0.008007],[0.106976,-0.101059,0.989112,0.005368],[0.0,0.0,0.0,1.0]],"antennas":[0.093068,0.235116],"body_yaw":0.145428,"check_collision":false},{"head":[[0.781332,-0.606117,-0.148801,-0.016415],[0.614623,0.788683,0.014723,0.007876],[0.108433,-0.10296,0.988758,0.005733],[0.0,0.0,0.0,1.0]],"antennas":[0.093068,0.235116],"body_yaw":0.145428,"check_collision":false},{"head":[[0.792317,-0.592223,-0.14665,-0.016439],[0.600445,0.799519,0.015338,0.007966],[0.108166,-0.100208,0.98907,0.005944],[0.0,0.0,0.0,1.0]],"antennas":[0.093068,0.235116],"body_yaw":0.145428,"check_collision":false},{"head":[[0.807752,-0.572387,-0.141103,-0.01627],[0.579599,0.814803,0.012684,0.007773],[0.107711,-0.092029,0.989914,0.006514],[0.0,0.0,0.0,1.0]],"antennas":[0.093068,0.235116],"body_yaw":0.145428,"check_collision":false},{"head":[[0.829261,-0.542045,-0.136067,-0.01602],[0.548153,0.836329,0.009071,0.008244],[0.10888,-0.082107,0.990658,0.007051],[0.0,0.0,0.0,1.0]],"antennas":[0.093068,0.235116],"body_yaw":0.145428,"check_collision":false},{"head":[[0.852079,-0.506798,-0.130829,-0.015899],[0.51234,0.85872,0.010371,0.008778],[0.10709,-0.075866,0.991351,0.007373],[0.0,0.0,0.0,1.0]],"antennas":[0.093068,0.235116],"body_yaw":0.145428,"check_collision":false},{"head":[[0.868855,-0.478523,-0.126913,-0.015588],[0.483441,0.875328,0.00926,0.008966],[0.10666,-0.069401,0.991871,0.007585],[0.0,0.0,0.0,1.0]],"antennas":[0.093068,0.235116],"body_yaw":0.145428,"check_collision":false},{"head":[[0.880369,-0.457564,-0.124847,-0.015161],[0.461693,0.887027,0.004719,0.009374],[0.108583,-0.061796,0.992165,0.007677],[0.0,0.0,0.0,1.0]],"antennas":[0.093068,0.235116],"body_yaw":0.145428,"check_collision":false},{"head":[[0.889735,-0.439081,-0.124817,-0.014974],[0.442754,0.896641,0.001893,0.010079],[0.111085,-0.056947,0.992178,0.007295],[0.0,0.0,0.0,1.0]],"antennas":[0.093068,0.235116],"body_yaw":0.145428,"check_collision":false},{"head":[[0.896328,-0.425375,-0.125106,-0.014921],[0.428893,0.903354,0.001316,0.010036],[0.112455,-0.054837,0.992143,0.007409],[0.0,0.0,0.0,1.0]],"antennas":[0.093068,0.235116],"body_yaw":0.145428,"check_collision":false},{"head":[[0.903275,-0.410876,-0.123593,-0.015064],[0.413705,0.910406,-0.003028,0.010899],[0.113764,-0.048396,0.992328,0.006867],[0.0,0.0,0.0,1.0]],"antennas":[0.093068,0.235116],"body_yaw":0.145428,"check_collision":false},{"head":[[0.91159,-0.393359,-0.119467,-0.015286],[0.395427,0.918472,-0.006881,0.011056],[0.112433,-0.040968,0.992814,0.006687],[0.0,0.0,0.0,1.0]],"antennas":[0.093068,0.235116],"body_yaw":0.145428,"check_collision":false},{"head":[[0.920626,-0.37234,-0.117521,-0.0154],[0.373455,0.927554,-0.013218,0.011375],[0.113928,-0.03172,0.992982,0.00657],[0.0,0.0,0.0,1.0]],"antennas":[0.093068,0.235116],"body_yaw":0.145428,"check_collision":false},{"head":[[0.929052,-0.351344,-0.115841,-0.015521],[0.35176,0.935926,-0.017517,0.012337],[0.114573,-0.024473,0.993113,0.006066],[0.0,0.0,0.0,1.0]],"antennas":[0.093068,0.235116],"body_yaw":0.145428,"check_collision":false},{"head":[[0.935558,-0.334772,-0.112512,-0.015531],[0.33411,0.942196,-0.025256,0.0127],[0.114463,-0.013963,0.993329,0.005768],[0.0,0.0,0.0,1.0]],"antennas":[0.093068,0.235116],"body_yaw":0.145428,"check_collision":false},{"head":[[0.941332,-0.318932,-0.110348,-0.015552],[0.317317,0.947767,-0.032371,0.013079],[0.114909,-0.004544,0.993366,0.005455],[0.0,0.0,0.0,1.0]],"antennas":[0.093068,0.235116],"body_yaw":0.145428,"check_collision":false},{"head":[[0.946627,-0.302909,-0.110199,-0.01554],[0.30049,0.953014,-0.038338,0.013374],[0.116634,0.003178,0.99317,0.005183],[0.0,0.0,0.0,1.0]],"antennas":[0.093068,0.235116],"body_yaw":0.145428,"check_collision":false},{"head":[[0.951733,-0.286214,-0.110843,-0.015434],[0.282907,0.958099,-0.044832,0.013605],[0.119031,0.01131,0.992826,0.005028],[0.0,0.0,0.0,1.0]],"antennas":[0.093068,0.235116],"body_yaw":0.145428,"check_collision":false},{"head":[[0.957352,-0.267401,-0.109423,-0.015475],[0.263362,0.963395,-0.050104,0.013668],[0.118815,0.01915,0.992732,0.00491],[0.0,0.0,0.0,1.0]],"antennas":[0.093068,0.235116],"body_yaw":0.145428,"check_collision":false},{"head":[[0.961473,-0.252564,-0.108536,-0.015438],[0.247991,0.967258,-0.053969,0.013982],[0.118613,0.024974,0.992626,0.004686],[0.0,0.0,0.0,1.0]],"antennas":[0.093068,0.235116],"body_yaw":0.145428,"check_collision":false},{"head":[[0.964679,-0.240962,-0.106446,-0.015185],[0.235826,0.970024,-0.058649,0.011948],[0.117387,0.031474,0.992587,0.005804],[0.0,0.0,0.0,1.0]],"antennas":[0.093068,0.235116],"body_yaw":0.145428,"check_collision":false},{"head":[[0.967693,-0.22897,-0.105563,-0.015226],[0.223555,0.972798,-0.060715,0.012332],[0.116593,0.035154,0.992557,0.005501],[0.0,0.0,0.0,1.0]],"antennas":[0.093068,0.235116],"body_yaw":0.145428,"check_collision":false},{"head":[[0.970211,-0.217056,-0.107595,-0.015171],[0.211264,0.975414,-0.062727,0.012798],[0.118565,0.038128,0.992214,0.005145],[0.0,0.0,0.0,1.0]],"antennas":[0.093068,0.235116],"body_yaw":0.145428,"check_collision":false},{"head":[[0.972993,-0.204095,-0.10784,-0.014992],[0.197874,0.978026,-0.065654,0.013405],[0.11887,0.042542,0.991998,0.004755],[0.0,0.0,0.0,1.0]],"antennas":[0.093068,0.235116],"body_yaw":0.145428,"check_collision":false},{"head":[[0.975412,-0.192298,-0.10767,-0.014781],[0.18576,0.980249,-0.067867,0.013984],[0.118594,0.046198,0.991868,0.00444],[0.0,0.0,0.0,1.0]],"antennas":[0.093068,0.235116],"body_yaw":0.145428,"check_collision":false},{"head":[[0.97716,-0.182778,-0.108404,-0.014613],[0.175922,0.981924,-0.06983,0.014618],[0.119208,0.049164,0.991651,0.004169],[0.0,0.0,0.0,1.0]],"antennas":[0.093068,0.235116],"body_yaw":0.145428,"check_collision":false},{"head":[[0.978245,-0.176758,-0.1086,-0.014404],[0.169688,0.982916,-0.071284,0.013813],[0.119345,0.051305,0.991526,0.004576],[0.0,0.0,0.0,1.0]],"antennas":[0.093068,0.235116],"body_yaw":0.145428,"check_collision":false},{"head":[[0.979408,-0.170435,-0.108221,-0.014066],[0.163044,0.983848,-0.073883,0.013266],[0.119065,0.054717,0.991378,0.004788],[0.0,0.0,0.0,1.0]],"antennas":[0.093068,0.235116],"body_yaw":0.145428,"check_collision":false},{"head":[[0.980813,-0.162928,-0.10705,-0.013748],[0.155296,0.984926,-0.076185,0.012864],[0.117849,0.058099,0.991331,0.004965],[0.0,0.0,0.0,1.0]],"antennas":[0.093068,0.235116],"body_yaw":0.145428,"check_collision":false},{"head":[[0.982635,-0.152951,-0.105043,-0.013785],[0.145209,0.986337,-0.077809,0.013124],[0.115509,0.061205,0.991419,0.004877],[0.0,0.0,0.0,1.0]],"antennas":[0.093068,0.235116],"body_yaw":0.145428,"check_collision":false},{"head":[[0.984365,-0.14275,-0.103194,-0.013866],[0.134845,0.987638,-0.07993,0.013532],[0.113328,0.064766,0.991445,0.00473],[0.0,0.0,0.0,1.0]],"antennas":[0.093068,0.235116],"body_yaw":0.145428,"check_collision":false},{"head":[[0.985707,-0.133968,-0.102152,-0.013799],[0.125943,0.988696,-0.08135,0.014082],[