{"description":"You do a few dance moves because you're happy or excited. Also good when someone asks if you can dance, or when music plays.","time":[0.0,0.02,0.04,0.06,0.08,0.1,0.12,0.14,0.16,0.18,0.2,0.22,0.24,0.26,0.28,0.3,0.32,0.34,0.36,0.38,0.4,0.42,0.44,0.46,0.48,0.5,0.52,0.54,0.56,0.58,0.6,0.62,0.64,0.66,0.68,0.7,0.72,0.74,0.76,0.78,0.8,0.82,0.84,0.86,0.88,0.9,0.92,0.94,0.96,0.98,1.0,1.02,1.04,1.06,1.08,1.1,1.12,1.14,1.16,1.18,1.2,1.22,1.24,1.26,1.28,1.3,1.32,1.34,1.36,1.38,1.4,1.42,1.44,1.46,1.48,1.5,1.52,1.54,1.56,1.58,1.6,1.62,1.64,1.66,1.68,1.7,1.72,1.74,1.76,1.78,1.8,1.82,1.84,1.86,1.88,1.9,1.92,1.94,1.96,1.98,2.0,2.02,2.04,2.06,2.08,2.1,2.12,2.14,2.16,2.18,2.2,2.22,2.24,2.26,2.28,2.3,2.32,2.34,2.36,2.38,2.4,2.42,2.44,2.46,2.48,2.5,2.52,2.54,2.56,2.58,2.6,2.62,2.64,2.66,2.68,2.7,2.72,2.74,2.76,2.78,2.8,2.82,2.84,2.86,2.88,2.9,2.92,2.94,2.96,2.98,3.0,3.02,3.04,3.06,3.08,3.1,3.12,3.14,3.16,3.18,3.2,3.22,3.24],"set_target_data":[{"head":[[0.994767,0.100386,0.01902,-0.005954],[-0.097737,0.989205,-0.109187,0.001007],[-0.029776,0.106757,0.993839,0.010766],[0.0,0.0,0.0,1.0]],"antennas":[-0.30878,0.547302],"body_yaw":-0.013798,"check_collision":false},{"head":[[0.995338,0.095709,0.011951,-0.006166],[-0.093926,0.989973,-0.105509,0.001081],[-0.021929,0.103894,0.994347,0.012178],[0.0,0.0,0.0,1.0]],"antennas":[-0.30878,0.547302],"body_yaw":-0.013798,"check_collision":false},{"head":[[0.995513,0.093902,0.011677,-0.006275],[-0.092265,0.990656,-0.100437,0.001276],[-0.020999,0.098909,0.994875,0.012907],[0.0,0.0,0.0,1.0]],"antennas":[-0.30878,0.547302],"body_yaw":-0.013798,"check_collision":false},{"head":[[0.995511,0.093496,0.01472,-0.006366],[-0.091665,0.991144,-0.096082,0.001666],[-0.023573,0.094301,0.995265,0.013247],[0.0,0.0,0.0,1.0]],"antennas":[-0.30878,0.547302],"body_yaw":-0.013798,"check_collision":false},{"head":[[0.995553,0.092585,0.017415,-0.006096],[-0.090492,0.99121,-0.096506,0.001583],[-0.026197,0.094501,0.99518,0.013328],[0.0,0.0,0.0,1.0]],"antennas":[-0.30878,0.547302],"body_yaw":-0.013798,"check_collision":false},{"head":[[0.995474,0.092305,0.022612,-0.005894],[-0.089683,0.991157,-0.097796,0.001806],[-0.031439,0.095325,0.99495,0.01279],[0.0,0.0,0.0,1.0]],"antennas":[-0.30878,0.547302],"body_yaw":-0.013798,"check_collision":false},{"head":[[0.99532,0.091264,0.031779,-0.004954],[-0.087652,0.991036,-0.100821,0.000338],[-0.040696,0.097564,0.994397,0.011775],[0.0,0.0,0.0,1.0]],"antennas":[-0.30878,0.547302],"body_yaw":-0.013798,"check_collision":false},{"head":[[0.994794,0.092654,0.042435,-0.004139],[-0.088047,0.991092,-0.099917,-0.000852],[-0.051314,0.095661,0.99409,0.010001],[0.0,0.0,0.0,1.0]],"antennas":[-0.30878,0.547302],"body_yaw":-0.013798,"check_collision":false},{"head":[[0.994146,0.094845,0.051741,-0.003748],[-0.089623,0.991405,-0.095313,-0.001537],[-0.060337,0.090118,0.994102,0.008056],[0.0,0.0,0.0,1.0]],"antennas":[-0.30878,0.547302],"body_yaw":-0.013798,"check_collision":false},{"head":[[0.993579,0.097582,0.057266,-0.003678],[-0.092071,0.991489,-0.092046,-0.001816],[-0.065761,0.086182,0.994107,0.006413],[0.0,0.0,0.0,1.0]],"antennas":[-0.30878,0.547302],"body_yaw":-0.013798,"check_collision":false},{"head":[[0.993396,0.097693,0.060167,-0.003561],[-0.091947,0.991521,-0.09182,-0.002064],[-0.068627,0.085682,0.993956,0.00479],[0.0,0.0,0.0,1.0]],"antennas":[-0.30878,0.547302],"body_yaw":-0.013798,"check_collision":false},{"head":[[0.99346,0.094897,0.06349,-0.002868],[-0.088704,0.991601,-0.094127,-0.003349],[-0.071889,0.08788,0.993534,0.003336],[0.0,0.0,0.0,1.0]],"antennas":[-0.30878,0.547302],"body_yaw":-0.013798,"check_collision":false},{"head":[[0.993088,0.096464,0.066858,-0.002563],[-0.089931,0.991439,-0.094667,-0.004087],[-0.075418,0.088,0.993261,0.002112],[0.0,0.0,0.0,1.0]],"antennas":[-0.30878,0.547302],"body_yaw":-0.013798,"check_collision":false},{"head":[[0.992733,0.098694,0.068852,-0.002597],[-0.092196,0.99149,-0.09191,-0.004554],[-0.077337,0.084894,0.993384,0.001445],[0.0,0.0,0.0,1.0]],"antennas":[-0.30878,0.547302],"body_yaw":-0.013798,"check_collision":false},{"head":[[0.993033,0.098259,0.065045,-0.002714],[-0.09195,0.99134,-0.093757,-0.004863],[-0.073694,0.087123,0.993468,0.001455],[0.0,0.0,0.0,1.0]],"antennas":[-0.30878,0.547302],"body_yaw":-0.013798,"check_collision":false},{"head":[[0.99389,0.094239,0.057453,-0.002821],[-0.088212,0.991102,-0.099681,-0.004839],[-0.066336,0.094004,0.993359,0.002339],[0.0,0.0,0.0,1.0]],"antennas":[-0.30878,0.547302],"body_yaw":-0.013798,"check_collision":false},{"head":[[0.994847,0.089327,0.047958,-0.003257],[-0.083673,0.990495,-0.109174,-0.004414],[-0.057254,0.104599,0.992865,0.00392],[0.0,0.0,0.0,1.0]],"antennas":[-0.30878,0.547302],"body_yaw":-0.013798,"check_collision":false},{"head":[[0.995178,0.086552,0.046146,-0.003974],[-0.080669,0.989862,-0.116902,-0.003692],[-0.055796,0.112616,0.992071,0.005914],[0.0,0.0,0.0,1.0]],"antennas":[-0.30878,0.547302],"body_yaw":-0.013798,"check_collision":false},{"head":[[0.995055,0.087222,0.047508,-0.004625],[-0.081047,0.989552,-0.119238,-0.003026],[-0.057412,0.114798,0.991728,0.008228],[0.0,0.0,0.0,1.0]],"antennas":[-0.30878,0.547302],"body_yaw":-0.013798,"check_collision":false},{"head":[[0.995734,0.082559,0.04121,-0.004842],[-0.076987,0.989518,-0.122176,-0.002457],[-0.050865,0.118482,0.991652,0.009873],[0.0,0.0,0.0,1.0]],"antennas":[-0.30878,0.547302],"body_yaw":-0.013798,"check_collision":false},{"head":[[0.996679,0.075606,0.030254,-0.004838],[-0.071394,0.989964,-0.121958,-0.002021],[-0.039171,0.119393,0.992074,0.011172],[0.0,0.0,0.0,1.0]],"antennas":[-0.30878,0.547302],"body_yaw":-0.013798,"check_collision":false},{"head":[[0.997189,0.071957,0.02091,-0.004891],[-0.068945,0.990359,-0.120147,-0.001571],[-0.029354,0.118368,0.992536,0.01219],[0.0,0.0,0.0,1.0]],"antennas":[-0.30878,0.547302],"body_yaw":-0.013798,"check_collision":false},{"head":[[0.997242,0.072526,0.015773,-0.004923],[-0.07016,0.990475,-0.118477,-0.001128],[-0.024216,0.117043,0.992832,0.012729],[0.0,0.0,0.0,1.0]],"antennas":[-0.30878,0.547302],"body_yaw":-0.013798,"check_collision":false},{"head":[[0.99718,0.073,0.017383,-0.004389],[-0.070487,0.990657,-0.116751,-0.001876],[-0.025743,0.115196,0.993009,0.013107],[0.0,0.0,0.0,1.0]],"antennas":[-0.30878,0.547302],"body_yaw":-0.013798,"check_collision":false},{"head":[[0.997238,0.071496,0.020121,-0.003876],[-0.068655,0.990692,-0.117539,-0.002949],[-0.028338,0.115833,0.992864,0.01338],[0.0,0.0,0.0,1.0]],"antennas":[-0.30878,0.547302],"body_yaw":-0.013798,"check_collision":false},{"head":[[0.997167,0.071347,0.023817,-0.003699],[-0.068092,0.990777,-0.117147,-0.003455],[-0.031955,0.115194,0.992829,0.013224],[0.0,0.0,0.0,1.0]],"antennas":[-0.30878,0.547302],"body_yaw":-0.013798,"check_collision":false},{"head":[[0.996899,0.073515,0.02807,-0.00358],[-0.069837,0.990914,-0.114942,-0.003157],[-0.036265,0.112626,0.992975,0.011955],[0.0,0.0,0.0,1.0]],"antennas":[-0.30878,0.547302],"body_yaw":-0.013798,"check_collision":false},{"head":[[0.996367,0.078694,0.032555,-0.003044],[-0.074798,0.991412,-0.107275,-0.003271],[-0.040717,0.10445,0.993696,0.009717],[0.0,0.0,0.0,1.0]],"antennas":[-0.30878,0.547302],"body_yaw":-0.013798,"check_collision":false},{"head":[[0.99583,0.082573,0.038794,-0.002474],[-0.078394,0.991986,-0.099091,-0.003675],[-0.046665,0.095637,0.994322,0.007565],[0.0,0.0,0.0,1.0]],"antennas":[-0.30878,0.547302],"body_yaw":-0.013798,"check_collision":false},{"head":[[0.995537,0.081342,0.047846,-0.002273],[-0.076359,0.992244,-0.098082,-0.003788],[-0.055454,0.093991,0.994027,0.005818],[0.0,0.0,0.0,1.0]],"antennas":[-0.30878,0.547289],"body_yaw":-0.013798,"check_collision":false},{"head":[[0.99518,0.080616,0.055834,-0.00218],[-0.07483,0.992276,-0.098937,-0.003939],[-0.063379,0.094282,0.993526,0.004207],[0.0,0.0,0.0,1.0]],"antennas":[-0.277622,0.466677],"body_yaw":-0.013798,"check_collision":false},{"head":[[0.994526,0.08338,0.062982,-0.002019],[-0.076922,0.992129,-0.098805,-0.004312],[-0.070725,0.093419,0.993112,0.0027],[0.0,0.0,0.0,1.0]],"antennas":[-0.182338,0.378248],"body_yaw":-0.013798,"check_collision":false},{"head":[[0.993815,0.088071,0.067634,-0.001895],[-0.081469,0.992153,-0.09484,-0.004548],[-0.075456,0.088743,0.993192,0.001549],[0.0,0.0,0.0,1.0]],"antennas":[-0.102894,0.31123],"body_yaw":-0.013798,"check_collision":false},{"head":[[0.993502,0.089719,0.070037,-0.001934],[-0.083302,0.992478,-0.089713,-0.004611],[-0.077559,0.083295,0.993502,0.000863],[0.0,0.0,0.0,1.0]],"antennas":[-0.050922,0.274697],"body_yaw":-0.013798,"check_collision":false},{"head":[[0.993404,0.089464,0.07173,-0.001914],[-0.083147,0.99276,-0.086683,-0.004974],[-0.078965,0.080147,0.99365,0.000643],[0.0,0.0,0.0,1.0]],"antennas":[-0.03059,0.272673],"body_yaw":-0.013798,"check_collision":false},{"head":[[0.993256,0.090433,0.072561,-0.001861],[-0.083856,0.992489,-0.089068,-0.005248],[-0.08007,0.082383,0.993379,0.000924],[0.0,0.0,0.0,1.0]],"antennas":[-0.046686,0.306302],"body_yaw":-0.013798,"check_collision":false},{"head":[[0.993373,0.090772,0.070504,-0.002018],[-0.083931,0.991972,-0.094587,-0.00504],[-0.078524,0.088043,0.993017,0.002089],[0.0,0.0,0.0,1.0]],"antennas":[-0.09648,0.370734],"body_yaw":-0.013798,"check_collision":false},{"head":[[0.994124,0.088255,0.062681,-0.002216],[-0.0815,0.991318,-0.103183,-0.004594],[-0.071243,0.097468,0.992685,0.004023],[0.0,0.0,0.0,1.0]],"antennas":[-0.173313,0.45781],"body_yaw":-0.013798,"check_collision":false},{"head":[[0.995323,0.0817,0.051542,-0.002371],[-0.075447,0.990682,-0.11339,-0.004304],[-0.060326,0.108971,0.992213,0.006251],[0.0,0.0,0.0,1.0]],"antennas":[-0.267889,0.55638],"body_yaw":-0.013798,"check_collision":false},{"head":[[0.99613,0.076919,0.042531,-0.00257],[-0.071351,0.990238,-0.119742,-0.003742],[-0.051327,0.116244,0.991894,0.007996],[0.0,0.0,0.0,1.0]],"antennas":[-0.366163,0.653128],"body_yaw":-0.013798,"check_collision":false},{"head":[[0.99652,0.076169,0.03387,-0.002803],[-0.071563,0.990071,-0.120989,-0.003035],[-0.04275,0.118144,0.992076,0.009535],[0.0,0.0,0.0,1.0]],"antennas":[-0.458584,0.73701],"body_yaw":-0.013798,"check_collision":false},{"head":[[0.996554,0.078468,0.026892,-0.00291],[-0.074741,0.990057,-0.119167,-0.002376],[-0.035976,0.116747,0.99251,0.010479],[0.0,0.0,0.0,1.0]],"antennas":[-0.532175,0.796683],"body_yaw":-0.013798,"check_collision":false},{"head":[[0.996458,0.081048,0.022426,-0.003008],[-0.077953,0.990281,-0.115181,-0.001668],[-0.031543,0.113025,0.993091,0.011049],[0.0,0.0,0.0,1.0]],"antennas":[-0.576065,0.824079],"body_yaw":-0.013798,"check_collision":false},{"head":[[0.996466,0.081614,0.019872,-0.002966],[-0.078908,0.990609,-0.111657,-0.001111],[-0.028799,0.109695,0.993548,0.011256],[0.0,0.0,0.0,1.0]],"antennas":[-0.585994,0.815997],"body_yaw":-0.013798,"check_collision":false},{"head":[[0.996444,0.08181,0.020156,-0.002914],[-0.079174,0.990976,-0.10816,-0.000973],[-0.028823,0.106179,0.993929,0.011145],[0.0,0.0,0.0,1.0]],"antennas":[-0.560436,0.77344],"body_yaw":-0.013798,"check_collision":false},{"head":[[0.996121,0.084449,0.024736,-0.002784],[-0.081476,0.991308,-0.103294,-0.000888],[-0.033244,0.100878,0.994343,0.010191],[0.0,0.0,0.0,1.0]],"antennas":[-0.50239,0.701818],"body_yaw":-0.013798,"check_collision":false},{"head":[[0.995581,0.087356,0.034469,-0.00255],[-0.083577,0.991571,-0.099,-0.00098],[-0.042826,0.095682,0.99449,0.008566],[0.0,0.0,0.0,1.0]],"antennas":[-0.419879,0.61052],"body_yaw":-0.013798,"check_collision":false},{"head":[[0.994901,0.091655,0.042092,-0.002471],[-0.087308,0.991589,-0.095539,-0.000834],[-0.050495,0.091377,0.994535,0.006807],[0.0,0.0,0.0,1.0]],"antennas":[-0.32242,0.510998],"body_yaw":-0.013798,"check_collision":false},{"head":[[0.994814,0.090336,0.046749,-0.001802],[-0.085521,0.991664,-0.096378,-0.002475],[-0.055065,0.09188,0.994246,0.00568],[0.0,0.0,0.0,1.0]],"antennas":[-0.223889,0.416176],"body_yaw":-0.013798,"check_collision":false},{"head":[[0.994771,0.087841,0.0521,-0.001723],[-0.082319,0.991573,-0.100034,-0.002717],[-0.060448,0.095223,0.993619,0.004087],[0.0,0.0,0.0,1.0]],"antennas":[-0.136308,0.338238],"body_yaw":-0.013798,"check_collision":false},{"head":[[0.994591,0.085117,0.059526,-0.001639],[-0.078631,0.991474,-0.103904,-0.002883],[-0.067863,0.098661,0.992804,0.002421],[0.0,0.0,0.0,1.0]],"antennas":[-0.070412,0.286998],"body_yaw":-0.013798,"check_collision":false},{"head":[[0.994152,0.083947,0.067932,-0.001481],[-0.076397,0.99132,-0.106997,-0.003073],[-0.076325,0.101181,0.991936,0.001098],[0.0,0.0,0.0,1.0]],"antennas":[-0.035159,0.269078],"body_yaw":-0.013798,"check_collision":false},{"head":[[0.993502,0.084543,0.076202,-0.001423],[-0.076152,0.991339,-0.106997,-0.003413],[-0.084588,0.100499,0.991335,5.9e-05],[0.0,0.0,0.0,1.0]],"antennas":[-0.034972,0.286852],"body_yaw":-0.013798,"check_collision":false},{"head":[[0.993295,0.082583,0.0809,-0.000293],[-0.073614,0.991401,-0.108187,-0.006363],[-0.089139,0.101506,0.990833,0.000272],[0.0,0.0,0.0,1.0]],"antennas":[-0.069785,0.337956],"body_yaw":-0.013798,"check_collision":false},{"head":[[0.993112,0.083579,0.082113,-0.000295],[-0.074222,0.991039,-0.111053,-0.006379],[-0.090659,0.104193,0.990416,0.000399],[0.0,0.0,0.0,1.0]],"antennas":[-0.135718,0.416189],"body_yaw":-0.013798,"check_collision":false},{"head":[[0.992728,0.085174,0.085071,-0.000432],[-0.075199,0.990599,-0.114276,-0.006029],[-0.094004,0.107048,0.9898,0.000919],[0.0,0.0,0.0,1.0]],"antennas":[-0.223473,0.511004],"body_yaw":-0.013798,"check_collision":false},{"head":[[0.99245,0.086351,0.087095,-0.000938],[-0.075695,0.990004,-0.119003,-0.005469],[-0.0965,0.111512,0.989067,0.002259],[0.0,0.0,0.0,1.0]],"antennas":[-0.322204,0.610474],"body_yaw":-0.013798,"check_collision":false},{"head":[[0.992573,0.086629,0.085411,-0.001346],[-0.075605,0.989298,-0.12479,-0.005059],[-0.095307,0.117406,0.9885,0.004198],[0.0,0.0,0.0,1.0]],"antennas":[-0.41931,0.701933],"body_yaw":-0.013798,"check_collision":false},{"head":[[0.993129,0.08665,0.078657,-0.001558],[-0.076229,0.98897,-0.126993,-0.004588],[-0.088793,0.120125,0.98878,0.00643],[0.0,0.0,0.0,1.0]],"antennas":[-0.502135,0.773583],"body_yaw":-0.013798,"check_collision":false},{"head":[[0.994049,0.084568,0.068671,-0.001604],[-0.075464,0.989183,-0.12579,-0.004067],[-0.078566,0.119859,0.989677,0.008172],[0.0,0.0,0.0,1.0]],"antennas":[-0.560234,0.816161],"body_yaw":-0.013798,"check_collision":false},{"head":[[0.994967,0.081629,0.058113,-0.001723],[-0.074208,0.98999,-0.120055,-0.003488],[-0.067331,0.115139,0.991065,0.009071],[0.0,0.0,0.0,1.0]],"antennas":[-0.586203,0.824329],"body_yaw":-0.013798,"check_collision":false},{"head":[[0.996017,0.073416,0.050594,-0.000355],[-0.067341,0.991334,-0.112793,-0.006555],[-0.058436,0.108937,0.99233,0.010947],[0.0,0.0,0.0,1.0]],"antennas":[-0.576471,0.796952],"body_yaw":-0.013798,"check_collision":false},{"head":[[0.996664,0.070433,0.041237,-0.000501],[-0.065728,0.992185,-0.106056,-0.006248],[-0.048385,0.102992,0.993505,0.012003],[0.0,0.0,0.0,1.0]],"antennas":[-0.532789,0.73769],"body_yaw":-0.013798,"check_collision":false},{"head":[[0.997062,0.068265,0.034751,-0.000154],[-0.064441,0.992769,-0.101275,-0.007308],[-0.041413,0.098738,0.994251,0.013036],[0.0,0.0,0.0,1.0]],"antennas":[-0.460155,0.653869],"body_yaw":-0.013798,"check_collision":false},{"head":[[0.99724,0.06785,0.03014,-0.000252],[-0.064588,0.993043,-0.098462,-0.006926],[-0.036611,0.096244,0.994684,0.013266],[0.0,0.0,0.0,1.0]],"antennas":[-0.367691,0.556339],"body_yaw":-0.013798,"check_collision":false},{"head":[[0.99728,0.068117,0.028147,-0.000125],[-0.065195,0.993418,-0.094182,-0.006541],[-0.034377,0.092091,0.995157,0.013041],[0.0,0.0,0.0,1.0]],"antennas":[-0.268475,0.457849],"body_yaw":-0.013798,"check_collision":false},{"head":[[0.997196,0.069897,0.026714,0.000186],[-0.067337,0.993929,-0.087005,-0.006374],[-0.032633,0.084963,0.99585,0.011952],[0.0,0.0,0.0,1.0]],"antennas":[-0.173627,0.370537],"body_yaw":-0.013798,"check_collision":false},{"head":[[0.996788,0.074774,0.028684,0.000296],[-0.072215,0.994033,-0.081748,-0.006324],[-0.034625,0.079414,0.99624,0.010351],[0.0,0.0,0.0,1.0]],"antennas":[-0.09666,0.306022],"body_yaw":-0.013798,"check_collision":false},{"head":[[0.996439,0.078332,0.031192,0.000443],[-0.075559,0.993773,-0.081892,-0.006366],[-0.037412,0.079244,0.996153,0.008371],[0.0,0.0,0.0,1.0]],"antennas":[-0.046554,0.272378],"body_yaw":-0.013798,"check_collision":false},{"head":[[0.996372,0.079229,0.031087,0.000727],[-0.076453,0.993683,-0.08215,-0.006672],[-0.037399,0.079475,0.996135,0.006727],[0.0,0.0,0.0,1.0]],"antennas":[-0.030148,0.274013],"body_yaw":-0.013798,"check_collision":false},{"head":[[0.996273,0.078345,0.036093,0.001],[-0.075187,0.993807,-0.081824,-0.007126],[-0.04228,0.078806,0.995993,0.00524],[0.0,0.0,0.0,1.0]],"antennas":[-0.049546,0.310739],"body_yaw":-0.013798,"check_collision":false},{"head":[[0.996092,0.077615,0.042162,0.00111],[-0.073992,0.993915,-0.081599,-0.007194],[-0.048238,0.07816,0.995773,0.003761],[0.0,0.0,0.0,1.0]],"antennas":[-0.102397,0.377804],"body_yaw":-0.013798,"check_collision":false},{"head":[[0.995779,0.077689,0.04888,0.001357],[-0.073537,0.993943,-0.081666,-0.007736],[-0.054928,0.077726,0.99546,0.00264],[0.0,0.0,0.0,1.0]],"antennas":[-0.18118,0.466588],"body_yaw":-0.013798,"check_collision":false},{"head":[[0.995522,0.07939,0.051307,0.00163],[-0.075126,0.993936,-0.080291,-0.008276],[-0.057371,0.076077,0.99545,0.002087],[0.0,0.0,0.0,1.0]],"antennas":[-0.276506,0.565654],"body_yaw":-0.013798,"check_collision":false},{"head":[[0.995538,0.079394,0.051006,0.001497],[-0.074937,0.993641,-0.084032,-0.007977],[-0.057354,0.079834,0.995157,0.001857],[0.0,0.0,0.0,1.0]],"antennas":[-0.376543,0.662609],"body_yaw":-0.013798,"check_collision":false},{"head":[[0.995717,0.078773,0.048405,0.001402],[-0.074267,0.993282,-0.08874,-0.007834],[-0.05507,0.084765,0.994878,0.002258],[0.0,0.0,0.0,1.0]],"antennas":[-0.467174,0.744334],"body_yaw":-0.013798,"check_collision":false},{"head":[[0.995868,0.077695,0.047011,0.001014],[-0.073008,0.992862,-0.094314,-0.007224],[-0.054003,0.090492,0.994432,0.003112],[0.0,0.0,0.0,1.0]],"antennas":[-0.537926,0.801435],"body_yaw":-0.013798,"check_collision":false},{"head":[[0.996003,0.075948,0.047004,0.000494],[-0.07096,0.992457,-0.099966,-0.006572],[-0.054242,0.096232,0.99388,0.004711],[0.0,0.0,0.0,1.0]],"antennas":[-0.579288,0.825783],"body_yaw":-0.013798,"check_collision":false},{"head":[[0.996257,0.073598,0.045338,-9.5e-05],[-0.068507,0.992097,-0.105121,-0.006152],[-0.052716,0.101622,0.993425,0.006712],[0.0,0.0,0.0,1.0]],"antennas":[-0.586019,0.814327],"body_yaw":-0.013798,"check_collision":false},{"head":[[0.996722,0.070882,0.039009,-0.000584],[-0.066413,0.992155,-0.10591,-0.005744],[-0.04621,0.102972,0.99361,0.008668],[0.0,0.0,0.0,1.0]],"antennas":[-0.557866,0.796395],"body_yaw":-0.013798,"check_collision":false},{"head":[[0.99703,0.069599,0.032974,-0.000935],[-0.065941,0.992659,-0.101387,-0.00496],[-0.039788,0.098912,0.9943,0.010224],[0.0,0.0,0.0,1.0]],"antennas":[-0.557866,0.796395],"body_yaw":-0.013798,"check_collision":false},{"head":[[0.997148,0.069771,0.028766,-0.001226],[-0.066773,0.993279,-0.094541,-0.004327],[-0.035169,0.092351,0.995105,0.011657],[0.0,0.0,0.0,1.0]],"antennas":[-0.557866,0.796395],"body_yaw":-0.013798,"check_collision":false},{"head":[[0.997148,0.071228,0.024942,-0.001651],[-0.068827,0.993864,-0.086585,-0.003654],[-0.030956,0.084622,0.995932,0.012811],[0.0,0.0,0.0,1.0]],"antennas":[-0.557866,0.796395],"body_yaw":-0.013798,"check_collision":false},{"head":[[0.99722,0.071565,0.020736,-0.001965],[-0.069643,0.994197,-0.081986,-0.003092],[-0.026483,0.080314,0.996418,0.013808],[0.0,0.0,0.0,1.0]],"antennas":[-0.557866,0.796395],"body_yaw":-0.013798,"check_collision":false},{"head":[[0.997461,0.069265,0.016535,-0.001888],[-0.067697,0.994364,-0.081596,-0.002753],[-0.022093,0.08027,0.996528,0.014271],[0.0,0.0,0.0,1.0]],"antennas":[-0.557866,0.796395],"body_yaw":-0.013798,"check_collision":false},{"head":[[0.997412,0.070058,0.01618,-0.00174],[-0.068521,0.994327,-0.081361,-0.002574],[-0.021788,0.080041,0.996553,0.013827],[0.0,0.0,0.0,1.0]],"antennas":[-0.557866,0.796395],"body_yaw":-0.013798,"check_collision":false},{"head":[[0.99725,0.072413,0.01575,-0.00147],[-0.070957,0.994355,-0.078892,-0.002144],[-0.021374,0.077557,0.996759,0.012953],[0.0,0.0,0.0,1.0]],"antennas":[-0.557866,0.796395],"body_yaw":-0.013798,"check_collision":false},{"head":[[0.997192,0.073005,0.016696,-0.00118],[-0.071512,0.994449,-0.07718,-0.001899],[-0.022238,0.075769,0.996877,0.011539],[0.0,0.0,0.0,1.0]],"antennas":[-0.557866,0.796395],"body_yaw":-0.013798,"check_collision":false},{"head":[[0.997205,0.072656,0.017441,-0.000769],[-0.07109,0.994421,-0.077924,-0.001932],[-0.023005,0.076466,0.996807,0.009857],[0.0,0.0,0.0,1.0]],"antennas":[-0.557866,0.796395],"body_yaw":-0.013798,"check_collision":false},{"head":[[0.99735,0.071014,0.015839,-0.000349],[-0.069545,0.994418,-0.079353,-0.001732],[-0.021386,0.078041,0.996721,0.008244],[0.0,0.0,0.0,1.0]],"antennas":[-0.557866,0.796395],"body_yaw":-0.013798,"check_collision":false},{"head":[[0.997466,0.069044,0.017138,0.000376],[-0.067414,0.994331,-0.082227,-0.002361],[-0.022718,0.080863,0.996466,0.006868],[0.0,0.0,0.0,1.0]],"antennas":[-0.557866,0.796395],"body_yaw":-0.013798,"check_collision":false},{"head":[[0.997381,0.068431,0.023417,0.001046],[-0.066163,0.994027,-0.086788,-0.002323],[-0.029216,0.085011,0.995952,0.005286],[0.0,0.0,0.0,1.0]],"antennas":[-0.557866,0.796395],"body_yaw":-0.013798,"check_collision":false},{"head":[[0.997195,0.069051,0.028888,0.00166],[-0.066055,0.993354,-0.094255,-0.002353],[-0.035204,0.092082,0.995129,0.003877],[0.0,0.0,0.0,1.0]],"antennas":[-0.557866,0.796395],"body_yaw":-0.013798,"check_collision":false},{"head":[[0.996879,0.071779,0.032857,0.001855],[-0.068273,0.992878,-0.097631,-0.002207],[-0.03963,0.095083,0.99468,0.00319],[0.0,0.0,0.0,1.0]],"antennas":[-0.557866,0.796395],"body_yaw":-0.013798,"check_collision":false},{"head":[[0.996702,0.072825,0.035792,0.001765],[-0.068977,0.992692,-0.099017,-0.002068],[-0.042742,0.096221,0.994442,0.003172],[0.0,0.0,0.0,1.0]],"antennas":[-0.557866,0.796395],"body_yaw":-0.013798,"check_collision":false},{"head":[[0.996584,0.072862,0.038888,0.00151],[-0.06863,0.992529,-0.100876,-0.002024],[-0.045948,0.097862,0.994139,0.003592],[0.0,0.0,0.0,1.0]],"antennas":[-0.557866,0.796395],"body_yaw":-0.013798,"check_collision":false},{"head":[[0.996175,0.074594,0.045518,0.000897],[-0.069768,0.992566,-0.099721,-0.001763],[-0.052619,0.096164,0.993974,0.004612],[0.0,0.0,0.0,1.0]],"antennas":[-0.557866,0.796395],"body_yaw":-0.013798,"check_collision":false},{"head":[[0.995757,0.076596,0.050993,0.000661],[-0.071336,0.992626,-0.098007,-0.002925],[-0.058124,0.093953,0.993878,0.006605],[0.0,0.0,0.0,1.0]],"antennas":[-0.557866,0.796395],"body_yaw":-0.013798,"check_collision":false},{"head":[[0.99537,0.079752,0.053648,0.000598],[-0.074429,0.99271,-0.094802,-0.004461],[-0.060818,0.09037,0.99405,0.008983],[0.0,0.0,0.0,1.0]],"antennas":[-0.557866,0.796395],"body_yaw":-0.013798,"check_collision":false},{"head":[[0.995615,0.07998,0.048514,0.000307],[-0.07532,0.992973,-0.091276,-0.004674],[-0.055473,0.087222,0.994643,0.01084],[0.0,0.0,0.0,1.0]],"antennas":[-0.557866,0.796395],"body_yaw":-0.013798,"check_collision":false},{"head":[[0.996288,0.076303,0.039846,1.4e-05],[-0.072508,0.993363,-0.089285,-0.004254],[-0.046394,0.086065,0.995209,0.012211],[0.0,0.0,0.0,1.0]],"antennas":[-0.557866,0.796395],"body_yaw":-0.013798,"check_collision":false},{"head":[[0.996664,0.074307,0.033752,-0.000488],[-0.071195,0.993785,-0.085575,-0.003806],[-0.039901,0.082887,0.99576,0.013502],[0.0,0.0,0.0,1.0]],"antennas":[-0.557866,0.796395],"body_yaw":-0.013798,"check_collision":false},{"head":[[0.996761,0.074961,0.029134,-0.001064],[-0.072446,0.994202,-0.079461,-0.003396],[-0.034921,0.077093,0.996412,0.014776],[0.0,0.0,0.0,1.0]],"antennas":[-0.557866,0.796395],"body_yaw":-0.013798,"check_collision":false},{"head":[[0.996857,0.075367,0.024391,-0.001356],[-0.073305,0.994366,-0.076573,-0.003136],[-0.030025,0.074545,0.996766,0.015806],[0.0,0.0,0.0,1.0]],"antennas":[-0.557866,0.796395],"body_yaw":-0.013798,"check_collision":false},{"head":[[0.996905,0.075461,0.022032,-0.001543],[-0.073599,0.994409,-0.075724,-0.00267],[-0.027623,0.073868,0.996885,0.016259],[0.0,0.0,0.0,1.0]],"antennas":[-0.557866,0.796395],"body_yaw":-0.013798,"check_collision":false},{"head":[[0.996869,0.07549,0.023512,-0.001691],[-0.073549,0.994492,-0.074679,-0.0021],[-0.02902,0.072716,0.99693,0.016187],[0.0,0.0,0.0,1.0]],"antennas":[-0.557866,0.796395],"body_yaw":-0.013798,"check_collision":false},{"head":[[0.996831,0.075552,0.024891,-0.001768],[-0.073532,0.994547,-0.073949,-0.001767],[-0.030342,0.071885,0.996951,0.015937],[0.0,0.0,0.0,1.0]],"antennas":[-0.557866,0.796395],"body_yaw":-0.013798,"check_collision":false},{"head":[[0.996788,0.075952,0.025391,-0.001873],[-0.073927,0.994593,-0.072941,-0.001456],[-0.030794,0.070829,0.997013,0.015707],[0.0,0.0,0.0,1.0]],"antennas":[-0.557866,0.796395],"body_yaw":-0.013798,"check_collision":false},{"head":[[0.996756,0.07656,0.024839,-0.001987],[-0.07458,0.994563,-0.072675,-0.001261],[-0.030267,0.070587,0.997046,0.015649],[0.0,0.0,0.0,1.0]],"antennas":[-0.557866,0.796395],"body_yaw":-0.013798,"check_collision":false},{"head":[[0.996736,0.077217,0.023539,-0.002187],[-0.075349,0.994559,-0.07194,-0.001006],[-0.028966,0.069932,0.997131,0.015645],[0.0,0.0,0.0,1.0]],"antennas":[-0.557866,0.796395],"body_yaw":-0.013798,"check_collision":false},{"head":[[0.996651,0.078297,0.023576,-0.00234],[-0.076466,0.994576,-0.070513,-0.000875],[-0.028969,0.068474,0.997232,0.015562],[0.0,0.0,0.0,1.0]],"antennas":[-0.557866,0.796395],"body_yaw":-0.013798,"check_collision":false},{"head":[[0.996565,0.079584,0.022892,-0.002383],[-0.077831,0.994552,-0.069345,-0.000887],[-0.028287,0.067326,0.99733,0.015411],[0.0,0.0,0.0,1.0]],"antennas":[-0.557866,0.796395],"body_yaw":-0.013798,"check_collision":false},{"head":[[0.996512,0.080371,0.022474,-0.002484],[-0.078663,0.994534,-0.068663,-0.0007],[-0.027869,0.066656,0.997387,0.015101],[0.0,0.0,0.0,1.0]],"antennas":[-0.557866,0.796395],"body_yaw":-0.013798,"check_collision":false},{"head":[[0.996475,0.081058,0.021601,-0.002598],[-0.079437,0.994548,-0.067554,-0.000953],[-0.026959,0.0656,0.997482,0.014994],[0.0,0.0,0.0,1.0]],"antennas":[-0.557866,0.796395],"body_yaw":-0.013798,"check_collision":false},{"head":[[0.996462,0.082096,0.01797,-0.002932],[-0.080755,0.994565,-0.065719,-0.001035],[-0.023268,0.064036,0.997676,0.015093],[0.0,0.0,0.0,1.0]],"antennas":[-0.557866,0.796395],"body_yaw":-0.013798,"check_collision":false},{"head":[[0.996476,0.082627,0.014399,-0.003288],[-0.081542,0.994593,-0.064305,-0.001148],[-0.019635,0.062905,0.997826,0.015309],[0.0,0.0,0.0,1.0]],"antennas":[-0.557866,0.796395],"body_yaw":-0.013798,"check_collision":false},{"head":[[0.996524,0.08265,0.01046,-0.003543],[-0.081825,0.994619,-0.063542,-0.001248],[-0.015656,0.062465,0.997924,0.015289],[0.0,0.0,0.0,1.0]],"antennas":[-0.557866,0.796395],"body_yaw":-0.013798,"check_collision":false},{"head":[[0.996567,0.082624,0.005262,-0.003901],[-0.082138,0.994672,-0.062295,-0.00102],[-0.010381,0.061649,0.998044,0.015187],[0.0,0.0,0.0,1.0]],"antennas":[-0.557866,0.796395],"body_yaw":-0.013798,"check_collision":false},{"head":[[0.996518,0.083358,-0.001854,-0.004185],[-0.083315,0.994652,-0.061041,-0.001222],[-0.003244,0.060983,0.998134,0.015185],[0.0,0.0,0.0,1.0]],"antennas":[-0.557866,0.796395],"body_yaw":-0.013798,"check_collision":false},{"head":[[0.996435,0.083942,-0.008471,-0.004504],[-0.084298,0.994677,-0.059267,-0.001358],[0.003451,0.059769,0.998206,0.015225],[0.0,0.0,0.0,1.0]],"antennas":[-0.557866,0.796395],"body_yaw":-0.013798,"check_collision":false},{"head":[[0.996222,0.085281,-0.016383,-0.004937],[-0.086087,0.994643,-0.057222,-0.001249],[0.011415,0.058416,0.998227,0.015235],[0.0,0.0,0.0,1.0]],"antennas":[-0.557866,0.796395],"body_yaw":-0.013798,"check_collision":false},{"head":[[0.996004,0.086023,-0.024019,-0.005314],[-0.087253,0.99461,-0.056019,-0.001126],[0.019071,0.05789,0.998141,0.015302],[0.0,0.0,0.0,1.0]],"antennas":[-0.557866,0.796395],"body_yaw":-0.013798,"check_collision":false},{"head":[[0.99576,0.086951,-0.030035,-0.005458],[-0.088526,0.994507,-0.055851,-0.001366],[0.025014,0.058273,0.997987,0.015363],[0.0,0.0,0.0,1.0]],"antennas":[-0.557866,0.796395],"body_yaw":-0.013798,"check_collision":false},{"head":[[0.995577,0.087607,-0.033941,-0.005755],[-0.089413,0.994422,-0.055945,-0.00113],[0.02885,0.058733,0.997857,0.015196],[0.0,0.0,0.0,1.0]],"antennas":[-0.557866,0.796395],"body_yaw":-0.013798,"check_collision":false},{"head":[[0.995253,0.088919,-0.039552,-0.006116],[-0.091036,0.994305,-0.055413,-0.000671],[0.034399,0.058751,0.99768,0.015027],[0.0,0.0,0.0,1.0]],"antennas":[-0.557866,0.796395],"body_yaw":-0.013798,"check_collision":false},{"head":[[0.994915,0.090119,-0.044983,-0.006497],[-0.092558,0.994163,-0.055439,-0.000266],[0.039725,0.059321,0.997448,0.014942],[0.0,0.0,0.0,1.0]],"antennas":[-0.557866,0.796395],"body_yaw":-0.013798,"check_collision":false},{"head":[[0.994628,0.090859,-0.04959,-0.006697],[-0.093624,0.993998,-0.056597,1e-06],[0.04415,0.060935,0.997165,0.014841],[0.0,0.0,0.0,1.0]],"antennas":[-0.557866,0.796395],"body_yaw":-0.013798,"check_collision":false},{"head":[[0.994402,0.091266,-0.05325,-0.006774],[-0.094278,0.993907,-0.057095,0.000295],[0.047715,0.061795,0.996948,0.014678],[0.0,0.0,0.0,1.0]],"antennas":[-0.557866,0.796395],"body_yaw":-0.013798,"check_collision":false},{"head":[[0.994143,0.092094,-0.056553,-0.00678],[-0.095298,0.993825,-0.056834,0.000304],[0.05097,0.061891,0.996781,0.014624],[0.0,0.0,0.0,1.0]],"antennas":[-0.557866,0.796395],"body_yaw":-0.013798,"check_collision":false},{"head":[[0.993932,0.092421,-0.059649,-0.006799],[-0.095799,0.993796,-0.056494,0.000354],[0.054058,0.061866,0.996619,0.014495],[0.0,0.0,0.0,1.0]],"antennas":[-0.557866,0.796395],"body_yaw":-0.013798,"check_collision":false},{"head":[[0.993802,0.092734,-0.061299,-0.006944],[-0.096249,0.993718,-0.057106,0.000966],[0.055618,0.062652,0.996485,0.014199],[0.0,0.0,0.0,1.0]],"antennas":[-0.557866,0.796395],"body_yaw":-0.013798,"check_collision":false},{"head":[[0.993594,0.092778,-0.06452,-0.006885],[-0.096548,0.993638,-0.057985,0.001147],[0.058729,0.063843,0.99623,0.014051],[0.0,0.0,0.0,1.0]],"antennas":[-0.557866,0.796395],"body_yaw":-0.013798,"check_collision":false},{"head":[[0.993424,0.092458,-0.067531,-0.006851],[-0.096488,0.993579,-0.059076,0.001383],[0.061636,0.065204,0.995967,0.013999],[0.0,0.0,0.0,1.0]],"antennas":[-0.557866,0.796395],"body_yaw":-0.013798,"check_collision":false},{"head":[[0.993276,0.092138,-0.070098,-0.00679],[-0.0964,0.993529,-0.060056,0.001579],[0.064111,0.066409,0.995731,0.013875],[0.0,0.0,0.0,1.0]],"antennas":[-0.557866,0.796395],"body_yaw":-0.013798,"check_collision":false},{"head":[[0.992988,0.092678,-0.073392,-0.006719],[-0.097181,0.993434,-0.060368,0.00199],[0.067316,0.067077,0.995474,0.013615],[0.0,0.0,0.0,1.0]],"antennas":[-0.557866,0.796395],"body_yaw":-0.013798,"check_collision":false},{"head":[[0.992806,0.093105,-0.075286,-0.006594],[-0.097741,0.993375,-0.060445,0.001954],[0.069159,0.067368,0.995328,0.013501],[0.0,0.0,0.0,1.0]],"antennas":[-0.557866,0.796395],"body_yaw":-0.013798,"check_collision":false},{"head":[[0.9927,0.093285,-0.076447,-0.006545],[-0.098022,0.993329,-0.060746,0.002012],[0.07027,0.067796,0.995221,0.013363],[0.0,0.0,0.0,1.0]],"antennas":[-0.557866,0.796395],"body_yaw":-0.013798,"check_collision":false},{"head":[[0.992652,0.093147,-0.077235,-0.006579],[-0.097967,0.993309,-0.061151,0.002174],[0.071022,0.068269,0.995136,0.013212],[0.0,0.0,0.0,1.0]],"antennas":[-0.557866,0.796395],"body_yaw":-0.013798,"check_collision":false},{"head":[[0.992585,0.093317,-0.077884,-0.006593],[-0.098202,0.993268,-0.061436,0.002205],[0.071627,0.068629,0.995068,0.013218],[0.0,0.0,0.0,1.0]],"antennas":[-0.557866,0.796395],"body_yaw":-0.013798,"check_collision":false},{"head":[[0.99248,0.093729,-0.078726,-0.006492],[-0.09868,0.993214,-0.061542,0.00207],[0.072424,0.068847,0.994995,0.013312],[0.0,0.0,0.0,1.0]],"antennas":[-0.557866,0.796395],"body_yaw":-0.013798,"check_collision":false},{"head":[[0.992346,0.093865,-0.080244,-0.006567],[-0.098947,0.993166,-0.061889,0.002241],[0.073886,0.069355,0.994852,0.013278],[0.0,0.0,0.0,1.0]],"antennas":[-0.557866,0.796395],"body_yaw":-0.013798,"check_collision":false},{"head":[[0.992305,0.093981,-0.080609,-0.00658],[-0.099115,0.993128,-0.06224,0.00221],[0.074205,0.069751,0.994801,0.013211],[0.0,0.0,0.0,1.0]],"antennas":[-0.557866,0.796395],"body_yaw":-0.013798,"check_collision":false},{"head":[[0.992243,0.094304,-0.080996,-0.00647],[-0.099489,0.993071,-0.06255,0.00203],[0.074536,0.070123,0.99475,0.013141],[0.0,0.0,0.0,1.0]],"antennas":[-0.557866,0.796395],"body_yaw":-0.013798,"check_collision":false},{"head":[[0.992043,0.096409,-0.080969,-0.006556],[-0.101649,0.992805,-0.063295,0.002398],[0.074285,0.071021,0.994705,0.012836],[0.0,0.0,0.0,1.0]],"antennas":[-0.557866,0.796395],"body_yaw":-0.013798,"check_collision":false},{"head":[[0.991967,0.09704,-0.081147,-0.006498],[-0.102272,0.992759,-0.063015,0.002585],[0.074445,0.070808,0.994708,0.012708],[0.0,0.0,0.0,1.0]],"antennas":[-0.557866,0.796395],"body_yaw":-0.013798,"check_collision":false},{"head":[[0.991897,0.097585,-0.081348,-0.00654],[-0.102772,0.992757,-0.062215,0.002823],[0.074688,0.070071,0.994742,0.012691],[0.0,0.0,0.0,1.0]],"antennas":[-0.557866,0.796395],"body_yaw":-0.013798,"check_collision":false},{"head":[[0.991777,0.098027,-0.082279,-0.006628],[-0.103244,0.992739,-0.061732,0.003001],[0.07563,0.069719,0.994696,0.012819],[0.0,0.0,0.0,1.0]],"antennas":[-0.557866,0.796395],"body_yaw":-0.013798,"check_collision":false},{"head":[[0.991725,0.098227,-0.082667,-0.006609],[-0.10348,0.992707,-0.06185,0.002942],[0.075989,0.069892,0.994656,0.012965],[0.0,0.0,0.0,1.0]],"antennas":[-0.557866,0.796395],"body_yaw":-0.013798,"check_collision":false},{"head":[[0.991696,0.098178,-0.08307,-0.006678],[-0.103488,0.992682,-0.062224,0.003101],[0.076353,0.070304,0.994599,0.012972],[0.0,0.0,0.0,1.0]],"antennas":[-0.557866,0.796395],"body_yaw":-0.013798,"check_collision":false},{"head":[[0.991703,0.098119,-0.083053,-0.006642],[-0.103472,0.992647,-0.062811,0.003173],[0.076279,0.070883,0.994564,0.012846],[0.0,0.0,0.0,1.0]],"antennas":[-0.557866,0.796395],"body_yaw":-0.013798,"check_collision":false},{"head":[[0.991713,0.098426,-0.082565,-0.006617],[-0.103766,0.992599,-0.063083,0.003263],[0.075745,0.071128,0.994587,0.012642],[0.0,0.0,0.0,1.0]],"antennas":[-0.557866,0.796395],"body_yaw":-0.013798,"check_collision":false},{"head":[[0.991692,0.098765,-0.082417,-0.006625],[-0.104093,0.992566,-0.063063,0.003233],[0.075576,0.071118,0.994601,0.012607],[0.0,0.0,0.0,1.0]],"antennas":[-0.557866,0.796395],"body_yaw":-0.013798,"check_collision":false},{"head":[[0.991738,0.09848,-0.082198,-0.006573],[-0.103813,0.992578,-0.063343,0.003039],[0.07535,0.071353,0.994601,0.012655],[0.0,0.0,0.0,1.0]],"antennas":[-0.557866,0.796395],"body_yaw":-0.013798,"check_collision":false},{"head":[[0.991764,0.098477,-0.081895,-0.006518],[-0.103755,0.992612,-0.062902,0.002931],[0.075095,0.070881,0.994654,0.012708],[0.0,0.0,0.0,1.0]],"antennas":[-0.557866,0.796395],"body_yaw":-0.013798,"check_collision":false},{"head":[[0.991801,0.098197,-0.081783,-0.006544],[-0.103468,0.992641,-0.062916,0.002981],[0.075003,0.070862,0.994662,0.012742],[0.0,0.0,0.0,1.0]],"antennas":[-0.557866,0.796395],"body_yaw":-0.013798,"check_collision":false},{"head":[[0.99184,0.098102,-0.081425,-0.006541],[-0.103356,0.992646,-0.063026,0.00289],[0.074643,0.070927,0.994685,0.01278],[0.0,0.0,0.0,1.0]],"antennas":[-0.557866,0.796395],"body_yaw":-0.013798,"check_collision":false},{"head":[[0.9919,0.097821,-0.08103,-0.006518],[-0.103078,0.992647,-0.063452,0.002814],[0.074227,0.071291,0.99469,0.012784],[0.0,0.0,0.0,1.0]],"antennas":[-0.557866,0.796395],"body_yaw":-0.013798,"check_collision":false},{"head":[[0.991953,0.097792,-0.080407,-0.006437],[-0.102996,0.992663,-0.063338,0.002608],[0.073623,0.07111,0.994748,0.012832],[0.0,0.0,0.0,1.0]],"antennas":[-0.557866,0.796395],"body_yaw":-0.013798,"check_collision":false},{"head":[[0.991997,0.097804,-0.079852,-0.006421],[-0.102961,0.992673,-0.063235,0.002627],[0.073083,0.07095,0.994799,0.012842],[0.0,0.0,0.0,1.0]],"antennas":[-0.557866,0.796395],"body_yaw":-0.013798,"check_collision":false},{"head":[[0.992095,0.097777,-0.078657,-0.006327],[-0.10286,0.992674,-0.063389,0.002635],[0.071883,0.070979,0.994884,0.012797],[0.0,0.0,0.0,1.0]],"antennas":[-0.557866,0.796395],"body_yaw":-0.013798,"check_collision":false},{"head":[[0.992171,0.097474,-0.078072,-0.006311],[-0.102545,0.99268,-0.0638,0.0027],[0.071282,0.071307,0.994904,0.012738],[0.0,0.0,0.0,1.0]],"antennas":[-0.557866,0.796395],"body_yaw":-0.013798,"check_collision":false},{"head":[[0.992231,0.097287,-0.07754,-0.006297],[-0.102363,0.992659,-0.064416,0.002755],[0.070704,0.071852,0.994906,0.012617],[0.0,0.0,0.0,1.0]],"antennas":[-0.557866,0.796395],"body_yaw":-0.013798,"check_collision":false},{"head":[[0.992305,0.097089,-0.076838,-0.00623],[-0.102157,0.992641,-0.065025,0.002705],[0.06996,0.072375,0.994921,0.012541],[0.0,0.0,0.0,1.0]],"antennas":[-0.557866,0.796395],"body_yaw":-0.013798,"check_collision":false}]}