{"description":"Another dance you can do whenever you hear music playing.","time":[0.0,0.02,0.04,0.06,0.08,0.1,0.12,0.14,0.16,0.18,0.2,0.22,0.24,0.26,0.28,0.3,0.32,0.34,0.36,0.38,0.4,0.42,0.44,0.46,0.48,0.5,0.52,0.54,0.56,0.58,0.6,0.62,0.64,0.66,0.68,0.7,0.72,0.74,0.76,0.78,0.8,0.82,0.84,0.86,0.88,0.9,0.92,0.94,0.96,0.98,1.0,1.02,1.04,1.06,1.08,1.1,1.12,1.14,1.16,1.18,1.2,1.22,1.24,1.26,1.28,1.3,1.32,1.34,1.36,1.38,1.4,1.42,1.44,1.46,1.48,1.5,1.52,1.54,1.56,1.58,1.6,1.62,1.64,1.66,1.68,1.7,1.72,1.74,1.76,1.78,1.8,1.82,1.84,1.86,1.88,1.9,1.92,1.94,1.96,1.98,2.0,2.02,2.04,2.06,2.08,2.1,2.12,2.14,2.16,2.18,2.2,2.22,2.24,2.26,2.28,2.3,2.32,2.34,2.36,2.38,2.4,2.42,2.44,2.46,2.48,2.5,2.52,2.54,2.56,2.58,2.6,2.62,2.64,2.66,2.68,2.7,2.72,2.74,2.76,2.78,2.8,2.82,2.84,2.86,2.88,2.9,2.92,2.94,2.96,2.98,3.0,3.02,3.04,3.06,3.08,3.1,3.12,3.14,3.16,3.18,3.2,3.22,3.24,3.26,3.28,3.3,3.32,3.34,3.36,3.38,3.4,3.42,3.44,3.46,3.48,3.5,3.52,3.54,3.56,3.58,3.6,3.62,3.64,3.66,3.68,3.7,3.72,3.74,3.76,3.78,3.8,3.82,3.84,3.86,3.88,3.9,3.92,3.94,3.96,3.98,4.0,4.02,4.04,4.06,4.08,4.1,4.12,4.14,4.16,4.18,4.2,4.22,4.24,4.26,4.28,4.3,4.32,4.34,4.36,4.38,4.4,4.42,4.44,4.46,4.48,4.5,4.52,4.54,4.56,4.58,4.6,4.62,4.64,4.66,4.68,4.7,4.72,4.74,4.76,4.78,4.8,4.82,4.84,4.86,4.88,4.9,4.92,4.94,4.96,4.98,5.0,5.02,5.04,5.06,5.08,5.1,5.12,5.14,5.16,5.18,5.2,5.22,5.24,5.26,5.28,5.3,5.32,5.34,5.36,5.38,5.4,5.42,5.44,5.46,5.48,5.5,5.52,5.54,5.56,5.58,5.6,5.62,5.64,5.66,5.68,5.7,5.72,5.74,5.76,5.78,5.8,5.82,5.84,5.86,5.88,5.9,5.92,5.94,5.96,5.98,6.0,6.02,6.04,6.06,6.08,6.1,6.12,6.14,6.16,6.18,6.2,6.22,6.24,6.26,6.28,6.3,6.32,6.34,6.36,6.38,6.4,6.42,6.44,6.46,6.48,6.5,6.52,6.54,6.56,6.58,6.6,6.62,6.64,6.66,6.68,6.7,6.72,6.74,6.76,6.78,6.8,6.82,6.84,6.86,6.88,6.9,6.92,6.94,6.96,6.98,7.0,7.02,7.04,7.06,7.08,7.1,7.12,7.14,7.16,7.18,7.2,7.22,7.24,7.26,7.28,7.3,7.32,7.34,7.36,7.38,7.4,7.42,7.44,7.46,7.48,7.5,7.52,7.54,7.56,7.58,7.6,7.62,7.64,7.66,7.68,7.7,7.72,7.74,7.76,7.78,7.8,7.82,7.84,7.86,7.88,7.9,7.92,7.94,7.96,7.98,8.0,8.02,8.04,8.06,8.08,8.1,8.12,8.14,8.16,8.18,8.2,8.22,8.24,8.26,8.28,8.3,8.32,8.34,8.36,8.38,8.4,8.42,8.44,8.46,8.48,8.5,8.52,8.54,8.56,8.58,8.6,8.62,8.64,8.66,8.68,8.7,8.72,8.74,8.76,8.78,8.8,8.82,8.84,8.86,8.88,8.9,8.92,8.94,8.96,8.98,9.0,9.02,9.04,9.06,9.08,9.1,9.12,9.14,9.16,9.18,9.2,9.22,9.24,9.26,9.28,9.3,9.32,9.34,9.36,9.38,9.4,9.42,9.44,9.46,9.48,9.5,9.52,9.54,9.56,9.58,9.6,9.62,9.64,9.66,9.68,9.7,9.72,9.74,9.76,9.78,9.8,9.82,9.84,9.86,9.88,9.9,9.92,9.94,9.96,9.98,10.0,10.02,10.04,10.06,10.08,10.1,10.12,10.14,10.16,10.18,10.2,10.22,10.24,10.26,10.28,10.3,10.32,10.34,10.36,10.38,10.4,10.42,10.44,10.46,10.48,10.5,10.52,10.54,10.56,10.58,10.6,10.62,10.64,10.66,10.68,10.7,10.72,10.74,10.76,10.78,10.8,10.82,10.84,10.86,10.88,10.9,10.92,10.94,10.96,10.98,11.0,11.02,11.04,11.06,11.08,11.1,11.12,11.14,11.16,11.18,11.2,11.22,11.24,11.26,11.28,11.3,11.32,11.34,11.36,11.38,11.4,11.42,11.44,11.46,11.48,11.5,11.52,11.54,11.56,11.58,11.6,11.62,11.64,11.66,11.68,11.7,11.72,11.74,11.76,11.78,11.8,11.82,11.84,11.86,11.88,11.9,11.92,11.94,11.96,11.98,12.0,12.02,12.04,12.06,12.08,12.1,12.12,12.14,12.16,12.18,12.2,12.22,12.24,12.26,12.28,12.3,12.32,12.34,12.36,12.38,12.4,12.42,12.44,12.46,12.48,12.5,12.52,12.54,12.56,12.58,12.6,12.62,12.64,12.66,12.68,12.7,12.72,12.74,12.76,12.78,12.8,12.82,12.84,12.86,12.88,12.9,12.92,12.94,12.96,12.98,13.0,13.02,13.04,13.06,13.08,13.1,13.12,13.14,13.16,13.18,13.2,13.22,13.24,13.26,13.28,13.3,13.32,13.34,13.36,13.38,13.4,13.42,13.44,13.46,13.48,13.5,13.52,13.54,13.56,13.58,13.6,13.62,13.64,13.66,13.68,13.7,13.72,13.74,13.76,13.78,13.8,13.82,13.84,13.86,13.88,13.9,13.92,13.94,13.96,13.98,14.0,14.02,14.04,14.06,14.08,14.1,14.12,14.14,14.16,14.18,14.2,14.22,14.24,14.26,14.28,14.3,14.32,14.34,14.36,14.38,14.4,14.42,14.44,14.46,14.48,14.5,14.52,14.54,14.56,14.58,14.6,14.62,14.64,14.66,14.68,14.7,14.72,14.74,14.76,14.78,14.8,14.82,14.84,14.86,14.88,14.9,14.92,14.94,14.96,14.98,15.0,15.02,15.04,15.06,15.08,15.1,15.12,15.14,15.16,15.18,15.2,15.22,15.24,15.26,15.28,15.3,15.32,15.34,15.36,15.38,15.4,15.42,15.44,15.46,15.48,15.5,15.52,15.54,15.56,15.58,15.6,15.62,15.64,15.66,15.68,15.7,15.72,15.74,15.76,15.78,15.8,15.82,15.84,15.86,15.88,15.9,15.92,15.94,15.96,15.98,16.0,16.02,16.04,16.06,16.08,16.1,16.12,16.14,16.16,16.18,16.2,16.22,16.24,16.26,16.28,16.3,16.32,16.34,16.36,16.38,16.4,16.42,16.44,16.46,16.48,16.5,16.52,16.54,16.56,16.58,16.6,16.62,16.64,16.66,16.68,16.7,16.72,16.74,16.76,16.78,16.8,16.82,16.84,16.86,16.88,16.9,16.92,16.94,16.96,16.98,17.0,17.02,17.04,17.06,17.08,17.1,17.12,17.14,17.16,17.18,17.2,17.22,17.24,17.26],"set_target_data":[{"head":[[0.999677,0.024071,-0.008196,-0.009543],[-0.024577,0.997342,-0.068599,0.005139],[0.006523,0.068779,0.997611,0.00642],[0.0,0.0,0.0,1.0]],"antennas":[-0.109128,0.238157],"body_yaw":-0.002847,"check_collision":false},{"head":[[0.999673,0.024188,-0.008266,-0.009593],[-0.024698,0.997341,-0.068557,0.005222],[0.006586,0.068739,0.997613,0.006404],[0.0,0.0,0.0,1.0]],"antennas":[-0.109128,0.238157],"body_yaw":-0.002847,"check_collision":false},{"head":[[0.999675,0.024136,-0.008248,-0.009586],[-0.024647,0.997333,-0.068692,0.00537],[0.006569,0.068873,0.997604,0.0064],[0.0,0.0,0.0,1.0]],"antennas":[-0.109128,0.238157],"body_yaw":-0.002847,"check_collision":false},{"head":[[0.999672,0.024261,-0.008235,-0.009615],[-0.024769,0.997335,-0.068624,0.005452],[0.006549,0.068805,0.997609,0.006441],[0.0,0.0,0.0,1.0]],"antennas":[-0.109128,0.238157],"body_yaw":-0.002847,"check_collision":false},{"head":[[0.999664,0.024545,-0.008275,-0.009653],[-0.025055,0.997337,-0.068495,0.005433],[0.006572,0.068679,0.997617,0.006476],[0.0,0.0,0.0,1.0]],"antennas":[-0.109128,0.238139],"body_yaw":-0.002847,"check_collision":false},{"head":[[0.999668,0.024375,-0.008398,-0.009588],[-0.024895,0.997335,-0.06858,0.005459],[0.006704,0.068767,0.99761,0.006388],[0.0,0.0,0.0,1.0]],"antennas":[-0.086612,0.191408],"body_yaw":-0.002847,"check_collision":false},{"head":[[0.999665,0.02445,-0.008492,-0.009578],[-0.024975,0.997341,-0.06847,0.00539],[0.006795,0.068659,0.997617,0.006386],[0.0,0.0,0.0,1.0]],"antennas":[-0.038646,0.143962],"body_yaw":-0.002847,"check_collision":false},{"head":[[0.999665,0.024474,-0.008439,-0.009584],[-0.024995,0.997346,-0.068387,0.005358],[0.006743,0.068575,0.997623,0.006332],[0.0,0.0,0.0,1.0]],"antennas":[0.008199,0.097934],"body_yaw":-0.002847,"check_collision":false},{"head":[[0.999653,0.02484,-0.008812,-0.00971],[-0.025382,0.997363,-0.067985,0.005669],[0.0071,0.068185,0.997647,0.006158],[0.0,0.0,0.0,1.0]],"antennas":[0.053169,0.053964],"body_yaw":-0.002847,"check_collision":false},{"head":[[0.999655,0.024707,-0.008937,-0.009733],[-0.025256,0.997388,-0.067666,0.005672],[0.007242,0.067868,0.997668,0.006346],[0.0,0.0,0.0,1.0]],"antennas":[0.096124,0.012562],"body_yaw":-0.002847,"check_collision":false},{"head":[[0.999646,0.024615,-0.010065,-0.009785],[-0.025234,0.997445,-0.066827,0.006085],[0.008395,0.067057,0.997714,0.006398],[0.0,0.0,0.0,1.0]],"antennas":[0.135863,-0.025557],"body_yaw":-0.002847,"check_collision":false},{"head":[[0.999649,0.024259,-0.010636,-0.009795],[-0.024913,0.99748,-0.066426,0.006061],[0.008998,0.066668,0.997735,0.006491],[0.0,0.0,0.0,1.0]],"antennas":[0.172092,-0.059823],"body_yaw":-0.002847,"check_collision":false},{"head":[[0.999651,0.023887,-0.011272,-0.009779],[-0.024586,0.997476,-0.066608,0.005973],[0.009652,0.066862,0.997716,0.006553],[0.0,0.0,0.0,1.0]],"antennas":[0.204461,-0.089924],"body_yaw":-0.002847,"check_collision":false},{"head":[[0.99965,0.023833,-0.01151,-0.009746],[-0.024554,0.997434,-0.06725,0.006114],[0.009877,0.067509,0.99767,0.006371],[0.0,0.0,0.0,1.0]],"antennas":[0.232112,-0.115206],"body_yaw":-0.002847,"check_collision":false},{"head":[[0.999656,0.023661,-0.011328,-0.009732],[-0.024371,0.997429,-0.067384,0.006193],[0.009705,0.067637,0.997663,0.006324],[0.0,0.0,0.0,1.0]],"antennas":[0.254956,-0.135444],"body_yaw":-0.002847,"check_collision":false},{"head":[[0.999672,0.023072,-0.011083,-0.00973],[-0.023772,0.997413,-0.067846,0.006192],[0.009489,0.068087,0.997634,0.006351],[0.0,0.0,0.0,1.0]],"antennas":[0.272508,-0.150288],"body_yaw":-0.002847,"check_collision":false},{"head":[[0.999676,0.022865,-0.011214,-0.009774],[-0.023577,0.997399,-0.068118,0.006544],[0.009627,0.06836,0.997614,0.006297],[0.0,0.0,0.0,1.0]],"antennas":[0.284632,-0.159556],"body_yaw":-0.002847,"check_collision":false},{"head":[[0.999699,0.02199,-0.010922,-0.009744],[-0.022686,0.997406,-0.068313,0.006835],[0.009392,0.06854,0.997604,0.006302],[0.0,0.0,0.0,1.0]],"antennas":[0.291069,-0.163107],"body_yaw":-0.002847,"check_collision":false},{"head":[[0.999741,0.019886,-0.011087,-0.009797],[-0.020605,0.997406,-0.068965,0.007465],[0.009686,0.069176,0.997557,0.006174],[0.0,0.0,0.0,1.0]],"antennas":[0.291759,-0.160883],"body_yaw":-0.002847,"check_collision":false},{"head":[[0.999804,0.014398,-0.013601,-0.00973],[-0.015313,0.997447,-0.069755,0.008422],[0.012562,0.06995,0.997471,0.006353],[0.0,0.0,0.0,1.0]],"antennas":[0.286683,-0.152922],"body_yaw":-0.002847,"check_collision":false},{"head":[[0.99984,0.004476,-0.017338,-0.00975],[-0.005722,0.997351,-0.072515,0.009698],[0.016967,0.072602,0.997217,0.006582],[0.0,0.0,0.0,1.0]],"antennas":[0.275883,-0.139332],"body_yaw":-0.002847,"check_collision":false},{"head":[[0.999804,-0.006272,-0.018766,-0.009733],[0.004823,0.997072,-0.076312,0.011568],[0.01919,0.076206,0.996907,0.006624],[0.0,0.0,0.0,1.0]],"antennas":[0.259582,-0.120361],"body_yaw":-0.002847,"check_collision":false},{"head":[[0.999711,-0.012002,-0.020831,-0.009362],[0.010372,0.997005,-0.076642,0.013973],[0.021688,0.076404,0.996841,0.006792],[0.0,0.0,0.0,1.0]],"antennas":[0.237999,-0.096173],"body_yaw":-0.002847,"check_collision":false},{"head":[[0.999617,-0.012059,-0.024899,-0.009005],[0.010126,0.997031,-0.076336,0.017082],[0.025745,0.076055,0.996771,0.006813],[0.0,0.0,0.0,1.0]],"antennas":[0.211376,-0.067179],"body_yaw":-0.002847,"check_collision":false},{"head":[[0.999743,-0.005012,-0.022087,-0.008851],[0.003229,0.996788,-0.080017,0.020606],[0.022417,0.079925,0.996549,0.006618],[0.0,0.0,0.0,1.0]],"antennas":[0.180077,-0.0338],"body_yaw":-0.002847,"check_collision":false},{"head":[[0.999921,0.005399,-0.011338,-0.008893],[-0.006313,0.996602,-0.082128,0.023513],[0.010856,0.082193,0.996557,0.006366],[0.0,0.0,0.0,1.0]],"antennas":[0.144761,0.00345],"body_yaw":-0.002847,"check_collision":false},{"head":[[0.999921,0.012279,0.002592,-0.008959],[-0.01202,0.996457,-0.083244,0.02583],[-0.003605,0.083207,0.996526,0.006262],[0.0,0.0,0.0,1.0]],"antennas":[0.10573,0.044144],"body_yaw":-0.002847,"check_collision":false},{"head":[[0.999766,0.017428,0.012785,-0.00892],[-0.01628,0.996255,-0.084917,0.027432],[-0.014217,0.084689,0.996306,0.006351],[0.0,0.0,0.0,1.0]],"antennas":[0.063696,0.087502],"body_yaw":-0.002847,"check_collision":false},{"head":[[0.999531,0.018551,0.024346,-0.008734],[-0.016335,0.995963,-0.088264,0.028111],[-0.025885,0.087825,0.9958,0.00645],[0.0,0.0,0.0,1.0]],"antennas":[0.019278,0.13304],"body_yaw":-0.002847,"check_collision":false},{"head":[[0.999446,0.014545,0.029929,-0.008367],[-0.011744,0.995716,-0.09172,0.028138],[-0.031135,0.091318,0.995335,0.006435],[0.0,0.0,0.0,1.0]],"antennas":[-0.027436,0.180233],"body_yaw":-0.002847,"check_collision":false},{"head":[[0.999407,0.011037,0.032629,-0.00801],[-0.00795,0.99561,-0.093264,0.02814],[-0.033515,0.092949,0.995107,0.006534],[0.0,0.0,0.0,1.0]],"antennas":[-0.074944,0.228116],"body_yaw":-0.002847,"check_collision":false},{"head":[[0.999382,0.006553,0.034534,-0.007826],[-0.003253,0.995494,-0.094764,0.028423],[-0.035,0.094593,0.994901,0.006542],[0.0,0.0,0.0,1.0]],"antennas":[-0.123093,0.276287],"body_yaw":-0.002847,"check_collision":false},{"head":[[0.999305,0.001214,0.037264,-0.007699],[0.002308,0.99554,-0.094316,0.028823],[-0.037213,0.094336,0.994845,0.006493],[0.0,0.0,0.0,1.0]],"antennas":[-0.171059,0.323885],"body_yaw":-0.002847,"check_collision":false},{"head":[[0.999094,-0.001401,0.042542,-0.007662],[0.005358,0.995648,-0.093043,0.02864],[-0.042226,0.093186,0.994753,0.00652],[0.0,0.0,0.0,1.0]],"antennas":[-0.217379,0.370155],"body_yaw":-0.002847,"check_collision":false},{"head":[[0.998867,-0.002806,0.047497,-0.0076],[0.007145,0.995786,-0.091427,0.028333],[-0.04704,0.091662,0.994678,0.006585],[0.0,0.0,0.0,1.0]],"antennas":[-0.263988,0.414618],"body_yaw":-0.002847,"check_collision":false},{"head":[[0.998812,-0.005803,0.048383,-0.007466],[0.010151,0.99588,-0.090106,0.027849],[-0.047661,0.09049,0.994756,0.006571],[0.0,0.0,0.0,1.0]],"antennas":[-0.306731,0.456436],"body_yaw":-0.002847,"check_collision":false},{"head":[[0.998891,-0.009565,0.046092,-0.007381],[0.013634,0.995957,-0.088786,0.027046],[-0.045057,0.089316,0.994984,0.006534],[0.0,0.0,0.0,1.0]],"antennas":[-0.347214,0.495236],"body_yaw":-0.002847,"check_collision":false},{"head":[[0.998963,-0.012356,0.04383,-0.007413],[0.01615,0.996053,-0.087276,0.026148],[-0.042579,0.087893,0.995219,0.006509],[0.0,0.0,0.0,1.0]],"antennas":[-0.384026,0.530226],"body_yaw":-0.002847,"check_collision":false},{"head":[[0.998911,-0.015742,0.043918,-0.007544],[0.019504,0.996054,-0.086583,0.025239],[-0.042382,0.087345,0.995276,0.006674],[0.0,0.0,0.0,1.0]],"antennas":[-0.41699,0.561032],"body_yaw":-0.002847,"check_collision":false},{"head":[[0.99879,-0.018549,0.045551,-0.007609],[0.022523,0.995835,-0.088346,0.024344],[-0.043722,0.089265,0.995048,0.006718],[0.0,0.0,0.0,1.0]],"antennas":[-0.445733,0.587275],"body_yaw":-0.002847,"check_collision":false},{"head":[[0.998623,-0.017302,0.049534,-0.007629],[0.021786,0.99557,-0.091468,0.023173],[-0.047732,0.092422,0.994575,0.006915],[0.0,0.0,0.0,1.0]],"antennas":[-0.469411,0.60842],"body_yaw":-0.002847,"check_collision":false},{"head":[[0.998859,-0.013419,0.04584,-0.007568],[0.017748,0.995283,-0.095381,0.020926],[-0.044344,0.096086,0.994385,0.007555],[0.0,0.0,0.0,1.0]],"antennas":[-0.487951,0.624269],"body_yaw":-0.002847,"check_collision":false},{"head":[[0.99922,-0.01105,0.037914,-0.007499],[0.014748,0.995008,-0.098701,0.018099],[-0.036634,0.099183,0.994395,0.008141],[0.0,0.0,0.0,1.0]],"antennas":[-0.501044,0.634558],"body_yaw":-0.002847,"check_collision":false},{"head":[[0.999405,-0.007845,0.0336,-0.007444],[0.011251,0.994679,-0.102406,0.014896],[-0.032618,0.102723,0.994175,0.008562],[0.0,0.0,0.0,1.0]],"antennas":[-0.508532,0.639145],"body_yaw":-0.002847,"check_collision":false},{"head":[[0.999795,-0.010648,0.017197,-0.007241],[0.012382,0.994492,-0.104077,0.01155],[-0.015994,0.104269,0.994421,0.008671],[0.0,0.0,0.0,1.0]],"antennas":[-0.510255,0.637969],"body_yaw":-0.002847,"check_collision":false},{"head":[[0.999914,-0.013088,0.00024,-0.007319],[0.013046,0.994848,-0.100531,0.007909],[0.001077,0.100525,0.994934,0.008567],[0.0,0.0,0.0,1.0]],"antennas":[-0.506223,0.631056],"body_yaw":-0.002847,"check_collision":false},{"head":[[0.999802,-0.017979,-0.008481,-0.007883],[0.01704,0.994826,-0.100153,0.004072],[0.010238,0.099989,0.994936,0.008105],[0.0,0.0,0.0,1.0]],"antennas":[-0.496464,0.618463],"body_yaw":-0.002847,"check_collision":false},{"head":[[0.999738,-0.020662,-0.009874,-0.008664],[0.019522,0.994368,-0.104165,0.000861],[0.011971,0.103945,0.994511,0.007738],[0.0,0.0,0.0,1.0]],"antennas":[-0.481139,0.600422],"body_yaw":-0.002847,"check_collision":false},{"head":[[0.999683,-0.020192,-0.015057,-0.009325],[0.018391,0.993608,-0.111378,-0.001678],[0.017209,0.111066,0.993664,0.007432],[0.0,0.0,0.0,1.0]],"antennas":[-0.460483,0.577175],"body_yaw":-0.002847,"check_collision":false},{"head":[[0.999429,-0.021046,-0.02643,-0.009741],[0.017805,0.992927,-0.117387,-0.003858],[0.028713,0.11685,0.992734,0.007044],[0.0,0.0,0.0,1.0]],"antennas":[-0.434745,0.549068],"body_yaw":-0.002847,"check_collision":false},{"head":[[0.998766,-0.030427,-0.039251,-0.010095],[0.025405,0.992124,-0.122652,-0.00602],[0.042674,0.121504,0.991673,0.006973],[0.0,0.0,0.0,1.0]],"antennas":[-0.404271,0.516428],"body_yaw":-0.002847,"check_collision":false},{"head":[[0.997522,-0.048477,-0.050989,-0.010621],[0.041708,0.991111,-0.12633,-0.008173],[0.056659,0.12389,0.990677,0.007165],[0.0,0.0,0.0,1.0]],"antennas":[-0.369817,0.479892],"body_yaw":-0.002847,"check_collision":false},{"head":[[0.996929,-0.064373,-0.044599,-0.011365],[0.058189,0.99003,-0.128272,-0.01009],[0.052411,0.125283,0.990736,0.007535],[0.0,0.0,0.0,1.0]],"antennas":[-0.331399,0.439914],"body_yaw":-0.002847,"check_collision":false},{"head":[[0.996231,-0.0763,-0.041269,-0.011966],[0.070449,0.989231,-0.12829,-0.011633],[0.050613,0.124899,0.990878,0.007758],[0.0,0.0,0.0,1.0]],"antennas":[-0.289747,0.396805],"body_yaw":-0.002847,"check_collision":false},{"head":[[0.995598,-0.0853,-0.038827,-0.012391],[0.079634,0.988385,-0.129435,-0.012744],[0.049417,0.125774,0.990827,0.007738],[0.0,0.0,0.0,1.0]],"antennas":[-0.245379,0.351503],"body_yaw":-0.002847,"check_collision":false},{"head":[[0.995009,-0.08851,-0.046076,-0.012385],[0.081924,0.988228,-0.129208,-0.013265],[0.05697,0.124788,0.990546,0.007645],[0.0,0.0,0.0,1.0]],"antennas":[-0.199372,0.304574],"body_yaw":-0.002847,"check_collision":false},{"head":[[0.994477,-0.088469,-0.056468,-0.012171],[0.080616,0.988392,-0.128772,-0.013489],[0.067205,0.123508,0.990065,0.007575],[0.0,0.0,0.0,1.0]],"antennas":[-0.151946,0.256773],"body_yaw":-0.002847,"check_collision":false},{"head":[[0.994002,-0.087634,-0.065427,-0.011401],[0.078688,0.988565,-0.128638,-0.015306],[0.075952,0.122718,0.989531,0.00749],[0.0,0.0,0.0,1.0]],"antennas":[-0.103708,0.208612],"body_yaw":-0.002847,"check_collision":false},{"head":[[0.994149,-0.083239,-0.068846,-0.011286],[0.074019,0.989129,-0.127065,-0.016096],[0.078674,0.121226,0.989502,0.007607],[0.0,0.0,0.0,1.0]],"antennas":[-0.055971,0.160972],"body_yaw":-0.002847,"check_collision":false},{"head":[[0.993803,-0.085999,-0.070431,-0.010805],[0.076367,0.988623,-0.129586,-0.018935],[0.080774,0.123404,0.989064,0.0084],[0.0,0.0,0.0,1.0]],"antennas":[-0.008436,0.114338],"body_yaw":-0.002847,"check_collision":false},{"head":[[0.993988,-0.085551,-0.068325,-0.010882],[0.076212,0.988684,-0.129213,-0.019683],[0.078607,0.123229,0.98926,0.008465],[0.0,0.0,0.0,1.0]],"antennas":[0.036735,0.069775],"body_yaw":-0.002847,"check_collision":false},{"head":[[0.994124,-0.084947,-0.067091,-0.010936],[0.075869,0.988882,-0.127889,-0.020345],[0.077209,0.122048,0.989517,0.008525],[0.0,0.0,0.0,1.0]],"antennas":[0.080954,0.027128],"body_yaw":-0.002847,"check_collision":false},{"head":[[0.994351,-0.083886,-0.065035,-0.010895],[0.075065,0.988942,-0.127903,-0.020582],[0.075045,0.122299,0.989652,0.008418],[0.0,0.0,0.0,1.0]],"antennas":[0.121839,-0.01216],"body_yaw":-0.002847,"check_collision":false},{"head":[[0.994527,-0.082854,-0.063655,-0.010932],[0.074321,0.989195,-0.126368,-0.020387],[0.073437,0.120945,0.989939,0.008557],[0.0,0.0,0.0,1.0]],"antennas":[0.159545,-0.047941],"body_yaw":-0.002847,"check_collision":false},{"head":[[0.994678,-0.081261,-0.063339,-0.010923],[0.07285,0.989434,-0.125355,-0.020132],[0.072856,0.120073,0.990088,0.008684],[0.0,0.0,0.0,1.0]],"antennas":[0.193155,-0.079601],"body_yaw":-0.002847,"check_collision":false},{"head":[[0.994831,-0.080175,-0.062316,-0.010812],[0.071975,0.98964,-0.124225,-0.020069],[0.07163,0.119098,0.990295,0.008735],[0.0,0.0,0.0,1.0]],"antennas":[0.222559,-0.106609],"body_yaw":-0.002847,"check_collision":false},{"head":[[0.995109,-0.07955,-0.058562,-0.010698],[0.071879,0.989787,-0.12311,-0.02007],[0.067758,0.118298,0.990664,0.008658],[0.0,0.0,0.0,1.0]],"antennas":[0.247263,-0.128746],"body_yaw":-0.002847,"check_collision":false},{"head":[[0.995384,-0.079047,-0.054433,-0.010605],[0.071994,0.990017,-0.121177,-0.01989],[0.063468,0.116698,0.991137,0.008457],[0.0,0.0,0.0,1.0]],"antennas":[0.266894,-0.145583],"body_yaw":-0.002847,"check_collision":false},{"head":[[0.995525,-0.079246,-0.051474,-0.010612],[0.072622,0.990137,-0.119812,-0.019239],[0.060461,0.115537,0.991461,0.008204],[0.0,0.0,0.0,1.0]],"antennas":[0.280927,-0.156882],"body_yaw":-0.002847,"check_collision":false},{"head":[[0.995742,-0.07931,-0.046986,-0.010823],[0.07335,0.990386,-0.11728,-0.018145],[0.055836,0.113334,0.991987,0.008091],[0.0,0.0,0.0,1.0]],"antennas":[0.289452,-0.16252],"body_yaw":-0.002847,"check_collision":false},{"head":[[0.996082,-0.078913,-0.039907,-0.011061],[0.073979,0.990858,-0.112815,-0.016375],[0.048445,0.109421,0.992814,0.008246],[0.0,0.0,0.0,1.0]],"antennas":[0.292215,-0.162399],"body_yaw":-0.002847,"check_collision":false},{"head":[[0.996131,-0.081786,-0.032162,-0.011061],[0.077876,0.991069,-0.108248,-0.013562],[0.040728,0.105325,0.993604,0.008387],[0.0,0.0,0.0,1.0]],"antennas":[0.289212,-0.156493],"body_yaw":-0.002847,"check_collision":false},{"head":[[0.994948,-0.094539,-0.03379,-0.010701],[0.090368,0.989946,-0.108816,-0.011187],[0.043738,0.105213,0.993487,0.009176],[0.0,0.0,0.0,1.0]],"antennas":[0.280447,-0.144918],"body_yaw":-0.002847,"check_collision":false},{"head":[[0.993296,-0.109048,-0.038362,-0.010589],[0.103923,0.987702,-0.116811,-0.006647],[0.050628,0.112042,0.992413,0.008826],[0.0,0.0,0.0,1.0]],"antennas":[0.266164,-0.127894],"body_yaw":-0.002847,"check_collision":false},{"head":[[0.993108,-0.114514,-0.024977,-0.010187],[0.110667,0.986346,-0.121963,-0.002662],[0.038602,0.118359,0.99222,0.009001],[0.0,0.0,0.0,1.0]],"antennas":[0.246379,-0.105517],"body_yaw":-0.002847,"check_collision":false},{"head":[[0.994636,-0.103037,0.009047,-0.010383],[0.103332,0.986009,-0.130801,0.003427],[0.004557,0.131035,0.991367,0.008437],[0.0,0.0,0.0,1.0]],"antennas":[0.221631,-0.078247],"body_yaw":-0.002847,"check_collision":false},{"head":[[0.99521,-0.084211,0.049648,-0.010728],[0.090613,0.985236,-0.145257,0.009189],[-0.036682,0.14906,0.988147,0.008574],[0.0,0.0,0.0,1.0]],"antennas":[0.192007,-0.04643],"body_yaw":-0.002847,"check_collision":false},{"head":[[0.995332,-0.06724,0.06923,-0.011192],[0.076989,0.985769,-0.149438,0.014599],[-0.058197,0.15407,0.986345,0.008489],[0.0,0.0,0.0,1.0]],"antennas":[0.158169,-0.010501],"body_yaw":-0.002847,"check_collision":false},{"head":[[0.995323,-0.061751,0.074294,-0.010881],[0.0726,0.985471,-0.153543,0.017467],[-0.063733,0.158219,0.985345,0.008516],[0.0,0.0,0.0,1.0]],"antennas":[0.120532,0.028903],"body_yaw":-0.002847,"check_collision":false},{"head":[[0.995972,-0.058098,0.0683,-0.009784],[0.067924,0.986091,-0.151695,0.019345],[-0.058537,0.155723,0.986065,0.008327],[0.0,0.0,0.0,1.0]],"antennas":[0.079007,0.071574],"body_yaw":-0.002847,"check_collision":false},{"head":[[0.996585,-0.051321,0.06469,-0.009006],[0.060541,0.986867,-0.149763,0.019984],[-0.056155,0.153168,0.986603,0.007929],[0.0,0.0,0.0,1.0]],"antennas":[0.035693,0.116404],"body_yaw":-0.002847,"check_collision":false},{"head":[[0.99651,-0.042449,0.071871,-0.008798],[0.052832,0.987371,-0.149355,0.01982],[-0.064623,0.152631,0.986168,0.007928],[0.0,0.0,0.0,1.0]],"antennas":[-0.010532,0.163151],"body_yaw":-0.002847,"check_collision":false},{"head":[[0.996351,-0.035896,0.077435,-0.008551],[0.04739,0.987224,-0.152125,0.020089],[-0.070986,0.15524,0.985323,0.007999],[0.0,0.0,0.0,1.0]],"antennas":[-0.057828,0.210878],"body_yaw":-0.002847,"check_collision":false},{"head":[[0.996145,-0.031556,0.081852,-0.00831],[0.044021,0.986892,-0.155265,0.02016],[-0.075879,0.15827,0.984476,0.008002],[0.0,0.0,0.0,1.0]],"antennas":[-0.105982,0.259052],"body_yaw":-0.002847,"check_collision":false},{"head":[[0.996175,-0.027996,0.082778,-0.00848],[0.040905,0.986492,-0.158623,0.020503],[-0.077219,0.161402,0.983863,0.007818],[0.0,0.0,0.0,1.0]],"antennas":[-0.153776,0.306857],"body_yaw":-0.002847,"check_collision":false},{"head":[[0.996284,-0.025507,0.08227,-0.008403],[0.038492,0.986311,-0.160339,0.020088],[-0.077054,0.16291,0.983627,0.007715],[0.0,0.0,0.0,1.0]],"antennas":[-0.201068,0.353717],"body_yaw":-0.002847,"check_collision":false},{"head":[[0.996365,-0.022816,0.082077,-0.008372],[0.03583,0.986342,-0.160767,0.019405],[-0.077288,0.163123,0.983574,0.007411],[0.0,0.0,0.0,1.0]],"antennas":[-0.247411,0.398945],"body_yaw":-0.002847,"check_collision":false},{"head":[[0.99657,-0.021478,0.079922,-0.008171],[0.034123,0.986464,-0.16039,0.017781],[-0.075395,0.162567,0.983813,0.007133],[0.0,0.0,0.0,1.0]],"antennas":[-0.291768,0.441776],"body_yaw":-0.002847,"check_collision":false},{"head":[[0.996702,-0.020909,0.078413,-0.008438],[0.033177,0.986789,-0.158577,0.017978],[-0.074062,0.160656,0.984228,0.007141],[0.0,0.0,0.0,1.0]],"antennas":[-0.332891,0.481717],"body_yaw":-0.002847,"check_collision":false},{"head":[[0.996914,-0.021198,0.075591,-0.008496],[0.032867,0.987108,-0.156642,0.018023],[-0.071296,0.158643,0.984758,0.007559],[0.0,0.0,0.0,1.0]],"antennas":[-0.37133,0.518168],"body_yaw":-0.002847,"check_collision":false},{"head":[[0.997157,-0.020848,0.072404,-0.008709],[0.031839,0.987537,-0.154136,0.018139],[-0.068288,0.156003,0.985393,0.00795],[0.0,0.0,0.0,1.0]],"antennas":[-0.405749,0.550571],"body_yaw":-0.002847,"check_collision":false},{"head":[[0.997229,-0.020481,0.071513,-0.00847],[0.031197,0.987869,-0.152122,0.01761],[-0.06753,0.153931,0.985771,0.007941],[0.0,0.0,0.0,1.0]],"antennas":[-0.435893,0.578416],"body_yaw":-0.002847,"check_collision":false},{"head":[[0.997256,-0.019756,0.071346,-0.008156],[0.030269,0.988309,-0.149428,0.016983],[-0.06756,0.151178,0.986195,0.008038],[0.0,0.0,0.0,1.0]],"antennas":[-0.461557,0.601512],"body_yaw":-0.002847,"check_collision":false},{"head":[[0.997262,-0.019075,0.071442,-0.007814],[0.029415,0.988756,-0.146614,0.01666],[-0.067843,0.148314,0.986611,0.007511],[0.0,0.0,0.0,1.0]],"antennas":[-0.482006,0.619289],"body_yaw":-0.002847,"check_collision":false},{"head":[[0.997297,-0.019366,0.070876,-0.007214],[0.029473,0.98907,-0.144468,0.015428],[-0.067303,0.146167,0.986968,0.00705],[0.0,0.0,0.0,1.0]],"antennas":[-0.497058,0.631591],"body_yaw":-0.002847,"check_collision":false},{"head":[[0.997382,-0.016304,0.070456,-0.006855],[0.026251,0.989425,-0.142649,0.014691],[-0.067385,0.144125,0.987263,0.006922],[0.0,0.0,0.0,1.0]],"antennas":[-0.506533,0.638225],"body_yaw":-0.002847,"check_collision":false},{"head":[[0.997642,-0.010817,0.067776,-0.00636],[0.020314,0.989795,-0.141045,0.014084],[-0.065559,0.142089,0.98768,0.007337],[0.0,0.0,0.0,1.0]],"antennas":[-0.510378,0.639134],"body_yaw":-0.002847,"check_collision":false},{"head":[[0.997866,-0.00415,0.065157,-0.005574],[0.01335,0.989861,-0.14141,0.012861],[-0.063909,0.141978,0.987805,0.007743],[0.0,0.0,0.0,1.0]],"antennas":[-0.508386,0.634265],"body_yaw":-0.002847,"check_collision":false},{"head":[[0.997906,0.004096,0.064552,-0.004649],[0.005002,0.990118,-0.140148,0.010843],[-0.064488,0.140177,0.988024,0.007739],[0.0,0.0,0.0,1.0]],"antennas":[-0.500676,0.623696],"body_yaw":-0.002847,"check_collision":false},{"head":[[0.999182,0.001206,0.040431,-0.003305],[0.004432,0.990271,-0.139081,0.008557],[-0.040206,0.139146,0.989455,0.007285],[0.0,0.0,0.0,1.0]],"antennas":[-0.487335,0.607586],"body_yaw":-0.002847,"check_collision":false},{"head":[[0.999827,-0.010153,0.015576,-0.002186],[0.012234,0.990088,-0.139916,0.005182],[-0.014001,0.140082,0.990041,0.00715],[0.0,0.0,0.0,1.0]],"antennas":[-0.468556,0.586159],"body_yaw":-0.002847,"check_collision":false},{"head":[[0.999845,-0.016951,0.00467,-0.001682],[0.017445,0.989529,-0.143278,0.001316],[-0.002193,0.143337,0.989671,0.006923],[0.0,0.0,0.0,1.0]],"antennas":[-0.444587,0.559763],"body_yaw":-0.002847,"check_collision":false},{"head":[[0.999863,-0.016233,0.003298,-0.001895],[0.016534,0.990093,-0.139438,-0.002234],[-0.001002,0.139473,0.990225,0.007016],[0.0,0.0,0.0,1.0]],"antennas":[-0.415786,0.52867],"body_yaw":-0.002847,"check_collision":false},{"head":[[0.999882,-0.014459,0.005106,-0.002224],[0.014997,0.991506,-0.129193,-0.005076],[-0.003194,0.129254,0.991606,0.00741],[0.0,0.0,0.0,1.0]],"antennas":[-0.38295,0.493696],"body_yaw":-0.002847,"check_collision":false},{"head":[[0.999873,-0.014346,0.00694,-0.002475],[0.015078,0.992611,-0.120399,-0.007542],[-0.005161,0.120489,0.992701,0.007801],[0.0,0.0,0.0,1.0]],"antennas":[-0.345472,0.454553],"body_yaw":-0.002847,"check_collision":false},{"head":[[0.999884,-0.014718,0.003933,-0.002528],[0.015078,0.992972,-0.117383,-0.008939],[-0.002178,0.117428,0.993079,0.007665],[0.0,0.0,0.0,1.0]],"antennas":[-0.304926,0.412513],"body_yaw":-0.002847,"check_collision":false},{"head":[[0.999873,-0.014659,-0.006314,-0.002187],[0.013833,0.993235,-0.115294,-0.008826],[0.007961,0.115192,0.993311,0.00708],[0.0,0.0,0.0,1.0]],"antennas":[-0.261697,0.368],"body_yaw":-0.002847,"check_collision":false},{"head":[[0.999865,-0.0123,-0.010859,-0.001694],[0.011059,0.994116,-0.107753,-0.008473],[0.012121,0.107619,0.994118,0.00649],[0.0,0.0,0.0,1.0]],"antennas":[-0.215952,0.321627],"body_yaw":-0.002847,"check_collision":false},{"head":[[0.999849,-0.011798,-0.012793,-0.00116],[0.010441,0.99479,-0.101408,-0.008613],[0.013923,0.10126,0.994763,0.006224],[0.0,0.0,0.0,1.0]],"antennas":[-0.169202,0.27407],"body_yaw":-0.002847,"check_collision":false},{"head":[[0.999853,-0.011861,-0.012365,-0.000746],[0.010631,0.995401,-0.0952,-0.008862],[0.013437,0.095054,0.995381,0.006296],[0.0,0.0,0.0,1.0]],"antennas":[-0.120992,0.2259],"body_yaw":-0.002847,"check_collision":false},{"head":[[0.999914,-0.010133,-0.008334,1.3e-05],[0.009336,0.995844,-0.090591,-0.008611],[0.009217,0.090505,0.995853,0.006695],[0.0,0.0,0.0,1.0]],"antennas":[-0.072946,0.177963],"body_yaw":-0.002847,"check_collision":false},{"head":[[0.999939,-0.008243,-0.007405,0.000912],[0.007586,0.996378,-0.084694,-0.008387],[0.008076,0.084632,0.99638,0.00737],[0.0,0.0,0.0,1.0]],"antennas":[-0.025489,0.13093],"body_yaw":-0.002847,"check_collision":false},{"head":[[0.999938,-0.005837,-0.009523,0.002135],[0.005048,0.996715,-0.08083,-0.008105],[0.009963,0.080777,0.996682,0.007327],[0.0,0.0,0.0,1.0]],"antennas":[0.020939,0.085435],"body_yaw":-0.002847,"check_collision":false},{"head":[[0.999947,-0.000463,-0.010312,0.003651],[-0.000332,0.997039,-0.076901,-0.008172],[0.010318,0.0769,0.996985,0.007156],[0.0,0.0,0.0,1.0]],"antennas":[0.065402,0.042121],"body_yaw":-0.002847,"check_collision":false},{"head":[[0.999962,0.004862,-0.007222,0.005313],[-0.005374,0.997334,-0.072779,-0.009125],[0.006849,0.072815,0.997322,0.007609],[0.0,0.0,0.0,1.0]],"antennas":[0.107505,0.001554],"body_yaw":-0.002847,"check_collision":false},{"head":[[0.99997,0.006736,-0.003878,0.006956],[-0.006992,0.997513,-0.07013,-0.009549],[0.003396,0.070155,0.99753,0.007754],[0.0,0.0,0.0,1.0]],"antennas":[0.14639,-0.035526],"body_yaw":-0.002847,"check_collision":false},{"head":[[0.999946,0.009493,-0.004281,0.008217],[-0.009757,0.997739,-0.066494,-0.009215],[0.00364,0.066532,0.997778,0.007419],[0.0,0.0,0.0,1.0]],"antennas":[0.181504,-0.068632],"body_yaw":-0.002847,"check_collision":false},{"head":[[0.999826,0.01497,-0.011136,0.009357],[-0.015611,0.998082,-0.05991,-0.007934],[0.010218,0.060074,0.998142,0.00718],[0.0,0.0,0.0,1.0]],"antennas":[0.212547,-0.097398],"body_yaw":-0.002847,"check_collision":false},{"head":[[0.999614,0.021387,-0.017736,0.010185],[-0.022311,0.998309,-0.053684,-0.006399],[0.016558,0.054059,0.9984,0.007215],[0.0,0.0,0.0,1.0]],"antennas":[0.238903,-0.121315],"body_yaw":-0.002847,"check_collision":false},{"head":[[0.999455,0.026574,-0.019572,0.010522],[-0.027476,0.9985,-0.047358,-0.004797],[0.018284,0.04787,0.998686,0.007111],[0.0,0.0,0.0,1.0]],"antennas":[0.260351,-0.140074],"body_yaw":-0.002847,"check_collision":false},{"head":[[0.999445,0.03238,-0.007839,0.00996],[-0.032689,0.998536,-0.043098,-0.002501],[0.006432,0.04333,0.99904,0.006912],[0.0,0.0,0.0,1.0]],"antennas":[0.276429,-0.153392],"body_yaw":-0.002847,"check_collision":false},{"head":[[0.999302,0.036246,0.009043,0.008778],[-0.035859,0.998563,-0.039831,-1.7e-05],[-0.010474,0.039479,0.999166,0.006948],[0.0,0.0,0.0,1.0]],"antennas":[0.286938,-0.161068],"body_yaw":-0.002847,"check_collision":false},{"head":[[0.999082,0.034688,0.025119,0.007376],[-0.033788,0.998802,-0.035404,0.002166],[-0.026316,0.034522,0.999057,0.007056],[0.0,0.0,0.0,1.0]],"antennas":[0.291771,-0.163005],"body_yaw":-0.002847,"check_collision":false},{"head":[[0.998862,0.032431,0.034967,0.005378],[-0.031193,0.998886,-0.035403,0.004502],[-0.036076,0.034272,0.998761,0.00634],[0.0,0.0,0.0,1.0]],"antennas":[0.290851,-0.159182],"body_yaw":-0.002847,"check_collision":false},{"head":[[0.998652,0.026069,0.044883,0.002851],[-0.024015,0.998666,-0.045717,0.006185],[-0.046015,0.044577,0.997946,0.005874],[0.0,0.0,0.0,1.0]],"antennas":[0.284154,-0.149619],"body_yaw":-0.002847,"check_collision":false},{"head":[[0.99776,0.018283,0.064354,-0.000444],[-0.014649,0.998295,-0.056507,0.007801],[-0.065277,0.055438,0.996326,0.005514],[0.0,0.0,0.0,1.0]],"antennas":[0.271818,-0.134503],"body_yaw":-0.002847,"check_collision":false},{"head":[[0.996589,0.009801,0.081936,-0.004164],[-0.00462,0.997991,-0.063183,0.009111],[-0.08239,0.062589,0.994633,0.005109],[0.0,0.0,0.0,1.0]],"antennas":[0.253992,-0.114009],"body_yaw":-0.002847,"check_collision":false},{"head":[[0.996129,-0.003393,0.08784,-0.007739],[0.009497,0.99756,-0.069168,0.009758],[-0.087391,0.069734,0.99373,0.004927],[0.0,0.0,0.0,1.0]],"antennas":[0.231114,-0.088556],"body_yaw":-0.002847,"check_collision":false},{"head":[[0.996169,-0.015619,0.08604,-0.010997],[0.022445,0.996626,-0.078946,0.009926],[-0.084517,0.080575,0.993159,0.0049],[0.0,0.0,0.0,1.0]],"antennas":[0.20322,-0.058388],"body_yaw":-0.002847,"check_collision":false},{"head":[[0.99613,-0.02663,0.083763,-0.014006],[0.03453,0.994943,-0.094319,0.009302],[-0.080827,0.096847,0.992012,0.004612],[0.0,0.0,0.0,1.0]],"antennas":[0.170641,-0.023792],"body_yaw":-0.002847,"check_collision":false},{"head":[[0.99604,-0.031546,0.083122,-0.016617],[0.040879,0.992745,-0.113079,0.007801],[-0.078952,0.116029,0.990103,0.004379],[0.0,0.0,0.0,1.0]],"antennas":[0.134197,0.014529],"body_yaw":-0.002847,"check_collision":false},{"head":[[0.995824,-0.033815,0.084802,-0.018543],[0.04432,0.991138,-0.125223,0.006012],[-0.079816,0.128459,0.988498,0.004167],[0.0,0.0,0.0,1.0]],"antennas":[0.094369,0.056007],"body_yaw":-0.002847,"check_collision":false},{"head":[[0.995682,-0.035527,0.085759,-0.019387],[0.047119,0.989425,-0.13718,0.003673],[-0.079978,0.140629,0.986827,0.004314],[0.0,0.0,0.0,1.0]],"antennas":[0.05115,0.100156],"body_yaw":-0.002847,"check_collision":false},{"head":[[0.996228,-0.030499,0.081244,-0.018993],[0.042271,0.988178,-0.147367,0.001036],[-0.075789,0.150246,0.98574,0.004568],[0.0,0.0,0.0,1.0]],"antennas":[0.006579,0.14584],"body_yaw":-0.002847,"check_collision":false},{"head":[[0.996665,-0.020907,0.078879,-0.017568],[0.032689,0.987967,-0.151171,-0.001967],[-0.074769,0.153245,0.985356,0.004749],[0.0,0.0,0.0,1.0]],"antennas":[-0.040254,0.193677],"body_yaw":-0.002847,"check_collision":false},{"head":[[0.99725,-0.005999,0.073873,-0.015242],[0.016686,0.989304,-0.144909,-0.004379],[-0.072214,0.145743,0.986683,0.004777],[0.0,0.0,0.0,1.0]],"antennas":[-0.088272,0.241653],"body_yaw":-0.002847,"check_collision":false},{"head":[[0.997276,0.002896,0.073706,-0.011585],[0.007319,0.990412,-0.137951,-0.006158],[-0.073398,0.138114,0.987693,0.004963],[0.0,0.0,0.0,1.0]],"antennas":[-0.136637,0.289755],"body_yaw":-0.002847,"check_collision":false},{"head":[[0.997224,0.006889,0.074144,-0.007496],[0.002752,0.991621,-0.129152,-0.007119],[-0.074412,0.128997,0.988849,0.004844],[0.0,0.0,0.0,1.0]],"antennas":[-0.183645,0.33659],"body_yaw":-0.002847,"check_collision":false},{"head":[[0.997566,0.004723,0.069571,-0.003756],[0.002906,0.994022,-0.109145,-0.007056],[-0.069671,0.109081,0.991588,0.005065],[0.0,0.0,0.0,1.0]],"antennas":[-0.231778,0.38278],"body_yaw":-0.002847,"check_collision":false},{"head":[[0.998202,0.004508,0.059772,-0.0005],[0.001424,0.995104,-0.098827,-0.005897],[-0.059925,0.098734,0.993308,0.005358],[0.0,0.0,0.0,1.0]],"antennas":[-0.275958,0.426597],"body_yaw":-0.002847,"check_collision":false},{"head":[[0.998759,0.008653,0.049042,0.001884],[-0.004369,0.996216,-0.086805,-0.003889],[-0.049607,0.086483,0.995017,0.005522],[0.0,0.0,0.0,1.0]],"antennas":[-0.318302,0.467658],"body_yaw":-0.002847,"check_collision":false},{"head":[[0.998719,0.016052,0.047979,0.003454],[-0.012442,0.997134,-0.074622,-0.00135],[-0.049039,0.07393,0.996057,0.005683],[0.0,0.0,0.0,1.0]],"antennas":[-0.357793,0.505416],"body_yaw":-0.002847,"check_collision":false},{"head":[[0.998616,0.017031,0.049753,0.004643],[-0.013463,0.997372,-0.07119,0.00083],[-0.050834,0.070422,0.996221,0.005455],[0.0,0.0,0.0,1.0]],"antennas":[-0.393752,0.539343],"body_yaw":-0.002847,"check_collision":false},{"head":[[0.998141,0.016119,0.058777,0.004604],[-0.012075,0.997577,-0.068516,0.003571],[-0.059739,0.067679,0.995917,0.004591],[0.0,0.0,0.0,1.0]],"antennas":[-0.425611,0.568932],"body_yaw":-0.002847,"check_collision":false},{"head":[[0.997854,0.013181,0.064138,0.003855],[-0.009023,0.997864,-0.0647,0.005756],[-0.064854,0.063982,0.995841,0.003939],[0.0,0.0,0.0,1.0]],"antennas":[-0.452952,0.593739],"body_yaw":-0.002847,"check_collision":false},{"head":[[0.998034,0.010909,0.061726,0.002647],[-0.007065,0.998042,-0.062143,0.007468],[-0.062283,0.061585,0.996157,0.003278],[0.0,0.0,0.0,1.0]],"antennas":[-0.475137,0.613472],"body_yaw":-0.002847,"check_collision":false},{"head":[[0.998269,0.003582,0.0587,0.00041],[0.000126,0.998011,-0.063043,0.008532],[-0.058809,0.062941,0.996283,0.003202],[0.0,0.0,0.0,1.0]],"antennas":[-0.492263,0.627788],"body_yaw":-0.002847,"check_collision":false},{"head":[[0.997942,-0.012005,0.062986,-0.002621],[0.016788,0.99697,-0.075957,0.009915],[-0.061883,0.076858,0.99512,0.003079],[0.0,0.0,0.0,1.0]],"antennas":[-0.503812,0.636503],"body_yaw":-0.002847,"check_collision":false},{"head":[[0.996934,-0.022841,0.074836,-0.00608],[0.029452,0.995644,-0.088463,0.010848],[-0.07249,0.090396,0.993264,0.002902],[0.0,0.0,0.0,1.0]],"antennas":[-0.509683,0.639485],"body_yaw":-0.002847,"check_collision":false},{"head":[[0.996077,-0.022747,0.085517,-0.009274],[0.030056,0.995912,-0.085184,0.010564],[-0.083229,0.08742,0.992689,0.002543],[0.0,0.0,0.0,1.0]],"antennas":[-0.509802,0.636706],"body_yaw":-0.002847,"check_collision":false},{"head":[[0.995673,-0.024257,0.089703,-0.011816],[0.0318,0.995988,-0.083643,0.009529],[-0.087314,0.086133,0.99245,0.002034],[0.0,0.0,0.0,1.0]],"antennas":[-0.504176,0.62821],"body_yaw":-0.002847,"check_collision":false},{"head":[[0.994774,-0.034684,0.096032,-0.013897],[0.043652,0.994717,-0.092915,0.007787],[-0.092302,0.096621,0.991032,0.001533],[0.0,0.0,0.0,1.0]],"antennas":[-0.492796,0.614038],"body_yaw":-0.002847,"check_collision":false},{"head":[[0.993343,-0.048948,0.104275,-0.015406],[0.06009,0.992491,-0.106544,0.005498],[-0.098277,0.112101,0.988825,0.000969],[0.0,0.0,0.0,1.0]],"antennas":[-0.475888,0.594487],"body_yaw":-0.002847,"check_collision":false},{"head":[[0.993671,-0.048963,0.101098,-0.016001],[0.060798,0.991209,-0.117512,0.003059],[-0.094456,0.122915,0.987912,0.000588],[0.0,0.0,0.0,1.0]],"antennas":[-0.453934,0.569861],"body_yaw":-0.002847,"check_collision":false},{"head":[[0.994362,-0.03765,0.099128,-0.015753],[0.049381,0.991703,-0.11869,0.000629],[-0.093837,0.122916,0.987971,0.000595],[0.0,0.0,0.0,1.0]],"antennas":[-0.4267,0.540435],"body_yaw":-0.002847,"check_collision":false},{"head":[[0.995918,-0.011358,0.08955,-0.014354],[0.02167,0.993124,-0.115042,-0.002045],[-0.087627,0.116513,0.989316,0.001116],[0.0,0.0,0.0,1.0]],"antennas":[-0.395206,0.50665],"body_yaw":-0.002847,"check_collision":false},{"head":[[0.997102,0.007727,0.075679,-0.012099],[0.00042,0.994254,-0.107049,-0.004628],[-0.076071,0.10677,0.991369,0.001551],[0.0,0.0,0.0,1.0]],"antennas":[-0.359399,0.469008],"body_yaw":-0.002847,"check_collision":false},{"head":[[0.998012,0.009989,0.062231,-0.009504],[-0.003616,0.99481,-0.101687,-0.006604],[-0.062923,0.10126,0.992868,0.002146],[0.0,0.0,0.0,1.0]],"antennas":[-0.319766,0.428004],"body_yaw":-0.002847,"check_collision":false},{"head":[[0.999144,-0.000437,0.041375,-0.006184],[0.004485,0.995196,-0.097795,-0.008003],[-0.041134,0.097897,0.994346,0.003101],[0.0,0.0,0.0,1.0]],"antennas":[-0.277799,0.384439],"body_yaw":-0.002847,"check_collision":false},{"