{"description":"You dance more energetically and wiggle on some moves.","time":[0.0,0.02,0.04,0.06,0.08,0.1,0.12,0.14,0.16,0.18,0.2,0.22,0.24,0.26,0.28,0.3,0.32,0.34,0.36,0.38,0.4,0.42,0.44,0.46,0.48,0.5,0.52,0.54,0.56,0.58,0.6,0.62,0.64,0.66,0.68,0.7,0.72,0.74,0.76,0.78,0.8,0.82,0.84,0.86,0.88,0.9,0.92,0.94,0.96,0.98,1.0,1.02,1.04,1.06,1.08,1.1,1.12,1.14,1.16,1.18,1.2,1.22,1.24,1.26,1.28,1.3,1.32,1.34,1.36,1.38,1.4,1.42,1.44,1.46,1.48,1.5,1.52,1.54,1.56,1.58,1.6,1.62,1.64,1.66,1.68,1.7,1.72,1.74,1.76,1.78,1.8,1.82,1.84,1.86,1.88,1.9,1.92,1.94,1.96,1.98,2.0,2.02,2.04,2.06,2.08,2.1,2.12,2.14,2.16,2.18,2.2,2.22,2.24,2.26,2.28,2.3,2.32,2.34,2.36,2.38,2.4,2.42,2.44,2.46,2.48,2.5,2.52,2.54,2.56,2.58,2.6,2.62,2.64,2.66,2.68,2.7,2.72,2.74,2.76,2.78,2.8,2.82,2.84,2.86,2.88,2.9,2.92,2.94,2.96,2.98,3.0,3.02,3.04,3.06,3.08,3.1,3.12,3.14,3.16,3.18,3.2,3.22,3.24,3.26,3.28,3.3,3.32,3.34,3.36,3.38,3.4,3.42,3.44,3.46,3.48,3.5,3.52,3.54,3.56,3.58,3.6,3.62,3.64,3.66,3.68,3.7,3.72,3.74,3.76,3.78,3.8,3.82,3.84,3.86,3.88,3.9,3.92,3.94,3.96,3.98,4.0,4.02,4.04,4.06,4.08,4.1,4.12,4.14,4.16,4.18,4.2,4.22,4.24,4.26,4.28,4.3,4.32,4.34,4.36,4.38,4.4,4.42,4.44,4.46,4.48,4.5,4.52,4.54,4.56,4.58,4.6,4.62,4.64,4.66,4.68,4.7,4.72,4.74,4.76,4.78,4.8,4.82,4.84,4.86,4.88,4.9,4.92,4.94,4.96,4.98,5.0,5.02,5.04,5.06,5.08,5.1,5.12,5.14,5.16,5.18,5.2,5.22,5.24,5.26,5.28,5.3,5.32,5.34,5.36,5.38,5.4,5.42,5.44,5.46,5.48,5.5,5.52,5.54,5.56,5.58,5.6,5.62,5.64,5.66,5.68,5.7,5.72,5.74,5.76,5.78,5.8,5.82,5.84,5.86,5.88,5.9,5.92,5.94,5.96,5.98,6.0,6.02,6.04,6.06,6.08,6.1,6.12,6.14,6.16,6.18,6.2,6.22,6.24,6.26,6.28,6.3,6.32,6.34,6.36,6.38,6.4,6.42,6.44,6.46,6.48,6.5,6.52,6.54,6.56,6.58,6.6,6.62,6.64,6.66,6.68,6.7,6.72,6.74,6.76,6.78,6.8,6.82,6.84,6.86,6.88,6.9,6.92,6.94,6.96,6.98,7.0,7.02,7.04,7.06,7.08,7.1,7.12,7.14,7.16,7.18,7.2,7.22,7.24,7.26,7.28,7.3,7.32,7.34,7.36,7.38,7.4,7.42,7.44,7.46,7.48,7.5,7.52,7.54,7.56,7.58,7.6,7.62,7.64,7.66,7.68,7.7,7.72,7.74,7.76,7.78,7.8,7.82,7.84,7.86,7.88,7.9,7.92,7.94,7.96,7.98,8.0,8.02,8.04,8.06,8.08,8.1,8.12,8.14,8.16,8.18,8.2,8.22,8.24,8.26,8.28,8.3,8.32,8.34,8.36,8.38,8.4,8.42,8.44,8.46,8.48,8.5,8.52,8.54,8.56,8.58,8.6,8.62,8.64,8.66,8.68,8.7,8.72,8.74,8.76,8.78,8.8,8.82,8.84,8.86,8.88,8.9,8.92,8.94,8.96,8.98,9.0,9.02,9.04,9.06,9.08,9.1,9.12,9.14,9.16,9.18,9.2,9.22,9.24,9.26,9.28,9.3,9.32,9.34,9.36,9.38,9.4,9.42,9.44,9.46,9.48,9.5,9.52,9.54,9.56,9.58,9.6,9.62,9.64,9.66,9.68,9.7,9.72,9.74,9.76,9.78,9.8,9.82,9.84,9.86,9.88,9.9,9.92,9.94,9.96,9.98,10.0,10.02,10.04,10.06,10.08,10.1,10.12,10.14,10.16,10.18,10.2,10.22,10.24,10.26,10.28,10.3,10.32,10.34,10.36,10.38,10.4,10.42,10.44,10.46,10.48,10.5,10.52,10.54,10.56,10.58,10.6,10.62,10.64,10.66,10.68,10.7,10.72,10.74,10.76,10.78,10.8,10.82,10.84,10.86,10.88,10.9,10.92,10.94,10.96,10.98,11.0,11.02,11.04,11.06,11.08,11.1,11.12,11.14,11.16,11.18,11.2,11.22,11.24,11.26,11.28,11.3,11.32,11.34,11.36,11.38,11.4,11.42,11.44,11.46,11.48,11.5,11.52,11.54,11.56,11.58,11.6,11.62,11.64,11.66,11.68,11.7,11.72,11.74,11.76,11.78,11.8,11.82,11.84,11.86,11.88,11.9,11.92,11.94,11.96,11.98,12.0,12.02,12.04,12.06,12.08,12.1,12.12,12.14,12.16,12.18,12.2,12.22,12.24,12.26,12.28,12.3,12.32,12.34,12.36,12.38,12.4,12.42,12.44,12.46,12.48,12.5,12.52,12.54,12.56,12.58,12.6,12.62,12.64,12.66,12.68,12.7,12.72,12.74,12.76,12.78,12.8,12.82,12.84,12.86,12.88,12.9,12.92,12.94,12.96,12.98,13.0,13.02,13.04,13.06,13.08,13.1,13.12,13.14,13.16,13.18,13.2,13.22,13.24,13.26,13.28,13.3,13.32,13.34,13.36,13.38,13.4,13.42,13.44,13.46,13.48,13.5,13.52,13.54,13.56,13.58,13.6,13.62,13.64,13.66,13.68,13.7,13.72,13.74,13.76,13.78,13.8,13.82,13.84,13.86,13.88,13.9,13.92,13.94,13.96,13.98,14.0,14.02,14.04,14.06,14.08,14.1,14.12,14.14,14.16,14.18,14.2,14.22,14.24,14.26,14.28,14.3,14.32,14.34,14.36,14.38,14.4,14.42,14.44,14.46,14.48,14.5,14.52,14.54,14.56,14.58,14.6,14.62,14.64,14.66,14.68,14.7,14.72,14.74,14.76,14.78,14.8,14.82,14.84,14.86,14.88,14.9,14.92,14.94,14.96,14.98,15.0,15.02,15.04,15.06,15.08,15.1,15.12,15.14,15.16,15.18,15.2,15.22,15.24,15.26,15.28,15.3,15.32,15.34,15.36,15.38,15.4,15.42,15.44,15.46,15.48,15.5,15.52,15.54,15.56,15.58,15.6,15.62,15.64,15.66,15.68,15.7,15.72,15.74,15.76,15.78,15.8,15.82,15.84,15.86,15.88,15.9,15.92,15.94,15.96,15.98,16.0,16.02,16.04,16.06,16.08,16.1,16.12,16.14,16.16,16.18,16.2,16.22,16.24,16.26,16.28,16.3,16.32,16.34,16.36,16.38,16.4,16.42,16.44,16.46,16.48,16.5,16.52,16.54,16.56,16.58,16.6,16.62,16.64,16.66,16.68,16.7,16.72,16.74,16.76,16.78,16.8,16.82,16.84,16.86,16.88,16.9,16.92,16.94,16.96,16.98,17.0,17.02,17.04,17.06,17.08,17.1,17.12,17.14,17.16,17.18,17.2,17.22,17.24,17.26,17.28,17.3,17.32,17.34,17.36,17.38,17.4,17.42,17.44,17.46,17.48,17.5,17.52,17.54,17.56,17.58,17.6,17.62,17.64,17.66,17.68,17.7,17.72,17.74,17.76,17.78,17.8,17.82,17.84,17.86,17.88,17.9,17.92,17.94,17.96,17.98,18.0,18.02,18.04,18.06,18.08,18.1,18.12,18.14,18.16,18.18,18.2,18.22,18.24,18.26,18.28,18.3,18.32,18.34,18.36],"set_target_data":[{"head":[[0.993678,-0.106,-0.036984,-0.007705],[0.103432,0.992475,-0.06554,-0.002615],[0.043653,0.0613,0.997164,-0.000479],[0.0,0.0,0.0,1.0]],"antennas":[-0.521151,0.528143],"body_yaw":-0.020588,"check_collision":false},{"head":[[0.993695,-0.105796,-0.03711,-0.007777],[0.103236,0.992518,-0.065187,-0.002674],[0.043729,0.060945,0.997183,-0.000394],[0.0,0.0,0.0,1.0]],"antennas":[-0.521151,0.528143],"body_yaw":-0.020588,"check_collision":false},{"head":[[0.993733,-0.105426,-0.037162,-0.007805],[0.102878,0.992577,-0.064858,-0.002655],[0.043724,0.060628,0.997202,-0.000397],[0.0,0.0,0.0,1.0]],"antennas":[-0.521151,0.528143],"body_yaw":-0.020588,"check_collision":false},{"head":[[0.993783,-0.104978,-0.037088,-0.007824],[0.102446,0.992639,-0.064591,-0.002643],[0.043595,0.06039,0.997222,-0.00043],[0.0,0.0,0.0,1.0]],"antennas":[-0.521151,0.528143],"body_yaw":-0.020588,"check_collision":false},{"head":[[0.993882,-0.104932,-0.034462,-0.007984],[0.102446,0.992457,-0.067335,-0.002495],[0.041267,0.063392,0.997135,-0.000527],[0.0,0.0,0.0,1.0]],"antennas":[-0.521151,0.528143],"body_yaw":-0.020588,"check_collision":false},{"head":[[0.994193,-0.103315,-0.030099,-0.008184],[0.100822,0.992069,-0.07506,-0.002327],[0.037615,0.07159,0.996725,-0.000689],[0.0,0.0,0.0,1.0]],"antennas":[-0.521151,0.528143],"body_yaw":-0.020588,"check_collision":false},{"head":[[0.994536,-0.101184,-0.025699,-0.008309],[0.098855,0.9919,-0.079762,-0.002352],[0.033561,0.076786,0.996483,-0.000692],[0.0,0.0,0.0,1.0]],"antennas":[-0.521151,0.528143],"body_yaw":-0.020588,"check_collision":false},{"head":[[0.994837,-0.098909,-0.022746,-0.008365],[0.096743,0.991921,-0.082063,-0.002135],[0.030679,0.079439,0.996368,-0.000765],[0.0,0.0,0.0,1.0]],"antennas":[-0.521151,0.528143],"body_yaw":-0.020588,"check_collision":false},{"head":[[0.995022,-0.09744,-0.020906,-0.008419],[0.095362,0.991874,-0.084218,-0.001943],[0.028943,0.081805,0.996228,-0.000749],[0.0,0.0,0.0,1.0]],"antennas":[-0.521151,0.528143],"body_yaw":-0.020588,"check_collision":false},{"head":[[0.995138,-0.096287,-0.020729,-0.008373],[0.094236,0.992008,-0.083899,-0.001858],[0.028641,0.081537,0.996259,-0.000676],[0.0,0.0,0.0,1.0]],"antennas":[-0.521151,0.528143],"body_yaw":-0.020588,"check_collision":false},{"head":[[0.995328,-0.094237,-0.020995,-0.008182],[0.092212,0.992317,-0.082485,-0.001781],[0.028607,0.080164,0.996371,-0.000649],[0.0,0.0,0.0,1.0]],"antennas":[-0.521151,0.528143],"body_yaw":-0.020588,"check_collision":false},{"head":[[0.99548,-0.092435,-0.021808,-0.008004],[0.090395,0.992609,-0.080974,-0.001945],[0.029131,0.078636,0.996478,-0.000699],[0.0,0.0,0.0,1.0]],"antennas":[-0.521151,0.528143],"body_yaw":-0.020588,"check_collision":false},{"head":[[0.995587,-0.090911,-0.023292,-0.007849],[0.088806,0.992877,-0.079422,-0.002293],[0.030346,0.077003,0.996569,-0.000707],[0.0,0.0,0.0,1.0]],"antennas":[-0.521151,0.528143],"body_yaw":-0.020588,"check_collision":false},{"head":[[0.995633,-0.089549,-0.026395,-0.007716],[0.08729,0.993203,-0.076989,-0.002606],[0.03311,0.074349,0.996683,-0.000704],[0.0,0.0,0.0,1.0]],"antennas":[-0.521151,0.528143],"body_yaw":-0.020588,"check_collision":false},{"head":[[0.995675,-0.08813,-0.029399,-0.007559],[0.085748,0.993544,-0.07428,-0.002716],[0.035755,0.071438,0.996804,-0.000712],[0.0,0.0,0.0,1.0]],"antennas":[-0.521151,0.528143],"body_yaw":-0.020588,"check_collision":false},{"head":[[0.99576,-0.08616,-0.032211,-0.007319],[0.083638,0.993834,-0.072793,-0.002622],[0.038284,0.069791,0.996827,-0.000679],[0.0,0.0,0.0,1.0]],"antennas":[-0.521151,0.528143],"body_yaw":-0.020588,"check_collision":false},{"head":[[0.995901,-0.083343,-0.035133,-0.007127],[0.080641,0.994112,-0.072373,-0.002612],[0.040958,0.069243,0.996759,-0.000551],[0.0,0.0,0.0,1.0]],"antennas":[-0.521151,0.528143],"body_yaw":-0.020588,"check_collision":false},{"head":[[0.996099,-0.080446,-0.036275,-0.006983],[0.077581,0.994202,-0.074456,-0.002564],[0.042054,0.071351,0.996564,-0.000542],[0.0,0.0,0.0,1.0]],"antennas":[-0.521151,0.528143],"body_yaw":-0.020588,"check_collision":false},{"head":[[0.996205,-0.078719,-0.037133,-0.006619],[0.075472,0.993773,-0.081966,-0.002576],[0.043354,0.078852,0.995943,-0.000877],[0.0,0.0,0.0,1.0]],"antennas":[-0.521151,0.528143],"body_yaw":-0.020588,"check_collision":false},{"head":[[0.995767,-0.082249,-0.04102,-0.006101],[0.077742,0.991798,-0.10145,-0.002335],[0.049027,0.097832,0.993995,-0.001896],[0.0,0.0,0.0,1.0]],"antennas":[-0.521151,0.528143],"body_yaw":-0.049469,"check_collision":false},{"head":[[0.995095,-0.088167,-0.044871,-0.005549],[0.081522,0.987763,-0.132963,-0.002126],[0.056045,0.128653,0.990105,-0.002922],[0.0,0.0,0.0,1.0]],"antennas":[-0.521151,0.528143],"body_yaw":-0.104551,"check_collision":false},{"head":[[0.994563,-0.092614,-0.047618,-0.004962],[0.083846,0.98334,-0.161286,-0.001638],[0.061762,0.156416,0.985758,-0.003681],[0.0,0.0,0.0,1.0]],"antennas":[-0.521151,0.528143],"body_yaw":-0.159923,"check_collision":false},{"head":[[0.994305,-0.094669,-0.048943,-0.004279],[0.083926,0.978601,-0.187874,-0.001041],[0.065682,0.182697,0.980973,-0.004422],[0.0,0.0,0.0,1.0]],"antennas":[-0.521151,0.528143],"body_yaw":-0.215556,"check_collision":false},{"head":[[0.994558,-0.093109,-0.04674,-0.003635],[0.081165,0.973745,-0.212681,-0.000166],[0.065316,0.20773,0.976003,-0.005262],[0.0,0.0,0.0,1.0]],"antennas":[-0.521151,0.528143],"body_yaw":-0.271055,"check_collision":false},{"head":[[0.995083,-0.090338,-0.040596,-0.002994],[0.078473,0.969231,-0.233311,0.000552],[0.060424,0.228978,0.971554,-0.006286],[0.0,0.0,0.0,1.0]],"antennas":[-0.521151,0.528143],"body_yaw":-0.326534,"check_collision":false},{"head":[[0.995541,-0.088145,-0.033593,-0.00207],[0.077038,0.965257,-0.24969,0.000773],[0.054435,0.245989,0.967743,-0.007297],[0.0,0.0,0.0,1.0]],"antennas":[-0.521151,0.528143],"body_yaw":-0.382095,"check_collision":false},{"head":[[0.995824,-0.086981,-0.027744,-0.001155],[0.076846,0.962631,-0.259686,0.00112],[0.049295,0.256469,0.965295,-0.00853],[0.0,0.0,0.0,1.0]],"antennas":[-0.521151,0.528143],"body_yaw":-0.434576,"check_collision":false},{"head":[[0.996195,-0.084702,-0.020534,-0.000423],[0.076708,0.963949,-0.254789,0.001248],[0.041374,0.252245,0.966779,-0.009575],[0.0,0.0,0.0,1.0]],"antennas":[-0.521151,0.528143],"body_yaw":-0.457639,"check_collision":false},{"head":[[0.996641,-0.080876,-0.01289,6.9e-05],[0.075736,0.970071,-0.230709,0.000683],[0.031163,0.228958,0.972937,-0.010121],[0.0,0.0,0.0,1.0]],"antennas":[-0.521151,0.528143],"body_yaw":-0.457639,"check_collision":false},{"head":[[0.996732,-0.079216,-0.015792,0.000268],[0.074606,0.977779,-0.195913,-6.5e-05],[0.03096,0.194095,0.980494,-0.009905],[0.0,0.0,0.0,1.0]],"antennas":[-0.521151,0.528143],"body_yaw":-0.457639,"check_collision":false},{"head":[[0.996824,-0.076066,-0.023564,0.000141],[0.071771,0.986384,-0.147972,-0.001006],[0.034499,0.145811,0.988711,-0.008809],[0.0,0.0,0.0,1.0]],"antennas":[-0.521151,0.528143],"body_yaw":-0.457639,"check_collision":false},{"head":[[0.997185,-0.069726,-0.02758,-0.000252],[0.06674,0.993008,-0.097373,-0.001948],[0.034177,0.095259,0.994866,-0.007447],[0.0,0.0,0.0,1.0]],"antennas":[-0.521151,0.528143],"body_yaw":-0.452283,"check_collision":false},{"head":[[0.997813,-0.061006,-0.025438,-0.000668],[0.059389,0.996424,-0.060102,-0.002255],[0.029014,0.05846,0.997868,-0.006685],[0.0,0.0,0.0,1.0]],"antennas":[-0.521151,0.528143],"body_yaw":-0.419928,"check_collision":false},{"head":[[0.998074,-0.055433,-0.027857,-0.00069],[0.054741,0.998187,-0.025031,-0.002545],[0.029194,0.023458,0.999298,-0.005914],[0.0,0.0,0.0,1.0]],"antennas":[-0.521151,0.528143],"body_yaw":-0.367857,"check_collision":false},{"head":[[0.998184,-0.048283,-0.036028,-0.001139],[0.048781,0.998724,0.013086,-0.00232],[0.035351,-0.014819,0.999265,-0.004153],[0.0,0.0,0.0,1.0]],"antennas":[-0.521151,0.528143],"body_yaw":-0.312314,"check_collision":false},{"head":[[0.998003,-0.04253,-0.0467,-0.001723],[0.044945,0.997638,0.051948,-0.002411],[0.044381,-0.053943,0.997557,-0.002641],[0.0,0.0,0.0,1.0]],"antennas":[-0.521151,0.528143],"body_yaw":-0.256878,"check_collision":false},{"head":[[0.997639,-0.038893,-0.056604,-0.002198],[0.04298,0.996415,0.072875,-0.00243],[0.053567,-0.075136,0.995734,-0.002257],[0.0,0.0,0.0,1.0]],"antennas":[-0.521151,0.528143],"body_yaw":-0.201507,"check_collision":false},{"head":[[0.99735,-0.035583,-0.06345,-0.002489],[0.040747,0.995796,0.08204,-0.002178],[0.060264,-0.084408,0.994607,-0.002403],[0.0,0.0,0.0,1.0]],"antennas":[-0.521151,0.528143],"body_yaw":-0.145739,"check_collision":false},{"head":[[0.997023,-0.030448,-0.070833,-0.002532],[0.036697,0.995385,0.088663,-0.002077],[0.067806,-0.090999,0.99354,-0.002],[0.0,0.0,0.0,1.0]],"antennas":[-0.521151,0.528143],"body_yaw":-0.090464,"check_collision":false},{"head":[[0.996621,-0.024987,-0.078243,-0.002682],[0.032981,0.994175,0.102603,-0.002192],[0.075223,-0.104837,0.99164,-0.001415],[0.0,0.0,0.0,1.0]],"antennas":[-0.521151,0.528143],"body_yaw":-0.046213,"check_collision":false},{"head":[[0.995868,-0.022184,-0.088057,-0.002821],[0.032202,0.992954,0.114037,-0.002817],[0.084907,-0.116401,0.989566,-0.000979],[0.0,0.0,0.0,1.0]],"antennas":[-0.521151,0.528143],"body_yaw":-0.030115,"check_collision":false},{"head":[[0.995085,-0.021408,-0.096687,-0.00294],[0.032691,0.992632,0.116673,-0.002604],[0.093477,-0.11926,0.988453,-0.000627],[0.0,0.0,0.0,1.0]],"antennas":[-0.521151,0.528143],"body_yaw":-0.030115,"check_collision":false},{"head":[[0.994988,-0.029354,-0.095589,-0.002503],[0.0396,0.993457,0.107118,-0.008857],[0.091819,-0.110366,0.989641,0.002252],[0.0,0.0,0.0,1.0]],"antennas":[-0.521151,0.528143],"body_yaw":-0.030115,"check_collision":false},{"head":[[0.995344,-0.027209,-0.092465,-0.002697],[0.035716,0.995153,0.091625,-0.008306],[0.089524,-0.094501,0.991491,0.001467],[0.0,0.0,0.0,1.0]],"antennas":[-0.521151,0.528143],"body_yaw":-0.030115,"check_collision":false},{"head":[[0.995661,-0.024513,-0.089766,-0.002949],[0.031046,0.996913,0.072119,-0.007689],[0.087721,-0.074593,0.993348,0.000671],[0.0,0.0,0.0,1.0]],"antennas":[-0.521151,0.528143],"body_yaw":-0.030115,"check_collision":false},{"head":[[0.995913,-0.020987,-0.087844,-0.003811],[0.026024,0.998058,0.056597,-0.006458],[0.086486,-0.058652,0.994525,0.000394],[0.0,0.0,0.0,1.0]],"antennas":[-0.521151,0.528143],"body_yaw":-0.030115,"check_collision":false},{"head":[[0.996431,-0.019341,-0.082164,-0.00548],[0.022686,0.998944,0.039965,-0.00532],[0.081304,-0.041686,0.995817,0.000493],[0.0,0.0,0.0,1.0]],"antennas":[-0.521151,0.528143],"body_yaw":-0.030115,"check_collision":false},{"head":[[0.996331,-0.024224,-0.082088,-0.007689],[0.026457,0.999306,0.02623,-0.004681],[0.081396,-0.028305,0.99628,0.000724],[0.0,0.0,0.0,1.0]],"antennas":[-0.521151,0.528143],"body_yaw":-0.030115,"check_collision":false},{"head":[[0.995521,-0.033169,-0.088535,-0.010017],[0.035447,0.999077,0.024282,-0.003707],[0.087648,-0.027312,0.995777,0.001056],[0.0,0.0,0.0,1.0]],"antennas":[-0.521151,0.528143],"body_yaw":-0.030115,"check_collision":false},{"head":[[0.994786,-0.039713,-0.093934,-0.012322],[0.042581,0.99868,0.028726,-0.002854],[0.09267,-0.032576,0.995164,0.001727],[0.0,0.0,0.0,1.0]],"antennas":[-0.521151,0.528143],"body_yaw":-0.030115,"check_collision":false},{"head":[[0.993617,-0.047738,-0.10221,-0.01448],[0.051188,0.998195,0.031401,-0.002188],[0.100526,-0.036433,0.994267,0.001857],[0.0,0.0,0.0,1.0]],"antennas":[-0.521151,0.528143],"body_yaw":-0.030115,"check_collision":false},{"head":[[0.992449,-0.057007,-0.108609,-0.016615],[0.060664,0.997687,0.030673,-0.001445],[0.106609,-0.03703,0.993611,0.001729],[0.0,0.0,0.0,1.0]],"antennas":[-0.521151,0.528143],"body_yaw":-0.030115,"check_collision":false},{"head":[[0.991591,-0.067731,-0.110273,-0.018662],[0.071186,0.997078,0.0277,-0.00073],[0.108075,-0.035317,0.993515,0.001783],[0.0,0.0,0.0,1.0]],"antennas":[-0.521151,0.528143],"body_yaw":-0.030115,"check_collision":false},{"head":[[0.991534,-0.076597,-0.10485,-0.020093],[0.080022,0.996375,0.028852,-0.000662],[0.10226,-0.036999,0.994069,0.00207],[0.0,0.0,0.0,1.0]],"antennas":[-0.521151,0.528143],"body_yaw":-0.039029,"check_collision":false},{"head":[[0.992014,-0.082231,-0.095638,-0.020814],[0.085626,0.995815,0.031948,-0.000843],[0.092611,-0.039882,0.994903,0.002049],[0.0,0.0,0.0,1.0]],"antennas":[-0.521151,0.528143],"body_yaw":-0.088311,"check_collision":false},{"head":[[0.992034,-0.087295,-0.090816,-0.021024],[0.090708,0.995291,0.03416,-0.00157],[0.087407,-0.042126,0.995282,0.002226],[0.0,0.0,0.0,1.0]],"antennas":[-0.521151,0.528143],"body_yaw":-0.143819,"check_collision":false},{"head":[[0.991773,-0.089443,-0.091576,-0.021017],[0.093235,0.994919,0.037993,-0.002404],[0.087713,-0.046218,0.995073,0.002608],[0.0,0.0,0.0,1.0]],"antennas":[-0.521151,0.528143],"body_yaw":-0.19817,"check_collision":false},{"head":[[0.992063,-0.087259,-0.090536,-0.020443],[0.091253,0.994985,0.040955,-0.003356],[0.086508,-0.048891,0.995051,0.002732],[0.0,0.0,0.0,1.0]],"antennas":[-0.521151,0.528143],"body_yaw":-0.254885,"check_collision":false},{"head":[[0.992677,-0.084951,-0.085878,-0.01917],[0.088407,0.995387,0.037261,-0.004088],[0.082317,-0.04458,0.995609,0.002638],[0.0,0.0,0.0,1.0]],"antennas":[-0.521151,0.528143],"body_yaw":-0.304439,"check_collision":false},{"head":[[0.993541,-0.083651,-0.076676,-0.0173],[0.085936,0.995935,0.026997,-0.004357],[0.074106,-0.033412,0.99669,0.002563],[0.0,0.0,0.0,1.0]],"antennas":[-0.521151,0.528143],"body_yaw":-0.313853,"check_collision":false},{"head":[[0.994936,-0.079337,-0.061706,-0.015462],[0.080807,0.996494,0.021698,-0.004667],[0.059768,-0.026574,0.997859,0.00258],[0.0,0.0,0.0,1.0]],"antennas":[-0.521151,0.528143],"body_yaw":-0.313853,"check_collision":false},{"head":[[0.995271,-0.079459,-0.055875,-0.013381],[0.080485,0.996622,0.016351,-0.004613],[0.054387,-0.020771,0.998304,0.002668],[0.0,0.0,0.0,1.0]],"antennas":[-0.521151,0.528143],"body_yaw":-0.313853,"check_collision":false},{"head":[[0.995183,-0.081425,-0.054598,-0.011054],[0.082091,0.996574,0.010058,-0.004188],[0.053592,-0.014491,0.998458,0.00255],[0.0,0.0,0.0,1.0]],"antennas":[-0.521151,0.528143],"body_yaw":-0.313853,"check_collision":false},{"head":[[0.995435,-0.08216,-0.048558,-0.008966],[0.082638,0.996548,0.007926,-0.003902],[0.04774,-0.011903,0.998789,0.00226],[0.0,0.0,0.0,1.0]],"antennas":[-0.521151,0.528143],"body_yaw":-0.313853,"check_collision":false},{"head":[[0.996221,-0.078137,-0.03792,-0.00648],[0.078688,0.996811,0.01327,-0.003086],[0.036762,-0.016203,0.999193,0.001789],[0.0,0.0,0.0,1.0]],"antennas":[-0.521151,0.528143],"body_yaw":-0.313853,"check_collision":false},{"head":[[0.997072,-0.072191,-0.025222,-0.004339],[0.07272,0.997137,0.020731,-0.00233],[0.023653,-0.022505,0.999467,0.001392],[0.0,0.0,0.0,1.0]],"antennas":[-0.521151,0.528143],"body_yaw":-0.313853,"check_collision":false},{"head":[[0.997787,-0.06499,-0.014047,-0.00336],[0.065415,0.997336,0.032286,-0.001173],[0.011911,-0.033134,0.99938,0.001449],[0.0,0.0,0.0,1.0]],"antennas":[-0.521151,0.528143],"body_yaw":-0.313853,"check_collision":false},{"head":[[0.9979,-0.063464,-0.012961,-0.002802],[0.06393,0.997177,0.039395,-0.000562],[0.010425,-0.040141,0.99914,0.002218],[0.0,0.0,0.0,1.0]],"antennas":[-0.521151,0.528143],"body_yaw":-0.313853,"check_collision":false},{"head":[[0.997731,-0.066266,-0.01188,-0.00211],[0.066666,0.997081,0.037223,0.000472],[0.009378,-0.037931,0.999236,0.002206],[0.0,0.0,0.0,1.0]],"antennas":[-0.521151,0.528143],"body_yaw":-0.313853,"check_collision":false},{"head":[[0.997829,-0.065527,-0.006558,-0.001963],[0.065707,0.997309,0.032523,0.001845],[0.004409,-0.032884,0.999449,0.001719],[0.0,0.0,0.0,1.0]],"antennas":[-0.521151,0.528143],"body_yaw":-0.313853,"check_collision":false},{"head":[[0.998046,-0.062168,-0.006236,-0.002715],[0.062349,0.997435,0.035144,0.003325],[0.004035,-0.035464,0.999363,0.00186],[0.0,0.0,0.0,1.0]],"antennas":[-0.521151,0.528143],"body_yaw":-0.313853,"check_collision":false},{"head":[[0.998087,-0.061502,-0.006279,-0.004172],[0.061691,0.997425,0.036572,0.005025],[0.004013,-0.036889,0.999311,0.002368],[0.0,0.0,0.0,1.0]],"antennas":[-0.521151,0.528143],"body_yaw":-0.313853,"check_collision":false},{"head":[[0.99753,-0.070128,-0.004052,-0.006174],[0.070211,0.997182,0.026436,0.006621],[0.002187,-0.026655,0.999642,0.002386],[0.0,0.0,0.0,1.0]],"antennas":[-0.521151,0.528143],"body_yaw":-0.313853,"check_collision":false},{"head":[[0.996578,-0.082286,-0.007803,-0.00824],[0.082388,0.996504,0.013848,0.00759],[0.006636,-0.014444,0.999874,0.002105],[0.0,0.0,0.0,1.0]],"antennas":[-0.521151,0.528143],"body_yaw":-0.313853,"check_collision":false},{"head":[[0.995333,-0.095508,-0.013783,-0.01038],[0.095516,0.995428,-8.2e-05,0.007374],[0.013727,-0.001235,0.999905,0.00167],[0.0,0.0,0.0,1.0]],"antennas":[-0.521151,0.528143],"body_yaw":-0.313853,"check_collision":false},{"head":[[0.993595,-0.110954,-0.021391,-0.012661],[0.110792,0.993806,-0.008637,0.006366],[0.022217,0.006212,0.999734,0.000883],[0.0,0.0,0.0,1.0]],"antennas":[-0.521151,0.528143],"body_yaw":-0.313853,"check_collision":false},{"head":[[0.991445,-0.127388,-0.028451,-0.014621],[0.12694,0.991764,-0.017056,0.004236],[0.030389,0.013298,0.99945,0.000422],[0.0,0.0,0.0,1.0]],"antennas":[-0.521151,0.528143],"body_yaw":-0.313853,"check_collision":false},{"head":[[0.989884,-0.139025,-0.028316,-0.015968],[0.138353,0.990081,-0.024433,0.001827],[0.031432,0.020268,0.9993,0.000307],[0.0,0.0,0.0,1.0]],"antennas":[-0.521151,0.528143],"body_yaw":-0.313853,"check_collision":false},{"head":[[0.988754,-0.145818,-0.03319,-0.016424],[0.144764,0.988941,-0.032223,-0.000728],[0.037521,0.027056,0.998929,0.000204],[0.0,0.0,0.0,1.0]],"antennas":[-0.521151,0.528143],"body_yaw":-0.313853,"check_collision":false},{"head":[[0.988062,-0.149371,-0.037714,-0.016303],[0.147698,0.988061,-0.043819,-0.003146],[0.043809,0.037726,0.998327,0.000149],[0.0,0.0,0.0,1.0]],"antennas":[-0.521151,0.528143],"body_yaw":-0.310276,"check_collision":false},{"head":[[0.987617,-0.149633,-0.047139,-0.015443],[0.14672,0.987346,-0.060174,-0.005458],[0.055546,0.052513,0.997074,0.000121],[0.0,0.0,0.0,1.0]],"antennas":[-0.521151,0.528143],"body_yaw":-0.283921,"check_collision":false},{"head":[[0.98804,-0.146188,-0.049051,-0.014193],[0.142467,0.987154,-0.072314,-0.007288],[0.058993,0.064461,0.996175,-5e-05],[0.0,0.0,0.0,1.0]],"antennas":[-0.521151,0.528143],"body_yaw":-0.230434,"check_collision":false},{"head":[[0.988289,-0.143451,-0.052034,-0.012744],[0.139182,0.987187,-0.078044,-0.008901],[0.062563,0.069888,0.995591,-0.000705],[0.0,0.0,0.0,1.0]],"antennas":[-0.521151,0.528143],"body_yaw":-0.174744,"check_collision":false},{"head":[[0.987825,-0.144775,-0.056945,-0.011358],[0.140229,0.987116,-0.077057,-0.010186],[0.067367,0.068134,0.995399,-0.001181],[0.0,0.0,0.0,1.0]],"antennas":[-0.521151,0.528143],"body_yaw":-0.119356,"check_collision":false},{"head":[[0.986612,-0.151509,-0.060343,-0.010039],[0.146698,0.986142,-0.077487,-0.010657],[0.071247,0.067597,0.995166,-0.001381],[0.0,0.0,0.0,1.0]],"antennas":[-0.521151,0.528143],"body_yaw":-0.063564,"check_collision":false},{"head":[[0.985998,-0.155315,-0.060699,-0.008956],[0.15073,0.985803,-0.073979,-0.010221],[0.071327,0.063794,0.995411,-0.00136],[0.0,0.0,0.0,1.0]],"antennas":[-0.521151,0.528143],"body_yaw":-0.008068,"check_collision":false},{"head":[[0.986768,-0.151177,-0.058607,-0.008196],[0.147752,0.987266,-0.058947,-0.009298],[0.066772,0.049508,0.996539,-0.000962],[0.0,0.0,0.0,1.0]],"antennas":[-0.521151,0.528143],"body_yaw":0.047086,"check_collision":false},{"head":[[0.988469,-0.142983,-0.049846,-0.007695],[0.141408,0.989373,-0.033825,-0.007766],[0.054153,0.026386,0.998184,-0.000287],[0.0,0.0,0.0,1.0]],"antennas":[-0.521151,0.528143],"body_yaw":0.102778,"check_collision":false},{"head":[[0.989296,-0.140838,-0.038174,-0.007434],[0.140335,0.989982,-0.015566,-0.006012],[0.039984,0.010043,0.99915,0.000677],[0.0,0.0,0.0,1.0]],"antennas":[-0.521151,0.528143],"body_yaw":0.158406,"check_collision":false},{"head":[[0.990463,-0.135974,-0.022241,-0.00739],[0.136153,0.990665,0.006697,-0.004347],[0.021122,-0.009661,0.99973,0.00105],[0.0,0.0,0.0,1.0]],"antennas":[-0.521151,0.528143],"body_yaw":0.190056,"check_collision":false},{"head":[[0.991321,-0.13091,-0.012039,-0.00775],[0.13121,0.990931,0.028961,-0.002761],[0.008139,-0.030289,0.999508,0.001568],[0.0,0.0,0.0,1.0]],"antennas":[-0.521151,0.528143],"body_yaw":0.191751,"check_collision":false},{"head":[[0.991582,-0.128797,-0.013264,-0.00823],[0.129261,0.990641,0.043844,-0.0016],[0.007493,-0.04519,0.99895,0.001953],[0.0,0.0,0.0,1.0]],"antennas":[-0.521151,0.528143],"body_yaw":0.191751,"check_collision":false},{"head":[[0.99157,-0.128581,-0.016003,-0.008732],[0.12926,0.990178,0.053278,-0.000322],[0.008995,-0.054897,0.998452,0.001531],[0.0,0.0,0.0,1.0]],"antennas":[-0.521151,0.528143],"body_yaw":0.191751,"check_collision":false},{"head":[[0.99166,-0.127554,-0.018438,-0.0093],[0.128441,0.989915,0.059762,0.00079],[0.010629,-0.061632,0.998042,0.000863],[0.0,0.0,0.0,1.0]],"antennas":[-0.521151,0.528143],"body_yaw":0.191751,"check_collision":false},{"head":[[0.991172,-0.129688,-0.027541,-0.010184],[0.131193,0.989379,0.062588,0.001206],[0.019132,-0.065649,0.997659,0.00081],[0.0,0.0,0.0,1.0]],"antennas":[-0.521151,0.528143],"body_yaw":0.191751,"check_collision":false},{"head":[[0.990104,-0.134759,-0.039162,-0.011462],[0.137118,0.988383,0.065562,0.001048],[0.029872,-0.070283,0.99708,0.000965],[0.0,0.0,0.0,1.0]],"antennas":[-0.521151,0.528143],"body_yaw":0.191751,"check_collision":false},{"head":[[0.988349,-0.142867,-0.05249,-0.012773],[0.146109,0.987182,0.064213,0.000535],[0.042644,-0.071134,0.996555,0.001167],[0.0,0.0,0.0,1.0]],"antennas":[-0.521151,0.528143],"body_yaw":0.191751,"check_collision":false},{"head":[[0.986727,-0.149353,-0.063742,-0.013802],[0.153165,0.98639,0.0598,-0.000326],[0.053944,-0.068769,0.996173,0.001327],[0.0,0.0,0.0,1.0]],"antennas":[-0.521151,0.528143],"body_yaw":0.191751,"check_collision":false},{"head":[[0.985669,-0.15242,-0.072282,-0.014663],[0.156543,0.986124,0.055256,-0.001511],[0.062857,-0.065779,0.995852,0.001394],[0.0,0.0,0.0,1.0]],"antennas":[-0.521151,0.528143],"body_yaw":0.191751,"check_collision":false},{"head":[[0.985353,-0.150799,-0.079621,-0.015472],[0.15524,0.986461,0.052865,-0.003526],[0.070571,-0.064451,0.995422,0.001295],[0.0,0.0,0.0,1.0]],"antennas":[-0.521151,0.528143],"body_yaw":0.191751,"check_collision":false},{"head":[[0.986107,-0.143488,-0.083693,-0.015867],[0.147936,0.987753,0.049594,-0.006165],[0.075552,-0.061286,0.995257,0.001151],[0.0,0.0,0.0,1.0]],"antennas":[-0.521151,0.528143],"body_yaw":0.191751,"check_collision":false},{"head":[[0.986939,-0.136655,-0.085301,-0.015415],[0.141225,0.988712,0.050034,-0.009355],[0.077501,-0.061427,0.995098,0.000995],[0.0,0.0,0.0,1.0]],"antennas":[-0.521151,0.528143],"body_yaw":0.191751,"check_collision":false},{"head":[[0.98724,-0.134541,-0.085187,-0.013918],[0.139294,0.988857,0.052525,-0.011898],[0.077171,-0.06372,0.99498,0.000506],[0.0,0.0,0.0,1.0]],"antennas":[-0.521151,0.528143],"body_yaw":0.191751,"check_collision":false},{"head":[[0.988133,-0.132871,-0.07706,-0.011728],[0.136967,0.989286,0.050535,-0.0131],[0.06952,-0.06049,0.995745,-0.000252],[0.0,0.0,0.0,1.0]],"antennas":[-0.521151,0.528143],"body_yaw":0.181224,"check_collision":false},{"head":[[0.990364,-0.126396,-0.056599,-0.009135],[0.129317,0.990276,0.051294,-0.013526],[0.049565,-0.058119,0.997078,-0.000714],[0.0,0.0,0.0,1.0]],"antennas":[-0.521151,0.528143],"body_yaw":0.133197,"check_collision":false},{"head":[[0.992163,-0.117902,-0.041376,-0.00618],[0.12039,0.990665,0.063941,-0.013565],[0.033451,-0.068421,0.997096,-0.000854],[0.0,0.0,0.0,1.0]],"antennas":[-0.521151,0.528143],"body_yaw":0.077641,"check_collision":false},{"head":[[0.99205,-0.119496,-0.03947,-0.002859],[0.122404,0.989081,0.082073,-0.013489],[0.029231,-0.086252,0.995844,-0.000709],[0.0,0.0,0.0,1.0]],"antennas":[-0.521151,0.528143],"body_yaw":0.022238,"check_collision":false},{"head":[[0.992113,-0.120024,-0.036143,0.000658],[0.123008,0.987697,0.096561,-0.012998],[0.024109,-0.100245,0.994671,-0.001003],[0.0,0.0,0.0,1.0]],"antennas":[-0.521151,0.528143],"body_yaw":-0.03349,"check_collision":false},{"head":[[0.993146,-0.115154,-0.020006,0.00342],[0.116719,0.986096,0.118281,-0.011884],[0.006107,-0.119806,0.992779,-0.001905],[0.0,0.0,0.0,1.0]],"antennas":[-0.521151,0.528143],"body_yaw":-0.089075,"check_collision":false},{"head":[[0.994041,-0.109008,-1e-05,0.00562],[0.10797,0.984561,0.137777,-0.010585],[-0.015009,-0.136957,0.990463,-0.002904],[0.0,0.0,0.0,1.0]],"antennas":[-0.521151,0.528143],"body_yaw":-0.144659,"check_collision":false},{"head":[[0.994619,-0.101412,0.02118,0.007026],[0.096872,0.982857,0.156868,-0.008601],[-0.036725,-0.153972,0.987392,-0.003136],[0.0,0.0,0.0,1.0]],"antennas":[-0.521151,0.528143],"body_yaw":-0.196773,"check_collision":false},{"head":[[0.994431,-0.101614,0.027947,0.007696],[0.095637,0.981522,0.165734,-0.006378],[-0.044271,-0.162138,0.985774,-0.002682],[0.0,0.0,0.0,1.0]],"antennas":[-0.521151,0.528143],"body_yaw":-0.221647,"check_collision":false},{"head":[[0.994217,-0.104578,0.024413,0.007977],[0.098936,0.980379,0.170498,-0.003822],[-0.041765,-0.167097,0.985056,-0.002044],[0.0,0.0,0.0,1.0]],"antennas":[-0.521151,0.528143],"body_yaw":-0.221647,"check_collision":false},{"head":[[0.994335,-0.10493,0.01695,0.007715],[0.100226,0.978704,0.179143,-0.001616],[-0.035387,-0.176429,0.983677,-0.001652],[0.0,0.0,0.0,1.0]],"antennas":[-0.521151,0.528143],"body_yaw":-0.221647,"check_collision":false},{"head":[[0.994592,-0.103611,0.007213,0.006915],[0.100438,0.977163,0.187256,0.000422],[-0.02645,-0.185519,0.982285,-0.001164],[0.0,0.0,0.0,1.0]],"antennas":[-0.521151,0.528143],"body_yaw":-0.221647,"check_collision":false},{"head":[[0.994664,-0.103163,-0.001087,0.005637],[0.101594,0.977603,0.184314,0.002588],[-0.017951,-0.183441,0.982867,-0.001102],[0.0,0.0,0.0,1.0]],"antennas":[-0.521151,0.528143],"body_yaw":-0.221647,"check_collision":false},{"head":[[0.994725,-0.102432,-0.005375,0.00389],[0.101771,0.979047,0.176379,0.004423],[-0.012804,-0.175996,0.984308,-0.001264],[0.0,0.0,0.0,1.0]],"antennas":[-0.521151,0.528143],"body_yaw":-0.221647,"check_collision":false},{"head":[[0.994495,-0.104394,-0.00908,0.001557],[0.104471,0.981029,0.163302,0.00534],[-0.00814,-0.163351,0.986534,-0.001378],[0.0,0.0,0.0,1.0]],"antennas":[-0.521151,0.528143],"body_yaw":-0.221647,"check_collision":false},{"head":[[0.994228,-0.106298,-0.014533,-0.00101],[0.107276,0.983003,0.148986,0.006352],[-0.001551,-0.149685,0.988733,-0.00098],[0.0,0.0,0.0,1.0]],"antennas":[-0.521151,0.528143],"body_yaw":-0.221647,"check_collision":false},{"head":[[0.993637,-0.110871,-0.01984,-0.003602],[0.112512,0.985178,0.129479,0.007323],[0.00519,-0.130887,0.991384,-0.000762],[0.0,0.0,0.0,1.0]],"antennas":[-0.521151,0.528143],"body_yaw":-0.221647,"check_collision":false},{"head":[[0.992529,-0.119374,-0.025238,-0.005962],[0.121393,0.986948,0.10582,0.007532],[0.012276,-0.108093,0.994065,-0.000415],[0.0,0.0,0.0,1.0]],"antennas":[-0.521151,0.528143],"body_yaw":-0.221647,"check_collision":false},{"head":[[0.991253,-0.128294,-0.030946,-0.007647],[0.130481,0.987884,0.084023,0.006845],[0.019792,-0.087326,0.995983,-0.000293],[0.0,0.0,0.0,1.0]],"antennas":[-0.521151,0.528143],"body_yaw":-0.221647,"check_collision":false},{"head":[[0.989866,-0.137297,-0.036254,-0.008705],[0.139391,0.988201,0.063473,0.005774],[0.027112,-0.067883,0.997325,-0.000139],[0.0,0.0,0.0,1.0]],"antennas":[-0.521151,0.528143],"body_yaw":-0.221647,"check_collision":false},{"head":[[0.988683,-0.143137,-0.044909,-0.009333],[0.145245,0.988239,0.047823,0.004798],[0.037535,-0.053804,0.997846,0.000137],[0.0,0.0,0.0,1.0]],"antennas":[-0.521151,0.528143],"body_yaw":-0.221647,"check_collision":false},{"head":[[0.986879,-0.151432,-0.056028,-0.009438],[0.153158,0.987808,0.027891,0.004206],[0.051121,-0.036106,0.99804,0.000403],[0.0,0.0,0.0,1.0]],"antennas":[-0.521151,0.528143],"body_yaw":-0.221647,"check_collision":false},{"head":[[0.984746,-0.162409,-0.062438,-0.009043],[0.16256,0.986695,-0.002692,0.004378],[0.062044,-0.007499,0.998045,0.0006],[0.0,0.0,0.0,1.0]],"antennas":[-0.521151,0.528143],"body_yaw":-0.221647,"check_collision":false},{"head":[[0.983146,-0.172001,-0.061958,-0.008653],[0.170033,0.984788,-0.035797,0.005218],[0.067173,0.024659,0.997437,0.000892],[0.0,0.0,0.0,1.0]],"antennas":[-0.521151,0.528143],"body_yaw":-0.221647,"check_collision":false},{"head":[[0.982292,-0.177711,-0.059345,-0.008352],[0.173727,0.982534,-0.066675,0.005844],[0.070158,0.055185,0.996008,0.001141],[0.0,0.0,0.0,1.0]],"antennas":[-0.521151,0.528143],"body_yaw":-0.220176,"check_collision":false},{"head":[[0.981972,-0.180877,-0.0549,-0.008119],[0.175033,0.979752,-0.097209,0.006248],[0.071371,0.085847,0.993749,0.00115],[0.0,0.0,0.0,1.0]],"antennas":[-0.521151,0.528143],"body_yaw":-0.210284,"check_collision":false},{"head":[[0.980889,-0.185809,-0.057725,-0.007922],[0.176901,0.975195,-0.133045,0.006037],[0.081014,0.12029,0.989428,0.000839],[0.0,0.0,0.0,1.0]],"antennas":[-0.521151,0.528143],"body_yaw":-0.197728,"check_collision":false},{"head":[[0.979664,-0.191363,-0.060328,-0.007612],[0.178581,0.968658,-0.172656,0.005008],[0.091477,0.158372,0.983133,0.000169],[0.0,0.0,0.0,1.0]],"antennas":[-0.521151,0.528143],"body_yaw":-0.185022,"check_collision":false},{"head":[[0.979452,-0.192588,-0.059857,-0.007353],[0.176596,0.962346,-0.206648,0.00361],[0.097401,0.191831,0.976583,-0.000848],[0.0,0.0,0.0,1.0]],"antennas":[-0.521151,0.528143],"body_yaw":-0.17148,"check_collision":false},{"head":[[0.980229,-0.188519,-0.060097,-0.007249],[0.170185,0.958206,-0.229954,0.001846],[0.100936,0.21518,0.971344,-0.001605],[0.0,0.0,0.0,1.0]],"antennas":[-0.521151,0.528143],"body_yaw":-0.152021,"check_collision":false},{"head":[[0.980863,-0.183912,-0.063916,-0.006863],[0.162616,0.954355,-0.250525,-0.000249],[0.107073,0.235337,0.965998,-0.002126],[0.0,0.0,0.0,1.0]],"antennas":[-0.521151,0.528143],"body_yaw":-0.118299,"check_collision":false},{"head":[[0.981965,-0.177508,-0.065079,-0.006374],[0.154443,0.951682,-0.265422,-0.002364],[0.10905,0.250584,0.961933,-0.002573],[0.0,0.0,0.0,1.0]],"antennas":[-0.521151,0.528143],"body_yaw":-0.065163,"check_collision":false},{"head":[[0.983896,-0.167004,-0.0637,-0.006285],[0.144778,0.953616,-0.263926,-0.004961],[0.104822,0.250454,0.962437,-0.002699],[0.0,0.0,0.0,1.0]],"antennas":[-0.521151,0.528143],"body_yaw":-0.009843,"check_collision":false},{"head":[[0.986854,-0.148757,-0.063175,-0.006276],[0.128966,0.960419,-0.246908,-0.007972],[0.097404,0.235515,0.966977,-0.002583],[0.0,0.0,0.0,1.0]],"antennas":[-0.521151,0.528143],"body_yaw":0.045821,"check_collision":false},{"head":[[0.990506,-0.125002,-0.057208,-0.006228],[0.109969,0.970201,-0.215909,-0.010712],[0.082493,0.207568,0.974736,-0.002323],[0.0,0.0,0.0,1.0]],"antennas":[-0.521151,0.528143],"body_yaw":0.101371,"check_collision":false},{"head":[[0.994012,-0.097418,-0.049496,-0.006367],[0.087793,0.981689,-0.169055,-0.01353],[0.065058,0.163698,0.984363,-0.001978],[0.0,0.0,0.0,1.0]],"antennas":[-0.521151,0.528143],"body_yaw":0.156765,"check_collision":false},{"head":[[0.996257,-0.07824,-0.036747,-0.006594],[0.072882,0.988887,-0.129577,-0.01545],[0.046477,0.126413,0.990888,-0.001475],[0.0,0.0,0.0,1.0]],"antennas":[-0.521151,0.528143],"body_yaw":0.212429,"check_collision":false},{"head":[[0.997164,-0.069187,-0.029609,-0.006414],[0.066025,0.993096,-0.09696,-0.016214],[0.036113,0.094731,0.994848,-0.000831],[0.0,0.0,0.0,1.0]],"antennas":[-0.521151,0.528143],"body_yaw":0.265963,"check_collision":false},{"head":[[0.997884,-0.058693,-0.02796,-0.006167],[0.057225,0.997074,-0.050693,-0.016371],[0.030853,0.048985,0.998323,1.6e-05],[0.0,0.0,0.0,1.0]],"antennas":[-0.521151,0.528143],"body_yaw":0.290966,"check_collision":false},{"head":[[0.998192,-0.054435,-0.025495,-0.005919],[0.054335,0.998512,-0.004595,-0.016093],[0.025708,0.003202,0.999664,0.000594],[0.0,0.0,0.0,1.0]],"antennas":[-0.521151,0.528143],"body_yaw":0.290966,"check_collision":false},{"head":[[0.998026,-0.059139,-0.021125,-0.005577],[0.059695,0.997858,0.026749,-0.015024],[0.019498,-0.027957,0.999419,0.000646],[0.0,0.0,0.0,1.0]],"antennas":[-0.521151,0.528143],"body_yaw":0.290966,"check_collision":false},{"head":[[0.997751,-0.062631,-0.023884,-0.005152],[0.063655,0.996965,0.044821,-0.01349],[0.021004,-0.046241,0.998709,0.000876],[0.0,0.0,0.0,1.0]],"antennas":[-0.521151,0.528143],"body_yaw":0.290966,"check_collision":false},{"head":[[0.997223,-0.068787,-0.028535,-0.004619],[0.070096,0.996398,0.047729,-0.011397],[0.025149,-0.049597,0.998453,0.001225],[0.0,0.0,0.0,1.0]],"antennas":[-0.521151,0.528143],"body_yaw":0.290966,"check_collision":false},{"head":[[0.996633,-0.075057,-0.03301,-0.004186],[0.076425,0.996176,0.042341,-0.008765],[0.029706,-0.044722,0.998558,0.001296],[0.0,0.0,0.0,1.0]],"antennas":[-0.521151,0.528143],"body_yaw":0.290966,"check_collision":false},{"head":[[0.995861,-0.082783,-0.037527,-0.003906],[0.083972,0.995977,0.031289,-0.006022],[0.034786,-0.03431,0.998806,0.000915],[0.0,0.0,0.0,1.0]],"antennas":[-0.521151,0.528143],"body_yaw":0.290966,"check_collision":false},{"head":[[0.994908,-0.092726,-0.039498,-0.003674],[0.093093,0.995629,0.007549,-0.003153],[0.038625,-0.011188,0.999191,0.000484],[0.0,0.0,0.0,1.0]],"antennas":[-0.521151,0.528143],"body_yaw":0.290966,"check_collision":false},{"head":[[0.993992,-0.10239,-0.038693,-0.003332],[0.101377,0.994473,-0.027312,-0.000375],[0.041275,0.023225,0.998878,0.000214],[0.0,0.0,0.0,1.0]],"antennas":[-0.521151,0.528143],"body_yaw":0.290966,"check_collision":false},{"head":[[0.993128,-0.10828,-0.044397,-0.002922],[0.105236,0.992256,-0.065976,0.001443],[0.051198,0.06085,0.996833,-1.9e-05],[0.0,0.0,0.0,1.0]],"antennas":[-0.521151,0.528143],"body_yaw":0.290966,"check_collision":false},{"head":[[0.991814,-0.1169,-0.051372,-0.002763],[0.110443,0.987281,-0.11436,0.002869],[0.064087,0.10775,0.99211,-0.000318],[0.0,0.0,0.0,1.0]],"antennas":[-0.521151,0.528143],"body_yaw":0.290966,"check_collision":false},{"head":[[0.990623,-0.125443,-0.054129,-0.002962],[0.115933,0.98144,-0.15276,0.003741],[0.072287,0.145053,0.98678,-0.000507],[0.0,0.0,0.0,1.0]],"antennas":[-0.521151,0.528143],"body_yaw":0.290966,"check_collision":false},{"head":[[0.990254,-0.129846,-0.050373,-0.003069],[0.118723,0.976083,-0.182118,0.004093],[0.072816,0.174362,0.981986,-0.00095],[0.0,0.0,0.0,1.0]],"antennas":[-0.521151,0.528143],"body_yaw":0.290966,"check_collision":false},{"head":[[0.990308,-0.131596,-0.044424,-0.002974],[0.118884,0.968502,-0.218794,0.004254],[0.071817,0.211392,0.974759,-0.00162],[0.0,0.0,0.0,1.0]],"antennas":[-0.521151,0.528143],"body_yaw":0.290966,"check_collision":false},{"head":[[0.990313,-0.131844,-0.043556,-0.002893],[0.116735,0.960403,-0.25298,0.004209],[0.075185,0.245444,0.966491,-0.002064],[0.0,0.0,0.0,1.0]],"antennas":[-0.521151,0.528143],"body_yaw":0.290966,"check_collision":false},{"head":[[0.990406,-0.130587,-0.04519,-0.002841],[0.112772,0.952817,-0.281819,0.003791],[0.07986,0.274019,0.958403,-0.002436],[0.0,0.0,0.0,1.0]],"antennas":[-0.521151,0.528143],"body_yaw":0.