{"description":"A movement you use when you feel disgusted. It could be because someone offers you food or worse, a drink.","time":[0.0,0.02,0.04,0.06,0.08,0.1,0.12,0.14,0.16,0.18,0.2,0.22,0.24,0.26,0.28,0.3,0.32,0.34,0.36,0.38,0.4,0.42,0.44,0.46,0.48,0.5,0.52,0.54,0.56,0.58,0.6,0.62,0.64,0.66,0.68,0.7,0.72,0.74,0.76,0.78,0.8,0.82,0.84,0.86,0.88,0.9,0.92,0.94,0.96,0.98,1.0,1.02,1.04,1.06,1.08,1.1,1.12,1.14,1.16,1.18,1.2,1.22,1.24,1.26,1.28,1.3,1.32,1.34,1.36,1.38,1.4,1.42,1.44,1.46,1.48,1.5,1.52,1.54,1.56,1.58,1.6,1.62,1.64,1.66,1.68,1.7,1.72,1.74,1.76,1.78,1.8,1.82,1.84,1.86,1.88,1.9,1.92,1.94,1.96,1.98,2.0,2.02,2.04,2.06,2.08,2.1,2.12,2.14,2.16,2.18,2.2,2.22,2.24,2.26,2.28,2.3,2.32,2.34,2.36,2.38,2.4,2.42,2.44,2.46,2.48,2.5,2.52,2.54,2.56,2.58,2.6,2.62,2.64,2.66,2.68,2.7,2.72,2.74,2.76,2.78,2.8,2.82,2.84,2.86,2.88,2.9,2.92,2.94,2.96,2.98,3.0,3.02,3.04,3.06,3.08,3.1,3.12,3.14,3.16,3.18,3.2,3.22,3.24,3.26,3.28,3.3,3.32,3.34,3.36,3.38,3.4,3.42,3.44,3.46,3.48,3.5,3.52,3.54,3.56,3.58,3.6,3.62,3.64,3.66,3.68,3.7,3.72,3.74,3.76,3.78,3.8,3.82,3.84,3.86,3.88,3.9,3.92,3.94,3.96,3.98,4.0,4.02,4.04,4.06,4.08,4.1,4.12,4.14,4.16,4.18,4.2,4.22,4.24,4.26,4.28,4.3,4.32,4.34,4.36,4.38,4.4,4.42,4.44,4.46,4.48,4.5,4.52,4.54,4.56,4.58,4.6,4.62,4.64,4.66,4.68,4.7,4.72,4.74,4.76,4.78,4.8,4.82,4.84,4.86,4.88,4.9,4.92,4.94,4.96,4.98,5.0,5.02,5.04,5.06,5.08,5.1,5.12,5.14,5.16,5.18,5.2,5.22,5.24,5.26,5.28,5.3,5.32,5.34,5.36,5.38,5.4,5.42,5.44,5.46,5.48,5.5,5.52,5.54,5.56,5.58,5.6,5.62,5.64,5.66,5.68,5.7,5.72,5.74,5.76,5.78,5.8,5.82,5.84,5.86,5.88,5.9,5.92,5.94,5.96,5.98,6.0,6.02,6.04,6.06,6.08,6.1,6.12,6.14,6.16,6.18,6.2,6.22,6.24,6.26,6.28,6.3,6.32,6.34,6.36,6.38,6.4,6.42,6.44,6.46,6.48,6.5,6.52,6.54,6.56,6.58,6.6,6.62,6.64,6.66,6.68,6.7,6.72,6.74,6.76,6.78,6.8,6.82,6.84,6.86,6.88,6.9,6.92,6.94],"set_target_data":[{"head":[[0.984557,-0.015214,-0.174403,-0.011196],[0.005099,0.998286,-0.058304,0.002876],[0.174991,0.056514,0.982947,-0.003921],[0.0,0.0,0.0,1.0]],"antennas":[-0.253447,0.251937],"body_yaw":0.039752,"check_collision":false},{"head":[[0.984527,-0.015738,-0.174523,-0.011549],[0.005594,0.998274,-0.058466,0.003167],[0.175142,0.056585,0.982916,-0.003992],[0.0,0.0,0.0,1.0]],"antennas":[-0.253447,0.251937],"body_yaw":0.039752,"check_collision":false},{"head":[[0.98465,-0.017245,-0.173685,-0.011703],[0.00707,0.998231,-0.059031,0.002639],[0.174396,0.056897,0.98303,-0.003768],[0.0,0.0,0.0,1.0]],"antennas":[-0.253447,0.251937],"body_yaw":0.039752,"check_collision":false},{"head":[[0.984696,-0.018025,-0.173344,-0.011442],[0.007821,0.998206,-0.059366,0.003139],[0.174103,0.057102,0.98307,-0.003865],[0.0,0.0,0.0,1.0]],"antennas":[-0.253447,0.251937],"body_yaw":0.039752,"check_collision":false},{"head":[[0.984683,-0.019069,-0.17331,-0.011421],[0.008791,0.998167,-0.059878,0.003185],[0.174135,0.057437,0.983045,-0.003742],[0.0,0.0,0.0,1.0]],"antennas":[-0.253447,0.251937],"body_yaw":0.039752,"check_collision":false},{"head":[[0.984787,-0.019714,-0.172642,-0.011813],[0.009401,0.998133,-0.060352,0.003526],[0.17351,0.057811,0.983134,-0.003719],[0.0,0.0,0.0,1.0]],"antennas":[-0.253447,0.251937],"body_yaw":0.039752,"check_collision":false},{"head":[[0.984847,-0.020425,-0.17222,-0.011864],[0.010092,0.998108,-0.060659,0.003607],[0.173133,0.058002,0.983189,-0.003783],[0.0,0.0,0.0,1.0]],"antennas":[-0.253447,0.251937],"body_yaw":0.039752,"check_collision":false},{"head":[[0.984907,-0.021031,-0.171803,-0.011511],[0.010734,0.998102,-0.060647,0.003544],[0.172752,0.057887,0.983263,-0.003732],[0.0,0.0,0.0,1.0]],"antennas":[-0.253447,0.251937],"body_yaw":0.039752,"check_collision":false},{"head":[[0.984876,-0.021536,-0.171919,-0.011533],[0.011216,0.998088,-0.060777,0.003511],[0.1729,0.057929,0.983234,-0.003645],[0.0,0.0,0.0,1.0]],"antennas":[-0.253447,0.251937],"body_yaw":0.039752,"check_collision":false},{"head":[[0.984926,-0.021162,-0.171679,-0.011861],[0.010878,0.998101,-0.060623,0.00376],[0.172636,0.057842,0.983286,-0.003596],[0.0,0.0,0.0,1.0]],"antennas":[-0.253447,0.251937],"body_yaw":0.039752,"check_collision":false},{"head":[[0.985138,-0.020681,-0.170514,-0.011847],[0.010379,0.998079,-0.061086,0.003718],[0.17145,0.058408,0.98346,-0.003688],[0.0,0.0,0.0,1.0]],"antennas":[-0.253447,0.251937],"body_yaw":0.039752,"check_collision":false},{"head":[[0.985448,-0.019847,-0.168817,-0.011639],[0.009605,0.998075,-0.061275,0.003895],[0.169708,0.058762,0.983741,-0.003806],[0.0,0.0,0.0,1.0]],"antennas":[-0.253447,0.251937],"body_yaw":0.039752,"check_collision":false},{"head":[[0.985668,-0.019545,-0.167558,-0.011715],[0.009425,0.998094,-0.060983,0.004038],[0.168431,0.05853,0.983974,-0.003637],[0.0,0.0,0.0,1.0]],"antennas":[-0.253447,0.251937],"body_yaw":0.039752,"check_collision":false},{"head":[[0.985779,-0.019411,-0.166919,-0.011987],[0.009412,0.998125,-0.060486,0.003867],[0.16778,0.058054,0.984114,-0.003469],[0.0,0.0,0.0,1.0]],"antennas":[-0.253447,0.251937],"body_yaw":0.039752,"check_collision":false},{"head":[[0.986119,-0.018641,-0.164992,-0.011913],[0.008868,0.998173,-0.059772,0.00375],[0.165805,0.057479,0.984482,-0.003557],[0.0,0.0,0.0,1.0]],"antennas":[-0.253447,0.251937],"body_yaw":0.039752,"check_collision":false},{"head":[[0.986343,-0.018611,-0.163648,-0.011652],[0.008988,0.998197,-0.059348,0.003522],[0.164457,0.057067,0.984732,-0.003487],[0.0,0.0,0.0,1.0]],"antennas":[-0.253447,0.251937],"body_yaw":0.039752,"check_collision":false},{"head":[[0.986516,-0.018073,-0.162661,-0.011728],[0.008688,0.998266,-0.058223,0.003478],[0.163431,0.056025,0.984963,-0.003327],[0.0,0.0,0.0,1.0]],"antennas":[-0.253447,0.251937],"body_yaw":0.039752,"check_collision":false},{"head":[[0.986399,-0.017997,-0.163383,-0.011875],[0.008889,0.998374,-0.056306,0.003452],[0.164131,0.054088,0.984955,-0.003214],[0.0,0.0,0.0,1.0]],"antennas":[-0.253447,0.260275],"body_yaw":0.039752,"check_collision":false},{"head":[[0.986206,-0.018033,-0.164535,-0.01185],[0.009255,0.9985,-0.053964,0.003275],[0.165261,0.051697,0.984894,-0.003072],[0.0,0.0,0.0,1.0]],"antennas":[-0.271676,0.286468],"body_yaw":0.039752,"check_collision":false},{"head":[[0.986063,-0.018829,-0.165302,-0.011759],[0.010184,0.998543,-0.052992,0.003286],[0.166059,0.05057,0.984818,-0.002979],[0.0,0.0,0.0,1.0]],"antennas":[-0.307735,0.321045],"body_yaw":0.039752,"check_collision":false},{"head":[[0.986032,-0.018739,-0.165501,-0.012188],[0.010199,0.998579,-0.052298,0.003249],[0.166246,0.04988,0.984822,-0.002806],[0.0,0.0,0.0,1.0]],"antennas":[-0.35681,0.359444],"body_yaw":0.039752,"check_collision":false},{"head":[[0.986033,-0.018651,-0.165501,-0.012249],[0.010218,0.998612,-0.051664,0.003151],[0.166235,0.049251,0.984856,-0.002858],[0.0,0.0,0.0,1.0]],"antennas":[-0.411914,0.399902],"body_yaw":0.039752,"check_collision":false},{"head":[[0.985799,-0.018478,-0.166913,-0.011954],[0.010335,0.998719,-0.049525,0.003274],[0.167614,0.047097,0.984727,-0.002743],[0.0,0.0,0.0,1.0]],"antennas":[-0.469289,0.442079],"body_yaw":0.039752,"check_collision":false},{"head":[[0.985091,-0.018179,-0.171072,-0.012115],[0.010422,0.998881,-0.046132,0.003303],[0.171719,0.043661,0.984178,-0.002582],[0.0,0.0,0.0,1.0]],"antennas":[-0.527636,0.486],"body_yaw":0.039752,"check_collision":false},{"head":[[0.984221,-0.018136,-0.176009,-0.012635],[0.010734,0.999021,-0.042919,0.003475],[0.176615,0.040353,0.983452,-0.002425],[0.0,0.0,0.0,1.0]],"antennas":[-0.585936,0.530658],"body_yaw":0.039752,"check_collision":false},{"head":[[0.983703,-0.018494,-0.178847,-0.012559],[0.01136,0.999101,-0.040833,0.003801],[0.179442,0.038136,0.983029,-0.002485],[0.0,0.0,0.0,1.0]],"antennas":[-0.643948,0.575568],"body_yaw":0.039752,"check_collision":false},{"head":[[0.982963,-0.01931,-0.182789,-0.012145],[0.012331,0.999154,-0.039238,0.00412],[0.183392,0.036315,0.982369,-0.002473],[0.0,0.0,0.0,1.0]],"antennas":[-0.702112,0.620432],"body_yaw":0.039752,"check_collision":false},{"head":[[0.9822,-0.018562,-0.186919,-0.012212],[0.011906,0.999257,-0.03667,0.00484],[0.18746,0.033792,0.981691,-0.002489],[0.0,0.0,0.0,1.0]],"antennas":[-0.760435,0.665571],"body_yaw":0.039752,"check_collision":false},{"head":[[0.980868,-0.018843,-0.193762,-0.012617],[0.01255,0.999355,-0.033654,0.004888],[0.194271,0.030579,0.980471,-0.002385],[0.0,0.0,0.0,1.0]],"antennas":[-0.818797,0.71087],"body_yaw":0.039752,"check_collision":false},{"head":[[0.978959,-0.01935,-0.203137,-0.01251],[0.013675,0.999477,-0.029304,0.005233],[0.203598,0.025909,0.978712,-0.002351],[0.0,0.0,0.0,1.0]],"antennas":[-0.877173,0.75618],"body_yaw":0.039752,"check_collision":false},{"head":[[0.976365,-0.020517,-0.21515,-0.011973],[0.015517,0.999569,-0.024905,0.005104],[0.215569,0.020978,0.976263,-0.002074],[0.0,0.0,0.0,1.0]],"antennas":[-0.93569,0.801189],"body_yaw":0.039752,"check_collision":false},{"head":[[0.973945,-0.019454,-0.225949,-0.012087],[0.015462,0.999692,-0.019422,0.005816],[0.226257,0.015423,0.973946,-0.00189],[0.0,0.0,0.0,1.0]],"antennas":[-0.992909,0.845359],"body_yaw":0.039752,"check_collision":false},{"head":[[0.971871,-0.020406,-0.234628,-0.012001],[0.016974,0.999718,-0.016637,0.005478],[0.234902,0.012187,0.971943,-0.001687],[0.0,0.0,0.0,1.0]],"antennas":[-1.052219,0.891725],"body_yaw":0.039752,"check_collision":false},{"head":[[0.969841,-0.020172,-0.242904,-0.011652],[0.01721,0.99975,-0.014307,0.005348],[0.243131,0.009695,0.969945,-0.001708],[0.0,0.0,0.0,1.0]],"antennas":[-1.110551,0.942398],"body_yaw":0.039752,"check_collision":false},{"head":[[0.967004,-0.019998,-0.253976,-0.011443],[0.017691,0.999779,-0.011362,0.005485],[0.254147,0.006494,0.967144,-0.001397],[0.0,0.0,0.0,1.0]],"antennas":[-1.168685,0.996193],"body_yaw":0.039752,"check_collision":false},{"head":[[0.963799,-0.019357,-0.265925,-0.011538],[0.018087,0.99981,-0.007224,0.005685],[0.266014,0.002152,0.963967,-0.001015],[0.0,0.0,0.0,1.0]],"antennas":[-1.227228,1.054033],"body_yaw":0.039752,"check_collision":false},{"head":[[0.961181,-0.018697,-0.275283,-0.011552],[0.018536,0.999823,-0.003188,0.00559],[0.275294,-0.002038,0.961358,-0.000801],[0.0,0.0,0.0,1.0]],"antennas":[-1.285613,1.11538],"body_yaw":0.039752,"check_collision":false},{"head":[[0.959079,-0.024958,-0.282035,-0.010941],[0.027037,0.999628,0.003484,0.004543],[0.281843,-0.010967,0.959398,0.000157],[0.0,0.0,0.0,1.0]],"antennas":[-1.344076,1.177927],"body_yaw":0.039752,"check_collision":false},{"head":[[0.956746,-0.02656,-0.28971,-0.010883],[0.029181,0.999563,0.00473,0.002492],[0.289457,-0.01298,0.957103,0.00103],[0.0,0.0,0.0,1.0]],"antennas":[-1.402227,1.240359],"body_yaw":0.039752,"check_collision":false},{"head":[[0.954032,-0.028553,-0.298342,-0.010861],[0.033496,0.999373,0.011466,0.001259],[0.297828,-0.020932,0.95439,0.002519],[0.0,0.0,0.0,1.0]],"antennas":[-1.460811,1.303855],"body_yaw":0.039752,"check_collision":false},{"head":[[0.950819,-0.027607,-0.308514,-0.010989],[0.034432,0.999267,0.0167,0.000371],[0.307827,-0.026502,0.951073,0.002762],[0.0,0.0,0.0,1.0]],"antennas":[-1.519391,1.367348],"body_yaw":0.039752,"check_collision":false},{"head":[[0.947663,-0.026262,-0.318189,-0.010818],[0.034854,0.999165,0.021339,-9.6e-05],[0.317363,-0.031313,0.947787,0.002928],[0.0,0.0,0.0,1.0]],"antennas":[-1.577457,1.430283],"body_yaw":0.039752,"check_collision":false},{"head":[[0.943961,-0.024947,-0.329113,-0.010718],[0.035369,0.999043,0.025717,-0.000211],[0.328157,-0.035916,0.94394,0.003481],[0.0,0.0,0.0,1.0]],"antennas":[-1.636178,1.493929],"body_yaw":0.039752,"check_collision":false},{"head":[[0.93937,-0.023701,-0.342085,-0.010533],[0.03752,0.998723,0.033835,-0.000328],[0.340846,-0.044619,0.93906,0.004087],[0.0,0.0,0.0,1.0]],"antennas":[-1.694444,1.557689],"body_yaw":0.039752,"check_collision":false},{"head":[[0.935872,-0.019918,-0.351777,-0.010688],[0.036755,0.998473,0.041249,-6e-06],[0.350418,-0.051534,0.935175,0.004033],[0.0,0.0,0.0,1.0]],"antennas":[-1.752064,1.620947],"body_yaw":0.039752,"check_collision":false},{"head":[[0.932267,-0.019504,-0.361244,-0.010432],[0.038202,0.99827,0.044692,0.000312],[0.359748,-0.055465,0.9314,0.003956],[0.0,0.0,0.0,1.0]],"antennas":[-1.811024,1.685676],"body_yaw":0.039752,"check_collision":false},{"head":[[0.929233,-0.018516,-0.369031,-0.010264],[0.038776,0.998115,0.04756,0.000547],[0.367455,-0.058504,0.928199,0.004042],[0.0,0.0,0.0,1.0]],"antennas":[-1.869413,1.749778],"body_yaw":0.039752,"check_collision":false},{"head":[[0.926165,-0.01733,-0.37672,-0.010154],[0.039843,0.997849,0.052048,0.000806],[0.375007,-0.063215,0.924864,0.004294],[0.0,0.0,0.0,1.0]],"antennas":[-1.927659,1.813723],"body_yaw":0.039752,"check_collision":false},{"head":[[0.922997,-0.015478,-0.384495,-0.010045],[0.040363,0.997573,0.056737,0.000998],[0.382684,-0.067888,0.921382,0.004211],[0.0,0.0,0.0,1.0]],"antennas":[-1.986337,1.878142],"body_yaw":0.039752,"check_collision":false},{"head":[[0.92296,-0.014725,-0.384613,-0.009835],[0.041203,0.997306,0.060692,0.001244],[0.382684,-0.071864,0.92108,0.004335],[0.0,0.0,0.0,1.0]],"antennas":[-2.044806,1.942333],"body_yaw":0.039752,"check_collision":false},{"head":[[0.922893,-0.014743,-0.384775,-0.009855],[0.042689,0.997024,0.064187,0.001556],[0.382683,-0.075663,0.920776,0.00426],[0.0,0.0,0.0,1.0]],"antennas":[-2.103311,2.006562],"body_yaw":0.039752,"check_collision":false},{"head":[[0.92288,-0.013541,-0.384849,-0.010046],[0.042955,0.996765,0.067934,0.001678],[0.382684,-0.079226,0.920476,0.003934],[0.0,0.0,0.0,1.0]],"antennas":[-2.16149,2.070433],"body_yaw":0.039752,"check_collision":false},{"head":[[0.922847,-0.012667,-0.384959,-0.009843],[0.04367,0.996455,0.071901,0.002066],[0.382683,-0.083165,0.920129,0.003757],[0.0,0.0,0.0,1.0]],"antennas":[-2.219855,2.134509],"body_yaw":0.039752,"check_collision":false},{"head":[[0.922818,-0.011836,-0.385053,-0.009641],[0.044266,0.996165,0.075468,0.002757],[0.382683,-0.086688,0.919804,0.003553],[0.0,0.0,0.0,1.0]],"antennas":[-2.278187,2.198548],"body_yaw":0.039752,"check_collision":false},{"head":[[0.922841,-0.009699,-0.38506,-0.009506],[0.043804,0.99584,0.079898,0.002983],[0.382683,-0.0906,0.919426,0.003473],[0.0,0.0,0.0,1.0]],"antennas":[-2.336224,2.262264],"body_yaw":0.039752,"check_collision":false},{"head":[[0.922805,-0.008852,-0.385165,-0.00942],[0.044541,0.995484,0.083835,0.003168],[0.382684,-0.094519,0.919032,0.003328],[0.0,0.0,0.0,1.0]],"antennas":[-2.394975,2.326764],"body_yaw":0.039752,"check_collision":false},{"head":[[0.922754,-0.008938,-0.385287,-0.009512],[0.045596,0.995242,0.086112,0.003436],[0.382683,-0.097027,0.91877,0.003099],[0.0,0.0,0.0,1.0]],"antennas":[-2.453391,2.390895],"body_yaw":0.039752,"check_collision":false},{"head":[[0.922656,-0.010686,-0.385477,-0.009211],[0.04754,0.995143,0.086203,0.003526],[0.382684,-0.097861,0.918682,0.003313],[0.0,0.0,0.0,1.0]],"antennas":[-2.512121,2.455371],"body_yaw":0.039752,"check_collision":false},{"head":[[0.922502,-0.013063,-0.385772,-0.009238],[0.050436,0.994938,0.086919,0.003492],[0.382684,-0.09964,0.91849,0.003215],[0.0,0.0,0.0,1.0]],"antennas":[-2.570315,2.51926],"body_yaw":0.039752,"check_collision":false},{"head":[[0.922262,-0.015997,-0.386234,-0.009179],[0.054646,0.994505,0.089295,0.00339],[0.382684,-0.10346,0.918068,0.003173],[0.0,0.0,0.0,1.0]],"antennas":[-2.628695,2.583352],"body_yaw":0.039752,"check_collision":false},{"head":[[0.922151,-0.016909,-0.38646,-0.009015],[0.056485,0.994222,0.09128,0.003158],[0.382683,-0.106003,0.917778,0.003045],[0.0,0.0,0.0,1.0]],"antennas":[-2.686643,2.647551],"body_yaw":0.039752,"check_collision":false},{"head":[[0.921919,-0.019921,-0.38687,-0.00869],[0.060155,0.993924,0.092171,0.002985],[0.382684,-0.108246,0.917516,0.002985],[0.0,0.0,0.0,1.0]],"antennas":[-2.732462,2.710874],"body_yaw":0.039752,"check_collision":false},{"head":[[0.921757,-0.02155,-0.387169,-0.008869],[0.062589,0.993631,0.093703,0.002993],[0.382683,-0.110604,0.917235,0.002641],[0.0,0.0,0.0,1.0]],"antennas":[-2.732462,2.733686],"body_yaw":0.039752,"check_collision":false},{"head":[[0.921706,-0.022099,-0.38726,-0.00912],[0.063339,0.99355,0.094053,0.003011],[0.382684,-0.111217,0.917161,0.002418],[0.0,0.0,0.0,1.0]],"antennas":[-2.732462,2.733686],"body_yaw":0.039752,"check_collision":false},{"head":[[0.921978,-0.019104,-0.38677,-0.009082],[0.059235,0.993985,0.092109,0.003079],[0.382684,-0.107833,0.917565,0.002168],[0.0,0.0,0.0,1.0]],"antennas":[-2.732462,2.733686],"body_yaw":0.039752,"check_collision":false},{"head":[[0.922422,-0.012754,-0.385972,-0.00919],[0.05186,0.994493,0.091077,0.003075],[0.382685,-0.104028,0.918004,0.001921],[0.0,0.0,0.0,1.0]],"antennas":[-2.732462,2.733686],"body_yaw":0.039752,"check_collision":false},{"head":[[0.92286,-0.005644,-0.385095,-0.009281],[0.043379,0.995053,0.089372,0.002959],[0.382685,-0.099183,0.91854,0.001969],[0.0,0.0,0.0,1.0]],"antennas":[-2.732462,2.733686],"body_yaw":0.039752,"check_collision":false},{"head":[[0.923336,0.00458,-0.383964,-0.009357],[0.031662,0.995616,0.088016,0.003092],[0.382684,-0.093425,0.919143,0.001818],[0.0,0.0,0.0,1.0]],"antennas":[-2.732462,2.733686],"body_yaw":0.039752,"check_collision":false},{"head":[[0.923672,0.015965,-0.382852,-0.00921],[0.01956,0.995865,0.088718,0.002984],[0.382685,-0.089435,0.91954,0.001709],[0.0,0.0,0.0,1.0]],"antennas":[-2.732462,2.733686],"body_yaw":0.039752,"check_collision":false},{"head":[[0.923872,0.029852,-0.381534,-0.009107],[0.00334,0.996286,0.086039,0.003022],[0.382686,-0.080764,0.920342,0.001725],[0.0,0.0,0.0,1.0]],"antennas":[-2.732462,2.733686],"body_yaw":0.039752,"check_collision":false},{"head":[[0.923763,0.045768,-0.380219,-0.009372],[-0.014595,0.996319,0.08447,0.002861],[0.382686,-0.072481,0.921031,0.001881],[0.0,0.0,0.0,1.0]],"antennas":[-2.732462,2.733686],"body_yaw":0.039752,"check_collision":false},{"head":[[0.923317,0.061528,-0.379077,-0.009483],[-0.032216,0.996012,0.083196,0.002311],[0.382684,-0.064604,0.921618,0.002054],[0.0,0.0,0.0,1.0]],"antennas":[-2.732462,2.733686],"body_yaw":0.039752,"check_collision":false},{"head":[[0.922724,0.074953,-0.378105,-0.00946],[-0.046195,0.995346,0.084576,0.00206],[0.382684,-0.060573,0.921891,0.001991],[0.0,0.0,0.0,1.0]],"antennas":[-2.732462,2.733686],"body_yaw":0.039752,"check_collision":false},{"head":[[0.922008,0.087462,-0.377163,-0.009513],[-0.058774,0.994479,0.086934,0.002023],[0.382684,-0.057986,0.922058,0.001979],[0.0,0.0,0.0,1.0]],"antennas":[-2.732462,2.733686],"body_yaw":0.039752,"check_collision":false},{"head":[[0.921272,0.097251,-0.376563,-0.009567],[-0.069355,0.993793,0.086978,0.001995],[0.382684,-0.054014,0.922299,0.001807],[0.0,0.0,0.0,1.0]],"antennas":[-2.732462,2.733686],"body_yaw":0.039752,"check_collision":false},{"head":[[0.920419,0.106826,-0.376055,-0.009465],[-0.07989,0.993038,0.086557,0.002149],[0.382684,-0.049625,0.922546,0.001564],[0.0,0.0,0.0,1.0]],"antennas":[-2.732462,2.733686],"body_yaw":0.039752,"check_collision":false},{"head":[[0.919392,0.116968,-0.375548,-0.009454],[-0.090947,0.992105,0.086351,0.002159],[0.382684,-0.045236,0.922771,0.001321],[0.0,0.0,0.0,1.0]],"antennas":[-2.732462,2.733686],"body_yaw":0.039752,"check_collision":false},{"head":[[0.918373,0.126372,-0.374994,-0.009581],[-0.100717,0.991075,0.08733,0.001668],[0.382684,-0.042434,0.922904,0.001309],[0.0,0.0,0.0,1.0]],"antennas":[-2.732462,2.733686],"body_yaw":0.039752,"check_collision":false},{"head":[[0.917309,0.135073,-0.374566,-0.009696],[-0.10999,0.990059,0.087664,0.001308],[0.382684,-0.039217,0.923047,0.001384],[0.0,0.0,0.0,1.0]],"antennas":[-2.732462,2.733686],"body_yaw":0.039752,"check_collision":false},{"head":[[0.916318,0.142233,-0.374341,-0.009747],[-0.11796,0.989191,0.087104,0.000825],[0.382684,-0.035657,0.923191,0.0015],[0.0,0.0,0.0,1.0]],"antennas":[-2.732462,2.733686],"body_yaw":0.039752,"check_collision":false},{"head":[[0.915054,0.151102,-0.373957,-0.009674],[-0.127392,0.987987,0.087486,0.00049],[0.382684,-0.032416,0.923311,0.001458],[0.0,0.0,0.0,1.0]],"antennas":[-2.732462,2.733686],"body_yaw":0.039752,"check_collision":false},{"head":[[0.913824,0.158997,-0.373692,-0.009768],[-0.135938,0.986849,0.087458,0.000115],[0.382683,-0.029122,0.92342,0.001502],[0.0,0.0,0.0,1.0]],"antennas":[-2.732462,2.733686],"body_yaw":0.039752,"check_collision":false},{"head":[[0.912843,0.164809,-0.373572,-0.009887],[-0.142377,0.985975,0.087077,0.000116],[0.382683,-0.0263,0.923505,0.001473],[0.0,0.0,0.0,1.0]],"antennas":[-2.732462,2.733686],"body_yaw":0.039752,"check_collision":false},{"head":[[0.911982,0.169674,-0.373496,-0.009928],[-0.147791,0.985211,0.086699,-5.3e-05],[0.382683,-0.023868,0.923571,0.001518],[0.0,0.0,0.0,1.0]],"antennas":[-2.732462,2.733686],"body_yaw":0.039752,"check_collision":false},{"head":[[0.911026,0.174316,-0.373691,-0.009934],[-0.153573,0.984489,0.084838,-0.000478],[0.382683,-0.0199,0.923665,0.001603],[0.0,0.0,0.0,1.0]],"antennas":[-2.732462,2.733686],"body_yaw":0.039752,"check_collision":false},{"head":[[0.910119,0.179574,-0.373411,-0.010037],[-0.158858,0.983565,0.085811,-0.000528],[0.382683,-0.018779,0.923689,0.001609],[0.0,0.0,0.0,1.0]],"antennas":[-2.732462,2.733686],"body_yaw":0.039752,"check_collision":false},{"head":[[0.909836,0.180963,-0.373432,-0.010145],[-0.160476,0.983327,0.085528,-0.001197],[0.382683,-0.017889,0.923706,0.001727],[0.0,0.0,0.0,1.0]],"antennas":[-2.732462,2.733686],"body_yaw":0.039752,"check_collision":false},{"head":[[0.910145,0.179332,-0.373465,-0.010041],[-0.158711,0.983613,0.085531,-0.000876],[0.382683,-0.018573,0.923693,0.001478],[0.0,0.0,0.0,1.0]],"antennas":[-2.732462,2.733686],"body_yaw":0.039752,"check_collision":false},{"head":[[0.910294,0.179812,-0.37287,-0.010006],[-0.157854,0.983454,0.088886,-0.001305],[0.382684,-0.022053,0.923616,0.00161],[0.0,0.0,0.0,1.0]],"antennas":[-2.732462,2.733686],"body_yaw":0.039752,"check_collision":false},{"head":[[0.911389,0.17397,-0.372967,-0.009878],[-0.151404,0.984438,0.089215,-0.001358],[0.382684,-0.02484,0.923545,0.001687],[0.0,0.0,0.0,1.0]],"antennas":[-2.732462,2.733686],"body_yaw":0.039752,"check_collision":false},{"head":[[0.913282,0.162871,-0.373348,-0.009614],[-0.13953,0.986218,0.088914,-0.001385],[0.382684,-0.029111,0.92342,0.001588],[0.0,0.0,0.0,1.0]],"antennas":[-2.732462,2.733686],"body_yaw":0.039752,"check_collision":false},{"head":[[0.915244,0.149725,-0.374047,-0.009468],[-0.126022,0.988188,0.087197,-0.001197],[0.382684,-0.032668,0.923302,0.001314],[0.0,0.0,0.0,1.0]],"antennas":[-2.732462,2.733686],"body_yaw":0.039752,"check_collision":false},{"head":[[0.917298,0.133493,-0.375159,-0.009582],[-0.110081,0.990429,0.083266,-0.001466],[0.382684,-0.035082,0.923213,0.001438],[0.0,0.0,0.0,1.0]],"antennas":[-2.732462,2.733686],"body_yaw":0.039752,"check_collision":false},{"head":[[0.918999,0.118164,-0.376136,-0.009624],[-0.094836,0.992272,0.080017,-0.001422],[0.382684,-0.037864,0.923103,0.001272],[0.0,0.0,0.0,1.0]],"antennas":[-2.732462,2.733686],"body_yaw":0.039752,"check_collision":false},{"head":[[0.920404,0.103159,-0.377114,-0.009704],[-0.080061,0.993853,0.076467,-0.001232],[0.382684,-0.040189,0.923005,0.00108],[0.0,0.0,0.0,1.0]],"antennas":[-2.732462,2.733686],"body_yaw":0.039752,"check_collision":false},{"head":[[0.921167,0.0936,-0.377743,-0.009874],[-0.070739,0.994748,0.073982,-0.000847],[0.382684,-0.041429,0.92295,0.000817],[0.0,0.0,0.0,1.0]],"antennas":[-2.732462,2.733686],"body_yaw":0.039752,"check_collision":false},{"head":[[0.921735,0.085401,-0.3783,-0.01002],[-0.06291,0.995459,0.071444,-0.000859],[0.382683,-0.042054,0.922922,0.000928],[0.0,0.0,0.0,1.0]],"antennas":[-2.732462,2.733686],"body_yaw":0.039752,"check_collision":false},{"head":[[0.922368,0.075119,-0.378938,-0.010087],[-0.052818,0.996223,0.068921,-0.000907],[0.382684,-0.043556,0.922852,0.00095],[0.0,0.0,0.0,1.0]],"antennas":[-2.732462,2.733686],"body_yaw":0.039752,"check_collision":false},{"head":[[0.922887,0.065123,-0.379525,-0.010299],[-0.042814,0.996838,0.066937,-0.001028],[0.382684,-0.045526,0.922757,0.000925],[0.0,0.0,0.0,1.0]],"antennas":[-2.732462,2.733686],"body_yaw":0.039752,"check_collision":false},{"head":[[0.923322,0.055084,-0.380056,-0.010387],[-0.032087,0.997265,0.066587,-0.001019],[0.382684,-0.049287,0.922564,0.000977],[0.0,0.0,0.0,1.0]],"antennas":[-2.732462,2.733686],"body_yaw":0.039752,"check_collision":false},{"head":[[0.92368,0.04226,-0.380828,-0.010367],[-0.019205,0.997756,0.064137,-0.00099],[0.382684,-0.051928,0.922419,0.000797],[0.0,0.0,0.0,1.0]],"antennas":[-2.732462,2.733686],"body_yaw":0.039752,"check_collision":false},{"head":[[0.92384,0.031467,-0.381483,-0.010521],[-0.008498,0.998056,0.061747,-0.001131],[0.382684,-0.053803,0.922311,0.000768],[0.0,0.0,0.0,1.0]],"antennas":[-2.732462,2.733686],"body_yaw":0.039752,"check_collision":false},{"head":[[0.923876,0.020617,-0.382137,-0.010729],[0.002526,0.998197,0.059963,-0.001154],[0.382684,-0.056364,0.922158,0.000679],[0.0,0.0,0.0,1.0]],"antennas":[-2.732462,2.733686],"body_yaw":0.039752,"check_collision":false},{"head":[[0.923771,0.008519,-0.382851,-0.010787],[0.014169,0.998308,0.056403,-0.000899],[0.382683,-0.057528,0.922087,0.000388],[0.0,0.0,0.0,1.0]],"antennas":[-2.732462,2.733686],"body_yaw":0.039752,"check_collision":false},{"head":[[0.923464,-0.003983,-0.383665,-0.010867],[0.027654,0.998036,0.0562,-0.001005],[0.382688,-0.062509,0.921761,0.000136],[0.0,0.0,0.0,1.0]],"antennas":[-2.732462,2.733686],"body_yaw":0.039752,"check_collision":false},{"head":[[0.923155,-0.012942,-0.38421,-0.010981],[0.036575,0.997856,0.054269,-0.000925],[0.382684,-0.064151,0.921649,0.000213],[0.0,0.0,0.0,1.0]],"antennas":[-2.732462,2.733686],"body_yaw":0.039752,"check_collision":false},{"head":[[0.92268,-0.022615,-0.384903,-0.011156],[0.047058,0.99742,0.054203,-0.000815],[0.382685,-0.068125,0.921364,0.000233],[0.0,0.0,0.0,1.0]],"antennas":[-2.732462,2.733686],"body_yaw":0.039752,"check_collision":false},{"head":[[0.921965,-0.033783,-0.385797,-0.011301],[0.059423,0.996731,0.054729,-0.000812],[0.382688,-0.073383,0.920959,0.000223],[0.0,0.0,0.0,1.0]],"antennas":[-2.732462,2.733686],"body_yaw":0.039752,"check_collision":false},{"head":[[0.921422,-0.041237,-0.38637,-0.011423],[0.067347,0.996252,0.05428,-0.00087],[0.382683,-0.076036,0.920745,0.000223],[0.0,0.0,0.0,1.0]],"antennas":[-2.732462,2.733686],"body_yaw":0.039752,"check_collision":false},{"head":[[0.921002,-0.047154,-0.386693,-0.011394],[0.072857,0.995982,0.052076,-0.001082],[0.382683,-0.076135,0.920737,0.000302],[0.0,0.0,0.0,1.0]],"antennas":[-2.732462,2.733686],"body_yaw":0.039752,"check_collision":false},{"head":[[0.920854,-0.04959,-0.386741,-0.011517],[0.074708,0.995942,0.050179,-0.001],[0.382683,-0.0751,0.920822,0.00017],[0.0,0.0,0.0,1.0]],"antennas":[-2.732462,2.733686],"body_yaw":0.039752,"check_collision":false},{"head":[[0.920815,-0.051453,-0.38659,-0.011637],[0.075186,0.996084,0.046511,-0.001194],[0.382683,-0.071894,0.921078,0.000126],[0.0,0.0,0.0,1.0]],"antennas":[-2.732462,2.733686],"body_yaw":0.039752,"check_collision":false},{"head":[[0.921116,-0.04876,-0.386222,-0.011706],[0.0714,0.996455,0.044483,-0.001375],[0.382684,-0.06855,0.921333,0.000173],[0.0,0.0,0.0,1.0]],"antennas":[-2.732462,2.733686],"body_yaw":0.039752,"check_collision":false},{"head":[[0.921778,-0.041401,-0.385502,-0.011559],[0.062268,0.997184,0.041798,-0.00171],[0.382686,-0.062533,0.92176,0.000473],[0.0,0.0,0.0,1.0]],"antennas":[-2.732462,2.733686],"body_yaw":0.039752,"check_collision":false},{"head":[[0.922515,-0.030898,-0.384723,-0.011432],[0.05018,0.997932,0.040177,-0.002096],[0.382686,-0.056369,0.922157,0.000867],[0.0,0.0,0.0,1.0]],"antennas":[-2.732462,2.733686],"body_yaw":0.039752,"check_collision":false},{"head":[[0.923136,-0.019171,-0.383995,-0.011481],[0.037028,0.998547,0.039163,-0.00241],[0.382686,-0.050371,0.922504,0.001086],[0.0,0.0,0.0,1.0]],"antennas":[-2.732462,2.733686],"body_yaw":0.039752,"check_collision":false},{"head":[[0.92358,-0.007121,-0.383341,-0.011446],[0.023483,0.999001,0.03802,-0.00257],[0.382687,-0.044116,0.922824,0.001263],[0.0,0.0,0.0,1.0]],"antennas":[-2.732462,2.733686],"body_yaw":0.039752,"check_collision":false},{"head":[[0.923866,0.009332,-0.382602,-0.011311],[0.004431,0.999375,0.035075,-0.002686],[0.38269,-0.0341,0.923247,0.001399],[0.0,0.0,0.0,1.0]],"antennas":[-2.732462,2.733686],"body_yaw":0.039752,"check_collision":false},{"head":[[0.923755,0.026512,-0.382065,-0.011248],[-0.015076,0.999345,0.032895,-0.002467],[0.382687,-0.024627,0.92355,0.001212],[0.0,0.0,0.0,1.0]],"antennas":[-2.732462,2.733686],"body_yaw":0.039752,"check_collision":false},{"head":[[0.923419,0.039274,-0.381779,-0.011229],[-0.029154,0.999054,0.032258,-0.002627],[0.382685,-0.018657,0.92369,0.001072],[0.0,0.0,0.0,1.0]],"antennas":[-2.732462,2.733686],"body_yaw":0.039752,"check_collision":false},{"head":[[0.923038,0.049013,-0.381574,-0.011115],[-0.039415,0.99868,0.032936,-0.002768],[0.382685,-0.015362,0.923751,0.001108],[0.0,0.0,0.0,1.0]],"antennas":[-2.732462,2.733686],"body_yaw":0.039752,"check_collision":false},{"head":[[0.922673,0.056363,-0.381442,-0.01106],[-0.0472,0.998329,0.033343,-0.002805],[0.382684,-0.01276,0.923791,0.00099],[0.0,0.0,0.0,1.0]],"antennas":[-2.732462,2.733686],"body_yaw":0.039752,"check_collision":false},{"head":[[0.922298,0.062663,-0.381366,-0.010868],[-0.054028,0.997983,0.033318,-0.002747],[0.382684,-0.010125,0.923824,0.000868],[0.0,0.0,0.0,1.0]],"antennas":[-2.732462,2.733686],"body_yaw":0.039752,"check_collision":false},{"head":[[0.921707,0.070239,-0.381474,-0.010612],[-0.063306,0.997522,0.03071,-0.002638],[0.382686,-0.004157,0.923869,0.00075],[0.0,0.0,0.0,1.0]],"antennas":[-2.732462,2.733686],"body_yaw":0.039752,"check_collision":false},{"head":[[0.921064,0.077513,-0.381618,-0.010497],[-0.072063,0.996991,0.028576,-0.002457],[0.382684,0.001181,0.923878,0.00065],[0.0,0.0,0.0,1.0]],"antennas":[-2.732462,2.733686],"body_yaw":0.039752,"check_collision":false},{"head":[[0.920528,0.083216,-0.381712,-0.010418],[-0.078626,0.996521,0.027638,-0.002466],[0.382684,0.004571,0.923868,0.000639],[0.0,0.0,0.0,1.0]],"antennas":[-2.732462,2.733686],"body_yaw":0.039752,"check_collision":false},{"head":[[0.919949,0.089407,-0.381707,-0.010306],[-0.085131,0.995973,0.028112,-0.002334],[0.382683,0.006634,0.923856,0.000507],[0.0,0.0,0.0,1.0]],"antennas":[-2.732462,2.733686],"body_yaw":0.039752,"check_collision":false},{"head":[[0.919881,0.09035,-0.38165,-0.010219],[-0.085866,0.99589,0.028803,-0.002468],[0.382683,0.006276,0.923858,0.00055],[0.0,0.0,0.0,1.0]],"antennas":[-2.732462,2.733686],"body_yaw":0.039752,"check_collision":false},{"head":[[0.920434,0.084407,-0.381677,-0.009999],[-0.079716,0.996421,0.028117,-0.002628],[0.382684,0.004546,0.923868,0.000487],[0.0,0.0,0.0,1.0]],"antennas":[-2.732462,2.733686],"body_yaw":0.039752,"check_collision":false},{"head":[[0.921271,0.074821,-0.381657,-0.009752],[-0.069369,0.997197,0.028044,-0.003072],[0.382686,0.000639,0.923878,0.000569],[0.0,0.0,0.0,1.0]],"antennas":[-2.732462,2.733686],"body_yaw":0.039752,"check_collision":false},{"head":[[0.922336,0.059997,-0.381702,-0.009792],[-0.053357,0.998184,0.027966,-0.00355],[0.382687,-0.005427,0.923862,0.000658],[0.0,0.0,0.0,1.0]],"antennas":[-2.732462,2.733686],"body_yaw":0.039752,"check_collision":false},{"head":[[0.923042,0.047183,-0.381795,-0.009777],[-0.039321,0.998824,0.028373,-0.003699],[0.382684,-0.011177,0.923812,0.000602],[0.0,0.0,0.0,1.0]],"antennas":[-2.732462,2.733686],"body_yaw":0.039752,"check_collision":false},{"head":[[0.923514,0.034385,-0.38202,-0.009645],[-0.025956,0.999293,0.027197,-0.003646],[0.382685,-0.015201,0.923754,0.000469],[0.0,0.0,0.0,1.0]],"antennas":[-2.732462,2.733686],"body_yaw":0.039752,"check_collision":false},{"head":[[0.923824,0.019237,-0.382334,-0.009656],[-0.00999,0.999608,0.026156,-0.003452],[0.382687,-0.020344,0.923654,0.00029],[0.0,0.0,0.0,1.0]],"antennas":[-2.732462,2.733686],"body_yaw":0.039752,"check_collision":false},{"head":[[0.923873,0.0073,-0.382628,-0.009667],[0.003137,0.99964,0.026646,-0.003872],[0.382685,-0.025818,0.923518,0.000227],[0.0,0.0,0.0,1.0]],"antennas":[-2.732462,2.733686],"body_yaw":0.039752,"check_collision":false},{"head":[[0.923764,-0.003308,-0.382947,-0.009613],[0.014576,0.999542,0.026527,-0.003917],[0.382684,-0.030087,0.923389,7e-05],[0.0,0.0,0.0,1.0]],"antennas":[-2.732462,2.733686],"body_yaw":0.039752,"check_collision":false},{"head":[[0.923528,-0.014017,-0.383276,-0.009642],[0.025477,0.999367,0.02484,-0.00401],[0.382685,-0.032705,0.9233,3.1e-05],[0.0,0.0,0.0,1.0]],"antennas":[-2.732462,2.733686],"body_yaw":0.039752,"check_collision":false},{"head":[[0.923038,-0.028172,-0.383675,-0.009593],[0.039417,0.998992,0.021477,-0.004019],[0.382683,-0.034948,0.923218,-7.9e-05],[0.0,0.0,0.0,1.0]],"antennas":[-2.732462,2.733686],"body_yaw":0.039752,"check_collision":false},{"head":[[0.922751,-0.035217,-0.383783,-0.009367],[0.045643,0.998794,0.01809,-0.00421],[0.382684,-0.03421,0.923246,7e-06],[0.0,0.0,0.0,1.0]],"antennas":[-2.732462,2.733686],"body_yaw":0.039752,"check_collision":false},{"head":[[0.922589,-0.038571,-0.383851,-0.009268],[0.048813,0.998664,0.016972,-0.004303],[0.382683,-0.034395,0.923239,0.000224],[0.0,0.0,0.0,1.0]],"antennas":[-2.732462,2.733686],"body_yaw":0.039752,"check_collision":false},{"head":[[0.922307,-0.04416,-0.383926,-0.009204],[0.053876,0.998441,0.014584,-0.004346],[0.382684,-0.034135,0.923249,0.000401],[0.0,0.0,0.0,1.0]],"antennas":[-2.732462,2.733686],"body_yaw":0.039752,"check_collision":false},{"head":[[0.921896,-0.05091,-0.384077,-0.009001],[0.060501,0.998085,0.012922,-0.004353],[0.382684,-0.035149,0.92321,0.000375],[0.0,0.0,0.0,1.0]],"antennas":[-2.732462,2.733686],"body_yaw":0.039752,"check_collision":false},{"head":[[0.921424,-0.057296,-0.38431,-0.008801],[0.067307,0.997652,0.012638,-0.004389],[0.382684,-0.037512,0.923118,0.00029],[0.0,0.0,0.0,1.0]],"antennas":[-2.732462,2.733686],"body_yaw":0.039752,"check_collision":false},{"head":[[0.92089,-0.06485,-0.38439,-0.008759],[0.074258,0.997192,0.009664,-0.004304],[0.382684,-0.037444,0.92312,0.000296],[0.0,0.0,0.0,1.0]],"antennas":[-2.732462,2.733686],"body_yaw":0.039752,"check_collision":false},{"head":[[0.919927,-0.074239,-0.384996,-0.008835],[0.085349,0.996281,0.011823,-0.004068],[0.382687,-0.043735,0.922842,0.00015],[0.0,0.0,0.0,1.0]],"antennas":[-2.732462,2.733686],"body_yaw":0.039752,"check_collision":false},{"head":[[0.918661,-0.083605,-0.386098,-0.0089],[0.098049,0.995022,0.017831,-0.003799],[0.382685,-0.054238,0.922285,-0.000176],[0.0,0.0,0.0,1.0]],"antennas":[-2.732462,2.733686],"body_yaw":0.039752,"check_collision":false},{"head":[[0.917775,-0.089721,-0.386832,-0.008847],[0.106025,0.994142,0.020972,-0.003483],[0.382684,-0.060261,0.921912,-0.000429],[0.0,0.0,0.0,1.0]],"antennas":[-2.732462,2.733686],"body_yaw":0.039752,"check_collision":false},{"head":[[0.917522,-0.090738,-0.387194,-0.008782],[0.108195,0.993852,0.023481,-0.003316],[0.382684,-0.063436,0.921699,-0.000476],[0.0,0.0,0.0,1.0]],"antennas":[-2.732462,2.733686],"body_yaw":0.039752,"check_collision":false},{"head":[[0.917489,-0.089977,-0.38745,-0.008934],[0.108474,0.993757,0.026091,-0.00323],[0.382684,-0.065966,0.921521,-0.000434],[0.0,0.0,0.0,1.0]],"antennas":[-2.732462,2.733686],"body_yaw":0.039752,"check_collision":false},{"head":[[0.917099,-0.091001,-0.388135,-0.009048],[0.111729,0.993251,0.031122,-0.002969],[0.382684,-0.071908,0.921077,-0.000377],[0.0,0.0,0.0,1.0]],"antennas":[-2.732462,2.733686],"body_yaw":0.039752,"check_collision":false},{"head":[[0.916888,-0.09064,-0.388716,-0.009056],[0.113441,0.99289,0.036059,-0.002952],[0.382684,-0.077158,0.920652,-0.000317],[0.0,0.0,0.0,1.0]],"antennas":[-2.732462,2.733686],"body_yaw":0.039752,"check_collision":false},{"head":[[0.916939,-0.087514,-0.389312,-0.009009],[0.113033,0.992657,0.043084,-0.002974],[0.382683,-0.083511,0.920098,-0.000257],[0.0,0.0,0.0,1.0]],"antennas":[-2.732462,2.733686],"body_yaw":0.039752,"check_collision":false},{"head":[[0.917555,-0.079404,-0.389599,-0.00899],[0.107916,0.992809,0.05181,-0.003067],[0.382683,-0.089582,0.919526,-0.000237],[0.0,0.0,0.0,1.0]],"antennas":[-2.732462,2.733686],"body_yaw":0.039752,"check_collision":false},{"head":[[0.918602,-0.070754,-0.388799,-0.008956],[0.098608,0.99376,0.052132,-0.00308],[0.382684,-0.086227,0.919847,9.6e-05],[0.0,0.0,0.0,1.0]],"antennas":[-2.732462,2.733686],"body_yaw":0.039752,"check_collision":false},{"head":[[0.920037,-0.057803,-0.387545,-0.009076],[0.08417,0.995125,0.051396,-0.003152],[0.382685,-0.079906,0.920417,0.000597],[0.0,0.0,0.0,1.0]],"antennas":[-2.732462,2.733686],"body_yaw":0.039752,"check_collision":false},{"head":[[0.921371,-0.044879,-0.386084,-0.009123],[0.068024,0.9966,0.046489,-0.00325],[0.382685,-0.069097,0.921291,0.000956],[0.0,0.0,0.0,1.0]],"antennas":[-2.732462,2.733686],"body_yaw":0.039752,"check_collision":false},{"head":[[0.922381,-0.032744,-0.38489,-0.009052],[0.052578,0.99777,0.04112,-0.003431],[0.382685,-0.058165,0.922046,0.001148],[0.0,0.0,0.0,1.0]],"antennas":[-2.732462,2.733686],"body_yaw":0.039752,"check_collision":false},{"head":[[0.923063,-0.021988,-0.384019,-0.008961],[0.038821,0.998593,0.036136,-0.003488],[0.382684,-0.048263,0.922618,0.001243],[0.0,0.0,0.0,1.0]],"antennas":[-2.732462,2.733686],"body_yaw":0.039752,"check_collision":false},{"head":[[0.923549,-0.011343,-0.383313,-0.00891],[0.024688,0.999248,0.029912,-0.00312],[0.382685,-0.037088,0.923134,0.001436],[0.0,0.0,0.0,1.0]],"antennas":[-2.732462,2.733686],"body_yaw":0.039752,"check_collision":false},{"head":[[0.923852,0.002141,-0.382744,-0.008987],[0.007078,0.999718,0.022677,-0.002996],[0.382685,-0.023659,0.923576,0.001443],[0.0,0.0,0.0,1.0]],"antennas":[-2.732462,2.733686],"body_yaw":0.039752,"check_collision":false},{"head":[[0.923848,0.014468,-0.382486,-0.009079],[-0.007617,0.999782,0.01942,-0.002995],[0.382684,-0.015028,0.923757,0.001479],[0.0,0.0,0.0,1.0]],"antennas":[-2.732462,2.733686],"body_yaw":0.039752,"check_collision":false},{"head":[[0.923635,0.026763,-0.382337,-0.009145],[-0.021246,0.9996,0.018647,-0.003052],[0.382684,-0.0091,0.923835,0.001561],[0.0,0.0,0.0,1.0]],"antennas":[-2.732462,2.733686],"body_yaw":0.039752,"check_collision":false},{"head":[[0.923332,0.035948,-0.382316,-0.009079],[-0.031793,0.999347,0.017183,-0.003183],[0.382684,-0.003711,0.923872,0.001569],[0.0,0.0,0.0,1.0]],"antennas":[-2.732462,2.733686],"body_yaw":0.039752,"check_collision":false},{"head":[[0.922994,0.043141,-0.38239,-0.009057],[-0.040451,0.999068,0.015076,-0.003177],[0.382683,0.001553,0.923878,0.001423],[0.0,0.0,0.0,1.0]],"antennas":[-2.732462,2.733686],"body_yaw":0.039752,"check_collision":false},{"head":[[0.922666,0.050075,-0.382335,-0.009122],[-0.047336,0.998742,0.016573,-0.002921],[0.382683,0.002807,0.923875,0.001339],[0.0,0.0,0.0,1.0]],"antennas":[-2.732462,2.733686],"body_yaw":0.039752,"check_collision":false},{"head":[[0.92239,0.054386,-0.382411,-0.009139],[-0.052436,0.998504,0.015529,-0.002867],[0.382683,0.005728,0.923862,0.001512],[0.0,0.0,0.0,1.0]],"antennas":[-2.732462,2.733686],"body_yaw":0.039752,"check_collision":false},{"head":[[0.922099,0.059161,-0.382405,-0.009092],[-0.05733,0.998224,0.016193,-0.002567],[0.382683,0.006991,0.923853,0.001463],[0.0,0.0,0.0,1.0]],"antennas":[-2.732462,2.733686],"body_yaw":0.039752,"check_collision":false},{"head":[[0.921756,0.064445,-0.382377,-0.009116],[-0.0626,0.997889,0.017279,-0.002685],[0.382683,0.008009,0.923845,0.001411],[0.0,0.0,0.0,1.0]],"antennas":[-2.732462,2.733686],"body_yaw":0.039752,"check_collision":false},{"head":[[0.921506,0.066666,-0.3826,-0.009047],[-0.066185,0.997703,0.014435,-0.002927],[0.382683,0.01202,0.923801,0.001189],[0.0,0.0,0.0,1.0]],"antennas":[-2.732462,2.733686],"body_yaw":0.039752,"check_collision":false},{"head":[[0.921259,0.069174,-0.382749,-0.008845],[-0.069533,0.997496,0.012914,-0.00305],[0.382683,0.014717,0.923762,0.000913],[0.0,0.0,0.0,1.0]],"antennas":[-2.732462,2.733686],"body_yaw":0.039752,"check_collision":false},{"head":[[0.920983,0.071987,-0.382894,-0.008706],[-0.073096,0.997257,0.011672,-0.003002],[0.382684,0.017238,0.923719,0.0007],[0.0,0.0,0.0,1.0]],"antennas":[-2.732462,2.733686],"body_yaw":0.039752,"check_collision":false},{"head":[[0.920726,0.074309,-0.383068,-0.008688],[-0.076264,0.997036,0.010104,-0.003109],[0.382684,0.019911,0.923665,0.000784],[0.0,0.0,0.0,1.0]],"antennas":[-2.732462,2.733686],"