{"description":"You react like this when you are not satisfied with what someone says or does.","time":[0.0,0.02,0.04,0.06,0.08,0.1,0.12,0.14,0.16,0.18,0.2,0.22,0.24,0.26,0.28,0.3,0.32,0.34,0.36,0.38,0.4,0.42,0.44,0.46,0.48,0.5,0.52,0.54,0.56,0.58,0.6,0.62,0.64,0.66,0.68,0.7,0.72,0.74,0.76,0.78,0.8,0.82,0.84,0.86,0.88,0.9,0.92,0.94,0.96,0.98,1.0,1.02,1.04,1.06,1.08,1.1,1.12,1.14,1.16,1.18,1.2,1.22,1.24,1.26,1.28,1.3,1.32,1.34,1.36,1.38,1.4,1.42,1.44,1.46,1.48,1.5,1.52,1.54,1.56,1.58,1.6,1.62,1.64,1.66,1.68,1.7,1.72,1.74,1.76,1.78,1.8,1.82,1.84,1.86,1.88,1.9,1.92,1.94,1.96,1.98,2.0,2.02,2.04,2.06,2.08,2.1,2.12,2.14,2.16,2.18,2.2,2.22,2.24,2.26,2.28,2.3,2.32,2.34,2.36,2.38,2.4,2.42,2.44,2.46,2.48,2.5,2.52,2.54,2.56,2.58,2.6,2.62,2.64,2.66,2.68,2.7,2.72,2.74,2.76,2.78,2.8,2.82,2.84,2.86,2.88,2.9,2.92,2.94,2.96,2.98,3.0,3.02,3.04,3.06,3.08,3.1,3.12,3.14,3.16,3.18,3.2,3.22,3.24,3.26,3.28,3.3,3.32,3.34,3.36],"set_target_data":[{"head":[[0.997375,-0.024364,0.068188,-0.008368],[0.027146,0.998824,-0.040178,0.003128],[-0.067129,0.041923,0.996863,0.014068],[0.0,0.0,0.0,1.0]],"antennas":[-0.084634,0.045483],"body_yaw":0.018507,"check_collision":false},{"head":[[0.997708,-0.024745,0.062975,-0.0085],[0.027288,0.998833,-0.039852,0.003051],[-0.061915,0.041479,0.997219,0.014031],[0.0,0.0,0.0,1.0]],"antennas":[-0.084634,0.045483],"body_yaw":0.018507,"check_collision":false},{"head":[[0.997882,-0.024973,0.060069,-0.008649],[0.027416,0.998816,-0.040196,0.003083],[-0.058994,0.041758,0.997385,0.014167],[0.0,0.0,0.0,1.0]],"antennas":[-0.084634,0.045483],"body_yaw":0.018507,"check_collision":false},{"head":[[0.997965,-0.024878,0.058718,-0.008637],[0.027271,0.998815,-0.04031,0.003034],[-0.057645,0.041829,0.99746,0.01418],[0.0,0.0,0.0,1.0]],"antennas":[-0.084634,0.045483],"body_yaw":0.018507,"check_collision":false},{"head":[[0.998016,-0.025096,0.057743,-0.008633],[0.027465,0.998797,-0.040613,0.003209],[-0.056654,0.042118,0.997505,0.014352],[0.0,0.0,0.0,1.0]],"antennas":[-0.084634,0.045483],"body_yaw":0.018507,"check_collision":false},{"head":[[0.998132,-0.025644,0.055456,-0.008566],[0.027916,0.998786,-0.04058,0.003419],[-0.054348,0.042053,0.997636,0.014194],[0.0,0.0,0.0,1.0]],"antennas":[-0.084634,0.045483],"body_yaw":0.018507,"check_collision":false},{"head":[[0.998253,-0.026275,0.052915,-0.008536],[0.028428,0.998781,-0.040354,0.003296],[-0.05179,0.041788,0.997783,0.014146],[0.0,0.0,0.0,1.0]],"antennas":[-0.084634,0.045483],"body_yaw":0.018507,"check_collision":false},{"head":[[0.998284,-0.026758,0.052078,-0.008489],[0.02887,0.998774,-0.040223,0.00328],[-0.050938,0.041657,0.997833,0.014089],[0.0,0.0,0.0,1.0]],"antennas":[-0.084634,0.045483],"body_yaw":0.018507,"check_collision":false},{"head":[[0.998287,-0.026762,0.052018,-0.008493],[0.028859,0.998784,-0.039979,0.003374],[-0.050885,0.041412,0.997846,0.01409],[0.0,0.0,0.0,1.0]],"antennas":[-0.084634,0.045483],"body_yaw":0.018507,"check_collision":false},{"head":[[0.998341,-0.026598,0.051064,-0.008567],[0.028656,0.998789,-0.039999,0.003473],[-0.049938,0.041396,0.997894,0.014103],[0.0,0.0,0.0,1.0]],"antennas":[-0.084634,0.045483],"body_yaw":0.018507,"check_collision":false},{"head":[[0.998391,-0.026446,0.050165,-0.008633],[0.028454,0.998804,-0.03975,0.003611],[-0.049054,0.041114,0.99795,0.0141],[0.0,0.0,0.0,1.0]],"antennas":[-0.084634,0.045483],"body_yaw":0.018507,"check_collision":false},{"head":[[0.998372,-0.026031,0.050743,-0.008627],[0.028073,0.998807,-0.039948,0.003763],[-0.049642,0.041308,0.997912,0.014097],[0.0,0.0,0.0,1.0]],"antennas":[-0.084634,0.045483],"body_yaw":0.018507,"check_collision":false},{"head":[[0.998338,-0.02563,0.051611,-0.008604],[0.027722,0.998806,-0.040223,0.00376],[-0.050518,0.041587,0.997857,0.014136],[0.0,0.0,0.0,1.0]],"antennas":[-0.084634,0.045483],"body_yaw":0.018507,"check_collision":false},{"head":[[0.998319,-0.025625,0.051987,-0.008597],[0.027763,0.998781,-0.040823,0.003767],[-0.050878,0.042198,0.997813,0.014168],[0.0,0.0,0.0,1.0]],"antennas":[-0.084634,0.045483],"body_yaw":0.018507,"check_collision":false},{"head":[[0.998298,-0.025667,0.05236,-0.008647],[0.027841,0.998763,-0.041211,0.003859],[-0.051238,0.042598,0.997778,0.014134],[0.0,0.0,0.0,1.0]],"antennas":[-0.084634,0.045483],"body_yaw":0.018507,"check_collision":false},{"head":[[0.99821,-0.025587,0.054058,-0.008632],[0.027872,0.998731,-0.041939,0.003978],[-0.052917,0.043371,0.997657,0.013977],[0.0,0.0,0.0,1.0]],"antennas":[-0.084634,0.045483],"body_yaw":0.018507,"check_collision":false},{"head":[[0.998053,-0.025666,0.056853,-0.008641],[0.028091,0.998711,-0.04227,0.004116],[-0.055695,0.043785,0.997487,0.013793],[0.0,0.0,0.0,1.0]],"antennas":[-0.084634,0.045483],"body_yaw":0.018507,"check_collision":false},{"head":[[0.997875,-0.025702,0.05988,-0.008703],[0.028278,0.998694,-0.042563,0.004139],[-0.058708,0.044165,0.997298,0.013781],[0.0,0.0,0.0,1.0]],"antennas":[-0.084634,0.045483],"body_yaw":0.018507,"check_collision":false},{"head":[[0.997649,-0.025428,0.063634,-0.008789],[0.028226,0.998657,-0.043451,0.004191],[-0.062444,0.045145,0.997027,0.013875],[0.0,0.0,0.0,1.0]],"antennas":[-0.084634,0.045483],"body_yaw":0.018507,"check_collision":false},{"head":[[0.997174,-0.024275,0.071101,-0.008962],[0.027548,0.998588,-0.045426,0.004275],[-0.069898,0.047256,0.996434,0.013894],[0.0,0.0,0.0,1.0]],"antennas":[-0.084634,0.045483],"body_yaw":0.018507,"check_collision":false},{"head":[[0.996429,-0.023126,0.081203,-0.009084],[0.026993,0.998537,-0.046857,0.004349],[-0.08,0.048881,0.995596,0.013829],[0.0,0.0,0.0,1.0]],"antennas":[-0.084634,0.045483],"body_yaw":0.018507,"check_collision":false},{"head":[[0.99569,-0.023195,0.089802,-0.009192],[0.027547,0.99849,-0.047527,0.004531],[-0.088564,0.049796,0.994825,0.013711],[0.0,0.0,0.0,1.0]],"antennas":[-0.084634,0.045483],"body_yaw":0.018507,"check_collision":false},{"head":[[0.994983,-0.023675,0.097203,-0.009274],[0.028454,0.998439,-0.048069,0.004698],[-0.095913,0.050594,0.994103,0.013557],[0.0,0.0,0.0,1.0]],"antennas":[-0.084634,0.045483],"body_yaw":0.018507,"check_collision":false},{"head":[[0.994013,-0.024451,0.106494,-0.009271],[0.029698,0.998407,-0.047964,0.004769],[-0.105152,0.050839,0.993156,0.013248],[0.0,0.0,0.0,1.0]],"antennas":[-0.084634,0.045483],"body_yaw":0.018507,"check_collision":false},{"head":[[0.992937,-0.024941,0.115994,-0.009251],[0.030659,0.998388,-0.047771,0.00485],[-0.114615,0.05099,0.9921,0.012933],[0.0,0.0,0.0,1.0]],"antennas":[-0.084634,0.045483],"body_yaw":0.018507,"check_collision":false},{"head":[[0.99185,-0.025242,0.124887,-0.00931],[0.031526,0.998321,-0.048596,0.004897],[-0.12345,0.052137,0.99098,0.012741],[0.0,0.0,0.0,1.0]],"antennas":[-0.084634,0.045483],"body_yaw":0.018507,"check_collision":false},{"head":[[0.989975,-0.02423,0.139148,-0.009463],[0.031741,0.998142,-0.052015,0.005018],[-0.137629,0.05591,0.988905,0.012525],[0.0,0.0,0.0,1.0]],"antennas":[-0.084634,0.045483],"body_yaw":0.018507,"check_collision":false},{"head":[[0.987283,-0.024964,0.157,-0.009693],[0.034253,0.997801,-0.056743,0.005162],[-0.155239,0.061399,0.985967,0.012224],[0.0,0.0,0.0,1.0]],"antennas":[-0.084634,0.045483],"body_yaw":0.018507,"check_collision":false},{"head":[[0.984462,-0.027586,0.17342,-0.009841],[0.038576,0.997433,-0.060328,0.005296],[-0.17131,0.066081,0.982999,0.011884],[0.0,0.0,0.0,1.0]],"antennas":[-0.084634,0.045483],"body_yaw":0.018507,"check_collision":false},{"head":[[0.981587,-0.029805,0.188676,-0.00989],[0.04258,0.99704,-0.064023,0.005417],[-0.186209,0.070878,0.97995,0.011398],[0.0,0.0,0.0,1.0]],"antennas":[-0.084634,0.045483],"body_yaw":0.018507,"check_collision":false},{"head":[[0.978292,-0.030098,0.205034,-0.009943],[0.045209,0.996563,-0.069419,0.005622],[-0.20224,0.077182,0.97629,0.010709],[0.0,0.0,0.0,1.0]],"antennas":[-0.084634,0.045483],"body_yaw":0.018507,"check_collision":false},{"head":[[0.974754,-0.029628,0.221309,-0.010123],[0.047824,0.995859,-0.077322,0.005843],[-0.218102,0.085954,0.972134,0.010006],[0.0,0.0,0.0,1.0]],"antennas":[-0.084634,0.045483],"body_yaw":0.018507,"check_collision":false},{"head":[[0.971203,-0.028954,0.236487,-0.010358],[0.050264,0.995148,-0.084583,0.00591],[-0.232891,0.094034,0.967946,0.00951],[0.0,0.0,0.0,1.0]],"antennas":[-0.084634,0.045483],"body_yaw":0.018507,"check_collision":false},{"head":[[0.96815,-0.028745,0.248715,-0.010656],[0.05208,0.99478,-0.087755,0.006065],[-0.244895,0.097913,0.964593,0.009171],[0.0,0.0,0.0,1.0]],"antennas":[-0.084634,0.045483],"body_yaw":0.018507,"check_collision":false},{"head":[[0.964771,-0.02856,0.261535,-0.01097],[0.053399,0.994656,-0.088365,0.006333],[-0.257614,0.099218,0.96114,0.00877],[0.0,0.0,0.0,1.0]],"antennas":[-0.084634,0.045483],"body_yaw":0.018507,"check_collision":false},{"head":[[0.961613,-0.029721,0.272796,-0.011273],[0.055301,0.99471,-0.086565,0.006751],[-0.26878,0.098328,0.95817,0.008333],[0.0,0.0,0.0,1.0]],"antennas":[-0.084634,0.045483],"body_yaw":0.018507,"check_collision":false},{"head":[[0.959385,-0.028841,0.280622,-0.011533],[0.055808,0.994504,-0.088587,0.006929],[-0.276525,0.10065,0.955722,0.008077],[0.0,0.0,0.0,1.0]],"antennas":[-0.084634,0.045483],"body_yaw":0.018507,"check_collision":false},{"head":[[0.955466,-0.027888,0.29378,-0.011849],[0.057914,0.993885,-0.094009,0.007034],[-0.289362,0.106836,0.951239,0.007788],[0.0,0.0,0.0,1.0]],"antennas":[-0.084634,0.045483],"body_yaw":0.018507,"check_collision":false},{"head":[[0.951465,-0.027089,0.306561,-0.012105],[0.059265,0.993602,-0.096139,0.007249],[-0.301996,0.109641,0.946983,0.007462],[0.0,0.0,0.0,1.0]],"antennas":[-0.084634,0.045483],"body_yaw":0.018507,"check_collision":false},{"head":[[0.948574,-0.026596,0.315435,-0.012365],[0.059633,0.993637,-0.09555,0.007189],[-0.310887,0.109446,0.944124,0.007371],[0.0,0.0,0.0,1.0]],"antennas":[-0.084634,0.045483],"body_yaw":0.018507,"check_collision":false},{"head":[[0.946135,-0.025914,0.322734,-0.012542],[0.059607,0.993695,-0.094956,0.007155],[-0.318238,0.109079,0.941715,0.007237],[0.0,0.0,0.0,1.0]],"antennas":[-0.084634,0.045483],"body_yaw":0.018507,"check_collision":false},{"head":[[0.944107,-0.02433,0.328739,-0.012607],[0.058653,0.993758,-0.094897,0.007089],[-0.324378,0.108874,0.939641,0.007063],[0.0,0.0,0.0,1.0]],"antennas":[-0.084634,0.045483],"body_yaw":0.018507,"check_collision":false},{"head":[[0.942404,-0.023501,0.333651,-0.012717],[0.058241,0.993819,-0.094504,0.006977],[-0.329368,0.108493,0.937948,0.007085],[0.0,0.0,0.0,1.0]],"antennas":[-0.084634,0.045483],"body_yaw":0.018507,"check_collision":false},{"head":[[0.939736,-0.022641,0.34115,-0.012888],[0.058412,0.993767,-0.094949,0.007122],[-0.336874,0.109154,0.935201,0.007067],[0.0,0.0,0.0,1.0]],"antennas":[-0.084634,0.045483],"body_yaw":0.018507,"check_collision":false},{"head":[[0.937447,-0.021342,0.347472,-0.013046],[0.057762,0.99382,-0.094794,0.007327],[-0.343301,0.108935,0.932887,0.006971],[0.0,0.0,0.0,1.0]],"antennas":[-0.084634,0.045483],"body_yaw":0.018507,"check_collision":false},{"head":[[0.935754,-0.020677,0.352046,-0.013246],[0.057445,0.993883,-0.094318,0.007554],[-0.347943,0.108482,0.931218,0.006876],[0.0,0.0,0.0,1.0]],"antennas":[-0.084634,0.045483],"body_yaw":0.018507,"check_collision":false},{"head":[[0.933663,-0.018729,0.357662,-0.013443],[0.055535,0.994124,-0.092915,0.007846],[-0.35382,0.106614,0.929217,0.006798],[0.0,0.0,0.0,1.0]],"antennas":[-0.084634,0.045483],"body_yaw":0.018507,"check_collision":false},{"head":[[0.931452,-0.017203,0.363457,-0.013668],[0.053568,0.994481,-0.090211,0.008026],[-0.359899,0.103497,0.927233,0.006801],[0.0,0.0,0.0,1.0]],"antennas":[-0.084634,0.045483],"body_yaw":0.018507,"check_collision":false},{"head":[[0.929912,-0.016909,0.367393,-0.013863],[0.052917,0.9947,-0.08816,0.00811],[-0.363955,0.101423,0.925878,0.006743],[0.0,0.0,0.0,1.0]],"antennas":[-0.084634,0.045483],"body_yaw":0.018507,"check_collision":false},{"head":[[0.928055,-0.016981,0.372055,-0.013911],[0.053171,0.994768,-0.087229,0.008283],[-0.368627,0.100736,0.924103,0.00656],[0.0,0.0,0.0,1.0]],"antennas":[-0.084634,0.045483],"body_yaw":0.018507,"check_collision":false},{"head":[[0.926916,-0.017981,0.374837,-0.013968],[0.054141,0.994809,-0.086162,0.008323],[-0.371342,0.100159,0.923078,0.006472],[0.0,0.0,0.0,1.0]],"antennas":[-0.084634,0.045483],"body_yaw":0.018507,"check_collision":false},{"head":[[0.92566,-0.018147,0.377921,-0.014126],[0.054926,0.994713,-0.086767,0.008427],[-0.374349,0.101075,0.921763,0.00637],[0.0,0.0,0.0,1.0]],"antennas":[-0.084634,0.045483],"body_yaw":0.018507,"check_collision":false},{"head":[[0.922957,-0.0153,0.384599,-0.014419],[0.054469,0.994346,-0.091157,0.008752],[-0.38103,0.105083,0.918572,0.006251],[0.0,0.0,0.0,1.0]],"antennas":[-0.084634,0.045483],"body_yaw":0.018507,"check_collision":false},{"head":[[0.922355,-0.012376,0.386144,-0.014769],[0.053047,0.994077,-0.094849,0.009102],[-0.382683,0.107969,0.917549,0.006241],[0.0,0.0,0.0,1.0]],"antennas":[-0.084634,0.045483],"body_yaw":0.018507,"check_collision":false},{"head":[[0.922381,-0.011386,0.386114,-0.01502],[0.052604,0.993956,-0.096355,0.009485],[-0.382683,0.109187,0.917405,0.006153],[0.0,0.0,0.0,1.0]],"antennas":[-0.084634,0.045483],"body_yaw":0.018507,"check_collision":false},{"head":[[0.92213,-0.015786,0.386558,-0.015121],[0.056831,0.993855,-0.094982,0.009559],[-0.382683,0.109555,0.917361,0.005903],[0.0,0.0,0.0,1.0]],"antennas":[-0.084634,0.045483],"body_yaw":0.018507,"check_collision":false},{"head":[[0.921733,-0.025255,0.387002,-0.015157],[0.065988,0.993539,-0.09233,0.009251],[-0.38217,0.110642,0.917445,0.005612],[0.0,0.0,0.0,1.0]],"antennas":[-0.084634,0.045483],"body_yaw":0.018507,"check_collision":false},{"head":[[0.92352,-0.040627,0.381392,-0.01526],[0.080543,0.992744,-0.089282,0.00904],[-0.374997,0.113172,0.920092,0.005054],[0.0,0.0,0.0,1.0]],"antennas":[-0.084634,0.045483],"body_yaw":0.018507,"check_collision":false},{"head":[[0.92791,-0.066212,0.366876,-0.015394],[0.103601,0.991137,-0.083154,0.0087],[-0.358119,0.115169,0.926546,0.004584],[0.0,0.0,0.0,1.0]],"antennas":[-0.084634,0.045483],"body_yaw":0.018507,"check_collision":false},{"head":[[0.933225,-0.110432,0.3419,-0.015309],[0.143942,0.986803,-0.074162,0.007763],[-0.329198,0.118423,0.936806,0.004336],[0.0,0.0,0.0,1.0]],"antennas":[-0.084634,0.045483],"body_yaw":0.018507,"check_collision":false},{"head":[[0.933882,-0.17954,0.309241,-0.014577],[0.208913,0.975814,-0.064359,0.006813],[-0.290207,0.124708,0.948803,0.003969],[0.0,0.0,0.0,1.0]],"antennas":[-0.084634,0.045483],"body_yaw":0.018507,"check_collision":false},{"head":[[0.931496,-0.232791,0.279505,-0.013607],[0.256463,0.965218,-0.050803,0.006018],[-0.257957,0.119006,0.958799,0.003534],[0.0,0.0,0.0,1.0]],"antennas":[-0.084634,0.045483],"body_yaw":0.018507,"check_collision":false},{"head":[[0.927942,-0.261682,0.265416,-0.012806],[0.281528,0.95876,-0.038999,0.005297],[-0.244265,0.110911,0.963345,0.003297],[0.0,0.0,0.0,1.0]],"antennas":[-0.084634,0.045483],"body_yaw":0.018507,"check_collision":false},{"head":[[0.925264,-0.279768,0.256157,-0.01228],[0.297107,0.954345,-0.030869,0.004211],[-0.235826,0.104668,0.966142,0.003153],[0.0,0.0,0.0,1.0]],"antennas":[-0.084634,0.045483],"body_yaw":0.018507,"check_collision":false},{"head":[[0.922328,-0.298313,0.245603,-0.01174],[0.31402,0.949046,-0.026531,0.003228],[-0.225173,0.101595,0.969007,0.002988],[0.0,0.0,0.0,1.0]],"antennas":[-0.084634,0.045483],"body_yaw":0.018507,"check_collision":false},{"head":[[0.919097,-0.315118,0.23656,-0.011115],[0.329569,0.943847,-0.023176,0.001893],[-0.215973,0.099264,0.97134,0.003241],[0.0,0.0,0.0,1.0]],"antennas":[-0.084634,0.045483],"body_yaw":0.018507,"check_collision":false},{"head":[[0.917617,-0.32372,0.230619,-0.010494],[0.336644,0.941461,-0.017954,0.000986],[-0.211306,0.094112,0.972879,0.003407],[0.0,0.0,0.0,1.0]],"antennas":[-0.084634,0.045483],"body_yaw":0.018507,"check_collision":false},{"head":[[0.916916,-0.326607,0.229331,-0.010102],[0.339711,0.940337,-0.019037,0.000452],[-0.20943,0.095362,0.973162,0.003213],[0.0,0.0,0.0,1.0]],"antennas":[-0.084634,0.045483],"body_yaw":0.018507,"check_collision":false},{"head":[[0.913788,-0.331845,0.234243,-0.009951],[0.345863,0.938066,-0.020288,1.2e-05],[-0.213003,0.099554,0.971966,0.003087],[0.0,0.0,0.0,1.0]],"antennas":[-0.084634,0.045483],"body_yaw":0.018507,"check_collision":false},{"head":[[0.911771,-0.328916,0.245942,-0.010038],[0.344801,0.938387,-0.023295,-0.000449],[-0.223126,0.106041,0.969005,0.003298],[0.0,0.0,0.0,1.0]],"antennas":[-0.084634,0.045483],"body_yaw":0.018507,"check_collision":false},{"head":[[0.913465,-0.315118,0.257454,-0.010047],[0.332638,0.942685,-0.026399,-0.00071],[-0.23438,0.109754,0.96593,0.003805],[0.0,0.0,0.0,1.0]],"antennas":[-0.084634,0.045483],"body_yaw":0.018507,"check_collision":false},{"head":[[0.921124,-0.286829,0.263174,-0.00986],[0.304928,0.951909,-0.029798,-0.000435],[-0.241971,0.107696,0.964288,0.004294],[0.0,0.0,0.0,1.0]],"antennas":[-0.084634,0.045483],"body_yaw":0.018507,"check_collision":false},{"head":[[0.931603,-0.239227,0.273652,-0.009722],[0.258862,0.965187,-0.037483,-0.000556],[-0.255158,0.105757,0.961098,0.005093],[0.0,0.0,0.0,1.0]],"antennas":[-0.084634,0.045483],"body_yaw":0.018507,"check_collision":false},{"head":[[0.942057,-0.170727,0.288757,-0.009939],[0.191999,0.980279,-0.0468,-0.000111],[-0.275072,0.099529,0.956258,0.005761],[0.0,0.0,0.0,1.0]],"antennas":[-0.084634,0.045483],"body_yaw":0.018507,"check_collision":false},{"head":[[0.948429,-0.095909,0.302131,-0.010657],[0.118217,0.991385,-0.056389,0.001292],[-0.29412,0.089198,0.951597,0.005776],[0.0,0.0,0.0,1.0]],"antennas":[-0.084634,0.045483],"body_yaw":0.018507,"check_collision":false},{"head":[[0.95261,-0.022087,0.303391,-0.011033],[0.043921,0.996896,-0.065333,0.002685],[-0.301007,0.075562,0.950624,0.005544],[0.0,0.0,0.0,1.0]],"antennas":[-0.084634,0.045483],"body_yaw":0.018507,"check_collision":false},{"head":[[0.956276,0.03432,0.290445,-0.010783],[-0.01482,0.997501,-0.069074,0.003943],[-0.29209,0.061749,0.954395,0.005214],[0.0,0.0,0.0,1.0]],"antennas":[-0.084634,0.045483],"body_yaw":0.018507,"check_collision":false},{"head":[[0.954808,0.085818,0.284566,-0.010799],[-0.059058,0.993098,-0.101335,0.005876],[-0.291298,0.079949,0.953286,0.004285],[0.0,0.0,0.0,1.0]],"antennas":[-0.084634,0.045483],"body_yaw":0.018507,"check_collision":false},{"head":[[0.954923,0.106873,0.27695,-0.010347],[-0.076822,0.990132,-0.117203,0.005553],[-0.286743,0.090644,0.95371,0.003987],[0.0,0.0,0.0,1.0]],"antennas":[-0.084634,0.045483],"body_yaw":0.018507,"check_collision":false},{"head":[[0.958748,0.092658,0.268733,-0.00963],[-0.063068,0.991158,-0.116742,0.005813],[-0.277174,0.094977,0.956114,0.003175],[0.0,0.0,0.0,1.0]],"antennas":[-0.084634,0.045483],"body_yaw":0.018507,"check_collision":false},{"head":[[0.963387,0.067781,0.259407,-0.008898],[-0.038093,0.992305,-0.117813,0.005827],[-0.265396,0.103618,0.958555,0.002648],[0.0,0.0,0.0,1.0]],"antennas":[-0.084634,0.045483],"body_yaw":0.018507,"check_collision":false},{"head":[[0.968087,0.028922,0.24894,-0.008351],[0.00115,0.992795,-0.119817,0.005429],[-0.250612,0.116279,0.961079,0.001978],[0.0,0.0,0.0,1.0]],"antennas":[-0.084634,0.045483],"body_yaw":0.018507,"check_collision":false},{"head":[[0.969253,-0.032914,0.243854,-0.007823],[0.065231,0.989927,-0.125658,0.004444],[-0.237262,0.137701,0.961637,0.001732],[0.0,0.0,0.0,1.0]],"antennas":[-0.084634,0.045483],"body_yaw":0.018507,"check_collision":false},{"head":[[0.964526,-0.104892,0.242255,-0.007699],[0.135413,0.984331,-0.112941,0.003436],[-0.226612,0.141739,0.963617,0.001662],[0.0,0.0,0.0,1.0]],"antennas":[-0.084634,0.045483],"body_yaw":0.018507,"check_collision":false},{"head":[[0.957365,-0.167761,0.235177,-0.007261],[0.191059,0.978322,-0.079893,0.002791],[-0.216676,0.121419,0.968663,0.00133],[0.0,0.0,0.0,1.0]],"antennas":[-0.084634,0.045483],"body_yaw":0.018507,"check_collision":false},{"head":[[0.953129,-0.191822,0.233986,-0.006744],[0.21275,0.974772,-0.067506,0.002887],[-0.215134,0.114123,0.969894,0.000829],[0.0,0.0,0.0,1.0]],"antennas":[-0.084634,0.045483],"body_yaw":0.018507,"check_collision":false},{"head":[[0.953146,-0.189278,0.23598,-0.006632],[0.213057,0.973802,-0.079475,0.002658],[-0.214755,0.126029,0.968503,0.000483],[0.0,0.0,0.0,1.0]],"antennas":[-0.084634,0.045483],"body_yaw":0.018507,"check_collision":false},{"head":[[0.95472,-0.174969,0.240615,-0.006769],[0.199991,0.976221,-0.083645,0.003209],[-0.220258,0.127978,0.96701,0.000418],[0.0,0.0,0.0,1.0]],"antennas":[-0.084634,0.045483],"body_yaw":0.018507,"check_collision":false},{"head":[[0.956689,-0.148638,0.250306,-0.007401],[0.1751,0.980711,-0.086873,0.003949],[-0.232565,0.126939,0.964261,0.000968],[0.0,0.0,0.0,1.0]],"antennas":[-0.084634,0.045483],"body_yaw":0.018507,"check_collision":false},{"head":[[0.95525,-0.095646,0.279909,-0.008555],[0.126433,0.987507,-0.094044,0.004993],[-0.267417,0.125226,0.955409,0.001705],[0.0,0.0,0.0,1.0]],"antennas":[-0.084634,0.045483],"body_yaw":0.018507,"check_collision":false},{"head":[[0.95106,-0.050671,0.304824,-0.00971],[0.084909,0.991345,-0.100126,0.005837],[-0.297112,0.121108,0.947131,0.002083],[0.0,0.0,0.0,1.0]],"antennas":[-0.084634,0.045483],"body_yaw":0.018507,"check_collision":false},{"head":[[0.948242,-0.036386,0.315456,-0.010105],[0.073001,0.991785,-0.105039,0.006],[-0.309043,0.122631,0.943109,0.002188],[0.0,0.0,0.0,1.0]],"antennas":[-0.084634,0.045483],"body_yaw":0.018507,"check_collision":false},{"head":[[0.947275,-0.040135,0.317897,-0.010172],[0.078222,0.991073,-0.107961,0.006176],[-0.310727,0.127135,0.941958,0.00189],[0.0,0.0,0.0,1.0]],"antennas":[-0.084634,0.045483],"body_yaw":0.018507,"check_collision":false},{"head":[[0.95026,-0.057615,0.306082,-0.009798],[0.093652,0.990119,-0.104376,0.006102],[-0.297044,0.127849,0.946266,0.001452],[0.0,0.0,0.0,1.0]],"antennas":[-0.084634,0.045483],"body_yaw":0.018507,"check_collision":false},{"head":[[0.953394,-0.092247,0.287283,-0.009265],[0.12526,0.987202,-0.098705,0.00568],[-0.274501,0.13009,0.952747,0.001155],[0.0,0.0,0.0,1.0]],"antennas":[-0.084634,0.045483],"body_yaw":0.018507,"check_collision":false},{"head":[[0.953272,-0.140337,0.267539,-0.008779],[0.169316,0.981589,-0.088402,0.004817],[-0.250208,0.12957,0.959483,0.000932],[0.0,0.0,0.0,1.0]],"antennas":[-0.084634,0.045483],"body_yaw":0.018507,"check_collision":false},{"head":[[0.948463,-0.200931,0.24504,-0.008149],[0.224251,0.971941,-0.07101,0.003672],[-0.223897,0.122301,0.966909,0.000608],[0.0,0.0,0.0,1.0]],"antennas":[-0.084634,0.045483],"body_yaw":0.018507,"check_collision":false},{"head":[[0.942851,-0.239679,0.231484,-0.007565],[0.258252,0.964617,-0.053111,0.003041],[-0.210564,0.109857,0.971388,0.000434],[0.0,0.0,0.0,1.0]],"antennas":[-0.084634,0.045483],"body_yaw":0.018507,"check_collision":false},{"head":[[0.940027,-0.257514,0.223686,-0.006808],[0.27355,0.960879,-0.043384,0.002299],[-0.203764,0.101972,0.973695,0.000169],[0.0,0.0,0.0,1.0]],"antennas":[-0.084634,0.045483],"body_yaw":0.018507,"check_collision":false},{"head":[[0.937084,-0.273836,0.216535,-0.006174],[0.288565,0.956667,-0.038979,0.001669],[-0.196478,0.099011,0.975496,-5.9e-05],[0.0,0.0,0.0,1.0]],"antennas":[-0.084634,0.045483],"body_yaw":0.018507,"check_collision":false},{"head":[[0.935061,-0.280739,0.216441,-0.006073],[0.295972,0.954324,-0.040821,0.001387],[-0.195095,0.10223,0.975442,-0.00015],[0.0,0.0,0.0,1.0]],"antennas":[-0.084634,0.045483],"body_yaw":0.018507,"check_collision":false},{"head":[[0.93511,-0.272944,0.225991,-0.006112],[0.289661,0.956127,-0.043789,0.001581],[-0.204124,0.106408,0.973145,0.00039],[0.0,0.0,0.0,1.0]],"antennas":[-0.084634,0.045483],"body_yaw":0.018507,"check_collision":false},{"head":[[0.939464,-0.241982,0.242596,-0.006324],[0.262296,0.963433,-0.054758,0.001944],[-0.220474,0.115074,0.968581,0.000999],[0.0,0.0,0.0,1.0]],"antennas":[-0.084634,0.045483],"body_yaw":0.018507,"check_collision":false},{"head":[[0.945018,-0.187038,0.268251,-0.007012],[0.213332,0.974307,-0.072212,0.002576],[-0.247852,0.125468,0.960639,0.001724],[0.0,0.0,0.0,1.0]],"antennas":[-0.084634,0.045483],"body_yaw":0.018507,"check_collision":false},{"head":[[0.950326,-0.128117,0.283666,-0.008006],[0.156654,0.98439,-0.080219,0.003034],[-0.268961,0.120672,0.955562,0.00245],[0.0,0.0,0.0,1.0]],"antennas":[-0.084634,0.045483],"body_yaw":0.018507,"check_collision":false},{"head":[[0.954393,-0.075035,0.28897,-0.00885],[0.10465,0.990571,-0.088417,0.003742],[-0.279611,0.114625,0.953247,0.002654],[0.0,0.0,0.0,1.0]],"antennas":[-0.084634,0.045483],"body_yaw":0.018507,"check_collision":false},{"head":[[0.956692,-0.009049,0.29096,-0.00971],[0.039165,0.99443,-0.097849,0.004661],[-0.288454,0.105007,0.951718,0.002703],[0.0,0.0,0.0,1.0]],"antennas":[-0.084634,0.045483],"body_yaw":0.018507,"check_collision":false},{"head":[[0.955022,0.063523,0.289652,-0.01046],[-0.032389,0.993287,-0.111046,0.005634],[-0.294762,0.09667,0.950668,0.002825],[0.0,0.0,0.0,1.0]],"antennas":[-0.084634,0.045483],"body_yaw":0.018507,"check_collision":false},{"head":[[0.956192,0.073125,0.283461,-0.010296],[-0.039402,0.991637,-0.1229,0.005872],[-0.290077,0.106347,0.951076,0.002964],[0.0,0.0,0.0,1.0]],"antennas":[-0.084634,0.045483],"body_yaw":0.018507,"check_collision":false},{"head":[[0.961229,0.055422,0.270126,-0.009278],[-0.021921,0.991852,-0.125494,0.006329],[-0.27488,0.114707,0.954612,0.002177],[0.0,0.0,0.0,1.0]],"antennas":[-0.084634,0.045483],"body_yaw":0.018507,"check_collision":false},{"head":[[0.965311,0.034008,0.25888,-0.008449],[-0.0025,0.99264,-0.121077,0.006256],[-0.261092,0.11623,0.958291,0.001475],[0.0,0.0,0.0,1.0]],"antennas":[-0.084634,0.045483],"body_yaw":0.018507,"check_collision":false},{"head":[[0.968827,0.00251,0.247724,-0.00796],[0.027462,0.992698,-0.11746,0.005721],[-0.24621,0.120602,0.961684,0.001],[0.0,0.0,0.0,1.0]],"antennas":[-0.084634,0.045483],"body_yaw":0.018507,"check_collision":false},{"head":[[0.971844,-0.05529,0.229046,-0.007244],[0.083124,0.99003,-0.113712,0.004889],[-0.220475,0.129549,0.966751,0.000429],[0.0,0.0,0.0,1.0]],"antennas":[-0.084634,0.045483],"body_yaw":0.018507,"check_collision":false},{"head":[[0.966068,-0.147872,0.211771,-0.006394],[0.172171,0.979853,-0.101222,0.003557],[-0.192537,0.134248,0.972063,-0.00023],[0.0,0.0,0.0,1.0]],"antennas":[-0.084634,0.045483],"body_yaw":0.018507,"check_collision":false},{"head":[[0.951885,-0.234215,0.19763,-0.005514],[0.251353,0.965625,-0.066259,0.002461],[-0.175318,0.112746,0.978035,-0.000642],[0.0,0.0,0.0,1.0]],"antennas":[-0.084634,0.045483],"body_yaw":0.018507,"check_collision":false},{"head":[[0.938396,-0.291042,0.186302,-0.004953],[0.305402,0.950745,-0.053041,0.001627],[-0.161688,0.106671,0.98106,-0.001136],[0.0,0.0,0.0,1.0]],"antennas":[-0.084634,0.045483],"body_yaw":0.018507,"check_collision":false},{"head":[[0.932059,-0.312077,0.184052,-0.004319],[0.325486,0.944377,-0.047019,0.000559],[-0.159141,0.10373,0.981791,-0.001288],[0.0,0.0,0.0,1.0]],"antennas":[-0.084634,0.045483],"body_yaw":0.018507,"check_collision":false},{"head":[[0.926679,-0.32693,0.185425,-0.00407],[0.339706,0.939638,-0.041002,-0.000513],[-0.160827,0.100986,0.981803,-0.001072],[0.0,0.0,0.0,1.0]],"antennas":[-0.084634,0.045483],"body_yaw":0.018507,"check_collision":false},{"head":[[0.925097,-0.32535,0.195816,-0.004301],[0.338133,0.940452,-0.034879,-0.001074],[-0.172808,0.098478,0.98002,-1.3e-05],[0.0,0.0,0.0,1.0]],"antennas":[-0.084634,0.045483],"body_yaw":0.018507,"check_collision":false},{"head":[[0.929881,-0.29379,0.221381,-0.005361],[0.30935,0.950172,-0.038428,-0.000565],[-0.19906,0.104217,0.97443,0.001356],[0.0,0.0,0.0,1.0]],"antennas":[-0.084634,0.045483],"body_yaw":0.018507,"check_collision":false},{"head":[[0.935248,-0.233308,0.26623,-0.007015],[0.257424,0.96449,-0.059095,0.000423],[-0.242989,0.123802,0.962096,0.002473],[0.0,0.0,0.0,1.0]],"antennas":[-0.084634,0.045483],"body_yaw":0.018507,"check_collision":false},{"head":[[0.937574,-0.1694,0.303742,-0.008681],[0.201454,0.976446,-0.077265,0.001436],[-0.283499,0.133631,0.949616,0.003123],[0.0,0.0,0.0,1.0]],"antennas":[-0.084634,0.045483],"body_yaw":0.018507,"check_collision":false},{"head":[[0.937684,-0.157953,0.309516,-0.009207],[0.194872,0.976501,-0.092037,0.002043],[-0.287705,0.146618,0.94643,0.003146],[0.0,0.0,0.0,1.0]],"antennas":[-0.084634,0.045483],"body_yaw":0.018507,"check_collision":false},{"head":[[0.938256,-0.153378,0.310083,-0.00932],[0.192776,0.976082,-0.100503,0.002402],[-0.287252,0.154074,0.945382,0.003265],[0.0,0.0,0.0,1.0]],"antennas":[-0.084634,0.045483],"body_yaw":0.018507,"check_collision":false},{"head":[[0.940953,-0.143095,0.306808,-0.009317],[0.182408,0.977771,-0.103396,0.002349],[-0.285193,0.153255,0.946138,0.003254],[0.0,0.0,0.0,1.0]],"antennas":[-0.084634,0.045483],"body_yaw":0.018507,"check_collision":false},{"head":[[0.941739,-0.13832,0.306587,-0.009331],[0.177727,0.978521,-0.10445,0.002228],[-0.285554,0.152854,0.946094,0.003197],[0.0,0.0,0.0,1.0]],"antennas":[-0.084634,0.045483],"body_yaw":0.018507,"check_collision":false},{"head":[[0.943115,-0.135504,0.3036,-0.009483],[0.173172,0.979733,-0.100668,0.002416],[-0.283806,0.147517,0.947467,0.003354],[0.0,0.0,0.0,1.0]],"antennas":[-0.084634,0.045483],"body_yaw":0.018507,"check_collision":false},{"head":[[0.945897,-0.141715,0.291884,-0.009467],[0.17559,0.980042,-0.0932,0.002357],[-0.272851,0.139409,0.951902,0.003582],[0.0,0.0,0.0,1.0]],"antennas":[-0.084634,0.045483],"body_yaw":0.018507,"check_collision":false},{"head":[[0.950114,-0.154168,0.271137,-0.009052],[0.183001,0.979489,-0.084335,0.002093],[-0.252574,0.129746,0.958839,0.003679],[0.0,0.0,0.0,1.0]],"antennas":[-0.084634,0.045483],"body_yaw":0.018507,"check_collision":false},{"head":[[0.95766,-0.156567,0.241606,-0.008468],[0.180785,0.980146,-0.081423,0.002116],[-0.224061,0.121654,0.966952,0.003912],[0.0,0.0,0.0,1.0]],"antennas":[-0.084634,0.045483],"body_yaw":0.018507,"check_collision":false},{"head":[[0.965138,-0.153784,0.211802,-0.008072],[0.174995,0.980873,-0.085232,0.001954],[-0.194643,0.119325,0.973589,0.004321],[0.0,0.0,0.0,1.0]],"antennas":[-0.084634,0.045483],"body_yaw":0.018507,"check_collision":false},{"head":[[0.970623,-0.14623,0.191068,-0.007977],[0.166036,0.981814,-0.092051,0.001881],[-0.174132,0.121071,0.977251,0.004777],[0.0,0.0,0.0,1.0]],"antennas":[-0.084634,0.045483],"body_yaw":0.018507,"check_collision":false},{"head":[[0.975855,-0.136467,0.170539,-0.008023],[0.154465,0.983216,-0.097097,0.002073],[-0.154426,0.121095,0.980555,0.005381],[0.0,0.0,0.0,1.0]],"antennas":[-0.084634,0.045483],"body_yaw":0.018507,"check_collision":false},{"head":[[0.982393,-0.123249,0.140403,-0.007958],[0.139185,0.984141,-0.109975,0.002701],[-0.124622,0.12758,0.983968,0.006373],[0.0,0.0,0.0,1.0]],"antennas":[-0.084634,0.045483],"body_yaw":0.018507,"check_collision":false},{"head":[[0.987475,-0.11461,0.108429,-0.007829],[0.128013,0.983734,-0.126016,0.003214],[-0.092223,0.138318,0.986085,0.007513],[0.0,0.0,0.0,1.0]],"antennas":[-0.084634,0.045483],"body_yaw":0.018507,"check_collision":false},{"head":[[0.990489,-0.107893,0.085382,-0.007905],[0.118688,0.98391,-0.133544,0.003581],[-0.0696,0.142407,0.987358,0.008535],[0.0,0.0,0.0,1.0]],"antennas":[-0.084634,0.045483],"body_yaw":0.018507,"check_collision":false},{"head":[[0.992108,-0.102609,0.072063,-0.008206],[0.111348,0.985228,-0.130109,0.004219],[-0.057648,0.137106,0.988877,0.009676],[0.0,0.0,0.0,1.0]],"antennas":[-0.084634,0.045483],"body_yaw":0.018507,"check_collision":false},{"head":[[0.993012,-0.098517,0.064978,-0.008275],[0.105914,0.986807,-0.12245,0.004607],[-0.052057,0.128477,0.990345,0.01066],[0.0,0.0,0.0,1.0]],"antennas":[-0.084634,0.045483],"body_yaw":0.018507,"check_collision":false},{"head":[[0.993864,-0.092431,0.060757,-0.0085],[0.099027,0.988249,-0.116436,0.005214],[-0.049281,0.121738,0.991338,0.011265],[0.0,0.0,0.0,1.0]],"antennas":[-0.084634,0.045483],"body_yaw":0.018507,"check_collision":false},{"head":[[0.994573,-0.088563,0.054603,-0.008498],[0.094155,0.989441,-0.110185,0.005408],[-0.044269,0.114728,0.99241,0.011916],[0.0,0.0,0.0,1.0]],"antennas":[-0.084634,0.045483],"body_yaw":0.018507,"check_collision":false},{"head":[[0.995049,-0.088153,0.0459,-0.008357],[0.092428,0.990552,-0.101313,0.005329],[-0.036535,0.105054,0.993795,0.012512],[0.0,0.0,0.0,1.0]],"antennas":[-0.084634,0.045483],"body_yaw":0.018507,"check_collision":false},{"head":[[0.995386,-0.087618,0.039106,-0.00833],[0.090859,0.991725,-0.090704,0.005189],[-0.030835,0.093838,0.99511,0.013039],[0.0,0.0,0.0,1.0]],"antennas":[-0.084634,0.045483],"body_yaw":0.018507,"check_collision":false},{"head":[[0.995618,-0.086547,0.035419,-0.008313],[0.089013,0.993184,-0.075247,0.005216],[-0.028665,0.07807,0.996536,0.013467],[0.0,0.0,0.0,1.0]],"antennas":[-0.084634,0.045483],"body_yaw":0.018507,"check_collision":false},{"head":[[0.995837,-0.083941,0.035526,-0.008171],[0.085876,0.994675,-0.056976,0.005326],[-0.030554,0.05979,0.997743,0.013966],[0.0,0.0,0.0,1.0]],"antennas":[-0.084634,0.045483],"body_yaw":0.018507,"check_collision":false},{"head":[[0.995924,-0.082564,0.036302,-0.008019],[0.08392,0.995764,-0.037566,0.005242],[-0.033046,0.040459,0.998635,0.014269],[0.0,0.0,0.0,1.0]],"antennas":[-0.084634,0.045483],"body_yaw":0.018507,"check_collision":false},{"head":[[0.995979,-0.08157,0.037051,-0.008054],[0.082361,0.996395,-0.020339,0.00519],[-0.035258,0.023309,0.999106,0.014489],[0.0,0.0,0.0,1.0]],"antennas":[-0.084634,0.045483],"body_yaw":0.018507,"check_collision":false},{"head":[[0.996015,-0.080262,0.038877,-0.007971],[0.080409,0.996759,-0.002238,0.005032],[-0.038572,0.005356,0.999241,0.014768],[0.0,0.0,0.0,1.0]],"antennas":[-0.084634,0.045483],"body_yaw":0.018507,"check_collision":false},{"head":[[0.996112,-0.07577,0.044939,-0.007645],[0.075067,0.997031,0.017149,0.004867],[-0.046105,-0.013709,0.998843,0.014861],[0.0,0.0,0.0,1.0]],"antennas":[-0.084634,0.045483],"body_yaw":0.018507,"check_collision":false},{"head":[[0.996093,-0.06975,0.054172,-0.007711],[0.067992,0.997118,0.03365,0.004861],[-0.056363,-0.029835,0.997964,0.014719],[0.0,0.0,0.0,1.0]],"antennas":[-0.084634,0.045483],"body_yaw":0.018507,"check_collision":false},{"head":[[0.995844,-0.065083,0.063706,-0.007815],[0.061935,0.996816,0.050211,0.004995],[-0.066771,-0.046057,0.996705,0.014579],[0.0,0.0,0.0,1.0]],"antennas":[-0.084634,0.045483],"body_yaw":0.018507,"check_collision":false},{"head":[[0.995426,-0.063513,0.071367,-0.007833],[0.058867,0.99612,0.065415,0.005065],[-0.075245,-0.060915,0.995303,0.014642],[0.0,0.0,0.0,1.0]],"antennas":[-0.084634,0.045483],"body_yaw":0.018507,"check_collision":false},{"head":[[0.995035,-0.063708,0.076464,-0.007775],[0.058122,0.995624,0.073179,0.005163],[-0.080792,-0.068371,0.994383,0.0146],[0.0,0.0,0.0,1.0]],"antennas":[-0.084634,0.045483],"body_yaw":0.018507,"check_collision":false},{"head":[[0.994738,-0.062363,0.081289,-0.007884],[0.055466,0.994878,0.084508,0.00501],[-0.086143,-0.079555,0.993101,0.014637],[0.0,0.0,0.0,1.0]],"antennas":[-0.084634,0.045483],"body_yaw":0.018507,"check_collision":false},{"head":[[0.994485,-0.060766,0.085478,-0.007856],[0.052631,0.994142,0.094403,0.005007],[-0.090714,-0.089384,0.991858,0.014653],[0.0,0.0,0.0,1.0]],"antennas":[-0.084634,0.045483],"body_yaw":0.018507,"check_collision":false},{"head":[[0.994223,-0.058806,0.08979,-0.007764],[0.049489,0.993483,0.102679,0.005293],[-0.095243,-0.097643,0.990654,0.014538],[0.0,0.0,0.0,1.0]],"antennas":[-0.084634,0.045483],"body_yaw":0.018507,"check_collision":false},{"head":[[0.993924,-0.056108,0.094694,-0.007577],[0.045728,0.993052,0.108424,0.00521],[-0.10012,-0.103435,0.989584,0.014508],[0.0,0.0,0.0,1.0]],"antennas":[-0.084634,0.045483],"body_yaw":0.018507,"check_collision":false},{"head":[[0.993783,-0.055288,0.096635,-0.007487],[0.04439,0.992773,0.111493,0.00525],[-0.102101,-0.106511,0.989056,0.014201],[0.0,0.0,0.0,1.0]],"antennas":[-0.084634,0.045483],"body_yaw":0.018507,"check_collision":false},{"head":[[0.993668,-0.054678,0.098152,-0.007461],[0.043419,0.992601,0.113392,0.005312],[-0.103626,-0.108412,0.98869,0.01422],[0.0,0.0,0.0,1.0]],"antennas":[-0.084634,0.045483],"body_yaw":0.018507,"check_collision":false},{"head":[[0.993495,-0.054463,0.100009,-0.007375],[0.042943,0.99256,0.113933,0.005627],[-0.10547,-0.108897,0.988442,0.014129],[0.0,0.0,0.0,1.0]],"antennas":[-0.084634,0.045483],"body_yaw":0.018507,"check_collision":false},{"head":[[0.993241,-0.0552,0.102108,-0.007376],[0.043457,0.992547,0.113851,0.005505],[-0.107631,-0.108644,0.988237,0.014281],[0.0,0.0,0.0,1.0]],"antennas":[-0.084634,0.045483],"body_yaw":0.018507,"check_collision":false},{"head":[[0.99296,-0.05619,0.104272,-0.00738],[0.04408,0.992386,0.115005,0.005717],[-0.109941,-0.109599,0.987877,0.014169],[0.0,0.0,0.0,1.0]],"antennas":[-0.084634,0.045483],"body_yaw":0.018507,"check_collision":false},{"head":[[0.992751,-0.058149,0.10519,-0.007213],[0.045957,0.992321,0.114833,0.005455],[-0.11106,-0.109166,0.9878,0.014464],[0.0,0.0,0.0,1.0]],"antennas":[-0.084634,0.045483],"body_yaw":0.018507,"check_collision":false},{"head":[[0.992533,-0.059566,0.106441,-0.007051],[0.047245,0.992271,0.114747,0.005102],[-0.112453,-0.108862,0.987676,0.014258],[0.0,0.0,0.0,1.0]],"antennas":[-0.084634,0.045483],"body_yaw":0.018507,"check_collision":false},{"head":[[0.992213,-0.06095,0.108622,-0.006954],[0.048452,0.992275,0.114202,0.005209],[-0.114744,-0.10805,0.987501,0.014058],[0.0,0.0,0.0,1.0]],"antennas":[-0.084634,0.045483],"body_yaw":0.018507,"check_collision":false},{"head":[[0.991887,-0.062136,0.110902,-0.006891],[0.049333,0.992178,0.114669,0.005175],[-0.11716,-0.108268,0.987194,0.013849],[0.0,0.0,0.0,1.0]],"antennas":[-0.084634,0.045483],"body_yaw":0.018507,"check_collision":false},{"head":[[0.991558,-0.062973,0.113348,-0.006744],[0.049823,0.992078,0.115324,0.005135],[-0.119713,-0.108703,0.98684,0.013767],[0.0,0.0,0.0,1.0]],"antennas":[-0.084634,0.045483],"body_yaw":0.018507,"check_collision":false},{"head":[[0.991462,-0.062918,0.114214,-0.006663],[0.049499,0.991928,0.116745,0.005048],[-0.120637,-0.110095,0.986573,0.013972],[0.0,0.0,0.0,1.0]],"antennas":[-0.084634,0.045483],"body_yaw":0.018507,"check_collision":false},{"head":[[0.991387,-0.063477,0.114556,-0.006678],[0.050013,0.991895,0.116799,0.004974],[-0.121041,-0.110064,0.986527,0.014131],[0.0,0.0,0.0,1.0]],"antennas":[-0.084634,0.045483],"body_yaw":0.018507,"check_collision":false},{"head":[[0.991181,-0.064099,0.115978,-0.006615],[0.050489,0.991883,0.116704,0.005003],[-0.122517,-0.109819,0.986372,0.014209],[0.0,0.0,0.0,1.0]],"antennas":[-0.084634,0.045483],"body_yaw":0.018507,"check_collision":false}]}