{"description":"Use this movement to say that you don\u2019t agree or that this solution doesn\u2019t suit you.","time":[0.0,0.02,0.04,0.06,0.08,0.1,0.12,0.14,0.16,0.18,0.2,0.22,0.24,0.26,0.28,0.3,0.32,0.34,0.36,0.38,0.4,0.42,0.44,0.46,0.48,0.5,0.52,0.54,0.56,0.58,0.6,0.62,0.64,0.66,0.68,0.7,0.72,0.74,0.76,0.78,0.8,0.82,0.84,0.86,0.88,0.9,0.92,0.94,0.96,0.98,1.0,1.02,1.04,1.06,1.08,1.1,1.12,1.14,1.16,1.18,1.2,1.22,1.24,1.26,1.28,1.3,1.32,1.34,1.36,1.38,1.4,1.42,1.44,1.46,1.48,1.5,1.52,1.54,1.56,1.58,1.6,1.62,1.64,1.66,1.68,1.7,1.72,1.74,1.76,1.78,1.8,1.82,1.84,1.86,1.88,1.9,1.92,1.94,1.96,1.98,2.0,2.02,2.04,2.06,2.08,2.1,2.12,2.14,2.16,2.18,2.2,2.22,2.24,2.26,2.28,2.3,2.32,2.34,2.36,2.38,2.4,2.42,2.44,2.46,2.48,2.5,2.52,2.54,2.56,2.58,2.6,2.62,2.64,2.66,2.68,2.7,2.72,2.74,2.76,2.78,2.8,2.82,2.84,2.86,2.88,2.9,2.92,2.94],"set_target_data":[{"head":[[0.997528,-0.035577,-0.060594,-0.003818],[0.030799,0.996474,-0.07805,0.001605],[0.063157,0.075991,0.995106,0.005832],[0.0,0.0,0.0,1.0]],"antennas":[-0.126344,0.128097],"body_yaw":0.161855,"check_collision":false},{"head":[[0.997536,-0.035548,-0.060477,-0.003781],[0.030775,0.996471,-0.078098,0.001583],[0.06304,0.076045,0.99511,0.005848],[0.0,0.0,0.0,1.0]],"antennas":[-0.126344,0.128097],"body_yaw":0.161855,"check_collision":false},{"head":[[0.997538,-0.035696,-0.060358,-0.003717],[0.03093,0.996462,-0.07814,0.001676],[0.062934,0.076081,0.995114,0.005765],[0.0,0.0,0.0,1.0]],"antennas":[-0.126344,0.128097],"body_yaw":0.161855,"check_collision":false},{"head":[[0.997547,-0.035605,-0.060262,-0.003671],[0.030857,0.996478,-0.077967,0.00179],[0.062825,0.075916,0.995133,0.005702],[0.0,0.0,0.0,1.0]],"antennas":[-0.126344,0.128097],"body_yaw":0.161855,"check_collision":false},{"head":[[0.997547,-0.035393,-0.060398,-0.003681],[0.030639,0.996491,-0.077896,0.001777],[0.062943,0.075855,0.99513,0.00571],[0.0,0.0,0.0,1.0]],"antennas":[-0.126344,0.128097],"body_yaw":0.161855,"check_collision":false},{"head":[[0.99754,-0.035111,-0.060676,-0.003705],[0.030339,0.996503,-0.077853,0.001845],[0.063197,0.07582,0.995117,0.005595],[0.0,0.0,0.0,1.0]],"antennas":[-0.126344,0.128097],"body_yaw":0.161855,"check_collision":false},{"head":[[0.997532,-0.034985,-0.060877,-0.003659],[0.030198,0.996507,-0.077853,0.001858],[0.063388,0.075823,0.995104,0.005567],[0.0,0.0,0.0,1.0]],"antennas":[-0.126344,0.128097],"body_yaw":0.161855,"check_collision":false},{"head":[[0.997548,-0.034716,-0.060775,-0.003617],[0.029937,0.996515,-0.077857,0.00198],[0.063266,0.075846,0.99511,0.005581],[0.0,0.0,0.0,1.0]],"antennas":[-0.126344,0.128097],"body_yaw":0.161855,"check_collision":false},{"head":[[0.997553,-0.03462,-0.06074,-0.003604],[0.029844,0.996519,-0.077843,0.002046],[0.063223,0.07584,0.995114,0.005603],[0.0,0.0,0.0,1.0]],"antennas":[-0.126344,0.128097],"body_yaw":0.161855,"check_collision":false},{"head":[[0.997556,-0.034405,-0.060818,-0.003579],[0.029627,0.996529,-0.077798,0.002057],[0.063284,0.075806,0.995112,0.005623],[0.0,0.0,0.0,1.0]],"antennas":[-0.126344,0.128097],"body_yaw":0.161855,"check_collision":false},{"head":[[0.997562,-0.034362,-0.060744,-0.003554],[0.029587,0.996527,-0.077835,0.002074],[0.063207,0.075848,0.995114,0.005618],[0.0,0.0,0.0,1.0]],"antennas":[-0.126344,0.128097],"body_yaw":0.161855,"check_collision":false},{"head":[[0.997557,-0.034449,-0.060766,-0.003557],[0.029653,0.996502,-0.078129,0.002114],[0.063245,0.076136,0.99509,0.005557],[0.0,0.0,0.0,1.0]],"antennas":[-0.126344,0.128097],"body_yaw":0.161855,"check_collision":false},{"head":[[0.997534,-0.034605,-0.061058,-0.003542],[0.029776,0.996485,-0.078298,0.002127],[0.063553,0.076287,0.995058,0.005523],[0.0,0.0,0.0,1.0]],"antennas":[-0.126344,0.128097],"body_yaw":0.161855,"check_collision":false},{"head":[[0.997527,-0.034795,-0.061075,-0.003545],[0.029951,0.996463,-0.078511,0.002134],[0.06359,0.076488,0.995041,0.005511],[0.0,0.0,0.0,1.0]],"antennas":[-0.126344,0.128097],"body_yaw":0.161855,"check_collision":false},{"head":[[0.99752,-0.034838,-0.061157,-0.003568],[0.029991,0.996466,-0.078465,0.002217],[0.063674,0.076436,0.995039,0.005479],[0.0,0.0,0.0,1.0]],"antennas":[-0.126344,0.128097],"body_yaw":0.161855,"check_collision":false},{"head":[[0.997514,-0.034806,-0.061273,-0.003613],[0.029954,0.996472,-0.078405,0.00216],[0.063786,0.076374,0.995037,0.005539],[0.0,0.0,0.0,1.0]],"antennas":[-0.126344,0.128097],"body_yaw":0.161855,"check_collision":false},{"head":[[0.997523,-0.034775,-0.06114,-0.003646],[0.029933,0.996472,-0.078401,0.002205],[0.06365,0.076377,0.995045,0.005557],[0.0,0.0,0.0,1.0]],"antennas":[-0.126344,0.128097],"body_yaw":0.161855,"check_collision":false},{"head":[[0.997537,-0.03469,-0.060969,-0.003621],[0.02986,0.996473,-0.078419,0.002162],[0.063474,0.076405,0.995054,0.005555],[0.0,0.0,0.0,1.0]],"antennas":[-0.126344,0.128097],"body_yaw":0.161855,"check_collision":false},{"head":[[0.997553,-0.034585,-0.060754,-0.003564],[0.029775,0.99648,-0.078364,0.002157],[0.063251,0.076363,0.995072,0.00558],[0.0,0.0,0.0,1.0]],"antennas":[-0.126344,0.128097],"body_yaw":0.161855,"check_collision":false},{"head":[[0.997547,-0.034549,-0.060875,-0.003554],[0.029741,0.996495,-0.078186,0.002188],[0.063363,0.076184,0.995078,0.005559],[0.0,0.0,0.0,1.0]],"antennas":[-0.126344,0.128097],"body_yaw":0.161855,"check_collision":false},{"head":[[0.99755,-0.034623,-0.060792,-0.003558],[0.029819,0.99649,-0.078216,0.002136],[0.063287,0.076212,0.995081,0.005566],[0.0,0.0,0.0,1.0]],"antennas":[-0.126344,0.128097],"body_yaw":0.161855,"check_collision":false},{"head":[[0.997525,-0.034666,-0.061176,-0.003544],[0.029827,0.996482,-0.078321,0.002207],[0.063676,0.076303,0.995049,0.005516],[0.0,0.0,0.0,1.0]],"antennas":[-0.126344,0.128097],"body_yaw":0.161855,"check_collision":false},{"head":[[0.997512,-0.034571,-0.061439,-0.003621],[0.029718,0.996493,-0.078223,0.002241],[0.063928,0.076202,0.995041,0.005539],[0.0,0.0,0.0,1.0]],"antennas":[-0.126344,0.128097],"body_yaw":0.161855,"check_collision":false},{"head":[[0.997508,-0.034598,-0.061481,-0.003671],[0.029741,0.996492,-0.078224,0.002191],[0.063971,0.076201,0.995038,0.005552],[0.0,0.0,0.0,1.0]],"antennas":[-0.126344,0.128097],"body_yaw":0.161855,"check_collision":false},{"head":[[0.997525,-0.034346,-0.061357,-0.003673],[0.029504,0.996505,-0.078151,0.002082],[0.063827,0.076147,0.995052,0.00561],[0.0,0.0,0.0,1.0]],"antennas":[-0.126344,0.128097],"body_yaw":0.161855,"check_collision":false},{"head":[[0.997537,-0.034312,-0.061181,-0.003666],[0.029481,0.996503,-0.078186,0.002074],[0.06365,0.07619,0.99506,0.005645],[0.0,0.0,0.0,1.0]],"antennas":[-0.126344,0.128097],"body_yaw":0.161855,"check_collision":false},{"head":[[0.997544,-0.034108,-0.06117,-0.0037],[0.029291,0.996524,-0.077982,0.002009],[0.063617,0.075999,0.995076,0.005674],[0.0,0.0,0.0,1.0]],"antennas":[-0.126344,0.128097],"body_yaw":0.161855,"check_collision":false},{"head":[[0.99756,-0.034031,-0.060953,-0.0037],[0.029235,0.996532,-0.077906,0.002001],[0.063393,0.075934,0.995096,0.005639],[0.0,0.0,0.0,1.0]],"antennas":[-0.126344,0.128097],"body_yaw":0.161855,"check_collision":false},{"head":[[0.997558,-0.033903,-0.061061,-0.003685],[0.029101,0.996538,-0.077885,0.002021],[0.06349,0.075917,0.995091,0.005592],[0.0,0.0,0.0,1.0]],"antennas":[-0.126344,0.128097],"body_yaw":0.161855,"check_collision":false},{"head":[[0.997582,-0.033664,-0.060795,-0.003644],[0.028886,0.996548,-0.077827,0.001939],[0.063205,0.075883,0.995111,0.005587],[0.0,0.0,0.0,1.0]],"antennas":[-0.123882,0.124905],"body_yaw":0.161855,"check_collision":false},{"head":[[0.997595,-0.033768,-0.060532,-0.003599],[0.028995,0.996526,-0.078074,0.001938],[0.062958,0.076131,0.995108,0.005605],[0.0,0.0,0.0,1.0]],"antennas":[-0.107674,0.108339],"body_yaw":0.161855,"check_collision":false},{"head":[[0.997581,-0.033631,-0.060837,-0.003695],[0.028858,0.996559,-0.077695,0.00195],[0.063241,0.075751,0.995119,0.005658],[0.0,0.0,0.0,1.0]],"antennas":[-0.07609,0.073864],"body_yaw":0.161855,"check_collision":false},{"head":[[0.997571,-0.033751,-0.060927,-0.003694],[0.028958,0.99654,-0.077912,0.00204],[0.063346,0.075958,0.995097,0.005558],[0.0,0.0,0.0,1.0]],"antennas":[-0.03652,0.022305],"body_yaw":0.161855,"check_collision":false},{"head":[[0.997568,-0.033773,-0.060974,-0.003641],[0.028972,0.996534,-0.077977,0.002121],[0.063396,0.076021,0.995089,0.005529],[0.0,0.0,0.0,1.0]],"antennas":[0.00581,-0.044256],"body_yaw":0.161855,"check_collision":false},{"head":[[0.997568,-0.033742,-0.060981,-0.003618],[0.028938,0.996533,-0.078003,0.002131],[0.063402,0.076048,0.995086,0.005514],[0.0,0.0,0.0,1.0]],"antennas":[0.050983,-0.112785],"body_yaw":0.161855,"check_collision":false},{"head":[[0.997549,-0.033826,-0.061259,-0.003692],[0.028999,0.996529,-0.07803,0.002082],[0.063686,0.076062,0.995067,0.00558],[0.0,0.0,0.0,1.0]],"antennas":[0.096742,-0.180748],"body_yaw":0.161855,"check_collision":false},{"head":[[0.99755,-0.033814,-0.06124,-0.003657],[0.028996,0.996538,-0.077921,0.001987],[0.063663,0.075955,0.995077,0.005612],[0.0,0.0,0.0,1.0]],"antennas":[0.14295,-0.24938],"body_yaw":0.161855,"check_collision":false},{"head":[[0.997541,-0.033922,-0.061328,-0.003641],[0.029095,0.996533,-0.077948,0.002008],[0.063759,0.075972,0.995069,0.005617],[0.0,0.0,0.0,1.0]],"antennas":[0.188972,-0.317735],"body_yaw":0.161855,"check_collision":false},{"head":[[0.997521,-0.033989,-0.061618,-0.003731],[0.029148,0.996541,-0.077822,0.001976],[0.06405,0.075833,0.995061,0.005666],[0.0,0.0,0.0,1.0]],"antennas":[0.234962,-0.386041],"body_yaw":0.161855,"check_collision":false},{"head":[[0.997507,-0.034171,-0.061743,-0.003743],[0.029316,0.99653,-0.077894,0.002032],[0.064191,0.07589,0.995048,0.005649],[0.0,0.0,0.0,1.0]],"antennas":[0.280986,-0.4544],"body_yaw":0.161855,"check_collision":false},{"head":[[0.997472,-0.034663,-0.062035,-0.003725],[0.029781,0.996511,-0.077964,0.002142],[0.064521,0.075919,0.995024,0.005602],[0.0,0.0,0.0,1.0]],"antennas":[0.326999,-0.522741],"body_yaw":0.161855,"check_collision":false},{"head":[[0.997352,-0.035727,-0.063341,-0.003635],[0.03076,0.996499,-0.077739,0.002007],[0.065897,0.075585,0.99496,0.005648],[0.0,0.0,0.0,1.0]],"antennas":[0.372921,-0.590947],"body_yaw":0.161855,"check_collision":false},{"head":[[0.996953,-0.0399,-0.067029,-0.003421],[0.034723,0.99645,-0.076695,0.001826],[0.069851,0.074134,0.994799,0.005661],[0.0,0.0,0.0,1.0]],"antennas":[0.412654,-0.656072],"body_yaw":0.161855,"check_collision":false},{"head":[[0.995962,-0.050092,-0.074505,-0.003002],[0.044659,0.99634,-0.07289,0.00146],[0.077884,0.069269,0.994553,0.005608],[0.0,0.0,0.0,1.0]],"antennas":[0.41804,-0.678179],"body_yaw":0.161855,"check_collision":false},{"head":[[0.994259,-0.070507,-0.080485,-0.002522],[0.064867,0.995389,-0.070662,0.001008],[0.085096,0.065035,0.994248,0.005563],[0.0,0.0,0.0,1.0]],"antennas":[0.41804,-0.678179],"body_yaw":0.161855,"check_collision":false},{"head":[[0.992031,-0.092528,-0.08552,-0.002133],[0.08665,0.993772,-0.07006,0.00041],[0.09147,0.062092,0.99387,0.005584],[0.0,0.0,0.0,1.0]],"antennas":[0.41804,-0.678179],"body_yaw":0.161855,"check_collision":false},{"head":[[0.989616,-0.111812,-0.09032,-0.001937],[0.105934,0.992083,-0.067452,-0.000201],[0.097147,0.057184,0.993626,0.005438],[0.0,0.0,0.0,1.0]],"antennas":[0.41804,-0.678179],"body_yaw":0.161855,"check_collision":false},{"head":[[0.986051,-0.135572,-0.096563,-0.001734],[0.129147,0.989154,-0.069966,-0.000892],[0.105002,0.05652,0.992865,0.005461],[0.0,0.0,0.0,1.0]],"antennas":[0.41804,-0.678179],"body_yaw":0.161855,"check_collision":false},{"head":[[0.981373,-0.161838,-0.103515,-0.001648],[0.15503,0.98537,-0.070791,-0.001723],[0.113457,0.053424,0.992105,0.005312],[0.0,0.0,0.0,1.0]],"antennas":[0.41804,-0.678179],"body_yaw":0.161855,"check_collision":false},{"head":[[0.975029,-0.194577,-0.107044,-0.001668],[0.187801,0.979695,-0.070201,-0.002822],[0.11853,0.048345,0.991773,0.005138],[0.0,0.0,0.0,1.0]],"antennas":[0.41804,-0.678179],"body_yaw":0.161855,"check_collision":false},{"head":[[0.966947,-0.229417,-0.111273,-0.001912],[0.223962,0.972784,-0.059438,-0.00374],[0.121881,0.032552,0.992011,0.004741],[0.0,0.0,0.0,1.0]],"antennas":[0.41804,-0.678179],"body_yaw":0.161855,"check_collision":false},{"head":[[0.960396,-0.252952,-0.116853,-0.002283],[0.248355,0.96724,-0.052592,-0.004619],[0.126328,0.021488,0.991756,0.004735],[0.0,0.0,0.0,1.0]],"antennas":[0.41804,-0.678179],"body_yaw":0.161855,"check_collision":false},{"head":[[0.953535,-0.273506,-0.126354,-0.002332],[0.267928,0.961597,-0.059542,-0.004901],[0.137787,0.022921,0.990197,0.004699],[0.0,0.0,0.0,1.0]],"antennas":[0.41804,-0.678179],"body_yaw":0.161855,"check_collision":false},{"head":[[0.949255,-0.283561,-0.136044,-0.002027],[0.277732,0.958753,-0.060475,-0.005329],[0.147581,0.019623,0.988855,0.004755],[0.0,0.0,0.0,1.0]],"antennas":[0.41804,-0.678179],"body_yaw":0.161855,"check_collision":false},{"head":[[0.945644,-0.291339,-0.144496,-0.001821],[0.285297,0.956472,-0.061375,-0.006002],[0.156087,0.016815,0.9876,0.004873],[0.0,0.0,0.0,1.0]],"antennas":[0.41804,-0.678179],"body_yaw":0.161855,"check_collision":false},{"head":[[0.940665,-0.301916,-0.154907,-0.001552],[0.295077,0.953195,-0.065949,-0.006582],[0.167567,0.016326,0.985725,0.005074],[0.0,0.0,0.0,1.0]],"antennas":[0.41804,-0.678179],"body_yaw":0.161855,"check_collision":false},{"head":[[0.935021,-0.313489,-0.165709,-0.001207],[0.305412,0.949431,-0.072834,-0.007043],[0.180162,0.017491,0.983481,0.005224],[0.0,0.0,0.0,1.0]],"antennas":[0.41804,-0.678179],"body_yaw":0.161855,"check_collision":false},{"head":[[0.931153,-0.321356,-0.172293,-0.000924],[0.312317,0.946772,-0.077981,-0.007311],[0.188182,0.018802,0.981954,0.005321],[0.0,0.0,0.0,1.0]],"antennas":[0.41804,-0.678179],"body_yaw":0.161855,"check_collision":false},{"head":[[0.932224,-0.317393,-0.173837,-0.000757],[0.308186,0.948094,-0.078349,-0.007399],[0.189682,0.019465,0.981653,0.005345],[0.0,0.0,0.0,1.0]],"antennas":[0.41804,-0.678179],"body_yaw":0.161855,"check_collision":false},{"head":[[0.935768,-0.308257,-0.171217,-0.000689],[0.298587,0.951,-0.080276,-0.007406],[0.187573,0.023996,0.981957,0.005423],[0.0,0.0,0.0,1.0]],"antennas":[0.41804,-0.678179],"body_yaw":0.161855,"check_collision":false},{"head":[[0.945417,-0.283883,-0.15999,-0.000783],[0.274422,0.958368,-0.078888,-0.007165],[0.175724,0.030677,0.983961,0.005483],[0.0,0.0,0.0,1.0]],"antennas":[0.41804,-0.678179],"body_yaw":0.161855,"check_collision":false},{"head":[[0.960399,-0.236521,-0.147278,-0.001051],[0.227767,0.970903,-0.073955,-0.006525],[0.160484,0.037481,0.986326,0.005773],[0.0,0.0,0.0,1.0]],"antennas":[0.41804,-0.678179],"body_yaw":0.161855,"check_collision":false},{"head":[[0.977703,-0.169715,-0.123669,-0.001353],[0.160633,0.983758,-0.08011,-0.005186],[0.135256,0.058459,0.989085,0.005881],[0.0,0.0,0.0,1.0]],"antennas":[0.41804,-0.678179],"body_yaw":0.161855,"check_collision":false},{"head":[[0.991615,-0.083343,-0.098762,-0.001286],[0.074212,0.992918,-0.092773,-0.003438],[0.105795,0.084666,0.990777,0.005271],[0.0,0.0,0.0,1.0]],"antennas":[0.41804,-0.678179],"body_yaw":0.161855,"check_collision":false},{"head":[[0.995685,-0.010429,-0.092204,-0.000852],[0.000492,0.994243,-0.107144,-0.001451],[0.092791,0.106636,0.989959,0.004223],[0.0,0.0,0.0,1.0]],"antennas":[0.41804,-0.678179],"body_yaw":0.161855,"check_collision":false},{"head":[[0.994849,0.029897,-0.096856,-0.00059],[-0.041055,0.992477,-0.115341,-0.000683],[0.092679,0.118723,0.988593,0.00365],[0.0,0.0,0.0,1.0]],"antennas":[0.41804,-0.678179],"body_yaw":0.161855,"check_collision":false},{"head":[[0.993089,0.059784,-0.101001,-0.000264],[-0.071639,0.990409,-0.118147,0.000586],[0.092968,0.124566,0.987846,0.003169],[0.0,0.0,0.0,1.0]],"antennas":[0.41804,-0.678179],"body_yaw":0.161855,"check_collision":false},{"head":[[0.991509,0.083545,-0.099649,-5.3e-05],[-0.095189,0.988383,-0.118483,0.001204],[0.088593,0.126962,0.987943,0.002127],[0.0,0.0,0.0,1.0]],"antennas":[0.41804,-0.678179],"body_yaw":0.161855,"check_collision":false},{"head":[[0.99041,0.099827,-0.095515,0.000183],[-0.110965,0.986621,-0.119444,0.001415],[0.082313,0.128897,0.988236,0.0011],[0.0,0.0,0.0,1.0]],"antennas":[0.41804,-0.678179],"body_yaw":0.161855,"check_collision":false},{"head":[[0.989782,0.108369,-0.092671,0.000243],[-0.119174,0.985552,-0.12035,0.001948],[0.07829,0.130164,0.988397,0.000311],[0.0,0.0,0.0,1.0]],"antennas":[0.41804,-0.678179],"body_yaw":0.161855,"check_collision":false},{"head":[[0.989468,0.110676,-0.093298,0.000344],[-0.121506,0.985339,-0.119761,0.00237],[0.078675,0.129836,0.988409,-0.000156],[0.0,0.0,0.0,1.0]],"antennas":[0.41804,-0.678179],"body_yaw":0.161855,"check_collision":false},{"head":[[0.988991,0.110968,-0.097892,0.000475],[-0.122226,0.985499,-0.1177,0.002535],[0.083412,0.12837,0.988212,-0.000358],[0.0,0.0,0.0,1.0]],"antennas":[0.41804,-0.678179],"body_yaw":0.161855,"check_collision":false},{"head":[[0.989051,0.100159,-0.108381,0.000739],[-0.112634,0.986858,-0.115867,0.002306],[0.095352,0.126806,0.987334,-0.00023],[0.0,0.0,0.0,1.0]],"antennas":[0.41804,-0.678179],"body_yaw":0.161855,"check_collision":false},{"head":[[0.99015,0.069058,-0.121795,0.001549],[-0.082956,0.990125,-0.113004,0.002007],[0.112788,0.121995,0.986101,-4e-05],[0.0,0.0,0.0,1.0]],"antennas":[0.41804,-0.678179],"body_yaw":0.161855,"check_collision":false},{"head":[[0.990823,0.025518,-0.132737,0.002538],[-0.040741,0.99273,-0.113262,0.001456],[0.128882,0.11763,0.984659,-2e-05],[0.0,0.0,0.0,1.0]],"antennas":[0.41804,-0.678179],"body_yaw":0.161855,"check_collision":false},{"head":[[0.989372,-0.037292,-0.140545,0.003287],[0.020693,0.992827,-0.117759,0.000468],[0.143929,0.113599,0.983046,-0.000202],[0.0,0.0,0.0,1.0]],"antennas":[0.41804,-0.678179],"body_yaw":0.161855,"check_collision":false},{"head":[[0.983961,-0.103491,-0.145294,0.003667],[0.086222,0.988961,-0.120506,-0.000451],[0.156161,0.106045,0.982022,-0.000274],[0.0,0.0,0.0,1.0]],"antennas":[0.41804,-0.678179],"body_yaw":0.161855,"check_collision":false},{"head":[[0.976727,-0.158604,-0.14439,0.003766],[0.142222,0.982833,-0.117525,-0.001139],[0.160551,0.094254,0.982517,8.4e-05],[0.0,0.0,0.0,1.0]],"antennas":[0.41804,-0.678179],"body_yaw":0.161855,"check_collision":false},{"head":[[0.968488,-0.195989,-0.153689,0.003681],[0.178714,0.976646,-0.119263,-0.001637],[0.173474,0.088039,0.980896,0.000489],[0.0,0.0,0.0,1.0]],"antennas":[0.41804,-0.678179],"body_yaw":0.161855,"check_collision":false},{"head":[[0.963823,-0.209012,-0.165408,0.003949],[0.189879,0.973915,-0.124239,-0.001976],[0.187061,0.088337,0.978368,0.001056],[0.0,0.0,0.0,1.0]],"antennas":[0.41804,-0.678179],"body_yaw":0.161855,"check_collision":false},{"head":[[0.95871,-0.222923,-0.176578,0.00437],[0.202376,0.971024,-0.127106,-0.002008],[0.199797,0.086123,0.976045,0.00112],[0.0,0.0,0.0,1.0]],"antennas":[0.41804,-0.678179],"body_yaw":0.161855,"check_collision":false},{"head":[[0.953762,-0.237139,-0.184671,0.004715],[0.214914,0.967596,-0.13255,-0.002233],[0.210119,0.086733,0.973821,0.001174],[0.0,0.0,0.0,1.0]],"antennas":[0.41804,-0.678179],"body_yaw":0.161855,"check_collision":false},{"head":[[0.951238,-0.245059,-0.187331,0.00466],[0.222017,0.96555,-0.135727,-0.00286],[0.214139,0.087518,0.972875,0.001118],[0.0,0.0,0.0,1.0]],"antennas":[0.41804,-0.678179],"body_yaw":0.161855,"check_collision":false},{"head":[[0.948808,-0.251392,-0.191223,0.004668],[0.227563,0.96392,-0.138105,-0.003263],[0.219042,0.08752,0.971782,0.001286],[0.0,0.0,0.0,1.0]],"antennas":[0.41804,-0.678179],"body_yaw":0.161855,"check_collision":false},{"head":[[0.947213,-0.257208,-0.191393,0.004535],[0.232883,0.962282,-0.140636,-0.003584],[0.220347,0.08864,0.971386,0.001663],[0.0,0.0,0.0,1.0]],"antennas":[0.41804,-0.678179],"body_yaw":0.161855,"check_collision":false},{"head":[[0.94748,-0.257465,-0.189722,0.004468],[0.233302,0.962183,-0.140622,-0.003691],[0.218752,0.088974,0.971716,0.001903],[0.0,0.0,0.0,1.0]],"antennas":[0.41804,-0.678179],"body_yaw":0.161855,"check_collision":false},{"head":[[0.949293,-0.25251,-0.187303,0.00446],[0.228505,0.963337,-0.140593,-0.003631],[0.215937,0.090664,0.972189,0.001978],[0.0,0.0,0.0,1.0]],"antennas":[0.41804,-0.678179],"body_yaw":0.161855,"check_collision":false},{"head":[[0.950536,-0.247611,-0.187536,0.004363],[0.223582,0.964538,-0.140277,-0.003662],[0.21562,0.091409,0.972189,0.002079],[0.0,0.0,0.0,1.0]],"antennas":[0.41804,-0.678179],"body_yaw":0.161855,"check_collision":false},{"head":[[0.951653,-0.242015,-0.189172,0.004163],[0.218165,0.966049,-0.138397,-0.003666],[0.216244,0.090435,0.972142,0.002309],[0.0,0.0,0.0,1.0]],"antennas":[0.41804,-0.678179],"body_yaw":0.161855,"check_collision":false},{"head":[[0.953491,-0.232849,-0.191407,0.004037],[0.209193,0.968378,-0.13595,-0.003476],[0.21701,0.089586,0.97205,0.002624],[0.0,0.0,0.0,1.0]],"antennas":[0.41804,-0.678179],"body_yaw":0.161855,"check_collision":false},{"head":[[0.955367,-0.221109,-0.195922,0.003985],[0.197577,0.971265,-0.132691,-0.003139],[0.219631,0.088059,0.971601,0.003071],[0.0,0.0,0.0,1.0]],"antennas":[0.41804,-0.678179],"body_yaw":0.161855,"check_collision":false},{"head":[[0.958318,-0.207337,-0.196567,0.003707],[0.184128,0.974271,-0.129974,-0.002839],[0.218458,0.088363,0.971837,0.003464],[0.0,0.0,0.0,1.0]],"antennas":[0.41804,-0.678179],"body_yaw":0.161855,"check_collision":false},{"head":[[0.961755,-0.190765,-0.19656,0.003193],[0.168158,0.977667,-0.126057,-0.002501],[0.216217,0.088183,0.972355,0.003626],[0.0,0.0,0.0,1.0]],"antennas":[0.41804,-0.678179],"body_yaw":0.161855,"check_collision":false},{"head":[[0.962355,-0.181186,-0.202595,0.002849],[0.15878,0.979749,-0.12199,-0.002042],[0.220595,0.08523,0.971635,0.003321],[0.0,0.0,0.0,1.0]],"antennas":[0.41804,-0.678179],"body_yaw":0.161855,"check_collision":false},{"head":[[0.962639,-0.175971,-0.205818,0.002745],[0.153627,0.98081,-0.120045,-0.001839],[0.222993,0.08394,0.971199,0.003345],[0.0,0.0,0.0,1.0]],"antennas":[0.41804,-0.678179],"body_yaw":0.161855,"check_collision":false},{"head":[[0.963168,-0.170031,-0.208317,0.00243],[0.148662,0.982251,-0.114377,-0.001532],[0.224068,0.079195,0.971351,0.003563],[0.0,0.0,0.0,1.0]],"antennas":[0.41804,-0.678179],"body_yaw":0.161855,"check_collision":false},{"head":[[0.963403,-0.163946,-0.212075,0.001888],[0.143335,0.983625,-0.109259,-0.001174],[0.226515,0.074863,0.971126,0.003929],[0.0,0.0,0.0,1.0]],"antennas":[0.41804,-0.678179],"body_yaw":0.161855,"check_collision":false},{"head":[[0.964103,-0.159175,-0.212531,0.001459],[0.139189,0.984576,-0.105998,-0.001143],[0.226125,0.072611,0.971388,0.004238],[0.0,0.0,0.0,1.0]],"antennas":[0.41804,-0.678179],"body_yaw":0.161855,"check_collision":false},{"head":[[0.964614,-0.154894,-0.213373,0.001206],[0.136007,0.985586,-0.100605,-0.001228],[0.225881,0.068025,0.971777,0.004489],[0.0,0.0,0.0,1.0]],"antennas":[0.41804,-0.678179],"body_yaw":0.161855,"check_collision":false},{"head":[[0.964651,-0.153869,-0.213944,0.001168],[0.135652,0.985951,-0.097459,-0.001314],[0.225934,0.064991,0.971972,0.004504],[0.0,0.0,0.0,1.0]],"antennas":[0.41804,-0.66623],"body_yaw":0.161855,"check_collision":false},{"head":[[0.965106,-0.152809,-0.212651,0.000991],[0.135211,0.986246,-0.09506,-0.001557],[0.224252,0.06299,0.972493,0.004666],[0.0,0.0,0.0,1.0]],"antennas":[0.41804,-0.647513],"body_yaw":0.161855,"check_collision":false},{"head":[[0.965774,-0.150919,-0.210962,0.000697],[0.134097,0.986691,-0.091975,-0.00163],[0.222035,0.060538,0.973158,0.004606],[0.0,0.0,0.0,1.0]],"antennas":[0.414569,-0.616593],"body_yaw":0.161855,"check_collision":false},{"head":[[0.966915,-0.148171,-0.207655,0.000338],[0.132442,0.987296,-0.087781,-0.001782],[0.218024,0.057374,0.974256,0.004949],[0.0,0.0,0.0,1.0]],"antennas":[0.396073,-0.561077],"body_yaw":0.161855,"check_collision":false},{"head":[[0.967548,-0.146601,-0.205812,3e-05],[0.131829,0.987723,-0.083818,-0.001801],[0.215573,0.053966,0.974995,0.005212],[0.0,0.0,0.0,1.0]],"antennas":[0.361763,-0.492098],"body_yaw":0.161855,"check_collision":false},{"head":[[0.968391,-0.14581,-0.20238,-0.000178],[0.131581,0.987897,-0.082139,-0.001997],[0.211907,0.052913,0.975856,0.005276],[0.0,0.0,0.0,1.0]],"antennas":[0.311743,-0.42262],"body_yaw":0.161855,"check_collision":false},{"head":[[0.9697,-0.145027,-0.196595,-0.000265],[0.131722,0.988117,-0.079212,-0.002055],[0.205746,0.050916,0.97728,0.005152],[0.0,0.0,0.0,1.0]],"antennas":[0.247596,-0.354369],"body_yaw":0.161855,"check_collision":false},{"head":[[0.971575,-0.14344,-0.188324,-0.0005],[0.131576,0.988531,-0.074122,-0.002258],[0.196796,0.047236,0.979306,0.005177],[0.0,0.0,0.0,1.0]],"antennas":[0.17725,-0.283954],"body_yaw":0.161855,"check_collision":false},{"head":[[0.973437,-0.142005,-0.179595,-0.000853],[0.131339,0.988862,-0.070008,-0.002374],[0.187537,0.04456,0.981246,0.005182],[0.0,0.0,0.0,1.0]],"antennas":[0.107933,-0.214639],"body_yaw":0.161855,"check_collision":false},{"head":[[0.975687,-0.138575,-0.169797,-0.001177],[0.12909,0.989452,-0.065736,-0.002421],[0.177115,0.042219,0.983284,0.005273],[0.0,0.0,0.0,1.0]],"antennas":[0.038404,-0.145112],"body_yaw":0.161855,"check_collision":false},{"head":[[0.977204,-0.137323,-0.161913,-0.001277],[0.12849,0.989652,-0.063868,-0.002179],[0.169008,0.041608,0.984736,0.005192],[0.0,0.0,0.0,1.0]],"antennas":[-0.031211,-0.0755],"body_yaw":0.161855,"check_collision":false},{"head":[[0.978433,-0.136619,-0.154931,-0.001371],[0.12824,0.989747,-0.062891,-0.002075],[0.161935,0.041667,0.985921,0.005244],[0.0,0.0,0.0,1.0]],"antennas":[-0.100554,-0.006158],"body_yaw":0.161855,"check_collision":false},{"head":[[0.979434,-0.135478,-0.149517,-0.00148],[0.12762,0.989945,-0.061003,-0.001973],[0.156279,0.040667,0.986875,0.00522],[0.0,0.0,0.0,1.0]],"antennas":[-0.16992,0.063205],"body_yaw":0.161855,"check_collision":false},{"head":[[0.980245,-0.135069,-0.144489,-0.001659],[0.127562,0.990011,-0.060054,-0.002085],[0.151157,0.040436,0.987682,0.005329],[0.0,0.0,0.0,1.0]],"antennas":[-0.230634,0.094044],"body_yaw":0.161855,"check_collision":false},{"head":[[0.981,-0.135079,-0.13926,-0.001657],[0.127852,0.989999,-0.059636,-0.002126],[0.145922,0.040698,0.988459,0.005306],[0.0,0.0,0.0,1.0]],"antennas":[-0.237522,0.091382],"body_yaw":0.161855,"check_collision":false},{"head":[[0.981418,-0.13568,-0.13568,-0.0016],[0.128525,0.989877,-0.060209,-0.002078],[0.142476,0.041652,0.988921,0.005233],[0.0,0.0,0.0,1.0]],"antennas":[-0.237522,0.091382],"body_yaw":0.161855,"check_collision":false},{"head":[[0.981925,-0.135169,-0.132487,-0.001623],[0.128139,0.989923,-0.060268,-0.00224],[0.139298,0.042202,0.989351,0.005163],[0.0,0.0,0.0,1.0]],"antennas":[-0.237522,0.091382],"body_yaw":0.161855,"check_collision":false},{"head":[[0.982103,-0.135179,-0.131152,-0.001665],[0.128216,0.989917,-0.060202,-0.002134],[0.137968,0.042309,0.989533,0.005067],[0.0,0.0,0.0,1.0]],"antennas":[-0.237522,0.091382],"body_yaw":0.161855,"check_collision":false},{"head":[[0.982356,-0.135075,-0.129348,-0.001681],[0.128247,0.989939,-0.059779,-0.002217],[0.136121,0.042136,0.989796,0.004954],[0.0,0.0,0.0,1.0]],"antennas":[-0.237522,0.091382],"body_yaw":0.161855,"check_collision":false},{"head":[[0.98298,-0.134413,-0.12523,-0.001676],[0.127785,0.990011,-0.059574,-0.002027],[0.131987,0.042557,0.990338,0.00492],[0.0,0.0,0.0,1.0]],"antennas":[-0.237522,0.091382],"body_yaw":0.161855,"check_collision":false},{"head":[[0.983808,-0.133462,-0.119627,-0.001838],[0.127035,0.99009,-0.059861,-0.002182],[0.126431,0.043695,0.991013,0.005108],[0.0,0.0,0.0,1.0]],"antennas":[-0.237522,0.091382],"body_yaw":0.161855,"check_collision":false},{"head":[[0.984826,-0.132282,-0.112331,-0.001953],[0.126177,0.990201,-0.059849,-0.002229],[0.119147,0.044767,0.991867,0.005183],[0.0,0.0,0.0,1.0]],"antennas":[-0.237522,0.091382],"body_yaw":0.161855,"check_collision":false},{"head":[[0.985784,-0.130896,-0.105341,-0.00204],[0.125169,0.990363,-0.059279,-0.002409],[0.112085,0.045251,0.992668,0.005288],[0.0,0.0,0.0,1.0]],"antennas":[-0.237522,0.091382],"body_yaw":0.161855,"check_collision":false},{"head":[[0.986486,-0.128509,-0.101644,-0.002106],[0.123017,0.990673,-0.0586,-0.002371],[0.108226,0.045304,0.993093,0.005477],[0.0,0.0,0.0,1.0]],"antennas":[-0.237522,0.091382],"body_yaw":0.161855,"check_collision":false},{"head":[[0.987145,-0.126599,-0.097562,-0.002202],[0.121333,0.990906,-0.058162,-0.002334],[0.104038,0.045577,0.993529,0.005493],[0.0,0.0,0.0,1.0]],"antennas":[-0.237522,0.091382],"body_yaw":0.161855,"check_collision":false},{"head":[[0.987368,-0.125909,-0.096188,-0.002215],[0.120748,0.991003,-0.057739,-0.002552],[0.102592,0.045395,0.993687,0.005439],[0.0,0.0,0.0,1.0]],"antennas":[-0.237522,0.091382],"body_yaw":0.161855,"check_collision":false},{"head":[[0.987527,-0.125472,-0.095112,-0.002211],[0.120401,0.991069,-0.057329,-0.002604],[0.101456,0.045162,0.993814,0.005462],[0.0,0.0,0.0,1.0]],"antennas":[-0.237522,0.091382],"body_yaw":0.161855,"check_collision":false},{"head":[[0.987754,-0.12513,-0.093187,-0.002256],[0.120161,0.991107,-0.057177,-0.002645],[0.099512,0.04528,0.994006,0.005514],[0.0,0.0,0.0,1.0]],"antennas":[-0.237522,0.091382],"body_yaw":0.161855,"check_collision":false},{"head":[[0.988049,-0.12486,-0.090381,-0.002266],[0.119987,0.991109,-0.0575,-0.002707],[0.096756,0.045969,0.994246,0.005492],[0.0,0.0,0.0,1.0]],"antennas":[-0.237522,0.091382],"body_yaw":0.161855,"check_collision":false},{"head":[[0.988167,-0.12466,-0.089367,-0.002297],[0.119814,0.991118,-0.057702,-0.002743],[0.095766,0.046312,0.994326,0.005586],[0.0,0.0,0.0,1.0]],"antennas":[-0.237522,0.091382],"body_yaw":0.161855,"check_collision":false},{"head":[[0.988269,-0.124644,-0.088249,-0.002315],[0.119821,0.991099,-0.058008,-0.00279],[0.094694,0.046753,0.994408,0.00565],[0.0,0.0,0.0,1.0]],"antennas":[-0.237522,0.091382],"body_yaw":0.161855,"check_collision":false},{"head":[[0.988428,-0.124367,-0.086849,-0.002308],[0.119595,0.991118,-0.05816,-0.002788],[0.093311,0.047101,0.994522,0.005694],[0.0,0.0,0.0,1.0]],"antennas":[-0.237522,0.091382],"body_yaw":0.161855,"check_collision":false},{"head":[[0.98852,-0.124058,-0.086238,-0.002286],[0.11932,0.991154,-0.058102,-0.002945],[0.092684,0.047145,0.994579,0.005641],[0.0,0.0,0.0,1.0]],"antennas":[-0.237522,0.091382],"body_yaw":0.161855,"check_collision":false},{"head":[[0.988472,-0.124012,-0.086859,-0.002248],[0.11927,0.991177,-0.057822,-0.002957],[0.093263,0.046796,0.994541,0.005599],[0.0,0.0,0.0,1.0]],"antennas":[-0.237522,0.091382],"body_yaw":0.161855,"check_collision":false},{"head":[[0.988482,-0.123881,-0.086927,-0.002203],[0.119137,0.991194,-0.057802,-0.003107],[0.093322,0.04678,0.994536,0.005645],[0.0,0.0,0.0,1.0]],"antennas":[-0.237522,0.091382],"body_yaw":0.161855,"check_collision":false},{"head":[[0.988502,-0.123727,-0.086927,-0.002173],[0.118995,0.991219,-0.057671,-0.003131],[0.093299,0.046664,0.994544,0.005638],[0.0,0.0,0.0,1.0]],"antennas":[-0.237522,0.091382],"body_yaw":0.161855,"check_collision":false},{"head":[[0.988481,-0.123587,-0.087355,-0.002173],[0.118863,0.991252,-0.057366,-0.003183],[0.09368,0.046322,0.994524,0.00569],[0.0,0.0,0.0,1.0]],"antennas":[-0.237522,0.091382],"body_yaw":0.161855,"check_collision":false},{"head":[[0.988449,-0.123511,-0.087824,-0.002144],[0.118808,0.991284,-0.056926,-0.00322],[0.094089,0.045834,0.994508,0.005753],[0.0,0.0,0.0,1.0]],"antennas":[-0.237522,0.091382],"body_yaw":0.161855,"check_collision":false},{"head":[[0.988479,-0.123329,-0.08775,-0.002108],[0.118648,0.991315,-0.056721,-0.003231],[0.093984,0.045656,0.994526,0.005782],[0.0,0.0,0.0,1.0]],"antennas":[-0.237522,0.091382],"body_yaw":0.161855,"check_collision":false},{"head":[[0.988518,-0.123103,-0.087629,-0.002128],[0.118443,0.99135,-0.056545,-0.003156],[0.093831,0.045517,0.994547,0.005777],[0.0,0.0,0.0,1.0]],"antennas":[-0.237522,0.091382],"body_yaw":0.161855,"check_collision":false},{"head":[[0.988609,-0.122598,-0.087301,-0.002126],[0.118004,0.991433,-0.055991,-0.003179],[0.093418,0.045052,0.994607,0.005781],[0.0,0.0,0.0,1.0]],"antennas":[-0.237522,0.091382],"body_yaw":0.161855,"check_collision":false},{"head":[[0.988624,-0.12246,-0.08733,-0.00208],[0.117878,0.991457,-0.055845,-0.00335],[0.093422,0.044916,0.994613,0.005837],[0.0,0.0,0.0,1.0]],"antennas":[-0.237522,0.091382],"body_yaw":0.161855,"check_collision":false},{"head":[[0.988636,-0.12238,-0.087305,-0.002046],[0.117795,0.991464,-0.055883,-0.003413],[0.093399,0.044964,0.994613,0.005834],[0.0,0.0,0.0,1.0]],"antennas":[-0.237522,0.091382],"body_yaw":0.161855,"check_collision":false},{"head":[[0.988631,-0.122441,-0.087271,-0.002008],[0.117835,0.991446,-0.056129,-0.003292],[0.093397,0.045207,0.994602,0.005748],[0.0,0.0,0.0,1.0]],"antennas":[-0.237522,0.091382],"body_yaw":0.161855,"check_collision":false},{"head":[[0.988637,-0.122368,-0.087315,-0.001942],[0.117756,0.991453,-0.056171,-0.003235],[0.093442,0.045251,0.994596,0.005695],[0.0,0.0,0.0,1.0]],"antennas":[-0.237522,0.091382],"body_yaw":0.161855,"check_collision":false},{"head":[[0.988637,-0.122645,-0.086923,-0.001888],[0.118028,0.991406,-0.056415,-0.00327],[0.093095,0.045514,0.994616,0.005733],[0.0,0.0,0.0,1.0]],"antennas":[-0.237522,0.091382],"body_yaw":0.161855,"check_collision":false},{"head":[[0.988582,-0.122704,-0.087459,-0.001886],[0.118079,0.99141,-0.056237,-0.003256],[0.093608,0.045268,0.99458,0.005724],[0.0,0.0,0.0,1.0]],"antennas":[-0.237522,0.091382],"body_yaw":0.161855,"check_collision":false},{"head":[[0.988591,-0.122756,-0.087289,-0.001886],[0.11814,0.991403,-0.056244,-0.003259],[0.093443,0.04529,0.994594,0.005702],[0.0,0.0,0.0,1.0]],"antennas":[-0.237522,0.091382],"body_yaw":0.161855,"check_collision":false},{"head":[[0.988578,-0.122871,-0.087271,-0.001886],[0.118276,0.991399,-0.056022,-0.003086],[0.093404,0.04506,0.994608,0.005767],[0.0,0.0,0.0,1.0]],"antennas":[-0.237522,0.091382],"body_yaw":0.161855,"check_collision":false}]}