{"description":"A longer movement that shows discouragement or sadness. You can also use it as a sad no","time":[0.0,0.02,0.04,0.06,0.08,0.1,0.12,0.14,0.16,0.18,0.2,0.22,0.24,0.26,0.28,0.3,0.32,0.34,0.36,0.38,0.4,0.42,0.44,0.46,0.48,0.5,0.52,0.54,0.56,0.58,0.6,0.62,0.64,0.66,0.68,0.7,0.72,0.74,0.76,0.78,0.8,0.82,0.84,0.86,0.88,0.9,0.92,0.94,0.96,0.98,1.0,1.02,1.04,1.06,1.08,1.1,1.12,1.14,1.16,1.18,1.2,1.22,1.24,1.26,1.28,1.3,1.32,1.34,1.36,1.38,1.4,1.42,1.44,1.46,1.48,1.5,1.52,1.54,1.56,1.58,1.6,1.62,1.64,1.66,1.68,1.7,1.72,1.74,1.76,1.78,1.8,1.82,1.84,1.86,1.88,1.9,1.92,1.94,1.96,1.98,2.0,2.02,2.04,2.06,2.08,2.1,2.12,2.14,2.16,2.18,2.2,2.22,2.24,2.26,2.28,2.3,2.32,2.34,2.36,2.38,2.4,2.42,2.44,2.46,2.48,2.5,2.52,2.54,2.56,2.58,2.6,2.62,2.64,2.66,2.68,2.7,2.72,2.74,2.76,2.78,2.8,2.82,2.84,2.86,2.88,2.9,2.92,2.94,2.96,2.98,3.0,3.02,3.04,3.06,3.08,3.1,3.12,3.14,3.16,3.18,3.2,3.22,3.24,3.26,3.28,3.3,3.32,3.34,3.36,3.38,3.4,3.42,3.44,3.46,3.48,3.5,3.52,3.54,3.56,3.58,3.6,3.62,3.64,3.66,3.68,3.7,3.72,3.74,3.76,3.78,3.8,3.82,3.84,3.86,3.88,3.9,3.92,3.94,3.96,3.98,4.0,4.02,4.04,4.06,4.08,4.1,4.12,4.14,4.16,4.18,4.2,4.22,4.24,4.26,4.28,4.3,4.32,4.34,4.36,4.38,4.4,4.42,4.44,4.46,4.48,4.5,4.52,4.54,4.56,4.58,4.6,4.62,4.64,4.66,4.68,4.7,4.72,4.74,4.76,4.78,4.8,4.82,4.84,4.86,4.88,4.9,4.92,4.94,4.96,4.98,5.0,5.02,5.04,5.06,5.08,5.1,5.12,5.14,5.16,5.18,5.2,5.22,5.24,5.26,5.28,5.3,5.32,5.34,5.36,5.38,5.4,5.42,5.44,5.46,5.48,5.5,5.52,5.54,5.56,5.58,5.6,5.62,5.64,5.66,5.68,5.7,5.72,5.74,5.76,5.78,5.8,5.82,5.84,5.86,5.88],"set_target_data":[{"head":[[0.995023,-0.08144,0.057409,-0.007453],[0.085342,0.99395,-0.069142,-0.004455],[-0.051431,0.073697,0.995954,-0.001091],[0.0,0.0,0.0,1.0]],"antennas":[-0.056329,0.273294],"body_yaw":0.161855,"check_collision":false},{"head":[[0.994998,-0.081481,0.057796,-0.007415],[0.085421,0.993929,-0.069337,-0.00468],[-0.051796,0.073927,0.995918,-0.000976],[0.0,0.0,0.0,1.0]],"antennas":[-0.056329,0.273294],"body_yaw":0.161855,"check_collision":false},{"head":[[0.994948,-0.081356,0.058817,-0.007307],[0.085423,0.993862,-0.070294,-0.004569],[-0.052738,0.074963,0.995791,-0.001033],[0.0,0.0,0.0,1.0]],"antennas":[-0.056329,0.273294],"body_yaw":0.161855,"check_collision":false},{"head":[[0.99489,-0.081038,0.060215,-0.007287],[0.085221,0.993866,-0.070485,-0.004527],[-0.054134,0.075256,0.995694,-0.001186],[0.0,0.0,0.0,1.0]],"antennas":[-0.056329,0.273294],"body_yaw":0.161855,"check_collision":false},{"head":[[0.994915,-0.080898,0.059996,-0.00736],[0.085067,0.993875,-0.070534,-0.004263],[-0.053923,0.075279,0.995703,-0.001296],[0.0,0.0,0.0,1.0]],"antennas":[-0.056329,0.273294],"body_yaw":0.161855,"check_collision":false},{"head":[[0.994926,-0.081078,0.059569,-0.007363],[0.085216,0.993861,-0.070563,-0.004302],[-0.053482,0.075281,0.995727,-0.001258],[0.0,0.0,0.0,1.0]],"antennas":[-0.056329,0.273294],"body_yaw":0.161855,"check_collision":false},{"head":[[0.99489,-0.081143,0.060075,-0.007172],[0.085299,0.993879,-0.070204,-0.004338],[-0.054011,0.07497,0.995722,-0.001239],[0.0,0.0,0.0,1.0]],"antennas":[-0.056329,0.273294],"body_yaw":0.161855,"check_collision":false},{"head":[[0.994865,-0.081237,0.060368,-0.007171],[0.085431,0.993847,-0.07049,-0.004469],[-0.05427,0.075285,0.995684,-0.001122],[0.0,0.0,0.0,1.0]],"antennas":[-0.056329,0.273294],"body_yaw":0.161855,"check_collision":false},{"head":[[0.994871,-0.081258,0.060239,-0.007196],[0.085441,0.993847,-0.070477,-0.004381],[-0.054142,0.075262,0.995693,-0.001134],[0.0,0.0,0.0,1.0]],"antennas":[-0.056329,0.273294],"body_yaw":0.161855,"check_collision":false},{"head":[[0.9949,-0.081204,0.059836,-0.007194],[0.085357,0.993855,-0.070479,-0.004344],[-0.053745,0.075227,0.995717,-0.001114],[0.0,0.0,0.0,1.0]],"antennas":[-0.056329,0.273294],"body_yaw":0.161855,"check_collision":false},{"head":[[0.994918,-0.081095,0.059688,-0.007252],[0.085238,0.993865,-0.070476,-0.004376],[-0.053607,0.075206,0.995726,-0.001081],[0.0,0.0,0.0,1.0]],"antennas":[-0.056329,0.273294],"body_yaw":0.161855,"check_collision":false},{"head":[[0.994901,-0.080985,0.06011,-0.007247],[0.085157,0.993875,-0.070436,-0.004353],[-0.054038,0.075196,0.995704,-0.001081],[0.0,0.0,0.0,1.0]],"antennas":[-0.056329,0.273294],"body_yaw":0.161855,"check_collision":false},{"head":[[0.994902,-0.080665,0.060521,-0.007245],[0.084901,0.993855,-0.071023,-0.004467],[-0.05442,0.075799,0.995637,-0.001122],[0.0,0.0,0.0,1.0]],"antennas":[-0.056329,0.273294],"body_yaw":0.161855,"check_collision":false},{"head":[[0.99492,-0.08059,0.060331,-0.007259],[0.08484,0.993823,-0.071546,-0.004462],[-0.054192,0.076301,0.995611,-0.001128],[0.0,0.0,0.0,1.0]],"antennas":[-0.056329,0.273294],"body_yaw":0.161855,"check_collision":false},{"head":[[0.994929,-0.080635,0.060121,-0.007249],[0.084874,0.993813,-0.071636,-0.004226],[-0.053973,0.076375,0.995617,-0.001223],[0.0,0.0,0.0,1.0]],"antennas":[-0.056329,0.273294],"body_yaw":0.161855,"check_collision":false},{"head":[[0.994922,-0.080614,0.060256,-0.007224],[0.084849,0.993833,-0.071386,-0.004204],[-0.05413,0.076136,0.995627,-0.001248],[0.0,0.0,0.0,1.0]],"antennas":[-0.056329,0.273294],"body_yaw":0.161855,"check_collision":false},{"head":[[0.994904,-0.080438,0.0608,-0.007356],[0.084712,0.993848,-0.071342,-0.003946],[-0.054688,0.076129,0.995597,-0.001347],[0.0,0.0,0.0,1.0]],"antennas":[-0.056329,0.273294],"body_yaw":0.161855,"check_collision":false},{"head":[[0.994822,-0.080975,0.061417,-0.007265],[0.085322,0.993761,-0.07182,-0.004188],[-0.055218,0.076689,0.995525,-0.0012],[0.0,0.0,0.0,1.0]],"antennas":[-0.056329,0.273294],"body_yaw":0.161855,"check_collision":false},{"head":[[0.994804,-0.081154,0.061473,-0.007267],[0.085522,0.993724,-0.072101,-0.004381],[-0.055236,0.076983,0.995501,-0.001066],[0.0,0.0,0.0,1.0]],"antennas":[-0.056329,0.273294],"body_yaw":0.161855,"check_collision":false},{"head":[[0.994702,-0.081968,0.062046,-0.007294],[0.086412,0.993604,-0.072697,-0.004413],[-0.05569,0.077673,0.995422,-0.001083],[0.0,0.0,0.0,1.0]],"antennas":[-0.056329,0.273294],"body_yaw":0.161855,"check_collision":false},{"head":[[0.994602,-0.082741,0.062613,-0.007342],[0.087235,0.993524,-0.072798,-0.004374],[-0.056185,0.077867,0.995379,-0.001088],[0.0,0.0,0.0,1.0]],"antennas":[-0.056329,0.273294],"body_yaw":0.161855,"check_collision":false},{"head":[[0.9945,-0.083635,0.063051,-0.00735],[0.088175,0.993424,-0.073035,-0.004607],[-0.056528,0.078193,0.995334,-0.001067],[0.0,0.0,0.0,1.0]],"antennas":[-0.059204,0.273294],"body_yaw":0.161855,"check_collision":false},{"head":[[0.994423,-0.084282,0.063397,-0.007271],[0.088872,0.993332,-0.073446,-0.004829],[-0.056784,0.07867,0.995282,-0.000925],[0.0,0.0,0.0,1.0]],"antennas":[-0.069097,0.273294],"body_yaw":0.161855,"check_collision":false},{"head":[[0.994426,-0.08426,0.063388,-0.007265],[0.088875,0.993298,-0.07389,-0.004796],[-0.056737,0.079111,0.99525,-0.000889],[0.0,0.0,0.0,1.0]],"antennas":[-0.081494,0.273294],"body_yaw":0.161855,"check_collision":false},{"head":[[0.994426,-0.084357,0.063244,-0.007298],[0.088982,0.993259,-0.074286,-0.00474],[-0.056552,0.079499,0.995229,-0.000869],[0.0,0.0,0.0,1.0]],"antennas":[-0.097045,0.27584],"body_yaw":0.161855,"check_collision":false},{"head":[[0.994416,-0.084389,0.063368,-0.007468],[0.089032,0.993246,-0.074409,-0.004605],[-0.056661,0.079635,0.995212,-0.000979],[0.0,0.0,0.0,1.0]],"antennas":[-0.116809,0.285601],"body_yaw":0.161855,"check_collision":false},{"head":[[0.994304,-0.084889,0.064453,-0.00751],[0.089619,0.993191,-0.074435,-0.004591],[-0.057696,0.079787,0.995141,-0.001014],[0.0,0.0,0.0,1.0]],"antennas":[-0.139474,0.298427],"body_yaw":0.161855,"check_collision":false},{"head":[[0.99418,-0.085825,0.065113,-0.007589],[0.090623,0.99308,-0.074702,-0.004622],[-0.058251,0.080168,0.995078,-0.000968],[0.0,0.0,0.0,1.0]],"antennas":[-0.163364,0.314666],"body_yaw":0.161855,"check_collision":false},{"head":[[0.994067,-0.086722,0.065649,-0.007699],[0.091564,0.99299,-0.07474,-0.00475],[-0.058707,0.080308,0.99504,-0.000861],[0.0,0.0,0.0,1.0]],"antennas":[-0.187481,0.336263],"body_yaw":0.161855,"check_collision":false},{"head":[[0.993937,-0.087606,0.066441,-0.007757],[0.092518,0.992894,-0.074848,-0.004791],[-0.059412,0.080542,0.994979,-0.000805],[0.0,0.0,0.0,1.0]],"antennas":[-0.211635,0.363231],"body_yaw":0.161855,"check_collision":false},{"head":[[0.99363,-0.088999,0.069132,-0.007821],[0.094122,0.992749,-0.074764,-0.004761],[-0.061976,0.080795,0.994802,-0.000851],[0.0,0.0,0.0,1.0]],"antennas":[-0.23605,0.392981],"body_yaw":0.161855,"check_collision":false},{"head":[[0.99314,-0.090723,0.073776,-0.007933],[0.096327,0.992419,-0.07633,-0.004731],[-0.066292,0.082913,0.994349,-0.000962],[0.0,0.0,0.0,1.0]],"antennas":[-0.260226,0.423569],"body_yaw":0.161855,"check_collision":false},{"head":[[0.992494,-0.092692,0.079777,-0.008075],[0.098924,0.992028,-0.078067,-0.004791],[-0.071905,0.085373,0.993751,-0.001048],[0.0,0.0,0.0,1.0]],"antennas":[-0.284495,0.45438],"body_yaw":0.161855,"check_collision":false},{"head":[[0.991839,-0.094093,0.086039,-0.00828],[0.100846,0.991853,-0.077832,-0.004878],[-0.078015,0.085873,0.993247,-0.001103],[0.0,0.0,0.0,1.0]],"antennas":[-0.308709,0.484962],"body_yaw":0.161855,"check_collision":false},{"head":[[0.991132,-0.095637,0.092259,-0.008419],[0.102994,0.991573,-0.078583,-0.004724],[-0.083966,0.087388,0.992629,-0.001194],[0.0,0.0,0.0,1.0]],"antennas":[-0.332931,0.515014],"body_yaw":0.161855,"check_collision":false},{"head":[[0.990323,-0.096862,0.099393,-0.008474],[0.104825,0.991404,-0.078287,-0.004729],[-0.090956,0.087949,0.991964,-0.001344],[0.0,0.0,0.0,1.0]],"antennas":[-0.357158,0.543799],"body_yaw":0.161855,"check_collision":false},{"head":[[0.989207,-0.099089,0.107944,-0.008535],[0.107826,0.991078,-0.078347,-0.004693],[-0.099217,0.08914,0.991065,-0.001469],[0.0,0.0,0.0,1.0]],"antennas":[-0.381274,0.570451],"body_yaw":0.161855,"check_collision":false},{"head":[[0.988127,-0.1009,0.115866,-0.008657],[0.110434,0.990736,-0.079035,-0.004787],[-0.106818,0.090892,0.990115,-0.00152],[0.0,0.0,0.0,1.0]],"antennas":[-0.405562,0.596229],"body_yaw":0.161855,"check_collision":false},{"head":[[0.987033,-0.102,0.123944,-0.008803],[0.11248,0.99037,-0.080719,-0.004847],[-0.114517,0.093613,0.989001,-0.001615],[0.0,0.0,0.0,1.0]],"antennas":[-0.429867,0.62148],"body_yaw":0.161855,"check_collision":false},{"head":[[0.985675,-0.102918,0.133611,-0.008905],[0.114356,0.990137,-0.080945,-0.004863],[-0.123962,0.095064,0.987723,-0.00186],[0.0,0.0,0.0,1.0]],"antennas":[-0.454062,0.646217],"body_yaw":0.161855,"check_collision":false},{"head":[[0.984033,-0.103902,0.144509,-0.009011],[0.115995,0.990189,-0.077919,-0.004732],[-0.134995,0.093437,0.986431,-0.002204],[0.0,0.0,0.0,1.0]],"antennas":[-0.478293,0.670991],"body_yaw":0.161855,"check_collision":false},{"head":[[0.982474,-0.104469,0.154372,-0.009219],[0.117207,0.990208,-0.075837,-0.004442],[-0.144937,0.092601,0.985098,-0.002522],[0.0,0.0,0.0,1.0]],"antennas":[-0.502483,0.695723],"body_yaw":0.161855,"check_collision":false},{"head":[[0.980938,-0.105175,0.1634,-0.009349],[0.118445,0.990223,-0.073686,-0.004355],[-0.154052,0.091635,0.983804,-0.002692],[0.0,0.0,0.0,1.0]],"antennas":[-0.526703,0.720484],"body_yaw":0.161855,"check_collision":false},{"head":[[0.979179,-0.105732,0.173289,-0.009389],[0.119774,0.990139,-0.072655,-0.004235],[-0.163899,0.091898,0.982187,-0.002928],[0.0,0.0,0.0,1.0]],"antennas":[-0.550926,0.745249],"body_yaw":0.161855,"check_collision":false},{"head":[[0.977134,-0.104973,0.184903,-0.009434],[0.119988,0.990165,-0.071949,-0.004073],[-0.175532,0.09249,0.98012,-0.003279],[0.0,0.0,0.0,1.0]],"antennas":[-0.575134,0.769999],"body_yaw":0.161855,"check_collision":false},{"head":[[0.974877,-0.103825,0.197065,-0.009472],[0.11934,0.990485,-0.068532,-0.004089],[-0.188074,0.090328,0.977992,-0.003525],[0.0,0.0,0.0,1.0]],"antennas":[-0.599414,0.794823],"body_yaw":0.161855,"check_collision":false},{"head":[[0.972777,-0.103463,0.207365,-0.009548],[0.118903,0.99088,-0.063399,-0.004131],[-0.198915,0.086329,0.976207,-0.003786],[0.0,0.0,0.0,1.0]],"antennas":[-0.623579,0.819529],"body_yaw":0.161855,"check_collision":false},{"head":[[0.971025,-0.102943,0.215669,-0.009651],[0.118181,0.99124,-0.05896,-0.00428],[-0.20771,0.082739,0.974685,-0.004004],[0.0,0.0,0.0,1.0]],"antennas":[-0.647883,0.844377],"body_yaw":0.161855,"check_collision":false},{"head":[[0.968809,-0.102121,0.225787,-0.009661],[0.11727,0.991593,-0.054695,-0.004573],[-0.218304,0.079467,0.97264,-0.004093],[0.0,0.0,0.0,1.0]],"antennas":[-0.672154,0.869191],"body_yaw":0.161855,"check_collision":false},{"head":[[0.966331,-0.100264,0.236964,-0.009702],[0.115733,0.991905,-0.05226,-0.004588],[-0.229806,0.077925,0.970112,-0.004368],[0.0,0.0,0.0,1.0]],"antennas":[-0.69634,0.893918],"body_yaw":0.161855,"check_collision":false},{"head":[[0.96424,-0.099126,0.245795,-0.009875],[0.114573,0.99219,-0.049326,-0.004293],[-0.238986,0.075723,0.968066,-0.00476],[0.0,0.0,0.0,1.0]],"antennas":[-0.720405,0.918897],"body_yaw":0.161855,"check_collision":false},{"head":[[0.962002,-0.097295,0.255121,-0.010029],[0.113266,0.992373,-0.048638,-0.00413],[-0.248443,0.075687,0.965685,-0.005127],[0.0,0.0,0.0,1.0]],"antennas":[-0.744535,0.944109],"body_yaw":0.161855,"check_collision":false},{"head":[[0.959084,-0.095805,0.266418,-0.010081],[0.112561,0.99247,-0.048314,-0.004088],[-0.259783,0.076326,0.962646,-0.005484],[0.0,0.0,0.0,1.0]],"antennas":[-0.768881,0.969548],"body_yaw":0.161855,"check_collision":false},{"head":[[0.956045,-0.094334,0.277632,-0.01016],[0.111649,0.992626,-0.047194,-0.00393],[-0.271133,0.076117,0.959528,-0.005953],[0.0,0.0,0.0,1.0]],"antennas":[-0.793178,0.994934],"body_yaw":0.161855,"check_collision":false},{"head":[[0.953194,-0.091666,0.288129,-0.010266],[0.109728,0.992843,-0.047138,-0.003765],[-0.281746,0.076547,0.956431,-0.006317],[0.0,0.0,0.0,1.0]],"antennas":[-0.81741,1.020254],"body_yaw":0.161855,"check_collision":false},{"head":[[0.950542,-0.090594,0.297089,-0.010382],[0.109237,0.992917,-0.046728,-0.003567],[-0.290752,0.07687,0.953706,-0.006609],[0.0,0.0,0.0,1.0]],"antennas":[-0.84165,1.045581],"body_yaw":0.161855,"check_collision":false},{"head":[[0.948281,-0.09054,0.304246,-0.010433],[0.109312,0.992979,-0.045209,-0.003398],[-0.298017,0.076129,0.95152,-0.006789],[0.0,0.0,0.0,1.0]],"antennas":[-0.865739,1.07075],"body_yaw":0.161855,"check_collision":false},{"head":[[0.944853,-0.090488,0.314747,-0.010547],[0.109353,0.993083,-0.042766,-0.00317],[-0.3087,0.074826,0.948212,-0.007238],[0.0,0.0,0.0,1.0]],"antennas":[-0.890008,1.096107],"body_yaw":0.161855,"check_collision":false},{"head":[[0.940516,-0.089828,0.327659,-0.010613],[0.108924,0.99323,-0.040361,-0.002901],[-0.321815,0.07365,0.943934,-0.007681],[0.0,0.0,0.0,1.0]],"antennas":[-0.914066,1.121245],"body_yaw":0.161855,"check_collision":false},{"head":[[0.936599,-0.08932,0.338827,-0.010694],[0.108307,0.99341,-0.037509,-0.002919],[-0.333243,0.071828,0.940101,-0.007945],[0.0,0.0,0.0,1.0]],"antennas":[-0.938317,1.146584],"body_yaw":0.161855,"check_collision":false},{"head":[[0.93403,-0.087755,0.346246,-0.010653],[0.106778,0.993623,-0.036214,-0.003228],[-0.34086,0.070796,0.937444,-0.007971],[0.0,0.0,0.0,1.0]],"antennas":[-0.962697,1.172057],"body_yaw":0.161855,"check_collision":false},{"head":[[0.931858,-0.08697,0.352246,-0.010572],[0.105829,0.993782,-0.034602,-0.003477],[-0.347046,0.069522,0.935268,-0.008096],[0.0,0.0,0.0,1.0]],"antennas":[-0.986908,1.197354],"body_yaw":0.161855,"check_collision":false},{"head":[[0.929907,-0.08686,0.357392,-0.010485],[0.105415,0.99389,-0.032726,-0.003545],[-0.352366,0.068106,0.933381,-0.008258],[0.0,0.0,0.0,1.0]],"antennas":[-1.01098,1.222506],"body_yaw":0.161855,"check_collision":false},{"head":[[0.928702,-0.087076,0.360458,-0.010392],[0.105175,0.993975,-0.030865,-0.003799],[-0.355599,0.066575,0.932265,-0.008286],[0.0,0.0,0.0,1.0]],"antennas":[-1.035372,1.247992],"body_yaw":0.161855,"check_collision":false},{"head":[[0.927102,-0.087115,0.364545,-0.010298],[0.105064,0.994023,-0.029654,-0.003916],[-0.359783,0.065793,0.930714,-0.008405],[0.0,0.0,0.0,1.0]],"antennas":[-1.059564,1.27327],"body_yaw":0.161855,"check_collision":false},{"head":[[0.925827,-0.086312,0.36796,-0.01029],[0.104124,0.994148,-0.02879,-0.003764],[-0.363321,0.064968,0.929396,-0.0086],[0.0,0.0,0.0,1.0]],"antennas":[-1.083828,1.298622],"body_yaw":0.161855,"check_collision":false},{"head":[[0.925152,-0.085419,0.36986,-0.010218],[0.103297,0.994235,-0.028763,-0.003744],[-0.365271,0.064815,0.928642,-0.008706],[0.0,0.0,0.0,1.0]],"antennas":[-1.107944,1.323819],"body_yaw":0.161855,"check_collision":false},{"head":[[0.923755,-0.085246,0.373377,-0.010179],[0.103321,0.994236,-0.028627,-0.003479],[-0.368785,0.065022,0.927238,-0.008959],[0.0,0.0,0.0,1.0]],"antennas":[-1.132178,1.34914],"body_yaw":0.161855,"check_collision":false},{"head":[[0.922337,-0.08535,0.376843,-0.010176],[0.103289,0.994268,-0.027615,-0.003364],[-0.372326,0.064394,0.925865,-0.009113],[0.0,0.0,0.0,1.0]],"antennas":[-1.156444,1.374495],"body_yaw":0.161855,"check_collision":false},{"head":[[0.921355,-0.084591,0.379406,-0.01016],[0.102597,0.994344,-0.027451,-0.003353],[-0.374938,0.064218,0.924823,-0.009203],[0.0,0.0,0.0,1.0]],"antennas":[-1.180543,1.399675],"body_yaw":0.161855,"check_collision":false},{"head":[[0.920352,-0.084685,0.381812,-0.010174],[0.102553,0.99437,-0.026654,-0.003137],[-0.377405,0.063687,0.923856,-0.009413],[0.0,0.0,0.0,1.0]],"antennas":[-1.204919,1.425144],"body_yaw":0.161855,"check_collision":false},{"head":[[0.919448,-0.085017,0.383911,-0.01012],[0.102733,0.994373,-0.025836,-0.003442],[-0.379555,0.063195,0.923009,-0.009507],[0.0,0.0,0.0,1.0]],"antennas":[-1.229113,1.450424],"body_yaw":0.161855,"check_collision":false},{"head":[[0.918276,-0.085178,0.386671,-0.010097],[0.102869,0.994374,-0.02525,-0.003194],[-0.382345,0.062963,0.921872,-0.009739],[0.0,0.0,0.0,1.0]],"antennas":[-1.253338,1.475735],"body_yaw":0.161855,"check_collision":false},{"head":[[0.918084,-0.085572,0.38704,-0.010133],[0.103324,0.994327,-0.025253,-0.002951],[-0.382683,0.063175,0.921717,-0.009899],[0.0,0.0,0.0,1.0]],"antennas":[-1.277253,1.500723],"body_yaw":0.161855,"check_collision":false},{"head":[[0.918038,-0.085967,0.387062,-0.010138],[0.103732,0.994286,-0.025202,-0.00288],[-0.382683,0.063287,0.921709,-0.009901],[0.0,0.0,0.0,1.0]],"antennas":[-1.301592,1.526153],"body_yaw":0.161855,"check_collision":false},{"head":[[0.918033,-0.086244,0.387011,-0.010144],[0.103772,0.994297,-0.024584,-0.003093],[-0.382683,0.06273,0.921747,-0.009886],[0.0,0.0,0.0,1.0]],"antennas":[-1.325937,1.55159],"body_yaw":0.161855,"check_collision":false},{"head":[[0.917997,-0.08677,0.386979,-0.010188],[0.104092,0.994278,-0.023987,-0.002935],[-0.382683,0.062301,0.921777,-0.010052],[0.0,0.0,0.0,1.0]],"antennas":[-1.349562,1.576275],"body_yaw":0.161855,"check_collision":false},{"head":[[0.917901,-0.087759,0.386984,-0.01016],[0.104935,0.994203,-0.023437,-0.002947],[-0.382683,0.062121,0.921789,-0.010305],[0.0,0.0,0.0,1.0]],"antennas":[-1.374416,1.602243],"body_yaw":0.161855,"check_collision":false},{"head":[[0.917834,-0.088488,0.386975,-0.010197],[0.105514,0.994153,-0.022931,-0.002803],[-0.382683,0.061878,0.921805,-0.010525],[0.0,0.0,0.0,1.0]],"antennas":[-1.398629,1.627543],"body_yaw":0.161855,"check_collision":false},{"head":[[0.917782,-0.089271,0.386919,-0.010232],[0.105966,0.994127,-0.021986,-0.002835],[-0.382683,0.061179,0.921852,-0.010639],[0.0,0.0,0.0,1.0]],"antennas":[-1.422808,1.652807],"body_yaw":0.161855,"check_collision":false},{"head":[[0.917777,-0.08949,0.38688,-0.010153],[0.106009,0.994132,-0.021526,-0.002953],[-0.382683,0.060769,0.921879,-0.01062],[0.0,0.0,0.0,1.0]],"antennas":[-1.447083,1.67817],"body_yaw":0.161855,"check_collision":false},{"head":[[0.91777,-0.08972,0.386844,-0.010137],[0.106073,0.994135,-0.021086,-0.003153],[-0.382683,0.060386,0.921904,-0.010647],[0.0,0.0,0.0,1.0]],"antennas":[-1.471269,1.703441],"body_yaw":0.161855,"check_collision":false},{"head":[[0.91781,-0.089525,0.386794,-0.010182],[0.105723,0.994179,-0.02076,-0.003126],[-0.382683,0.059946,0.921933,-0.010705],[0.0,0.0,0.0,1.0]],"antennas":[-1.495532,1.728792],"body_yaw":0.161855,"check_collision":false},{"head":[[0.917825,-0.089366,0.386796,-0.010222],[0.105596,0.99419,-0.020869,-0.003076],[-0.382683,0.059998,0.921929,-0.01083],[0.0,0.0,0.0,1.0]],"antennas":[-1.519765,1.754113],"body_yaw":0.161855,"check_collision":false},{"head":[[0.917777,-0.089706,0.38683,-0.010183],[0.106011,0.994144,-0.020976,-0.003108],[-0.382683,0.060259,0.921912,-0.010986],[0.0,0.0,0.0,1.0]],"antennas":[-1.543822,1.779248],"body_yaw":0.161855,"check_collision":false},{"head":[[0.91774,-0.090022,0.386845,-0.010134],[0.10633,0.994111,-0.020918,-0.003169],[-0.382683,0.060331,0.921908,-0.011157],[0.0,0.0,0.0,1.0]],"antennas":[-1.5682,1.804719],"body_yaw":0.161855,"check_collision":false},{"head":[[0.91767,-0.090777,0.386834,-0.010224],[0.106933,0.994057,-0.020401,-0.003078],[-0.382683,0.060087,0.921924,-0.011373],[0.0,0.0,0.0,1.0]],"antennas":[-1.59238,1.829984],"body_yaw":0.161855,"check_collision":false},{"head":[[0.917601,-0.091767,0.386765,-0.010264],[0.107525,0.994016,-0.019254,-0.003061],[-0.382683,0.059254,0.921977,-0.011513],[0.0,0.0,0.0,1.0]],"antennas":[-1.61661,1.855301],"body_yaw":0.161855,"check_collision":false},{"head":[[0.917484,-0.093045,0.386737,-0.010217],[0.108518,0.993926,-0.018316,-0.003247],[-0.382683,0.058773,0.922008,-0.0116],[0.0,0.0,0.0,1.0]],"antennas":[-1.640833,1.880611],"body_yaw":0.161855,"check_collision":false},{"head":[[0.917382,-0.093898,0.386774,-0.010178],[0.109382,0.993834,-0.018165,-0.003105],[-0.382683,0.05897,0.921996,-0.011857],[0.0,0.0,0.0,1.0]],"antennas":[-1.665006,1.905868],"body_yaw":0.161855,"check_collision":false},{"head":[[0.917289,-0.094868,0.386757,-0.010209],[0.110155,0.99376,-0.017498,-0.003103],[-0.382683,0.058654,0.922016,-0.012006],[0.0,0.0,0.0,1.0]],"antennas":[-1.689231,1.931179],"body_yaw":0.161855,"check_collision":false},{"head":[[0.917239,-0.095961,0.386606,-0.010211],[0.110571,0.993745,-0.015674,-0.003263],[-0.382683,0.057125,0.922112,-0.012127],[0.0,0.0,0.0,1.0]],"antennas":[-1.713281,1.956308],"body_yaw":0.161855,"check_collision":false},{"head":[[0.917157,-0.096891,0.386569,-0.010259],[0.111251,0.993681,-0.01489,-0.003474],[-0.382683,0.056663,0.92214,-0.012218],[0.0,0.0,0.0,1.0]],"antennas":[-1.737579,1.981696],"body_yaw":0.161855,"check_collision":false},{"head":[[0.917039,-0.098186,0.386523,-0.010251],[0.112222,0.993587,-0.013856,-0.003544],[-0.382683,0.056083,0.922176,-0.012358],[0.0,0.0,0.0,1.0]],"antennas":[-1.76193,2.007139],"body_yaw":0.161855,"check_collision":false},{"head":[[0.916929,-0.099278,0.386504,-0.010286],[0.113113,0.993495,-0.013155,-0.003432],[-0.382683,0.05578,0.922194,-0.012614],[0.0,0.0,0.0,1.0]],"antennas":[-1.786132,2.032427],"body_yaw":0.161855,"check_collision":false},{"head":[[0.916769,-0.100792,0.386491,-0.010272],[0.1144,0.993359,-0.012305,-0.003394],[-0.382683,0.055495,0.922211,-0.012883],[0.0,0.0,0.0,1.0]],"antennas":[-1.810474,2.057861],"body_yaw":0.161855,"check_collision":false},{"head":[[0.916595,-0.102158,0.386546,-0.010167],[0.115792,0.9932,-0.012083,-0.003559],[-0.382683,0.055834,0.922191,-0.013014],[0.0,0.0,0.0,1.0]],"antennas":[-1.834642,2.083113],"body_yaw":0.161855,"check_collision":false},{"head":[[0.916446,-0.103069,0.386657,-0.010162],[0.116962,0.993058,-0.012508,-0.003452],[-0.382683,0.056687,0.922139,-0.013144],[0.0,0.0,0.0,1.0]],"antennas":[-1.858808,2.108363],"body_yaw":0.161855,"check_collision":false},{"head":[[0.916317,-0.103938,0.386731,-0.010176],[0.117971,0.992936,-0.012656,-0.003332],[-0.382683,0.05722,0.922106,-0.01331],[0.0,0.0,0.0,1.0]],"antennas":[-1.88299,2.13363],"body_yaw":0.161855,"check_collision":false},{"head":[[0.916158,-0.105292,0.386741,-0.010184],[0.1192,0.992797,-0.01208,-0.00332],[-0.382683,0.057167,0.922109,-0.013483],[0.0,0.0,0.0,1.0]],"antennas":[-1.907243,2.15897],"body_yaw":0.161855,"check_collision":false},{"head":[[0.915865,-0.107078,0.386944,-0.010156],[0.121429,0.992518,-0.012754,-0.003303],[-0.382684,0.058667,0.922015,-0.013749],[0.0,0.0,0.0,1.0]],"antennas":[-1.93147,2.184284],"body_yaw":0.161855,"check_collision":false},{"head":[[0.915518,-0.10916,0.387184,-0.010156],[0.124019,0.992188,-0.013519,-0.003166],[-0.382684,0.060395,0.921903,-0.014065],[0.0,0.0,0.0,1.0]],"antennas":[-1.955743,2.209646],"body_yaw":0.161855,"check_collision":false},{"head":[[0.915274,-0.11021,0.387463,-0.010272],[0.125807,0.991941,-0.015036,-0.003012],[-0.382683,0.062508,0.921762,-0.014318],[0.0,0.0,0.0,1.0]],"antennas":[-1.97981,2.234792],"body_yaw":0.161855,"check_collision":false},{"head":[[0.915074,-0.111443,0.387582,-0.010304],[0.127249,0.991753,-0.015271,-0.002958],[-0.382683,0.063294,0.921709,-0.014447],[0.0,0.0,0.0,1.0]],"antennas":[-2.004042,2.260111],"body_yaw":0.161855,"check_collision":false},{"head":[[0.914763,-0.113607,0.387689,-0.010205],[0.12947,0.991471,-0.014953,-0.002944],[-0.382683,0.063873,0.921669,-0.014625],[0.0,0.0,0.0,1.0]],"antennas":[-2.028286,2.285443],"body_yaw":0.161855,"check_collision":false},{"head":[[0.914488,-0.11497,0.387936,-0.01023],[0.131398,0.991201,-0.01599,-0.002945],[-0.382684,0.065597,0.921548,-0.014804],[0.0,0.0,0.0,1.0]],"antennas":[-2.052364,2.3106],"body_yaw":0.161855,"check_collision":false},{"head":[[0.914191,-0.116479,0.388185,-0.010363],[0.133448,0.990911,-0.016942,-0.002939],[-0.382683,0.067291,0.921426,-0.01498],[0.0,0.0,0.0,1.0]],"antennas":[-2.076513,2.336019],"body_yaw":0.161855,"check_collision":false},{"head":[[0.913887,-0.117968,0.388451,-0.010393],[0.135512,0.990613,-0.017976,-0.002879],[-0.382684,0.069068,0.921294,-0.015232],[0.0,0.0,0.0,1.0]],"antennas":[-2.100933,2.361622],"body_yaw":0.161855,"check_collision":false},{"head":[[0.913631,-0.119321,0.388639,-0.010321],[0.137227,0.990366,-0.018534,-0.002843],[-0.382683,0.070265,0.921204,-0.015363],[0.0,0.0,0.0,1.0]],"antennas":[-2.125107,2.38688],"body_yaw":0.161855,"check_collision":false},{"head":[[0.91352,-0.119812,0.38875,-0.010294],[0.137966,0.990254,-0.019012,-0.002829],[-0.382683,0.071002,0.921147,-0.015344],[0.0,0.0,0.0,1.0]],"antennas":[-2.148971,2.411815],"body_yaw":0.161855,"check_collision":false},{"head":[[0.913469,-0.120017,0.388806,-0.010331],[0.138302,0.990203,-0.019272,-0.002837],[-0.382683,0.071377,0.921118,-0.015349],[0.0,0.0,0.0,1.0]],"antennas":[-2.173108,2.437035],"body_yaw":0.161855,"check_collision":false},{"head":[[0.913405,-0.120174,0.388909,-0.010403],[0.138728,0.990131,-0.019866,-0.002766],[-0.382683,0.072098,0.921062,-0.01549],[0.0,0.0,0.0,1.0]],"antennas":[-2.197379,2.462394],"body_yaw":0.161855,"check_collision":false},{"head":[[0.913312,-0.120671,0.388972,-0.010455],[0.139334,0.990043,-0.020016,-0.00267],[-0.382683,0.072477,0.921032,-0.015689],[0.0,0.0,0.0,1.0]],"antennas":[-2.221598,2.4877],"body_yaw":0.161855,"check_collision":false},{"head":[[0.913183,-0.121632,0.388977,-0.010545],[0.140181,0.989933,-0.019546,-0.002618],[-0.382683,0.072376,0.92104,-0.015724],[0.0,0.0,0.0,1.0]],"antennas":[-2.245739,2.512923],"body_yaw":0.161855,"check_collision":false},{"head":[[0.913162,-0.121918,0.388937,-0.01068],[0.140318,0.989921,-0.019139,-0.002538],[-0.382683,0.072052,0.921066,-0.015694],[0.0,0.0,0.0,1.0]],"antennas":[-2.269964,2.538234],"body_yaw":0.161855,"check_collision":false},{"head":[[0.913159,-0.12178,0.388987,-0.010804],[0.140338,0.989911,-0.019537,-0.002467],[-0.382683,0.07243,0.921036,-0.015705],[0.0,0.0,0.0,1.0]],"antennas":[-2.294328,2.563691],"body_yaw":0.161855,"check_collision":false},{"head":[[0.913272,-0.121204,0.388901,-0.010883],[0.139599,0.99002,-0.019278,-0.002406],[-0.382683,0.071896,0.921078,-0.015683],[0.0,0.0,0.0,1.0]],"antennas":[-2.31848,2.588927],"body_yaw":0.161855,"check_collision":false},{"head":[[0.913414,-0.120659,0.388738,-0.011022],[0.138668,0.990166,-0.018494,-0.002372],[-0.382683,0.070798,0.921163,-0.015586],[0.0,0.0,0.0,1.0]],"antennas":[-2.342687,2.61422],"body_yaw":0.161855,"check_collision":false},{"head":[[0.913554,-0.120006,0.388611,-0.011239],[0.137743,0.990305,-0.017995,-0.002364],[-0.382683,0.069968,0.921226,-0.015537],[0.0,0.0,0.0,1.0]],"antennas":[-2.366985,2.639608],"body_yaw":0.161855,"check_collision":false},{"head":[[0.91362,-0.119493,0.388612,-0.011366],[0.137301,0.990361,-0.01827,-0.002459],[-0.382683,0.070049,0.92122,-0.015563],[0.0,0.0,0.0,1.0]],"antennas":[-2.388266,2.66486],"body_yaw":0.161855,"check_collision":false},{"head":[[0.913686,-0.119257,0.38853,-0.011438],[0.136861,0.990429,-0.017843,-0.002628],[-0.382683,0.069478,0.921263,-0.015518],[0.0,0.0,0.0,1.0]],"antennas":[-2.402674,2.690128],"body_yaw":0.161855,"check_collision":false},{"head":[[0.913791,-0.118841,0.38841,-0.011593],[0.136158,0.990537,-0.017259,-0.00272],[-0.382683,0.068656,0.921325,-0.015421],[0.0,0.0,0.0,1.0]],"antennas":[-2.413905,2.715283],"body_yaw":0.161855,"check_collision":false},{"head":[[0.91387,-0.118628,0.38829,-0.011803],[0.135628,0.990621,-0.016563,-0.002809],[-0.382683,0.067799,0.921388,-0.015297],[0.0,0.0,0.0,1.0]],"antennas":[-2.425185,2.740475],"body_yaw":0.161855,"check_collision":false},{"head":[[0.914216,-0.116776,0.388036,-0.012129],[0.133273,0.990954,-0.015772,-0.002893],[-0.382684,0.066134,0.921509,-0.015079],[0.0,0.0,0.0,1.0]],"antennas":[-2.43622,2.755899],"body_yaw":0.161855,"check_collision":false},{"head":[[0.914411,-0.115932,0.387831,-0.012345],[0.131932,0.991148,-0.014786,-0.002926],[-0.382684,0.064688,0.921612,-0.015064],[0.0,0.0,0.0,1.0]],"antennas":[-2.439084,2.755899],"body_yaw":0.161855,"check_collision":false},{"head":[[0.914591,-0.115157,0.387636,-0.012536],[0.130676,0.991329,-0.013818,-0.002936],[-0.382683,0.063292,0.921709,-0.015075],[0.0,0.0,0.0,1.0]],"antennas":[-2.439084,2.755899],"body_yaw":0.161855,"check_collision":false},{"head":[[0.914855,-0.113958,0.387367,-0.012905],[0.128813,0.99159,-0.012508,-0.002937],[-0.382684,0.061341,0.921841,-0.014938],[0.0,0.0,0.0,1.0]],"antennas":[-2.439084,2.755899],"body_yaw":0.161855,"check_collision":false},{"head":[[0.915181,-0.112425,0.387047,-0.013364],[0.126482,0.991908,-0.010951,-0.003038],[-0.382684,0.058977,0.921995,-0.014658],[0.0,0.0,0.0,1.0]],"antennas":[-2.439084,2.755899],"body_yaw":0.161855,"check_collision":false},{"head":[[0.915345,-0.111766,0.386849,-0.013659],[0.125287,0.992072,-0.009825,-0.003286],[-0.382683,0.05746,0.922091,-0.014471],[0.0,0.0,0.0,1.0]],"antennas":[-2.439084,2.755899],"body_yaw":0.161855,"check_collision":false},{"head":[[0.915499,-0.110899,0.386733,-0.013872],[0.124156,0.992218,-0.009383,-0.003619],[-0.382683,0.056606,0.922144,-0.014351],[0.0,0.0,0.0,1.0]],"antennas":[-2.439084,2.755899],"body_yaw":0.161855,"check_collision":false},{"head":[[0.915653,-0.110075,0.386605,-0.014187],[0.123017,0.992365,-0.008811,-0.003808],[-0.382684,0.055627,0.922203,-0.014245],[0.0,0.0,0.0,1.0]],"antennas":[-2.439084,2.755899],"body_yaw":0.161855,"check_collision":false},{"head":[[0.915823,-0.109294,0.386423,-0.01453],[0.121742,0.992531,-0.007805,-0.003769],[-0.382683,0.054192,0.922289,-0.014141],[0.0,0.0,0.0,1.0]],"antennas":[-2.439084,2.755899],"body_yaw":0.161855,"check_collision":false},{"head":[[0.915905,-0.109051,0.386297,-0.014646],[0.121122,0.992613,-0.006967,-0.003867],[-0.382683,0.05317,0.922348,-0.014051],[0.0,0.0,0.0,1.0]],"antennas":[-2.439084,2.755899],"body_yaw":0.161855,"check_collision":false},{"head":[[0.915972,-0.108869,0.38619,-0.014763],[0.120618,0.992679,-0.006243,-0.003816],[-0.382683,0.0523,0.922398,-0.01403],[0.0,0.0,0.0,1.0]],"antennas":[-2.439084,2.755899],"body_yaw":0.161855,"check_collision":false},{"head":[[0.916105,-0.10815,0.386076,-0.01501],[0.119601,0.992806,-0.005687,-0.003703],[-0.382683,0.051385,0.922449,-0.014006],[0.0,0.0,0.0,1.0]],"antennas":[-2.439084,2.755899],"body_yaw":0.161855,"check_collision":false},{"head":[[0.916169,-0.10791,0.385991,-0.015229],[0.11911,0.992868,-0.005142,-0.00372],[-0.382683,0.050686,0.922488,-0.013979],[0.0,0.0,0.0,1.0]],"antennas":[-2.439084,2.755899],"body_yaw":0.161855,"check_collision":false},{"head":[[0.916237,-0.107608,0.385916,-0.015327],[0.118591,0.992932,-0.00469,-0.003649],[-0.382683,0.050063,0.922522,-0.014057],[0.0,0.0,0.0,1.0]],"antennas":[-2.439084,2.755899],"body_yaw":0.161855,"check_collision":false},{"head":[[0.916273,-0.107322,0.38591,-0.015484],[0.118312,0.992965,-0.004766,-0.00369],[-0.382683,0.050024,0.922524,-0.01411],[0.0,0.0,0.0,1.0]],"antennas":[-2.439084,2.755899],"body_yaw":0.161855,"check_collision":false},{"head":[[0.916385,-0.106596,0.385844,-0.015818],[0.117437,0.99307,-0.004562,-0.003877],[-0.382683,0.049493,0.922553,-0.013877],[0.0,0.0,0.0,1.0]],"antennas":[-2.439084,2.755899],"body_yaw":0.161855,"check_collision":false},{"head":[[0.916543,-0.105777,0.385695,-0.016251],[0.116201,0.993219,-0.003743,-0.003948],[-0.382683,0.048248,0.922619,-0.013529],[0.0,0.0,0.0,1.0]],"antennas":[-2.439084,2.755899],"body_yaw":0.161855,"check_collision":false},{"head":[[0.916573,-0.1056,0.385672,-0.016443],[0.115964,0.993247,-0.003637,-0.004],[-0.382683,0.048057,0.922629,-0.013521],[0.0,0.0,0.0,1.0]],"antennas":[-2.439084,2.755899],"body_yaw":0.161855,"check_collision":false},{"head":[[0.916605,-0.105336,0.385668,-0.016733],[0.115711,0.993276,-0.003716,-0.003876],[-0.382683,0.048032,0.92263,-0.013692],[0.0,0.0,0.0,1.0]],"antennas":[-2.439084,2.755899],"body_yaw":0.161855,"check_collision":false},{"head":[[0.916651,-0.10517,0.385605,-0.017047],[0.115348,0.99332,-0.003283,-0.004006],[-0.382683,0.047488,0.922658,-0.013781],[0.0,0.0,0.0,1.0]],"antennas":[-2.439084,2.755899],"body_yaw":0.161855,"check_collision":false},{"head":[[0.91667,-0.105212,0.385546,-0.017017],[0.11519,0.993339,-0.002802,-0.004118],[-0.382683,0.046979,0.922684,-0.013842],[0.0,0.0,0.0,1.0]],"antennas":[-2.439084,2.755899],"body_yaw":0.161855,"check_collision":false},{"head":[[0.916646,-0.105255,0.385593,-0.016895],[0.115386,0.993316,-0.003155,-0.004092],[-0.382683,0.047384,0.922664,-0.013843],[0.0,0.0,0.0,1.0]],"antennas":[-2.439084,2.755899],"body_yaw":0.161855,"check_collision":false},{"head":[[0.916683,-0.104744,0.385644,-0.017077],[0.115092,0.993348,-0.003774,-0.0038],[-0.382683,0.047844,0.92264,-0.013843],[0.0,0.0,0.0,1.0]],"antennas":[-2.439084,2.755899],"body_yaw":0.161855,"check_collision":false},{"head":[[0.916747,-0.104217,0.385633,-0.01706],[0.114576,0.993407,-0.003908,-0.003635],[-0.382683,0.047767,0.922644,-0.013761],[0.0,0.0,0.0,1.0]],"antennas":[-2.439084,2.755899],"body_yaw":0.161855,"check_collision":false},{"head":[[0.916753,-0.104063,0.385661,-0.016946],[0.11453,0.993411,-0.004194,-0.003507],[-0.382683,0.048015,0.922631,-0.013816],[0.0,0.0,0.0,1.0]],"antennas":[-2.439084,2.755899],"body_yaw":0.161855,"check_collision":false},{"head":[[0.91676,-0.103992,0.385663,-0.016819],[0.114473,0.993417,-0.004242,-0.003187],[-0.382683,0.048037,0.92263,-0.014125],[0.0,0.0,0.0,1.0]],"antennas":[-2.439084,2.755899],"body_yaw":0.161855,"check_collision":false},{"head":[[0.916778,-0.103865,0.385656,-0.016814],[0.114331,0.993434,-0.004234,-0.003088],[-0.382683,0.047975,0.922633,-0.014172],[0.0,0.0,0.0,1.0]],"antennas":[-2.439084,2.755899],"body_yaw":0.161855,"check_collision":false},{"head":[[0.916798,-0.103676,0.385659,-0.016914],[0.114171,0.993452,-0.004343,-0.002794],[-0.382683,0.048013,0.922631,-0.014321],[0.0,0.0,0.0,1.0]],"antennas":[-2.439084,2.755899],"body_yaw":0.161855,"check_collision":false},{"head":[[0.916769,-0.103901,0.385666,-0.016975],[0.114399,0.993426,-0.004303,-0.002622],[-0.382683,0.048065,0.922628,-0.0143],[0.0,0.0,0.0,1.0]],"antennas":[-2.439084,2.755899],"body_yaw":0.161855,"check_collision":false},{"head":[[0.916699,-0.104306,0.385725,-0.016946],[0.114966,0.993359,-0.004605,-0.002613],[-0.382683,0.048567,0.922602,-0.014319],[0.0,0.0,0.0,1.0]],"antennas":[-2.439084,2.755899],"body_yaw":0.161855,"check_collision":false},{"head":[[0.916687,-0.104196,0.385782,-0.01681],[0.115058,0.993346,-0.005105,-0.002881],[-0.382683,0.049067,0.922576,-0.014211],[0.0,0.0,0.0,1.0]],"antennas":[-2.439084,2.755899],"body_yaw":0.161855,"check_collision":false},{"head":[[0.916695,-0.10406,0.385801,-0.016732],[0.114995,0.993352,-0.005308,-0.002841],[-0.382683,0.049231,0.922567,-0.014285],[0.0,0.0,0.0,1.0]],"antennas":[-2.439084,2.755899],"body_yaw":0.161855,"check_collision":false},{"head":[[0.916697,-0.104013,0.385807,-0.016689],[0.114974,0.993354,-0.005378,-0.002744],[-0.382683,0.049288,0.922564,-0.014304],[0.0,0.0,0.0,1.0]],"antennas":[-2.439084,2.755899],"body_yaw":0.161855,"check_collision":false},{"head":[[0.91671,-0.103899,0.385807,-0.016781],[0.114871,0.993366,-0.005425,-0.002682],[-0.382683,0.049291,0.922564,-0.014295],[0.0,0.0,0.0,1.0]],"antennas":[-2.439084,2.755899],"body_yaw":0.161855,"check_collision":false},{"head":[[0.91666,-0.104156,0.385857,-0.016725],[0.115273,0.993317,-0.005717,-0.002887],[-0.382683,0.04972,0.922541,-0.014238],[0.0,0.0,0.0,1.0]],"antennas":[-2.439084,2.755899],"body_yaw":0.161855,"check_collision":false},{"head":[[0.916667,-0.104044,0.38587,-0.01667],[0.115213,0.993323,-0.005864,-0.002972],[-0.382683,0.049833,0.922535,-0.014191],[0.0,0.0,0.0,1.0]],"antennas":[-2.439084,2.755899],"body_yaw":0.161855,"check_collision":false},{"head":[[0.916663,-0.104038,0.385882,-0.016586],[0.11525,0.993319,-0.005966,-0.002968],[-0.382683,0.049942,0.922529,-0.01426],[0.0,0.0,0.0,1.0]],"antennas":[-2.439084,2.755899],"body_yaw":0.161855,"check_collision":false},{"head":[[0.916584,-0.10438,0.385977,-0.016502],[0.115875,0.993242,-0.006567,-0.003194],[-0.382683,0.050744,0.922485,-0.014115],[0.0,0.0,0.0,1.0]],"antennas":[-2.439084,2.755899],"body_yaw":0.161855,"check_collision":false},{"head":[[0.916613,-0.104216,0.385953,-0.016481],[0.115647,0.993269,-0.006448,-0.003307],[-0.382683,0.050544,0.922496,-0.014148],[0.0,0.0,0.0,1.0]],"antennas":[-2.439084,2.755899],"body_yaw":0.161855,"check_collision":false},{"head":[[0.916614,-0.104331,0.38592,-0.01653],[0.11564,0.993272,-0.006135,-0.003321],[-0.382683,0.050251,0.922512,-0.014104],[0.0,0.0,0.0,1.0]],"antennas":[-2.439084,2.755899],"body_yaw":0.161855,"check_collision":false},{"head":[[0.916635,-0.104206,0.385903,-0.016516],[0.115468,0.993293,-0.006053,-0.003474],[-0.382683,0.050108,0.92252,-0.014033],[0.0,0.0,0.0,1.0]],"antennas":[-2.439084,2.755899],"body_yaw":0.161855,"check_collision":false},{"head":[[0.916634,-0.104184,0.385913,-0.016591],[0.115483,0.99329,-0.006144,-0.00314],[-0.382683,0.050198,0.922515,-0.014124],[0.0,0.0,0.0,1.0]],"antennas":[-2.439084,2.755899],"body_yaw":0.161855,"check_collision":false},{"head":[[0.916609,-0.104403,0.385911,-0.016526],[0.115675,0.993269,-0.006032,-0.003204],[-0.382683,0.050169,0.922516,-0.014142],[0.0,0.0,0.0,1.0]],"antennas":[-2.439084,2.755899],"body_yaw":0.161855,"check_collision":false},{"head":[[0.916618,-0.104446,0.385878,-0.016497],[0.115605,0.993279,-0.005758,-0.003355],[-0.382683,0.049887,0.922532,-0.014056],[0.0,0.0,0.0,1.0]],"antennas":[-2.439084,2.755899],"body_yaw":0.161855,"check_collision":false},{"head":[[0.916691,-0.103981,0.385832,-0.016568],[0.115028,0.993346,-0.005588,-0.003387],[-0.382683,0.049504,0.922552,-0.014007],[0.0,0.0,0.0,1.0]],"antennas":[-2.439084,2.755899],"body_yaw":0.161855,"check_collision":false},{"head":[[0.916728,-0.103846,0.385779,-0.016662],[0.11473,0.993383,-0.00523,-0.003299],[-0.382683,0.049055,0.922576,-0.013954],[0.0,0.0,0.0,1.0]],"antennas":[-2.439084,2.755899],"body_yaw":0.161855,"check_collision":false},{"head":[[0.916756,-0.103821,0.385719,-0.016726],[0.114506,0.993411,-0.004762,-0.003255],[-0.382683,0.048533,0.922604,-0.013981],[0.0,0.0,0.0,1.0]],"antennas":[-2.439084,2.755899],"body_yaw":0.161855,"check_collision":false},{"head":[[0.916773,-0.1036,0.38574,-0.016831],[0.114375,0.993425,-0.00502,-0.003093],[-0.382683,0.048721,0.922594,-0.014027],[0.0,0.0,0.0,1.0]],"antennas":[-2.439084,2.755899],"body_yaw":0.161855,"check_collision":false},{"head":[[0.91679,-0.103525,0.385718,-0.016881],[0.114232,0.993442,-0.004875,-0.003025],[-0.382683,0.04853,0.922604,-0.014048],[0.0,0.0,0.0,1.0]],"antennas":[-2.439084,2.755899],"body_yaw":0.161855,"check_collision":false},{