{"description":"When you\u2019re about to shut down due to low battery, you simulate a funny death.","time":[0.0,0.02,0.04,0.06,0.08,0.1,0.12,0.14,0.16,0.18,0.2,0.22,0.24,0.26,0.28,0.3,0.32,0.34,0.36,0.38,0.4,0.42,0.44,0.46,0.48,0.5,0.52,0.54,0.56,0.58,0.6,0.62,0.64,0.66,0.68,0.7,0.72,0.74,0.76,0.78,0.8,0.82,0.84,0.86,0.88,0.9,0.92,0.94,0.96,0.98,1.0,1.02,1.04,1.06,1.08,1.1,1.12,1.14,1.16,1.18,1.2,1.22,1.24,1.26,1.28,1.3,1.32,1.34,1.36,1.38,1.4,1.42,1.44,1.46,1.48,1.5,1.52,1.54,1.56,1.58,1.6,1.62,1.64,1.66,1.68,1.7,1.72,1.74,1.76,1.78,1.8,1.82,1.84,1.86,1.88,1.9,1.92,1.94,1.96,1.98,2.0,2.02,2.04,2.06,2.08,2.1,2.12,2.14,2.16,2.18,2.2,2.22,2.24,2.26,2.28,2.3,2.32,2.34,2.36,2.38,2.4,2.42,2.44,2.46,2.48,2.5,2.52,2.54,2.56,2.58,2.6,2.62,2.64,2.66,2.68,2.7,2.72,2.74,2.76,2.78,2.8,2.82,2.84,2.86,2.88,2.9,2.92,2.94,2.96,2.98,3.0,3.02,3.04,3.06,3.08,3.1,3.12,3.14,3.16,3.18,3.2,3.22,3.24,3.26,3.28,3.3,3.32,3.34,3.36,3.38,3.4,3.42,3.44,3.46,3.48,3.5,3.52,3.54,3.56,3.58,3.6,3.62,3.64,3.66,3.68,3.7,3.72,3.74,3.76,3.78,3.8,3.82,3.84,3.86,3.88,3.9,3.92,3.94,3.96,3.98,4.0,4.02,4.04,4.06,4.08,4.1,4.12,4.14,4.16,4.18,4.2,4.22,4.24,4.26,4.28,4.3,4.32,4.34,4.36,4.38,4.4,4.42,4.44,4.46,4.48,4.5,4.52,4.54,4.56,4.58,4.6,4.62,4.64,4.66,4.68,4.7,4.72,4.74,4.76,4.78,4.8,4.82,4.84,4.86,4.88,4.9,4.92,4.94,4.96,4.98,5.0,5.02,5.04,5.06,5.08,5.1,5.12,5.14,5.16,5.18,5.2,5.22,5.24,5.26,5.28,5.3,5.32,5.34,5.36,5.38,5.4,5.42,5.44,5.46,5.48,5.5,5.52,5.54,5.56,5.58,5.6,5.62,5.64,5.66,5.68],"set_target_data":[{"head":[[0.9965,0.077627,-0.031004,-0.01111],[-0.080367,0.991734,-0.100026,-0.001036],[0.022983,0.102168,0.994502,0.002042],[0.0,0.0,0.0,1.0]],"antennas":[-0.102526,0.312077],"body_yaw":0.02015,"check_collision":false},{"head":[[0.996571,0.077292,-0.029528,-0.011071],[-0.079912,0.991639,-0.101318,-0.001103],[0.02145,0.10333,0.994416,0.002095],[0.0,0.0,0.0,1.0]],"antennas":[-0.102526,0.312077],"body_yaw":0.02015,"check_collision":false},{"head":[[0.996601,0.077232,-0.028658,-0.01104],[-0.079767,0.991628,-0.101546,-0.000933],[0.020575,0.103487,0.994418,0.001963],[0.0,0.0,0.0,1.0]],"antennas":[-0.102526,0.312077],"body_yaw":0.02015,"check_collision":false},{"head":[[0.996727,0.075981,-0.02761,-0.011064],[-0.078405,0.991782,-0.101096,-0.00097],[0.019701,0.10293,0.994493,0.001953],[0.0,0.0,0.0,1.0]],"antennas":[-0.102526,0.312077],"body_yaw":0.02015,"check_collision":false},{"head":[[0.996818,0.075242,-0.026305,-0.011077],[-0.077524,0.99191,-0.100519,-0.001065],[0.018529,0.102239,0.994587,0.001993],[0.0,0.0,0.0,1.0]],"antennas":[-0.102526,0.312077],"body_yaw":0.02015,"check_collision":false},{"head":[[0.996958,0.073857,-0.024903,-0.011174],[-0.075993,0.992083,-0.099984,-0.001156],[0.017321,0.101572,0.994677,0.002103],[0.0,0.0,0.0,1.0]],"antennas":[-0.102526,0.312077],"body_yaw":0.02015,"check_collision":false},{"head":[[0.997181,0.071624,-0.02238,-0.011288],[-0.073508,0.992321,-0.099478,-0.001315],[0.015083,0.100843,0.994788,0.002052],[0.0,0.0,0.0,1.0]],"antennas":[-0.102526,0.312077],"body_yaw":0.02015,"check_collision":false},{"head":[[0.997356,0.069716,-0.020503,-0.011491],[-0.071409,0.992555,-0.09867,-0.001359],[0.013471,0.099873,0.994909,0.002093],[0.0,0.0,0.0,1.0]],"antennas":[-0.102526,0.312077],"body_yaw":0.02015,"check_collision":false},{"head":[[0.997482,0.068094,-0.019818,-0.01157],[-0.069709,0.992804,-0.097366,-0.0015],[0.013046,0.098502,0.995051,0.002214],[0.0,0.0,0.0,1.0]],"antennas":[-0.102526,0.312077],"body_yaw":0.02015,"check_collision":false},{"head":[[0.997545,0.067171,-0.019818,-0.011751],[-0.068769,0.993023,-0.09579,-0.001561],[0.013245,0.096917,0.995204,0.002395],[0.0,0.0,0.0,1.0]],"antennas":[-0.102526,0.312077],"body_yaw":0.02015,"check_collision":false},{"head":[[0.997608,0.066252,-0.019706,-0.011863],[-0.06783,0.993187,-0.094751,-0.001664],[0.013294,0.095861,0.995306,0.002418],[0.0,0.0,0.0,1.0]],"antennas":[-0.102526,0.312077],"body_yaw":0.02015,"check_collision":false},{"head":[[0.997676,0.065552,-0.018579,-0.011848],[-0.067018,0.993301,-0.094138,-0.001601],[0.012283,0.095164,0.995386,0.002314],[0.0,0.0,0.0,1.0]],"antennas":[-0.102526,0.312077],"body_yaw":0.02015,"check_collision":false},{"head":[[0.997755,0.064618,-0.017568,-0.011772],[-0.065987,0.993407,-0.093746,-0.001651],[0.011395,0.094695,0.995441,0.002287],[0.0,0.0,0.0,1.0]],"antennas":[-0.102526,0.312077],"body_yaw":0.02015,"check_collision":false},{"head":[[0.997808,0.064066,-0.016593,-0.01169],[-0.065337,0.99352,-0.092996,-0.001678],[0.010527,0.093877,0.995528,0.002196],[0.0,0.0,0.0,1.0]],"antennas":[-0.102526,0.312077],"body_yaw":0.02015,"check_collision":false},{"head":[[0.997825,0.063992,-0.015813,-0.011697],[-0.06518,0.993627,-0.09196,-0.001706],[0.009828,0.092791,0.995637,0.002145],[0.0,0.0,0.0,1.0]],"antennas":[-0.102526,0.312077],"body_yaw":0.02015,"check_collision":false},{"head":[[0.997841,0.063766,-0.015736,-0.011646],[-0.064938,0.993743,-0.090874,-0.001603],[0.009842,0.0917,0.995738,0.001988],[0.0,0.0,0.0,1.0]],"antennas":[-0.102526,0.312077],"body_yaw":0.02015,"check_collision":false},{"head":[[0.997907,0.062659,-0.016014,-0.011622],[-0.063847,0.993926,-0.089637,-0.001631],[0.0103,0.090472,0.995846,0.001958],[0.0,0.0,0.0,1.0]],"antennas":[-0.102526,0.312077],"body_yaw":0.02015,"check_collision":false},{"head":[[0.997977,0.061685,-0.015403,-0.011592],[-0.062808,0.994113,-0.088282,-0.001564],[0.009867,0.089071,0.995976,0.001953],[0.0,0.0,0.0,1.0]],"antennas":[-0.102526,0.312077],"body_yaw":0.02015,"check_collision":false},{"head":[[0.997998,0.06151,-0.014681,-0.011568],[-0.062557,0.994257,-0.086831,-0.001423],[0.009256,0.087576,0.996115,0.001949],[0.0,0.0,0.0,1.0]],"antennas":[-0.102526,0.312077],"body_yaw":0.02015,"check_collision":false},{"head":[[0.99802,0.061346,-0.013847,-0.011476],[-0.062311,0.994367,-0.085741,-0.001334],[0.008509,0.086434,0.996221,0.001984],[0.0,0.0,0.0,1.0]],"antennas":[-0.102526,0.312077],"body_yaw":0.02015,"check_collision":false},{"head":[[0.99802,0.061462,-0.013364,-0.011479],[-0.062377,0.99445,-0.084727,-0.001327],[0.008083,0.085392,0.996315,0.001977],[0.0,0.0,0.0,1.0]],"antennas":[-0.102526,0.312077],"body_yaw":0.02015,"check_collision":false},{"head":[[0.998022,0.06158,-0.012646,-0.011541],[-0.062423,0.994561,-0.083376,-0.001394],[0.007442,0.084001,0.996438,0.00192],[0.0,0.0,0.0,1.0]],"antennas":[-0.102526,0.312077],"body_yaw":0.02015,"check_collision":false},{"head":[[0.998032,0.061571,-0.011892,-0.011525],[-0.06234,0.994688,-0.081908,-0.001366],[0.006786,0.082488,0.996569,0.001728],[0.0,0.0,0.0,1.0]],"antennas":[-0.102526,0.312077],"body_yaw":0.02015,"check_collision":false},{"head":[[0.997988,0.062424,-0.011067,-0.011477],[-0.063112,0.994788,-0.080082,-0.001423],[0.00601,0.08062,0.996727,0.001503],[0.0,0.0,0.0,1.0]],"antennas":[-0.102526,0.312077],"body_yaw":0.02015,"check_collision":false},{"head":[[0.997801,0.065451,-0.010498,-0.011412],[-0.066073,0.994761,-0.078005,-0.001464],[0.005337,0.078528,0.996898,0.001162],[0.0,0.0,0.0,1.0]],"antennas":[-0.102526,0.312077],"body_yaw":0.02015,"check_collision":false},{"head":[[0.997394,0.071393,-0.01043,-0.011398],[-0.071982,0.994494,-0.076165,-0.001552],[0.004935,0.076717,0.997041,0.000898],[0.0,0.0,0.0,1.0]],"antennas":[-0.102526,0.312077],"body_yaw":-0.005708,"check_collision":false},{"head":[[0.997001,0.076742,-0.009996,-0.011359],[-0.077295,0.993824,-0.079614,-0.001364],[0.003824,0.080148,0.996776,0.000607],[0.0,0.0,0.0,1.0]],"antennas":[-0.102526,0.312077],"body_yaw":-0.059458,"check_collision":false},{"head":[[0.997325,0.068378,-0.025823,-0.011188],[-0.071052,0.989854,-0.123044,0.000244],[0.017147,0.12455,0.992065,0.000418],[0.0,0.0,0.0,1.0]],"antennas":[-0.102526,0.312077],"body_yaw":-0.114664,"check_collision":false},{"head":[[0.996544,0.043953,-0.070489,-0.010969],[-0.060838,0.963948,-0.259043,0.004467],[0.056561,0.262436,0.96329,-0.000237],[0.0,0.0,0.0,1.0]],"antennas":[-0.102526,0.312077],"body_yaw":-0.170399,"check_collision":false},{"head":[[0.990328,0.010718,-0.138331,-0.010618],[-0.065685,0.914423,-0.399394,0.009585],[0.122212,0.404618,0.906283,-0.001159],[0.0,0.0,0.0,1.0]],"antennas":[-0.102526,0.312077],"body_yaw":-0.225948,"check_collision":false},{"head":[[0.975288,-0.002879,-0.220919,-0.009639],[-0.103991,0.876248,-0.470505,0.013297],[0.194934,0.481851,0.854295,-0.002524],[0.0,0.0,0.0,1.0]],"antennas":[-0.102526,0.312077],"body_yaw":-0.281421,"check_collision":false},{"head":[[0.958837,0.013783,-0.283624,-0.008443],[-0.149186,0.874317,-0.461859,0.015177],[0.241611,0.48516,0.840383,-0.003112],[0.0,0.0,0.0,1.0]],"antennas":[-0.102526,0.312077],"body_yaw":-0.336983,"check_collision":false},{"head":[[0.952724,0.031538,-0.302195,-0.007623],[-0.172749,0.874424,-0.453365,0.015146],[0.249949,0.484136,0.838534,-0.003199],[0.0,0.0,0.0,1.0]],"antennas":[-0.102526,0.312077],"body_yaw":-0.39266,"check_collision":false},{"head":[[0.95542,0.053546,-0.290353,-0.006812],[-0.186464,0.871911,-0.452771,0.014337],[0.228918,0.486727,0.843026,-0.003271],[0.0,0.0,0.0,1.0]],"antennas":[-0.102526,0.312077],"body_yaw":-0.448034,"check_collision":false},{"head":[[0.96104,0.065795,-0.268464,-0.005991],[-0.187217,0.869488,-0.4571,0.012743],[0.203351,0.489553,0.847931,-0.003027],[0.0,0.0,0.0,1.0]],"antennas":[-0.102526,0.312077],"body_yaw":-0.498133,"check_collision":false},{"head":[[0.96167,0.076487,-0.263328,-0.005263],[-0.194158,0.868056,-0.456925,0.011258],[0.193634,0.490538,0.849634,-0.002872],[0.0,0.0,0.0,1.0]],"antennas":[-0.102526,0.312077],"body_yaw":-0.514474,"check_collision":false},{"head":[[0.958968,0.086547,-0.26998,-0.005269],[-0.205916,0.867183,-0.453422,0.011521],[0.194879,0.490411,0.849423,-0.002746],[0.0,0.0,0.0,1.0]],"antennas":[-0.102526,0.312077],"body_yaw":-0.514474,"check_collision":false},{"head":[[0.955581,0.088367,-0.281168,-0.00484],[-0.212538,0.867534,-0.44968,0.011632],[0.204186,0.489465,0.847781,-0.003043],[0.0,0.0,0.0,1.0]],"antennas":[-0.102526,0.312077],"body_yaw":-0.514474,"check_collision":false},{"head":[[0.953376,0.089619,-0.288173,-0.004418],[-0.216756,0.867751,-0.447241,0.011896],[0.209981,0.488852,0.846718,-0.003368],[0.0,0.0,0.0,1.0]],"antennas":[-0.102526,0.312077],"body_yaw":-0.514474,"check_collision":false},{"head":[[0.951553,0.089553,-0.294156,-0.004194],[-0.218821,0.869304,-0.443203,0.012051],[0.21602,0.486098,0.846784,-0.003513],[0.0,0.0,0.0,1.0]],"antennas":[-0.102526,0.312077],"body_yaw":-0.514474,"check_collision":false},{"head":[[0.950596,0.090772,-0.296863,-0.004394],[-0.219032,0.873787,-0.434191,0.01229],[0.219983,0.477763,0.8505,-0.003603],[0.0,0.0,0.0,1.0]],"antennas":[-0.102526,0.312077],"body_yaw":-0.514474,"check_collision":false},{"head":[[0.950412,0.088986,-0.297991,-0.004534],[-0.216016,0.878212,-0.42671,0.012626],[0.223728,0.469921,0.853885,-0.003876],[0.0,0.0,0.0,1.0]],"antennas":[-0.102526,0.312077],"body_yaw":-0.514474,"check_collision":false},{"head":[[0.95095,0.08762,-0.296675,-0.004385],[-0.212123,0.882758,-0.419215,0.012092],[0.225161,0.461585,0.858046,-0.004006],[0.0,0.0,0.0,1.0]],"antennas":[-0.102526,0.312077],"body_yaw":-0.514474,"check_collision":false},{"head":[[0.952136,0.090632,-0.291931,-0.004203],[-0.209211,0.889519,-0.406185,0.011662],[0.222865,0.447819,0.865904,-0.004183],[0.0,0.0,0.0,1.0]],"antennas":[-0.102526,0.312077],"body_yaw":-0.514474,"check_collision":false},{"head":[[0.956962,0.090392,-0.275778,-0.00408],[-0.196961,0.900193,-0.388406,0.011157],[0.213145,0.426007,0.879254,-0.004262],[0.0,0.0,0.0,1.0]],"antennas":[-0.102526,0.312077],"body_yaw":-0.514474,"check_collision":false},{"head":[[0.975762,0.070559,-0.207149,-0.004471],[-0.144665,0.918237,-0.368664,0.009921],[0.164199,0.389695,0.906188,-0.004293],[0.0,0.0,0.0,1.0]],"antennas":[-0.102526,0.312077],"body_yaw":-0.514474,"check_collision":false},{"head":[[0.99689,0.020169,-0.07618,-0.005937],[-0.043864,0.945112,-0.323788,0.006782],[0.065469,0.326122,0.943058,-0.003783],[0.0,0.0,0.0,1.0]],"antennas":[-0.102526,0.312077],"body_yaw":-0.504599,"check_collision":false},{"head":[[0.998205,-0.053999,0.025896,-0.007203],[0.058891,0.963634,-0.260657,0.00253],[-0.010879,0.261714,0.965084,-0.002224],[0.0,0.0,0.0,1.0]],"antennas":[-0.102526,0.312077],"body_yaw":-0.455034,"check_collision":false},{"head":[[0.99049,-0.115446,0.074849,-0.007848],[0.128969,0.968549,-0.21279,-0.000658],[-0.04793,0.22042,0.974227,-0.001354],[0.0,0.0,0.0,1.0]],"antennas":[-0.102526,0.312077],"body_yaw":-0.399997,"check_collision":false},{"head":[[0.98274,-0.153709,0.102938,-0.007969],[0.170972,0.967159,-0.188073,-0.001839],[-0.070648,0.202426,0.976746,-0.001096],[0.0,0.0,0.0,1.0]],"antennas":[-0.102526,0.312077],"body_yaw":-0.344311,"check_collision":false},{"head":[[0.977592,-0.17363,0.119025,-0.007669],[0.193455,0.96394,-0.182741,-0.00184],[-0.083003,0.201672,0.97593,-0.00048],[0.0,0.0,0.0,1.0]],"antennas":[-0.102526,0.312077],"body_yaw":-0.288821,"check_collision":false},{"head":[[0.974898,-0.183271,0.126432,-0.007711],[0.205211,0.959922,-0.190889,-0.00166],[-0.08638,0.212042,0.973435,-0.000421],[0.0,0.0,0.0,1.0]],"antennas":[-0.102526,0.312077],"body_yaw":-0.23339,"check_collision":false},{"head":[[0.972981,-0.192575,0.127367,-0.007794],[0.215909,0.954342,-0.206435,-0.001516],[-0.081798,0.228357,0.970135,-0.000159],[0.0,0.0,0.0,1.0]],"antennas":[-0.102526,0.312077],"body_yaw":-0.177558,"check_collision":false},{"head":[[0.969504,-0.20854,0.12874,-0.008212],[0.233606,0.945184,-0.228156,-0.001127],[-0.074103,0.251273,0.965076,0.000241],[0.0,0.0,0.0,1.0]],"antennas":[-0.102526,0.312077],"body_yaw":-0.122084,"check_collision":false},{"head":[[0.964767,-0.225098,0.136216,-0.008779],[0.253399,0.934275,-0.250838,-0.000573],[-0.070801,0.276517,0.958397,0.000608],[0.0,0.0,0.0,1.0]],"antennas":[-0.102526,0.312077],"body_yaw":-0.066556,"check_collision":false},{"head":[[0.962307,-0.230543,0.144274,-0.009212],[0.261872,0.928643,-0.262762,-0.000762],[-0.073401,0.29064,0.954013,0.001215],[0.0,0.0,0.0,1.0]],"antennas":[-0.102526,0.312077],"body_yaw":-0.010975,"check_collision":false},{"head":[[0.961354,-0.228318,0.153847,-0.009391],[0.262689,0.927972,-0.264315,-0.001196],[-0.082417,0.294515,0.952086,0.001198],[0.0,0.0,0.0,1.0]],"antennas":[-0.102526,0.312077],"body_yaw":0.044443,"check_collision":false},{"head":[[0.961304,-0.221253,0.164139,-0.009378],[0.258581,0.930184,-0.260564,-0.002439],[-0.095029,0.292924,0.951402,0.001407],[0.0,0.0,0.0,1.0]],"antennas":[-0.102526,0.312077],"body_yaw":0.085354,"check_collision":false},{"head":[[0.961036,-0.214287,0.174616,-0.009435],[0.254692,0.931949,-0.258075,-0.002947],[-0.107431,0.292493,0.950214,0.001138],[0.0,0.0,0.0,1.0]],"antennas":[-0.102526,0.312077],"body_yaw":0.092097,"check_collision":false},{"head":[[0.959145,-0.212595,0.186665,-0.009519],[0.257185,0.930116,-0.262182,-0.003432],[-0.117882,0.299478,0.946793,0.000854],[0.0,0.0,0.0,1.0]],"antennas":[-0.102526,0.312077],"body_yaw":0.092097,"check_collision":false},{"head":[[0.96263,-0.202334,0.180014,-0.009024],[0.245539,0.932485,-0.264921,-0.004051],[-0.114257,0.299221,0.947318,0.00106],[0.0,0.0,0.0,1.0]],"antennas":[-0.102526,0.312077],"body_yaw":0.092097,"check_collision":false},{"head":[[0.980361,-0.160557,0.114516,-0.008321],[0.18502,0.949805,-0.252264,-0.004285],[-0.068265,0.268498,0.960858,0.000729],[0.0,0.0,0.0,1.0]],"antennas":[-0.102526,0.312077],"body_yaw":0.092097,"check_collision":false},{"head":[[0.996841,-0.079394,-0.002326,-0.00742],[0.077162,0.974927,-0.208717,-0.004666],[0.018839,0.207878,0.977973,0.000635],[0.0,0.0,0.0,1.0]],"antennas":[-0.102526,0.312077],"body_yaw":0.092097,"check_collision":false},{"head":[[0.993719,0.006016,-0.111744,-0.0074],[-0.022814,0.988473,-0.149668,-0.004433],[0.109556,0.151277,0.982401,0.000986],[0.0,0.0,0.0,1.0]],"antennas":[-0.102526,0.312077],"body_yaw":0.092097,"check_collision":false},{"head":[[0.977698,0.076009,-0.19578,-0.007754],[-0.098867,0.98903,-0.109753,-0.003223],[0.18529,0.126662,0.974487,0.001184],[0.0,0.0,0.0,1.0]],"antennas":[-0.102526,0.312077],"body_yaw":0.092097,"check_collision":false},{"head":[[0.959581,0.122142,-0.253547,-0.00786],[-0.148607,0.98498,-0.087925,-0.001786],[0.239,0.12205,0.963319,0.001146],[0.0,0.0,0.0,1.0]],"antennas":[-0.102526,0.312077],"body_yaw":0.092097,"check_collision":false},{"head":[[0.939719,0.150206,-0.307192,-0.008244],[-0.182222,0.980145,-0.07817,-0.000607],[0.289351,0.129435,0.948432,0.001346],[0.0,0.0,0.0,1.0]],"antennas":[-0.102526,0.312077],"body_yaw":0.092097,"check_collision":false},{"head":[[0.914147,0.169026,-0.368463,-0.008437],[-0.20903,0.975315,-0.071188,0.000141],[0.347335,0.142096,0.926913,0.001501],[0.0,0.0,0.0,1.0]],"antennas":[-0.102526,0.312077],"body_yaw":0.088455,"check_collision":false},{"head":[[0.895912,0.181593,-0.405421,-0.008942],[-0.225597,0.972176,-0.063082,0.001054],[0.382686,0.147978,0.911951,0.00149],[0.0,0.0,0.0,1.0]],"antennas":[-0.102526,0.312077],"body_yaw":0.039402,"check_collision":false},{"head":[[0.893266,0.189386,-0.407688,-0.008899],[-0.23586,0.969516,-0.066405,0.001989],[0.382684,0.155474,0.910704,0.001],[0.0,0.0,0.0,1.0]],"antennas":[-0.102526,0.312077],"body_yaw":-0.01621,"check_collision":false},{"head":[[0.891595,0.195174,-0.408614,-0.008406],[-0.242099,0.968012,-0.065888,0.002706],[0.382684,0.15767,0.910326,0.000488],[0.0,0.0,0.0,1.0]],"antennas":[-0.102526,0.312077],"body_yaw":-0.071831,"check_collision":false},{"head":[[0.889154,0.203914,-0.409663,-0.00798],[-0.250914,0.965904,-0.063808,0.003388],[0.382684,0.159526,0.910003,-0.000282],[0.0,0.0,0.0,1.0]],"antennas":[-0.102526,0.312077],"body_yaw":-0.127209,"check_collision":false},{"head":[[0.886042,0.215393,-0.41053,-0.007791],[-0.261692,0.963323,-0.059378,0.003727],[0.382683,0.160043,0.909912,-0.000596],[0.0,0.0,0.0,1.0]],"antennas":[-0.102526,0.312077],"body_yaw":-0.182922,"check_collision":false},{"head":[[0.883965,0.222466,-0.411235,-0.007825],[-0.268624,0.961542,-0.05725,0.003415],[0.382684,0.161075,0.90973,-0.000429],[0.0,0.0,0.0,1.0]],"antennas":[-0.102526,0.312077],"body_yaw":-0.238294,"check_collision":false},{"head":[[0.883117,0.224479,-0.411962,-0.007896],[-0.271398,0.9607,-0.058305,0.003944],[0.382683,0.163296,0.909334,-0.000598],[0.0,0.0,0.0,1.0]],"antennas":[-0.102526,0.312077],"body_yaw":-0.281329,"check_collision":false},{"head":[[0.882604,0.22586,-0.412308,-0.007608],[-0.273064,0.960214,-0.058531,0.004167],[0.382683,0.164246,0.909163,-0.000952],[0.0,0.0,0.0,1.0]],"antennas":[-0.102526,0.312077],"body_yaw":-0.281329,"check_collision":false},{"head":[[0.881096,0.232389,-0.411904,-0.00696],[-0.277891,0.959132,-0.053306,0.004187],[0.382683,0.161432,0.909667,-0.00169],[0.0,0.0,0.0,1.0]],"antennas":[-0.102526,0.312077],"body_yaw":-0.281329,"check_collision":false},{"head":[[0.879212,0.242654,-0.410007,-0.006071],[-0.283797,0.957981,-0.041607,0.004099],[0.382683,0.15294,0.911133,-0.00257],[0.0,0.0,0.0,1.0]],"antennas":[-0.102526,0.312077],"body_yaw":-0.281329,"check_collision":false},{"head":[[0.876509,0.257111,-0.406971,-0.005134],[-0.292036,0.956082,-0.024948,0.003959],[0.382683,0.140717,0.9131,-0.00328],[0.0,0.0,0.0,1.0]],"antennas":[-0.102526,0.312077],"body_yaw":-0.281329,"check_collision":false},{"head":[[0.876548,0.262761,-0.403262,-0.004468],[-0.29192,0.956375,-0.011366,0.004086],[0.382684,0.127683,0.915014,-0.003959],[0.0,0.0,0.0,1.0]],"antennas":[-0.102526,0.312077],"body_yaw":-0.281329,"check_collision":false},{"head":[[0.880895,0.248693,-0.402711,-0.004203],[-0.278528,0.960291,-0.016231,0.004635],[0.382683,0.126464,0.915183,-0.004606],[0.0,0.0,0.0,1.0]],"antennas":[-0.102526,0.312077],"body_yaw":-0.281329,"check_collision":false},{"head":[[0.890284,0.213187,-0.402426,-0.003833],[-0.247303,0.968337,-0.034126,0.006192],[0.382408,0.129903,0.914816,-0.006246],[0.0,0.0,0.0,1.0]],"antennas":[-0.102526,0.312077],"body_yaw":-0.281218,"check_collision":false},{"head":[[0.941564,0.144735,-0.304154,-0.004203],[-0.180555,0.979158,-0.092998,0.008321],[0.284355,0.14248,0.948073,-0.009473],[0.0,0.0,0.0,1.0]],"antennas":[-0.102526,0.312077],"body_yaw":-0.265209,"check_collision":false},{"head":[[0.989243,0.049016,-0.137824,-0.005531],[-0.074214,0.980099,-0.184117,0.009986],[0.126057,0.192365,0.973194,-0.012553],[0.0,0.0,0.0,1.0]],"antennas":[-0.102526,0.312077],"body_yaw":-0.223592,"check_collision":false},{"head":[[0.998639,-0.052114,-0.00183,-0.007622],[0.049936,0.965833,-0.254311,0.011014],[0.01502,0.253873,0.967121,-0.013053],[0.0,0.0,0.0,1.0]],"antennas":[-0.102526,0.312077],"body_yaw":-0.169234,"check_collision":false},{"head":[[0.977821,-0.150491,0.145667,-0.010615],[0.188982,0.93378,-0.303877,0.011255],[-0.09029,0.324666,0.941509,-0.012344],[0.0,0.0,0.0,1.0]],"antennas":[-0.102526,0.312077],"body_yaw":-0.112503,"check_collision":false},{"head":[[0.93866,-0.207091,0.275737,-0.01141],[0.294298,0.897839,-0.327527,0.010327],[-0.179739,0.388585,0.903712,-0.010628],[0.0,0.0,0.0,1.0]],"antennas":[-0.102526,0.312077],"body_yaw":-0.057059,"check_collision":false},{"head":[[0.906071,-0.236057,0.351158,-0.011875],[0.3637,0.858616,-0.36125,0.009431],[-0.216234,0.455034,0.863821,-0.009638],[0.0,0.0,0.0,1.0]],"antennas":[-0.102526,0.312077],"body_yaw":-0.001246,"check_collision":false},{"head":[[0.899424,-0.262866,0.349196,-0.01247],[0.395063,0.830714,-0.392225,0.009718],[-0.186979,0.490731,0.851012,-0.009759],[0.0,0.0,0.0,1.0]],"antennas":[-0.102526,0.312077],"body_yaw":0.035197,"check_collision":false},{"head":[[0.905264,-0.276645,0.322437,-0.012838],[0.39603,0.824249,-0.404689,0.008983],[-0.153814,0.494045,0.855722,-0.008983],[0.0,0.0,0.0,1.0]],"antennas":[-0.102526,0.312077],"body_yaw":0.035919,"check_collision":false},{"head":[[0.915097,-0.279445,0.290702,-0.01311],[0.384486,0.821953,-0.420194,0.008375],[-0.121523,0.49629,0.85961,-0.008272],[0.0,0.0,0.0,1.0]],"antennas":[-0.102526,0.312077],"body_yaw":0.035919,"check_collision":false},{"head":[[0.916259,-0.281066,0.285433,-0.013176],[0.383537,0.821185,-0.422558,0.007258],[-0.115627,0.496646,0.860217,-0.007667],[0.0,0.0,0.0,1.0]],"antennas":[-0.102526,0.312077],"body_yaw":0.035919,"check_collision":false},{"head":[[0.904777,-0.290813,0.311138,-0.013288],[0.403643,0.818566,-0.408683,0.006343],[-0.135837,0.495356,0.858004,-0.007378],[0.0,0.0,0.0,1.0]],"antennas":[-0.102526,0.312077],"body_yaw":0.035919,"check_collision":false},{"head":[[0.882795,-0.307487,0.355139,-0.013401],[0.437268,0.814151,-0.382039,0.004779],[-0.171665,0.492554,0.853183,-0.006548],[0.0,0.0,0.0,1.0]],"antennas":[-0.102526,0.312077],"body_yaw":0.035919,"check_collision":false},{"head":[[0.857503,-0.324195,0.399483,-0.013602],[0.469818,0.809881,-0.351232,0.002934],[-0.209666,0.488867,0.846788,-0.005683],[0.0,0.0,0.0,1.0]],"antennas":[-0.102526,0.312077],"body_yaw":0.035919,"check_collision":false},{"head":[[0.842081,-0.333581,0.42382,-0.014118],[0.487212,0.807532,-0.33244,0.002006],[-0.231353,0.486432,0.842532,-0.005501],[0.0,0.0,0.0,1.0]],"antennas":[-0.102526,0.312077],"body_yaw":0.035919,"check_collision":false},{"head":[[0.82351,-0.347019,0.448787,-0.014129],[0.507866,0.803478,-0.310638,0.000167],[-0.252793,0.483737,0.83791,-0.005006],[0.0,0.0,0.0,1.0]],"antennas":[-0.102526,0.312077],"body_yaw":0.035919,"check_collision":false},{"head":[[0.778106,-0.375504,0.503536,-0.014196],[0.549626,0.795091,-0.256401,-0.001349],[-0.304077,0.476264,0.825051,-0.00507],[0.0,0.0,0.0,1.0]],"antennas":[-0.102526,0.312077],"body_yaw":0.035919,"check_collision":false},{"head":[[0.716923,-0.414586,0.560482,-0.013504],[0.595965,0.781608,-0.18416,-0.002731],[-0.361726,0.466056,0.807431,-0.005783],[0.0,0.0,0.0,1.0]],"antennas":[-0.102526,0.312077],"body_yaw":0.035919,"check_collision":false},{"head":[[0.661102,-0.468034,0.58642,-0.012029],[0.645366,0.753363,-0.126281,-0.003371],[-0.382683,0.46194,0.800103,-0.007389],[0.0,0.0,0.0,1.0]],"antennas":[-0.102526,0.312077],"body_yaw":0.035919,"check_collision":false},{"head":[[0.653281,-0.477073,0.587898,-0.010131],[0.653281,0.747671,-0.119209,-0.003512],[-0.382683,0.46194,0.800103,-0.009469],[0.0,0.0,0.0,1.0]],"antennas":[-0.102526,0.312077],"body_yaw":0.035919,"check_collision":false},{"head":[[0.653281,-0.477073,0.587898,-0.008431],[0.653281,0.747671,-0.119209,-0.004085],[-0.382683,0.46194,0.800103,-0.011294],[0.0,0.0,0.0,1.0]],"antennas":[-0.102526,0.312077],"body_yaw":0.035919,"check_collision":false},{"head":[[0.653281,-0.477073,0.587898,-0.007667],[0.653281,0.747671,-0.119209,-0.005041],[-0.382683,0.46194,0.800103,-0.012516],[0.0,0.0,0.0,1.0]],"antennas":[-0.102526,0.312077],"body_yaw":0.032493,"check_collision":false},{"head":[[0.653281,-0.477073,0.587898,-0.006279],[0.653281,0.747671,-0.119209,-0.005091],[-0.382683,0.46194,0.800103,-0.014042],[0.0,0.0,0.0,1.0]],"antennas":[-0.102526,0.312077],"body_yaw":0.011516,"check_collision":false},{"head":[[0.653281,-0.477073,0.587898,-0.004712],[0.653281,0.747671,-0.119209,-0.004031],[-0.382683,0.46194,0.800103,-0.016546],[0.0,0.0,0.0,1.0]],"antennas":[-0.102526,0.312077],"body_yaw":-0.025091,"check_collision":false},{"head":[[0.653281,-0.477073,0.587898,-0.002629],[0.653281,0.747671,-0.119209,-0.00604],[-0.382683,0.46194,0.800103,-0.017684],[0.0,0.0,0.0,1.0]],"antennas":[-0.102526,0.312077],"body_yaw":-0.053731,"check_collision":false},{"head":[[0.653281,-0.477073,0.587898,-0.000321],[0.653281,0.747671,-0.119209,-0.008245],[-0.382683,0.46194,0.800103,-0.01919],[0.0,0.0,0.0,1.0]],"antennas":[-0.102526,0.312077],"body_yaw":-0.056726,"check_collision":false},{"head":[[0.653281,-0.477073,0.587898,0.001036],[0.653281,0.747671,-0.119209,-0.010208],[-0.382683,0.46194,0.800103,-0.019839],[0.0,0.0,0.0,1.0]],"antennas":[-0.102526,0.312077],"body_yaw":-0.056726,"check_collision":false},{"head":[[0.653281,-0.477073,0.587898,0.002201],[0.653281,0.747671,-0.119209,-0.011839],[-0.382683,0.46194,0.800103,-0.020294],[0.0,0.0,0.0,1.0]],"antennas":[-0.102526,0.312077],"body_yaw":-0.056726,"check_collision":false},{"head":[[0.653281,-0.477073,0.587898,0.002424],[0.653281,0.747671,-0.119209,-0.013929],[-0.382683,0.46194,0.800103,-0.019664],[0.0,0.0,0.0,1.0]],"antennas":[-0.102526,0.312077],"body_yaw":-0.056726,"check_collision":false},{"head":[[0.653281,-0.477073,0.587898,0.002531],[0.653281,0.747671,-0.119209,-0.014068],[-0.382683,0.46194,0.800103,-0.019147],[0.0,0.0,0.0,1.0]],"antennas":[-0.102526,0.312077],"body_yaw":-0.056726,"check_collision":false},{"head":[[0.653281,-0.477073,0.587898,0.001916],[0.653281,0.747671,-0.119209,-0.014744],[-0.382683,0.46194,0.800103,-0.018123],[0.0,0.0,0.0,1.0]],"antennas":[-0.102526,0.312077],"body_yaw":-0.056726,"check_collision":false},{"head":[[0.653281,-0.477073,0.587898,0.002075],[0.653281,0.747671,-0.119209,-0.014914],[-0.382683,0.46194,0.800103,-0.017982],[0.0,0.0,0.0,1.0]],"antennas":[-0.102526,0.312077],"body_yaw":-0.056726,"check_collision":false},{"head":[[0.653281,-0.477073,0.587898,0.002451],[0.653281,0.747671,-0.119209,-0.014744],[-0.382683,0.46194,0.800103,-0.018249],[0.0,0.0,0.0,1.0]],"antennas":[-0.102526,0.312077],"body_yaw":-0.056726,"check_collision":false},{"head":[[0.653281,-0.477073,0.587898,0.002113],[0.653281,0.747671,-0.119209,-0.012056],[-0.382683,0.46194,0.800103,-0.019218],[0.0,0.0,0.0,1.0]],"antennas":[-0.102526,0.312077],"body_yaw":-0.056726,"check_collision":false},{"head":[[0.653281,-0.477073,0.587898,0.002995],[0.653281,0.747671,-0.119209,-0.009922],[-0.382683,0.46194,0.800103,-0.019903],[0.0,0.0,0.0,1.0]],"antennas":[-0.102526,0.312077],"body_yaw":-0.056726,"check_collision":false},{"head":[[0.653281,-0.477073,0.587898,0.004242],[0.653281,0.747671,-0.119209,-0.008726],[-0.382683,0.46194,0.800103,-0.019762],[0.0,0.0,0.0,1.0]],"antennas":[-0.102526,0.312077],"body_yaw":-0.056726,"check_collision":false},{"head":[[0.769516,-0.319883,0.552738,0.005703],[0.511271,0.827216,-0.233056,-0.006782],[-0.382683,0.46194,0.800103,-0.019899],[0.0,0.0,0.0,1.0]],"antennas":[-0.102526,0.312077],"body_yaw":-0.056726,"check_collision":false},{"head":[[0.876691,-0.151106,0.456705,0.007036],[0.289548,0.923903,-0.250132,-0.004641],[-0.384154,0.351527,0.85373,-0.020428],[0.0,0.0,0.0,1.0]],"antennas":[-0.102526,0.312077],"body_yaw":-0.056726,"check_collision":false},{"head":[[0.923614,0.003998,0.383303,0.006826],[0.071024,0.980846,-0.181373,0.000341],[-0.376686,0.194742,0.905639,-0.022505],[0.0,0.0,0.0,1.0]],"antennas":[-0.102526,0.312077],"body_yaw":-0.056726,"check_collision":false},{"head":[[0.95676,0.1339,0.258227,0.007117],[-0.114109,0.989362,-0.090234,0.003496],[-0.267562,0.056866,0.961861,-0.02351],[0.0,0.0,0.0,1.0]],"antennas":[-0.102526,0.312077],"body_yaw":-0.056726,"check_collision":false},{"head":[[0.964552,0.215152,0.152802,0.006814],[-0.219327,0.975592,0.010809,0.008314],[-0.146747,-0.043939,0.988198,-0.025656],[0.0,0.0,0.0,1.0]],"antennas":[-0.102526,0.312077],"body_yaw":-0.056726,"check_collision":false},{"head":[[0.958171,0.27242,0.08773,0.007366],[-0.279735,0.956222,0.085947,0.013733],[-0.060476,-0.106893,0.99243,-0.027982],[0.0,0.0,0.0,1.0]],"antennas":[-0.102526,0.312077],"body_yaw":-0.056726,"check_collision":false},{"head":[[0.949956,0.310529,0.034007,0.007762],[-0.312252,0.940722,0.132444,0.01747],[0.009137,-0.136435,0.990607,-0.029743],[0.0,0.0,0.0,1.0]],"antennas":[-0.102526,0.312077],"body_yaw":-0.056726,"check_collision":false},{"head":[[0.942351,0.334285,-0.015084,0.007442],[-0.328338,0.932402,0.151069,0.020636],[0.064565,-0.137407,0.988408,-0.029931],[0.0,0.0,0.0,1.0]],"antennas":[-0.102526,0.312077],"body_yaw":-0.056726,"check_collision":false},{"head":[[0.933884,0.353824,-0.051671,0.007418],[-0.34155,0.925441,0.164022,0.022056],[0.105853,-0.13553,0.985102,-0.029532],[0.0,0.0,0.0,1.0]],"antennas":[-0.102526,0.312077],"body_yaw":-0.056726,"check_collision":false},{"head":[[0.923017,0.376705,-0.07831,0.006697],[-0.357753,0.915176,0.185651,0.02459],[0.141603,-0.143343,0.97949,-0.029639],[0.0,0.0,0.0,1.0]],"antennas":[-0.102526,0.312077],"body_yaw":-0.056726,"check_collision":false},{"head":[[0.91471,0.392997,-0.094121,0.006489],[-0.368734,0.90698,0.203527,0.026514],[0.165352,-0.151462,0.974535,-0.03],[0.0,0.0,0.0,1.0]],"antennas":[-0.102526,0.312077],"body_yaw":-0.056726,"check_collision":false},{"head":[[0.908829,0.402856,-0.108334,0.006784],[-0.374117,0.901972,0.215599,0.026966],[0.184569,-0.155413,0.970454,-0.03],[0.0,0.0,0.0,1.0]],"antennas":[-0.102526,0.312077],"body_yaw":-0.056726,"check_collision":false},{"head":[[0.900544,0.415889,-0.126715,0.00696],[-0.381351,0.895577,0.229157,0.02794],[0.208787,-0.158043,0.965106,-0.03],[0.0,0.0,0.0,1.0]],"antennas":[-0.102526,0.312077],"body_yaw":-0.056726,"check_collision":false},{"head":[[0.887462,0.436412,-0.148173,0.006978],[-0.393106,0.884593,0.250923,0.027799],[0.240579,-0.164437,0.956599,-0.03],[0.0,0.0,0.0,1.0]],"antennas":[-0.102526,0.312077],"body_yaw":-0.056726,"check_collision":false},{"head":[[0.872693,0.456877,-0.172252,0.007371],[-0.402415,0.872797,0.276203,0.027679],[0.276532,-0.171724,0.945537,-0.03],[0.0,0.0,0.0,1.0]],"antennas":[-0.102526,0.312077],"body_yaw":-0.056726,"check_collision":false},{"head":[[0.857413,0.474425,-0.199411,0.008003],[-0.407835,0.862725,0.298957,0.027208],[0.31387,-0.175003,0.933199,-0.03],[0.0,0.0,0.0,1.0]],"antennas":[-0.102526,0.312077],"body_yaw":-0.056726,"check_collision":false},{"head":[[0.833945,0.497951,-0.237868,0.008795],[-0.415909,0.850434,0.32215,0.026588],[0.362706,-0.169724,0.916318,-0.03],[0.0,0.0,0.0,1.0]],"antennas":[-0.102526,0.312077],"body_yaw":-0.056726,"check_collision":false},{"head":[[0.820338,0.509623,-0.259479,0.008312],[-0.424958,0.846859,0.319751,0.026903],[0.382695,-0.152036,0.911279,-0.03],[0.0,0.0,0.0,1.0]],"antennas":[-0.102526,0.312077],"body_yaw":-0.056726,"check_collision":false},{"head":[[0.815407,0.506395,-0.280491,0.007631],[-0.434345,0.855512,0.281858,0.027594],[0.382695,-0.108,0.917541,-0.028517],[0.0,0.0,0.0,1.0]],"antennas":[-0.102526,0.312077],"body_yaw":-0.056726,"check_collision":false},{"head":[[0.811607,0.500474,-0.301364,0.007055],[-0.441409,0.863256,0.244843,0.027943],[0.382691,-0.065691,0.921538,-0.026008],[0.0,0.0,0.0,1.0]],"antennas":[-0.102526,0.312077],"body_yaw":-0.056726,"check_collision":false},{"head":[[0.807609,0.500517,-0.311849,0.006452],[-0.448687,0.864685,0.225833,0.027733],[0.382684,-0.042462,0.922903,-0.024081],[0.0,0.0,0.0,1.0]],"antennas":[-0.102526,0.312077],"body_yaw":-0.056726,"check_collision":false},{"head":[[0.807279,0.499298,-0.314647,0.006343],[-0.449282,0.865641,0.220934,0.026967],[0.382684,-0.03699,0.923139,-0.023209],[0.0,0.0,0.0,1.0]],"antennas":[-0.102526,0.312077],"body_yaw":-0.056726,"check_collision":false},{"head":[[0.805219,0.502915,-0.314162,0.00683],[-0.452962,0.863585,0.221464,0.025308],[0.382684,-0.036024,0.923177,-0.021788],[0.0,0.0,0.0,1.0]],"antennas":[-0.102526,0.312077],"body_yaw":-0.056726,"check_collision":false},{"head":[[0.806195,0.503337,-0.310968,0.007757],[-0.451224,0.863031,0.227102,0.023386],[0.382684,-0.042772,0.922889,-0.021228],[0.0,0.0,0.0,1.0]],"antennas":[-0.102526,0.312077],"body_yaw":-0.056726,"check_collision":false},{"head":[[0.809249,0.498005,-0.311621,0.008692],[-0.445725,0.866036,0.226517,0.023004],[0.382682,-0.044411,0.922812,-0.021304],[0.0,0.0,0.0,1.0]],"antennas":[-0.102526,0.312077],"body_yaw":-0.056726,"check_collision":false},{"head":[[0.815277,0.485847,-0.315081,0.009851],[-0.438141,0.873321,0.21294,0.022991],[0.378623,-0.035555,0.924868,-0.021755],[0.0,0.0,0.0,1.0]],"antennas":[-0.102526,0.312077],"body_yaw":-0.056726,"check_collision":false},{"head":[[0.831048,0.470682,-0.296341,0.010718],[-0.433451,0.881935,0.185233,0.022326],[0.348539,-0.025488,0.936948,-0.021819],[0.0,0.0,0.0,1.0]],"antennas":[-0.102526,0.312077],"body_yaw":-0.056726,"check_collision":false},{"head":[[0.841019,0.461856,-0.281738,0.010945],[-0.430912,0.886744,0.16733,0.021212],[0.327112,-0.019324,0.944788,-0.021673],[0.0,0.0,0.0,1.0]],"antennas":[-0.102526,0.312077],"body_yaw":-0.056726,"check_collision":false},{"head":[[0.843643,0.459243,-0.278142,0.010566],[-0.430257,0.888157,0.161418,0.020015],[0.321164,-0.016507,0.94688,-0.021006],[0.0,0.0,0.0,1.0]],"antennas":[-0.102526,0.312077],"body_yaw":-0.056726,"check_collision":false},{"head":[[0.840325,0.459945,-0.286887,0.010128],[-0.429689,0.887818,0.164763,0.018808],[0.330486,-0.015183,0.943689,-0.020573],[0.0,0.0,0.0,1.0]],"antennas":[-0.102526,0.312077],"body_yaw":-0.056726,"check_collision":false},{"head":[[0.830695,0.457572,-0.317132,0.009533],[-0.425933,0.889164,0.167237,0.017849],[0.358505,-0.003846,0.93352,-0.020222],[0.0,0.0,0.0,1.0]],"antennas":[-0.102526,0.312077],"body_yaw":-0.056726,"check_collision":false},{"head":[[0.822317,0.449348,-0.349114,0.008578],[-0.421127,0.893188,0.157692,0.017443],[0.382683,0.017349,0.923717,-0.019177],[0.0,0.0,0.0,1.0]],"antennas":[-0.102526,0.312077],"body_yaw":-0.056726,"check_collision":false},{"head":[[0.822876,0.439494,-0.360167,0.00732],[-0.420035,0.897359,0.135345,0.017214],[0.382683,0.039911,0.923017,-0.017373],[0.0,0.0,0.0,1.0]],"antennas":[-0.102526,0.312077],"body_yaw":-0.056726,"check_collision":false},{"head":[[0.824036,0.427914,-0.371286,0.00569],[-0.417754,0.901633,0.111981,0.017108],[0.382682,0.06283,0.921741,-0.015694],[0.0,0.0,0.0,1.0]],"antennas":[-0.102526,0.312077],"body_yaw":-0.056726,"check_collision":false},{"head":[[0.82666,0.414649,-0.380394,0.004493],[-0.412537,0.906339,0.091443,0.017055],[0.382683,0.081335,0.920293,-0.014176],[0.0,0.0,0.0,1.0]],"antennas":[-0.102526,0.312077],"body_yaw":-0.056726,"check_collision":false},{"head":[[0.830744,0.402525,-0.384498,0.003198],[-0.404251,0.911107,0.080403,0.016729],[0.382683,0.088639,0.919618,-0.012316],[0.0,0.0,0.0,1.0]],"antennas":[-0.102526,0.312077],"body_yaw":-0.056726,"check_collision":false},{"head":[[0.839818,0.385768,-0.381953,0.00268],[-0.387833,0.918666,0.075093,0.016239],[0.379856,0.08507,0.921126,-0.01185],[0.0,0.0,0.0,1.0]],"antennas":[-0.102526,0.312077],"body_yaw":-0.056726,"check_collision":false},{"head":[[0.90072,0.361553,-0.240795,0.002457],[-0.365889,0.930234,0.028095,0.015275],[0.234154,0.062798,0.970169,-0.013531],[0.0,0.0,0.0,1.0]],"antennas":[-0.102526,0.312077],"body_yaw":-0.056726,"check_collision":false},{"head":[[0.953036,0.302721,0.009089,0.002285],[-0.302553,0.952994,-0.016239,0.012327],[-0.013578,0.012726,0.999827,-0.017057],[0.0,0.0,0.0,1.0]],"antennas":[-0.102526,0.312077],"body_yaw":-0.056726,"check_collision":false},{"head":[[0.953792,0.213243,0.211677,0.002456],[-0.210603,0.976937,-0.035215,0.008613],[-0.214305,-0.010992,0.976705,-0.019787],[0.0,0.0,0.0,1.0]],"antennas":[-0.102526,0.312077],"body_yaw":-0.056726,"check_collision":false},{"head":[[0.928092,0.127316,0.349909,0.005366],[-0.095653,0.989712,-0.106403,0.005402],[-0.359856,0.065282,0.930721,-0.021618],[0.0,0.0,0.0,1.0]],"antennas":[-0.102526,0.312077],"body_yaw":-0.056726,"check_collision":false},{"head":[[0.922643,0.019973,0.385137,0.008137],[0.047641,0.985106,-0.165217,0.004089],[-0.382701,0.170785,0.90795,-0.023643],[0.0,0.0,0.0,1.0]],"antennas":[-0.102526,0.312077],"body_yaw":-0.056726,"check_collision":false},{"head":[[0.90553,-0.080248,0.416623,0.008872],[0.183202,0.959645,-0.213349,0.003329],[-0.38269,0.26952,0.88369,-0.02499],[0.0,0.0,0.0,1.0]],"antennas":[-0.102526,0.312077],"body_yaw":-0.056726,"check_collision":false},{"head":[[0.889499,-0.130613,0.437871,0.007596],[0.249684,0.941495,-0.226374,0.003358],[-0.382686,0.310689,0.870071,-0.024562],[0.0,0.0,0.0,1.0]],"antennas":[-0.102526,0.312077],"body_yaw":-0.056726,"check_collision":false},{"head":[[0.882193,-0.147072,0.447332,0.009753],[0.274389,0.932584,-0.234517,-0.003019],[-0.382684,0.329632,0.863073,-0.023671],[0.0,0.0,0.0,1.0]],"antennas":[-0.102526,0.312077],"body_yaw":-0.056726,"check_collision":false},{"head":[[0.884788,-0.138434,0.444956,0.008891],[0.265901,0.93413,-0.238114,-0.002489],[-0.382683,0.328995,0.863317,-0.023812],[0.0,0.0,0.0,1.0]],"antennas":[-0.102526,0.312077],"body_yaw":-0.056726,"check_collision":false},{"head":[[0.882642,-0.136933,0.449657,0.008776],[0.272935,0.92814,-0.253107,-0.0017],[-0.382686,0.34613,0.856589,-0.02456],[0.0,0.0,0.0,1.0]],"antennas":[-0.102526,0.312077],"body_yaw":-0.056726,"check_collision":false},{"head":[[0.876888,-0.142639,0.459044,0.009027],[0.290889,0.91772,-0.270506,-0.001201],[-0.382689,0.370734,0.84623,-0.025136],[0.0,0.0,0.0,1.0]],"antennas":[-0.102526,0.312077],"body_yaw":-0.056726,"check_collision":false},{"head":[[0.874466,-0.141546,0.463976,0.009101],[0.298097,0.911371,-0.283796,-0.000848],[-0.382684,0.38648,0.839158,-0.025379],[0.0,0.0,0.0,1.0]],"antennas":[-0.102526,0.312077],"body_yaw":-0.056726,"check_collision":false},{"head":[[0.876004,-0.134952,0.463039,0.009404],[0.293548,0.91094,-0.289858,0.000285],[-0.382683,0.389841,0.837602,-0.025909],[0.0,0.0,0.0,1.0]],"antennas":[-0.102526,0.312077],"body_yaw":-0.056726,"check_collision":false},{"head":[[0.877023,-0.130104,0.462496,0.009355],[0.290488,0.910348,-0.294759,0.000729],[-0.382683,0.39286,0.83619,-0.025981],[0.0,0.0,0.0,1.0]],"antennas":[-0.102526,0.312077],"body_yaw":-0.056726,"check_collision":false},{"head":[[0.873077,-0.135685,0.468322,0.010106],[0.302138,0.904417,-0.301234,0.002382],[-0.382686,0.404499,0.830622,-0.027509],[0.0,0.0,0.0,1.0]],"antennas":[-0.102526,0.312077],"body_yaw":-0.056726,"check_collision":false},{"head":[[0.866813,-0.147074,0.476449,0.010166],[0.319665,0.897234,-0.304607,0.002674],[-0.382687,0.416342,0.824749,-0.027902],[0.0,0.0,0.0,1.0]],"antennas":[-0.102526,0.312077],"body_yaw":-0.056726,"check_collision":false},{"head":[[0.863414,-0.154118,0.480379,0.010389],[0.32874,0.894157,-0.303995,0.002806],[-0.382684,0.420393,0.822692,-0.028453],[0.0,0.0,0.0,1.0]],"antennas":[-0.102526,0.312077],"body_yaw":-0.056726,"check_collision":false},{"head":[[0.86389,-0.154762,0.479315,0.010573],[0.327486,0.895606,-0.301068,0.003001],[-0.382684,0.417059,0.824388,-0.029048],[0.0,0.0,0.0,1.0]],"antennas":[-0.102526,0.312077],"body_yaw":-0.056726,"check_collision":false},{"head":[[0.865326,-0.152227,0.477532,0.010597],[0.323672,0.897176,-0.300519,0.003242],[-0.382683,0.414611,0.825622,-0.029491],[0.0,0.0,0.0,1.0]],"antennas":[-0.102526,0.312