{"description":"When plugged in, you show a jolt of electricity rising from bottom to top.","time":[0.0,0.02,0.04,0.06,0.08,0.1,0.12,0.14,0.16,0.18,0.2,0.22,0.24,0.26,0.28,0.3,0.32,0.34,0.36,0.38,0.4,0.42,0.44,0.46,0.48,0.5,0.52,0.54,0.56,0.58,0.6,0.62,0.64,0.66,0.68,0.7,0.72,0.74,0.76,0.78,0.8,0.82,0.84,0.86,0.88,0.9,0.92,0.94,0.96,0.98,1.0,1.02,1.04,1.06,1.08,1.1,1.12,1.14,1.16,1.18,1.2,1.22,1.24,1.26,1.28,1.3,1.32,1.34,1.36,1.38,1.4,1.42,1.44,1.46,1.48,1.5,1.52,1.54,1.56,1.58,1.6,1.62,1.64,1.66,1.68,1.7,1.72,1.74,1.76,1.78,1.8,1.82,1.84,1.86,1.88,1.9,1.92,1.94,1.96,1.98,2.0,2.02,2.04,2.06,2.08,2.1,2.12,2.14,2.16,2.18,2.2,2.22,2.24,2.26,2.28,2.3,2.32,2.34,2.36,2.38,2.4,2.42,2.44,2.46,2.48,2.5,2.52,2.54,2.56,2.58,2.6,2.62,2.64,2.66,2.68,2.7,2.72,2.74,2.76,2.78,2.8,2.82,2.84,2.86,2.88,2.9,2.92,2.94,2.96,2.98,3.0,3.02,3.04,3.06,3.08,3.1,3.12,3.14,3.16,3.18,3.2,3.22,3.24,3.26,3.28,3.3,3.32,3.34,3.36,3.38,3.4,3.42,3.44,3.46,3.48,3.5],"set_target_data":[{"head":[[0.96332,0.257689,-0.074903,-0.013961],[-0.264762,0.958169,-0.10869,0.005581],[0.043761,0.124535,0.99125,0.001326],[0.0,0.0,0.0,1.0]],"antennas":[-0.312883,0.312916],"body_yaw":-0.199526,"check_collision":false},{"head":[[0.964779,0.251307,-0.077761,-0.014075],[-0.258711,0.959964,-0.107417,0.005702],[0.047653,0.123751,0.991168,0.001049],[0.0,0.0,0.0,1.0]],"antennas":[-0.312883,0.312916],"body_yaw":-0.199526,"check_collision":false},{"head":[[0.966129,0.245577,-0.079287,-0.014265],[-0.253141,0.961573,-0.106284,0.005917],[0.050139,0.122755,0.99117,0.000775],[0.0,0.0,0.0,1.0]],"antennas":[-0.312883,0.312916],"body_yaw":-0.199526,"check_collision":false},{"head":[[0.967161,0.241267,-0.07994,-0.014385],[-0.248896,0.962758,-0.105584,0.006133],[0.051489,0.122014,0.991192,0.000609],[0.0,0.0,0.0,1.0]],"antennas":[-0.312883,0.312916],"body_yaw":-0.199526,"check_collision":false},{"head":[[0.968112,0.237005,-0.081166,-0.014453],[-0.244794,0.963829,-0.105399,0.006167],[0.053251,0.121907,0.991112,0.000549],[0.0,0.0,0.0,1.0]],"antennas":[-0.312883,0.312916],"body_yaw":-0.199526,"check_collision":false},{"head":[[0.969141,0.231839,-0.083765,-0.01454],[-0.239971,0.965036,-0.105445,0.006369],[0.05639,0.122292,0.990891,0.000488],[0.0,0.0,0.0,1.0]],"antennas":[-0.312883,0.312916],"body_yaw":-0.199526,"check_collision":false},{"head":[[0.970139,0.226687,-0.086272,-0.014486],[-0.235176,0.966166,-0.105906,0.006345],[0.059345,0.123033,0.990627,0.000521],[0.0,0.0,0.0,1.0]],"antennas":[-0.312883,0.312916],"body_yaw":-0.199526,"check_collision":false},{"head":[[0.97073,0.223696,-0.087427,-0.014411],[-0.232345,0.966843,-0.105971,0.00648],[0.060823,0.123183,0.990518,0.000405],[0.0,0.0,0.0,1.0]],"antennas":[-0.312883,0.312916],"body_yaw":-0.199526,"check_collision":false},{"head":[[0.971174,0.22179,-0.087356,-0.014345],[-0.230442,0.96729,-0.106052,0.00664],[0.060978,0.123126,0.990516,0.000383],[0.0,0.0,0.0,1.0]],"antennas":[-0.312883,0.312916],"body_yaw":-0.199526,"check_collision":false},{"head":[[0.971537,0.220039,-0.087744,-0.014403],[-0.228749,0.967687,-0.106094,0.006716],[0.061564,0.123145,0.990477,0.000397],[0.0,0.0,0.0,1.0]],"antennas":[-0.312883,0.312916],"body_yaw":-0.199526,"check_collision":false},{"head":[[0.971939,0.218275,-0.087698,-0.014408],[-0.22699,0.968096,-0.106141,0.006839],[0.061732,0.123069,0.990476,0.000367],[0.0,0.0,0.0,1.0]],"antennas":[-0.312883,0.312916],"body_yaw":-0.199526,"check_collision":false},{"head":[[0.972171,0.217421,-0.087245,-0.014398],[-0.226102,0.96827,-0.106453,0.006891],[0.061331,0.123217,0.990483,0.000319],[0.0,0.0,0.0,1.0]],"antennas":[-0.312883,0.312916],"body_yaw":-0.199526,"check_collision":false},{"head":[[0.972144,0.217955,-0.086212,-0.014383],[-0.226512,0.968162,-0.106558,0.007004],[0.060242,0.123118,0.990562,0.000246],[0.0,0.0,0.0,1.0]],"antennas":[-0.312883,0.312916],"body_yaw":-0.199526,"check_collision":false},{"head":[[0.972086,0.218586,-0.085262,-0.014384],[-0.227072,0.967939,-0.10739,0.007105],[0.059054,0.123753,0.990554,0.000233],[0.0,0.0,0.0,1.0]],"antennas":[-0.312883,0.312916],"body_yaw":-0.199526,"check_collision":false},{"head":[[0.971983,0.219494,-0.084092,-0.014351],[-0.227889,0.967635,-0.10839,0.007106],[0.05758,0.124517,0.990545,0.000232],[0.0,0.0,0.0,1.0]],"antennas":[-0.312883,0.312916],"body_yaw":-0.199526,"check_collision":false},{"head":[[0.971714,0.221119,-0.082932,-0.01435],[-0.229373,0.967263,-0.10858,0.007209],[0.056208,0.124531,0.990622,0.000303],[0.0,0.0,0.0,1.0]],"antennas":[-0.312883,0.312916],"body_yaw":-0.199526,"check_collision":false},{"head":[[0.971513,0.222185,-0.082443,-0.014334],[-0.230384,0.967001,-0.108776,0.007317],[0.055554,0.124671,0.990642,0.00041],[0.0,0.0,0.0,1.0]],"antennas":[-0.312883,0.312916],"body_yaw":-0.199526,"check_collision":false},{"head":[[0.971447,0.222683,-0.081867,-0.014312],[-0.230833,0.96684,-0.109252,0.007225],[0.054824,0.12503,0.990637,0.000525],[0.0,0.0,0.0,1.0]],"antennas":[-0.312883,0.312916],"body_yaw":-0.199526,"check_collision":false},{"head":[[0.971302,0.223976,-0.08004,-0.014237],[-0.231901,0.966566,-0.109419,0.007194],[0.052857,0.12484,0.990768,0.000476],[0.0,0.0,0.0,1.0]],"antennas":[-0.312883,0.312916],"body_yaw":-0.242224,"check_collision":false},{"head":[[0.971109,0.225594,-0.077809,-0.014161],[-0.233228,0.966254,-0.109356,0.007096],[0.050514,0.124344,0.990953,0.000444],[0.0,0.0,0.0,1.0]],"antennas":[-0.312883,0.312916],"body_yaw":-0.297773,"check_collision":false},{"head":[[0.97094,0.226803,-0.076387,-0.014189],[-0.234264,0.965978,-0.109574,0.006984],[0.048937,0.124284,0.991039,0.000553],[0.0,0.0,0.0,1.0]],"antennas":[-0.312883,0.312916],"body_yaw":-0.352795,"check_collision":false},{"head":[[0.970807,0.227626,-0.075628,-0.014215],[-0.235015,0.965733,-0.110127,0.006969],[0.047968,0.124686,0.991036,0.000604],[0.0,0.0,0.0,1.0]],"antennas":[-0.312883,0.312916],"body_yaw":-0.408628,"check_collision":false},{"head":[[0.970741,0.228282,-0.074488,-0.014189],[-0.235551,0.965542,-0.110654,0.006946],[0.046661,0.124963,0.991064,0.000604],[0.0,0.0,0.0,1.0]],"antennas":[-0.312883,0.312916],"body_yaw":-0.463403,"check_collision":false},{"head":[[0.970629,0.22917,-0.073219,-0.014088],[-0.236299,0.965299,-0.111178,0.006791],[0.0452,0.125214,0.9911,0.000642],[0.0,0.0,0.0,1.0]],"antennas":[-0.312883,0.312916],"body_yaw":-0.459279,"check_collision":false},{"head":[[0.970381,0.230444,-0.072499,-0.01403],[-0.237496,0.964951,-0.111647,0.00668],[0.04423,0.125559,0.9911,0.000727],[0.0,0.0,0.0,1.0]],"antennas":[-0.312883,0.312916],"body_yaw":-0.43738,"check_collision":false},{"head":[[0.970099,0.231737,-0.072157,-0.014082],[-0.238767,0.964561,-0.112304,0.00661],[0.043575,0.126174,0.991051,0.000883],[0.0,0.0,0.0,1.0]],"antennas":[-0.312883,0.312916],"body_yaw":-0.451055,"check_collision":false},{"head":[[0.969773,0.233214,-0.071773,-0.014123],[-0.240218,0.96412,-0.112999,0.006547],[0.042845,0.126825,0.990999,0.000981],[0.0,0.0,0.0,1.0]],"antennas":[-0.312883,0.312916],"body_yaw":-0.503984,"check_collision":false},{"head":[[0.969432,0.234808,-0.071182,-0.014209],[-0.24175,0.963672,-0.113548,0.006455],[0.041934,0.127286,0.990979,0.001158],[0.0,0.0,0.0,1.0]],"antennas":[-0.312883,0.312916],"body_yaw":-0.558333,"check_collision":false},{"head":[[0.969208,0.235875,-0.070702,-0.014182],[-0.242766,0.963368,-0.113956,0.006492],[0.041233,0.127612,0.990967,0.00109],[0.0,0.0,0.0,1.0]],"antennas":[-0.312883,0.312916],"body_yaw":-0.613787,"check_collision":false},{"head":[[0.969112,0.236332,-0.070488,-0.01418],[-0.243201,0.963238,-0.114131,0.006542],[0.040924,0.127748,0.990962,0.001013],[0.0,0.0,0.0,1.0]],"antennas":[-0.312883,0.312916],"body_yaw":-0.66963,"check_collision":false},{"head":[[0.969008,0.236827,-0.070259,-0.014191],[-0.243665,0.963116,-0.114174,0.00648],[0.040628,0.127756,0.990973,0.001026],[0.0,0.0,0.0,1.0]],"antennas":[-0.312883,0.312916],"body_yaw":-0.714536,"check_collision":false},{"head":[[0.968903,0.237378,-0.069852,-0.014161],[-0.244155,0.963007,-0.114041,0.006352],[0.040198,0.12755,0.991017,0.001049],[0.0,0.0,0.0,1.0]],"antennas":[-0.312883,0.312916],"body_yaw":-0.706407,"check_collision":false},{"head":[[0.968798,0.237976,-0.069268,-0.014107],[-0.244677,0.962869,-0.114086,0.006237],[0.039546,0.127475,0.991053,0.000975],[0.0,0.0,0.0,1.0]],"antennas":[-0.312883,0.312916],"body_yaw":-0.65101,"check_collision":false},{"head":[[0.968749,0.238355,-0.068645,-0.014022],[-0.244988,0.962749,-0.114433,0.006137],[0.038812,0.127674,0.991056,0.000991],[0.0,0.0,0.0,1.0]],"antennas":[-0.312883,0.312916],"body_yaw":-0.626482,"check_collision":false},{"head":[[0.96874,0.238596,-0.067938,-0.013952],[-0.245139,0.962701,-0.114512,0.006007],[0.038082,0.127587,0.991096,0.001056],[0.0,0.0,0.0,1.0]],"antennas":[-0.312883,0.312916],"body_yaw":-0.570953,"check_collision":false},{"head":[[0.968796,0.238438,-0.067693,-0.01392],[-0.244956,0.962733,-0.114641,0.005865],[0.037835,0.127645,0.991098,0.001087],[0.0,0.0,0.0,1.0]],"antennas":[-0.312883,0.312916],"body_yaw":-0.515565,"check_collision":false},{"head":[[0.968886,0.237968,-0.068055,-0.013999],[-0.244544,0.96281,-0.114867,0.005949],[0.038189,0.127936,0.991047,0.001251],[0.0,0.0,0.0,1.0]],"antennas":[-0.312883,0.312916],"body_yaw":-0.475602,"check_collision":false},{"head":[[0.96888,0.238024,-0.06795,-0.014074],[-0.244573,0.962841,-0.114545,0.00613],[0.038161,0.127599,0.991091,0.001354],[0.0,0.0,0.0,1.0]],"antennas":[-0.312883,0.312916],"body_yaw":-0.472532,"check_collision":false},{"head":[[0.968915,0.237949,-0.067704,-0.014054],[-0.244463,0.962885,-0.114414,0.006109],[0.037966,0.127408,0.991123,0.001273],[0.0,0.0,0.0,1.0]],"antennas":[-0.312883,0.312916],"body_yaw":-0.452447,"check_collision":false},{"head":[[0.96897,0.237689,-0.067838,-0.013993],[-0.244237,0.962893,-0.114828,0.005846],[0.038028,0.127833,0.991066,0.001099],[0.0,0.0,0.0,1.0]],"antennas":[-0.312883,0.312916],"body_yaw":-0.396915,"check_collision":false},{"head":[[0.969007,0.237567,-0.067738,-0.013908],[-0.244117,0.96288,-0.115188,0.00556],[0.037859,0.128154,0.991031,0.000862],[0.0,0.0,0.0,1.0]],"antennas":[-0.312883,0.312916],"body_yaw":-0.341612,"check_collision":false},{"head":[[0.969037,0.237383,-0.067949,-0.013953],[-0.243955,0.962942,-0.115013,0.005576],[0.038129,0.128028,0.991037,0.000751],[0.0,0.0,0.0,1.0]],"antennas":[-0.312883,0.312916],"body_yaw":-0.286116,"check_collision":false},{"head":[[0.969182,0.236698,-0.068273,-0.014104],[-0.243292,0.963183,-0.114404,0.00573],[0.03868,0.127489,0.991085,0.000843],[0.0,0.0,0.0,1.0]],"antennas":[-0.312883,0.312916],"body_yaw":-0.230584,"check_collision":false},{"head":[[0.969648,0.234657,-0.068693,-0.014176],[-0.241275,0.963815,-0.113348,0.006073],[0.039609,0.126481,0.991178,0.001023],[0.0,0.0,0.0,1.0]],"antennas":[-0.312883,0.312916],"body_yaw":-0.175115,"check_collision":false},{"head":[[0.970348,0.231695,-0.068857,-0.014167],[-0.238301,0.964701,-0.112095,0.006031],[0.040454,0.12518,0.991309,0.001108],[0.0,0.0,0.0,1.0]],"antennas":[-0.312883,0.312916],"body_yaw":-0.122067,"check_collision":false},{"head":[[0.97127,0.227873,-0.068619,-0.014192],[-0.234485,0.965595,-0.112445,0.006027],[0.040635,0.125304,0.991286,0.001175],[0.0,0.0,0.0,1.0]],"antennas":[-0.312883,0.312916],"body_yaw":-0.109728,"check_collision":false},{"head":[[0.971934,0.224965,-0.068812,-0.014199],[-0.231937,0.965267,-0.120267,0.005993],[0.039366,0.132852,0.990354,0.000851],[0.0,0.0,0.0,1.0]],"antennas":[-0.312883,0.312916],"body_yaw":-0.109728,"check_collision":false},{"head":[[0.972264,0.224517,-0.06553,-0.013871],[-0.231301,0.96454,-0.127128,0.005517],[0.034664,0.138759,0.989719,0.000629],[0.0,0.0,0.0,1.0]],"antennas":[-0.312883,0.312916],"body_yaw":-0.094098,"check_collision":false},{"head":[[0.969818,0.235422,-0.063482,-0.013529],[-0.242049,0.960945,-0.134151,0.005774],[0.029421,0.145468,0.988925,3.2e-05],[0.0,0.0,0.0,1.0]],"antennas":[-0.312883,0.312916],"body_yaw":-0.044618,"check_collision":false},{"head":[[0.961165,0.269995,-0.057134,-0.013266],[-0.275443,0.951367,-0.137953,0.007277],[0.017109,0.148333,0.98879,0.000602],[0.0,0.0,0.0,1.0]],"antennas":[-0.312883,0.312916],"body_yaw":-0.038401,"check_collision":false},{"head":[[0.946247,0.320578,-0.042963,-0.01335],[-0.323393,0.93537,-0.143174,0.010035],[-0.005712,0.149372,0.988765,0.001723],[0.0,0.0,0.0,1.0]],"antennas":[-0.312883,0.312916],"body_yaw":-0.074698,"check_collision":false},{"head":[[0.938322,0.343815,-0.036655,-0.013594],[-0.345089,0.924596,-0.161357,0.012206],[-0.021586,0.164055,0.986215,0.002064],[0.0,0.0,0.0,1.0]],"antennas":[-0.312883,0.312916],"body_yaw":-0.116536,"check_collision":false},{"head":[[0.939657,0.339856,-0.039283,-0.013578],[-0.341142,0.922109,-0.182582,0.011971],[-0.025828,0.184965,0.982406,0.001485],[0.0,0.0,0.0,1.0]],"antennas":[-0.312883,0.312916],"body_yaw":-0.156907,"check_collision":false},{"head":[[0.945749,0.320787,-0.051526,-0.013141],[-0.324563,0.925608,-0.1947,0.009314],[-0.014764,0.200861,0.979509,0.000225],[0.0,0.0,0.0,1.0]],"antennas":[-0.312883,0.312916],"body_yaw":-0.200568,"check_collision":false},{"head":[[0.953934,0.299365,-0.019757,-0.013523],[-0.297001,0.932988,-0.203284,0.005817],[-0.042423,0.199787,0.978921,0.001429],[0.0,0.0,0.0,1.0]],"antennas":[-0.312883,0.312916],"body_yaw":-0.242488,"check_collision":false},{"head":[[0.967277,0.251308,0.034936,-0.013751],[-0.23836,0.947234,-0.214317,0.001061],[-0.086953,0.198976,0.976139,0.001827],[0.0,0.0,0.0,1.0]],"antennas":[-0.312883,0.312916],"body_yaw":-0.264136,"check_collision":false},{"head":[[0.977247,0.190555,0.093146,-0.013429],[-0.167681,0.963022,-0.210882,-0.004425],[-0.129887,0.190465,0.973064,0.001849],[0.0,0.0,0.0,1.0]],"antennas":[-0.312883,0.312916],"body_yaw":-0.264136,"check_collision":false},{"head":[[0.982676,0.145808,0.114401,-0.012894],[-0.122451,0.97416,-0.189782,-0.007866],[-0.139117,0.172486,0.975138,0.001605],[0.0,0.0,0.0,1.0]],"antennas":[-0.312883,0.312916],"body_yaw":-0.265175,"check_collision":false},{"head":[[0.984642,0.153436,0.083295,-0.012396],[-0.138806,0.97738,-0.159565,-0.00746],[-0.105894,0.145552,0.983667,0.001668],[0.0,0.0,0.0,1.0]],"antennas":[-0.312883,0.312916],"body_yaw":-0.275417,"check_collision":false},{"head":[[0.978598,0.205293,0.01417,-0.012171],[-0.201749,0.97071,-0.130457,-0.003907],[-0.040537,0.124807,0.991353,0.002573],[0.0,0.0,0.0,1.0]],"antennas":[-0.312883,0.312916],"body_yaw":-0.281229,"check_collision":false},{"head":[[0.955686,0.291495,-0.041155,-0.012073],[-0.294319,0.949075,-0.112399,0.001829],[0.006296,0.119531,0.992811,0.003546],[0.0,0.0,0.0,1.0]],"antennas":[-0.312883,0.312916],"body_yaw":-0.250448,"check_collision":false},{"head":[[0.934952,0.347987,-0.069058,-0.011685],[-0.353998,0.927927,-0.116778,0.006029],[0.023443,0.133629,0.990754,0.003511],[0.0,0.0,0.0,1.0]],"antennas":[-0.312883,0.312916],"body_yaw":-0.250448,"check_collision":false},{"head":[[0.9388,0.338079,-0.066009,-0.011151],[-0.344239,0.927717,-0.144366,0.005539],[0.012431,0.158253,0.98732,0.002666],[0.0,0.0,0.0,1.0]],"antennas":[-0.312883,0.312916],"body_yaw":-0.250448,"check_collision":false},{"head":[[0.956866,0.286171,-0.050133,-0.010858],[-0.290246,0.933991,-0.208368,0.00289],[-0.012805,0.213931,0.976765,0.000746],[0.0,0.0,0.0,1.0]],"antennas":[-0.312883,0.312916],"body_yaw":-0.250448,"check_collision":false},{"head":[[0.970157,0.241643,0.020112,-0.010646],[-0.228919,0.940096,-0.252618,0.000261],[-0.07995,0.240475,0.967357,-0.000381],[0.0,0.0,0.0,1.0]],"antennas":[-0.312883,0.312916],"body_yaw":-0.250448,"check_collision":false},{"head":[[0.970545,0.239754,0.023684,-0.010347],[-0.226631,0.94191,-0.247877,-0.000379],[-0.081738,0.235208,0.968502,-0.000741],[0.0,0.0,0.0,1.0]],"antennas":[-0.312883,0.312916],"body_yaw":-0.250448,"check_collision":false},{"head":[[0.961111,0.275004,-0.02527,-0.010676],[-0.274386,0.94056,-0.200149,0.000991],[-0.031274,0.199299,0.97944,0.000132],[0.0,0.0,0.0,1.0]],"antennas":[-0.312883,0.312916],"body_yaw":-0.250448,"check_collision":false},{"head":[[0.954913,0.293386,-0.045458,-0.011186],[-0.296873,0.942139,-0.155691,0.002398],[-0.00285,0.162166,0.986759,0.002578],[0.0,0.0,0.0,1.0]],"antennas":[-0.312883,0.312916],"body_yaw":-0.250448,"check_collision":false},{"head":[[0.953731,0.295993,-0.052769,-0.012184],[-0.300567,0.943006,-0.142822,0.0034],[0.007487,0.152075,0.988341,0.004316],[0.0,0.0,0.0,1.0]],"antennas":[-0.312883,0.312916],"body_yaw":-0.250448,"check_collision":false},{"head":[[0.956763,0.284704,-0.059564,-0.012451],[-0.290472,0.945892,-0.144618,0.001795],[0.015168,0.155667,0.987693,0.003812],[0.0,0.0,0.0,1.0]],"antennas":[-0.312883,0.312916],"body_yaw":-0.250448,"check_collision":false},{"head":[[0.959019,0.283171,-0.0098,-0.011699],[-0.281191,0.946925,-0.15577,-0.001252],[-0.03483,0.152142,0.987745,0.002839],[0.0,0.0,0.0,1.0]],"antennas":[-0.312883,0.312916],"body_yaw":-0.250448,"check_collision":false},{"head":[[0.96144,0.273557,0.028289,-0.010971],[-0.264489,0.947921,-0.177458,-0.004371],[-0.075361,0.163134,0.983722,0.001139],[0.0,0.0,0.0,1.0]],"antennas":[-0.312883,0.312916],"body_yaw":-0.250448,"check_collision":false},{"head":[[0.958759,0.283688,0.017408,-0.011443],[-0.276114,0.944186,-0.179651,-0.004409],[-0.067402,0.167436,0.983576,0.000941],[0.0,0.0,0.0,1.0]],"antennas":[-0.312883,0.312916],"body_yaw":-0.250448,"check_collision":false},{"head":[[0.951497,0.30683,-0.022556,-0.012874],[-0.306365,0.938232,-0.160813,-0.003364],[-0.028179,0.159924,0.986727,0.002544],[0.0,0.0,0.0,1.0]],"antennas":[-0.312883,0.312916],"body_yaw":-0.250448,"check_collision":false},{"head":[[0.942866,0.332956,-0.012009,-0.012971],[-0.331238,0.9329,-0.141347,-0.001333],[-0.035859,0.137249,0.989887,0.003565],[0.0,0.0,0.0,1.0]],"antennas":[-0.312883,0.312916],"body_yaw":-0.250448,"check_collision":false},{"head":[[0.940431,0.339929,0.006208,-0.012282],[-0.33531,0.93036,-0.148317,-0.001055],[-0.056193,0.1374,0.98892,0.003228],[0.0,0.0,0.0,1.0]],"antennas":[-0.312883,0.312916],"body_yaw":-0.250448,"check_collision":false},{"head":[[0.952764,0.303697,0.002887,-0.014097],[-0.29823,0.937327,-0.180214,-0.00225],[-0.057436,0.170841,0.983623,0.003005],[0.0,0.0,0.0,1.0]],"antennas":[-0.312883,0.312916],"body_yaw":-0.250448,"check_collision":false},{"head":[[0.96315,0.264809,0.047094,-0.013925],[-0.248746,0.943591,-0.218546,-0.006444],[-0.10231,0.198778,0.97469,0.003358],[0.0,0.0,0.0,1.0]],"antennas":[-0.312883,0.312916],"body_yaw":-0.250448,"check_collision":false},{"head":[[0.971516,0.225277,0.073531,-0.013615],[-0.199944,0.945797,-0.255911,-0.009093],[-0.127197,0.23392,0.9639,0.002087],[0.0,0.0,0.0,1.0]],"antennas":[-0.312883,0.312916],"body_yaw":-0.250448,"check_collision":false},{"head":[[0.968454,0.237563,0.075237,-0.013955],[-0.213158,0.946139,-0.24369,-0.009345],[-0.129076,0.219965,0.966931,0.001032],[0.0,0.0,0.0,1.0]],"antennas":[-0.312883,0.312916],"body_yaw":-0.250448,"check_collision":false},{"head":[[0.958166,0.284593,0.030395,-0.014202],[-0.274094,0.942984,-0.188821,-0.006511],[-0.0824,0.172591,0.981541,0.001496],[0.0,0.0,0.0,1.0]],"antennas":[-0.312883,0.312899],"body_yaw":-0.250448,"check_collision":false},{"head":[[0.940938,0.338364,0.012028,-0.013819],[-0.33204,0.929135,-0.162659,-0.001924],[-0.066214,0.149058,0.986609,0.0034],[0.0,0.0,0.0,1.0]],"antennas":[-0.283897,0.259686],"body_yaw":-0.250448,"check_collision":false},{"head":[[0.939158,0.343469,0.003365,-0.01421],[-0.338007,0.925878,-0.168822,-0.001352],[-0.061101,0.157413,0.985641,0.00463],[0.0,0.0,0.0,1.0]],"antennas":[-0.245827,0.244516],"body_yaw":-0.250448,"check_collision":false},{"head":[[0.945073,0.32671,0.00988,-0.014863],[-0.318609,0.927545,-0.195315,-0.005302],[-0.072976,0.181439,0.980691,0.005644],[0.0,0.0,0.0,1.0]],"antennas":[-0.256201,0.278926],"body_yaw":-0.250448,"check_collision":false},{"head":[[0.949222,0.30584,0.07375,-0.014368],[-0.283088,0.932596,-0.223887,-0.008097],[-0.137253,0.19164,0.971821,0.005379],[0.0,0.0,0.0,1.0]],"antennas":[-0.307845,0.337928],"body_yaw":-0.250448,"check_collision":false},{"head":[[0.951087,0.282103,0.125902,-0.014235],[-0.245866,0.937989,-0.244391,-0.010801],[-0.187038,0.201482,0.961469,0.004441],[0.0,0.0,0.0,1.0]],"antennas":[-0.362905,0.378673],"body_yaw":-0.250448,"check_collision":false},{"head":[[0.944122,0.307556,0.118504,-0.014511],[-0.276528,0.934784,-0.222961,-0.010526],[-0.179348,0.177732,0.967598,0.003263],[0.0,0.0,0.0,1.0]],"antennas":[-0.381707,0.371683],"body_yaw":-0.250448,"check_collision":false},{"head":[[0.931063,0.357221,0.074267,-0.014447],[-0.339482,0.922754,-0.182419,-0.006976],[-0.133694,0.144631,0.980412,0.00316],[0.0,0.0,0.0,1.0]],"antennas":[-0.350504,0.322063],"body_yaw":-0.250448,"check_collision":false},{"head":[[0.912734,0.400079,0.08279,-0.013866],[-0.382735,0.908206,-0.169337,-0.003797],[-0.142938,0.122873,0.982075,0.004102],[0.0,0.0,0.0,1.0]],"antennas":[-0.2922,0.265936],"body_yaw":-0.250448,"check_collision":false},{"head":[[0.909506,0.408746,0.075672,-0.013817],[-0.391024,0.903015,-0.177942,-0.002921],[-0.141066,0.13225,0.981127,0.003779],[0.0,0.0,0.0,1.0]],"antennas":[-0.248754,0.243885],"body_yaw":-0.250448,"check_collision":false},{"head":[[0.923709,0.378088,0.061733,-0.01448],[-0.359208,0.910805,-0.203478,-0.006076],[-0.133159,0.16578,0.977131,0.002693],[0.0,0.0,0.0,1.0]],"antennas":[-0.251981,0.271946],"body_yaw":-0.250448,"check_collision":false},{"head":[[0.927389,0.360033,0.101614,-0.015226],[-0.327912,0.913073,-0.24243,-0.009731],[-0.180063,0.191506,0.964833,0.002175],[0.0,0.0,0.0,1.0]],"antennas":[-0.299556,0.32977],"body_yaw":-0.250448,"check_collision":false},{"head":[[0.931765,0.342423,0.120671,-0.014892],[-0.303843,0.917381,-0.257081,-0.010697],[-0.198732,0.202874,0.958826,0.002152],[0.0,0.0,0.0,1.0]],"antennas":[-0.356412,0.375169],"body_yaw":-0.250448,"check_collision":false},{"head":[[0.927076,0.35716,0.113873,-0.014686],[-0.324887,0.91704,-0.23127,-0.009803],[-0.187026,0.177409,0.966202,0.002044],[0.0,0.0,0.0,1.0]],"antennas":[-0.381746,0.375363],"body_yaw":-0.250448,"check_collision":false},{"head":[[0.91494,0.389626,0.105246,-0.014445],[-0.36819,0.912607,-0.17772,-0.008295],[-0.165293,0.123853,0.978437,0.003209],[0.0,0.0,0.0,1.0]],"antennas":[-0.356851,0.330256],"body_yaw":-0.250448,"check_collision":false},{"head":[[0.892257,0.435784,0.118195,-0.013705],[-0.415303,0.894788,-0.163946,-0.005967],[-0.177205,0.097195,0.979363,0.004757],[0.0,0.0,0.0,1.0]],"antennas":[-0.30039,0.272731],"body_yaw":-0.250448,"check_collision":false},{"head":[[0.873396,0.470094,0.127241,-0.013143],[-0.446008,0.877011,-0.178685,-0.00463],[-0.19559,0.099312,0.975644,0.005301],[0.0,0.0,0.0,1.0]],"antennas":[-0.25282,0.24432],"body_yaw":-0.250448,"check_collision":false},{"head":[[0.885263,0.450569,0.115308,-0.013672],[-0.424553,0.884107,-0.195217,-0.006539],[-0.189904,0.123864,0.973958,0.004879],[0.0,0.0,0.0,1.0]],"antennas":[-0.248875,0.265748],"body_yaw":-0.250448,"check_collision":false},{"head":[[0.911267,0.39923,0.10104,-0.012998],[-0.369063,0.900558,-0.229759,-0.009671],[-0.182719,0.172081,0.967989,0.001901],[0.0,0.0,0.0,1.0]],"antennas":[-0.291288,0.321343],"body_yaw":-0.250448,"check_collision":false},{"head":[[0.924064,0.358388,0.132905,-0.01253],[-0.317114,0.912922,-0.25693,-0.01291],[-0.213413,0.195274,0.957248,0.000597],[0.0,0.0,0.0,1.0]],"antennas":[-0.349497,0.370798],"body_yaw":-0.250448,"check_collision":false},{"head":[[0.921979,0.36028,0.141959,-0.013212],[-0.318958,0.914422,-0.249195,-0.013032],[-0.21959,0.184474,0.957993,0.00026],[0.0,0.0,0.0,1.0]],"antennas":[-0.380847,0.37816],"body_yaw":-0.250448,"check_collision":false},{"head":[[0.91319,0.390547,0.116434,-0.013497],[-0.365275,0.911072,-0.191108,-0.010101],[-0.180716,0.131988,0.974639,0.000884],[0.0,0.0,0.0,1.0]],"antennas":[-0.363095,0.338265],"body_yaw":-0.250448,"check_collision":false},{"head":[[0.893678,0.438363,0.095797,-0.013382],[-0.422884,0.894209,-0.146829,-0.007132],[-0.150027,0.090707,0.984512,0.002066],[0.0,0.0,0.0,1.0]],"antennas":[-0.30944,0.280327],"body_yaw":-0.250448,"check_collision":false},{"head":[[0.889542,0.447891,0.090048,-0.013391],[-0.432029,0.888793,-0.152963,-0.007024],[-0.148545,0.097163,0.984121,0.002967],[0.0,0.0,0.0,1.0]],"antennas":[-0.257585,0.245716],"body_yaw":-0.250448,"check_collision":false},{"head":[[0.903708,0.419835,0.083969,-0.013763],[-0.400294,0.898088,-0.182215,-0.008996],[-0.151911,0.131057,0.979667,0.002613],[0.0,0.0,0.0,1.0]],"antennas":[-0.24655,0.26014],"body_yaw":-0.250448,"check_collision":false},{"head":[[0.915123,0.384285,0.121965,-0.013526],[-0.3515,0.908622,-0.225509,-0.012145],[-0.19748,0.163497,0.966577,0.002077],[0.0,0.0,0.0,1.0]],"antennas":[-0.283471,0.312846],"body_yaw":-0.250448,"check_collision":false},{"head":[[0.920655,0.352547,0.167644,-0.013024],[-0.306241,0.918565,-0.249909,-0.014579],[-0.242097,0.178741,0.953646,0.001325],[0.0,0.0,0.0,1.0]],"antennas":[-0.341734,0.365534],"body_yaw":-0.250448,"check_collision":false},{"head":[[0.913566,0.367653,0.173866,-0.013609],[-0.324234,0.916494,-0.234333,-0.013698],[-0.2455,0.157705,0.956482,0.00175],[0.0,0.0,0.0,1.0]],"antennas":[-0.378905,0.379974],"body_yaw":-0.250448,"check_collision":false},{"head":[[0.901408,0.407825,0.145404,-0.013704],[-0.38175,0.907061,-0.177502,-0.010971],[-0.20428,0.104493,0.973319,0.002782],[0.0,0.0,0.0,1.0]],"antennas":[-0.368149,0.34578],"body_yaw":-0.250448,"check_collision":false},{"head":[[0.888886,0.442451,0.118821,-0.013271],[-0.425045,0.893247,-0.146447,-0.008579],[-0.170932,0.079671,0.982056,0.0036],[0.0,0.0,0.0,1.0]],"antennas":[-0.317284,0.287766],"body_yaw":-0.250448,"check_collision":false},{"head":[[0.890182,0.441433,0.112751,-0.013594],[-0.422286,0.892316,-0.159519,-0.008023],[-0.171027,0.094388,0.980735,0.003525],[0.0,0.0,0.0,1.0]],"antennas":[-0.263501,0.24811],"body_yaw":-0.250448,"check_collision":false},{"head":[[0.902397,0.416666,0.109864,-0.013673],[-0.391809,0.899521,-0.193257,-0.009809],[-0.179348,0.131348,0.974978,0.002571],[0.0,0.0,0.0,1.0]],"antennas":[-0.245194,0.255281],"body_yaw":-0.250448,"check_collision":false},{"head":[[0.90446,0.405255,0.13312,-0.01284],[-0.370716,0.901168,-0.224647,-0.011397],[-0.211003,0.153835,0.965304,0.00127],[0.0,0.0,0.0,1.0]],"antennas":[-0.276319,0.304358],"body_yaw":-0.250448,"check_collision":false},{"head":[[0.904347,0.404837,0.135143,-0.012053],[-0.36973,0.901291,-0.225777,-0.0115],[-0.213206,0.154214,0.96476,0.000168],[0.0,0.0,0.0,1.0]],"antennas":[-0.333952,0.359693],"body_yaw":-0.250448,"check_collision":false},{"head":[[0.903858,0.409221,0.124815,-0.011589],[-0.379843,0.901813,-0.206038,-0.010515],[-0.196875,0.138819,0.970551,-9.2e-05],[0.0,0.0,0.0,1.0]],"antennas":[-0.376222,0.380929],"body_yaw":-0.250448,"check_collision":false},{"head":[[0.906885,0.406123,0.112356,-0.011987],[-0.380829,0.904069,-0.193979,-0.009926],[-0.180357,0.133128,0.97455,0.000749],[0.0,0.0,0.0,1.0]],"antennas":[-0.37263,0.352883],"body_yaw":-0.250448,"check_collision":false},{"head":[[0.910359,0.40173,0.099296,-0.012193],[-0.378817,0.905593,-0.190785,-0.009234],[-0.166565,0.136068,0.976597,0.001245],[0.0,0.0,0.0,1.0]],"antennas":[-0.326229,0.296183],"body_yaw":-0.250448,"check_collision":false},{"head":[[0.912078,0.399193,0.09359,-0.012439],[-0.377002,0.906233,-0.191341,-0.009054],[-0.161197,0.139234,0.977051,0.001539],[0.0,0.0,0.0,1.0]],"antennas":[-0.269717,0.25132],"body_yaw":-0.250448,"check_collision":false},{"head":[[0.913518,0.396283,0.091895,-0.012528],[-0.373799,0.906841,-0.194715,-0.009093],[-0.160496,0.143525,0.976546,0.001671],[0.0,0.0,0.0,1.0]],"antennas":[-0.244757,0.251266],"body_yaw":-0.250448,"check_collision":false},{"head":[[0.915867,0.391427,0.089289,-0.012549],[-0.368736,0.908073,-0.198589,-0.008839],[-0.158814,0.148957,0.976007,0.001506],[0.0,0.0,0.0,1.0]],"antennas":[-0.26936,0.280985],"body_yaw":-0.250448,"check_collision":false},{"head":[[0.917085,0.389249,0.086254,-0.012688],[-0.366804,0.908533,-0.200055,-0.008249],[-0.156236,0.151829,0.975981,0.000424],[0.0,0.0,0.0,1.0]],"antennas":[-0.280968,0.280985],"body_yaw":-0.250448,"check_collision":false},{"head":[[0.917921,0.387429,0.085552,-0.012594],[-0.365056,0.909163,-0.200391,-0.008182],[-0.155418,0.152712,0.975973,3.7e-05],[0.0,0.0,0.0,1.0]],"antennas":[-0.280968,0.280985],"body_yaw":-0.250448,"check_collision":false},{"head":[[0.919555,0.383153,0.087246,-0.012672],[-0.359914,0.910323,-0.204385,-0.008156],[-0.157733,0.156542,0.974995,5e-05],[0.0,0.0,0.0,1.0]],"antennas":[-0.280968,0.280985],"body_yaw":-0.250448,"check_collision":false},{"head":[[0.921386,0.37899,0.086101,-0.013015],[-0.355323,0.911205,-0.20845,-0.008003],[-0.157456,0.16147,0.974236,0.00052],[0.0,0.0,0.0,1.0]],"antennas":[-0.280968,0.280985],"body_yaw":-0.250448,"check_collision":false},{"head":[[0.922074,0.378025,0.082927,-0.013098],[-0.354925,0.91141,-0.208232,-0.007833],[-0.154297,0.162572,0.974558,0.000702],[0.0,0.0,0.0,1.0]],"antennas":[-0.280968,0.280985],"body_yaw":-0.250448,"check_collision":false},{"head":[[0.921628,0.379286,0.082126,-0.013061],[-0.356592,0.911175,-0.206404,-0.007964],[-0.153118,0.160943,0.975014,0.000914],[0.0,0.0,0.0,1.0]],"antennas":[-0.280968,0.280985],"body_yaw":-0.250448,"check_collision":false},{"head":[[0.921622,0.378952,0.083715,-0.012987],[-0.355964,0.911366,-0.206644,-0.008167],[-0.154603,0.160648,0.974828,0.001089],[0.0,0.0,0.0,1.0]],"antennas":[-0.280968,0.280985],"body_yaw":-0.250448,"check_collision":false},{"head":[[0.921423,0.379046,0.085465,-0.012847],[-0.35559,0.911252,-0.207787,-0.008653],[-0.156642,0.161069,0.974433,0.000493],[0.0,0.0,0.0,1.0]],"antennas":[-0.280968,0.280985],"body_yaw":-0.250448,"check_collision":false},{"head":[[0.920636,0.380539,0.087292,-0.012732],[-0.356841,0.910864,-0.207342,-0.009152],[-0.158413,0.159737,0.974366,0.000234],[0.0,0.0,0.0,1.0]],"antennas":[-0.280968,0.280985],"body_yaw":-0.250448,"check_collision":false},{"head":[[0.91971,0.382554,0.088235,-0.012739],[-0.358791,0.91025,-0.206673,-0.009616],[-0.15938,0.158421,0.974423,0.000126],[0.0,0.0,0.0,1.0]],"antennas":[-0.280968,0.280985],"body_yaw":-0.250448,"check_collision":false},{"head":[[0.920004,0.381728,0.088747,-0.012531],[-0.357589,0.910303,-0.208515,-0.009802],[-0.160382,0.1601,0.973984,-9e-06],[0.0,0.0,0.0,1.0]],"antennas":[-0.280968,0.280985],"body_yaw":-0.250448,"check_collision":false},{"head":[[0.920512,0.380248,0.089825,-0.012437],[-0.355517,0.910514,-0.211122,-0.009718],[-0.162066,0.162406,0.973324,-0.000163],[0.0,0.0,0.0,1.0]],"antennas":[-0.280968,0.280985],"body_yaw":-0.250448,"check_collision":false},{"head":[[0.920282,0.380477,0.091201,-0.012496],[-0.355453,0.910451,-0.211499,-0.009817],[-0.163504,0.162221,0.973114,0.000281],[0.0,0.0,0.0,1.0]],"antennas":[-0.280968,0.280985],"body_yaw":-0.250448,"check_collision":false},{"head":[[0.919762,0.381519,0.092093,-0.012776],[-0.356557,0.910321,-0.210197,-0.00974],[-0.164029,0.160495,0.973312,0.000707],[0.0,0.0,0.0,1.0]],"antennas":[-0.280968,0.280985],"body_yaw":-0.250448,"check_collision":false},{"head":[[0.919604,0.381647,0.093138,-0.012835],[-0.356671,0.910492,-0.209261,-0.009714],[-0.164665,0.159217,0.973414,0.000777],[0.0,0.0,0.0,1.0]],"antennas":[-0.280968,0.280985],"body_yaw":-0.250448,"check_collision":false},{"head":[[0.919905,0.380625,0.094335,-0.012769],[-0.3554,0.9109,-0.209649,-0.009708],[-0.165727,0.159331,0.973215,0.00088],[0.0,0.0,0.0,1.0]],"antennas":[-0.280968,0.280985],"body_yaw":-0.250448,"check_collision":false},{"head":[[0.92019,0.37973,0.095157,-0.012425],[-0.354252,0.911174,-0.2104,-0.010048],[-0.1666,0.159898,0.972973,0.000124],[0.0,0.0,0.0,1.0]],"antennas":[-0.280968,0.280985],"body_yaw":-0.250448,"check_collision":false},{"head":[[0.920156,0.379709,0.09557,-0.012404],[-0.354245,0.911286,-0.209923,-0.009985],[-0.166801,0.159307,0.973036,-0.000427],[0.0,0.0,0.0,1.0]],"antennas":[-0.280968,0.280985],"body_yaw":-0.250448,"check_collision":false},{"head":[[0.920129,0.379633,0.096133,-0.01253],[-0.354205,0.91147,-0.209194,-0.010352],[-0.167039,0.158435,0.973137,-0.000493],[0.0,0.0,0.0,1.0]],"antennas":[-0.280968,0.280985],"body_yaw":-0.250448,"check_collision":false},{"head":[[0.920297,0.379039,0.096866,-0.012683],[-0.353563,0.911806,-0.208815,-0.010285],[-0.167472,0.157924,0.973146,-0.000236],[0.0,0.0,0.0,1.0]],"antennas":[-0.280968,0.280985],"body_yaw":-0.250448,"check_collision":false},{"head":[[0.920619,0.378144,0.097304,-0.012853],[-0.352586,0.912158,-0.208929,-0.010454],[-0.167762,0.158036,0.973078,0.000101],[0.0,0.0,0.0,1.0]],"antennas":[-0.280968,0.280985],"body_yaw":-0.250448,"check_collision":false},{"head":[[0.921125,0.376776,0.097817,-0.012916],[-0.351051,0.912621,-0.20949,-0.010521],[-0.168201,0.158628,0.972906,0.000294],[0.0,0.0,0.0,1.0]],"antennas":[-0.280968,0.280985],"body_yaw":-0.250448,"check_collision":false},{"head":[[0.921735,0.375006,0.098867,-0.0129],[-0.348936,0.913179,-0.210591,-0.010463],[-0.169256,0.159611,0.972562,0.000449],[0.0,0.0,0.0,1.0]],"antennas":[-0.280968,0.280985],"body_yaw":-0.250448,"check_collision":false},{"head":[[0.922538,0.373014,0.098909,-0.012892],[-0.346823,0.913806,-0.211359,-0.01055],[-0.169223,0.160683,0.972391,0.000553],[0.0,0.0,0.0,1.0]],"antennas":[-0.280968,0.280985],"body_yaw":-0.250448,"check_collision":false},{"head":[[0.923067,0.371913,0.098126,-0.013001],[-0.346046,0.914348,-0.210284,-0.010974],[-0.167929,0.16015,0.972703,0.000504],[0.0,0.0,0.0,1.0]],"antennas":[-0.280968,0.280985],"body_yaw":-0.250448,"check_collision":false},{"head":[[0.923258,0.371353,0.098443,-0.012918],[-0.34582,0.914939,-0.208076,-0.011542],[-0.167339,0.158065,0.973146,0.000461],[0.0,0.0,0.0,1.0]],"antennas":[-0.280968,0.280985],"body_yaw":-0.250448,"check_collision":false},{"head":[[0.923278,0.370989,0.099626,-0.012844],[-0.345473,0.915336,-0.2069,-0.01153],[-0.167949,0.156608,0.973276,0.000107],[0.0,0.0,0.0,1.0]],"antennas":[-0.280968,0.280985],"body_yaw":-0.250448,"check_collision":false},{"head":[[0.923768,0.369615,0.100187,-0.012868],[-0.343876,0.915748,-0.207737,-0.011311],[-0.168529,0.157448,0.973041,-9.3e-05],[0.0,0.0,0.0,1.0]],"antennas":[-0.280968,0.280985],"body_yaw":-0.250448,"check_collision":false},{"head":[[0.924224,0.368669,0.099467,-0.012973],[-0.342952,0.915961,-0.208325,-0.011415],[-0.167911,0.158426,0.972989,1e-06],[0.0,0.0,0.0,1.0]],"antennas":[-0.280968,0.280985],"body_yaw":-0.250448,"check_collision":false},{"head":[[0.92458,0.367899,0.099007,-0.013036],[-0.342403,0.916349,-0.207519,-0.011081],[-0.167071,0.157967,0.973208,0.000288],[0.0,0.0,0.0,1.0]],"antennas":[-0.280968,0.280985],"body_yaw":-0.250448,"check_collision":false},{"head":[[0.924645,0.367861,0.098538,-0.013156],[-0.342727,0.916606,-0.205843,-0.010899],[-0.166042,0.15656,0.973611,0.000745],[0.0,0.0,0.0,1.0]],"antennas":[-0.280968,0.280985],"body_yaw":-0.250448,"check_collision":false},{"head":[[0.925035,0.366909,0.098429,-0.01319],[-0.341939,0.917083,-0.205027,-0.010593],[-0.165494,0.156001,0.973794,0.000849],[0.0,0.0,0.0,1.0]],"antennas":[-0.280968,0.280985],"body_yaw":-0.250448,"check_collision":false},{"head":[[0.925401,0.365779,0.09919,-0.013071],[-0.34065,0.9175,-0.205308,-0.010419],[-0.166104,0.156203,0.973658,0.00069],[0.0,0.0,0.0,1.0]],"antennas":[-0.280968,0.280985],"body_yaw":-0.250448,"check_collision":false},{"head":[[0.925538,0.36518,0.100116,-0.012984],[-0.339994,0.917854,-0.204811,-0.010401],[-0.166685,0.155521,0.973668,0.000761],[0.0,0.0,0.0,1.0]],"antennas":[-0.280968,0.280985],"body_yaw":-0.250448,"check_collision":false},{"head":[[0.925485,0.365103,0.100883,-0.012806],[-0.339732,0.917868,-0.205184,-0.010612],[-0.167511,0.155621,0.97351,0.000186],[0.0,0.0,0.0,1.0]],"antennas":[-0.280968,0.280985],"body_yaw":-0.250448,"check_collision":false},{"head":[[0.925755,0.364486,0.100641,-0.012819],[-0.339055,0.917984,-0.205787,-0.010594],[-0.167393,0.156385,0.973408,3.9e-05],[0.0,0.0,0.0,1.0]],"antennas":[-0.280968,0.280985],"body_yaw":-0.250448,"check_collision":false},{"head":[[0.92633,0.363134,0.100235,-0.012863],[-0.337618,0.918302,-0.206725,-0.010293],[-0.167115,0.157654,0.973251,-6e-06],[0.0,0.0,0.0,1.0]],"antennas":[-0.280968,0.280985],"body_yaw":-0.250448,"check_collision":false},{"head":[[0.926549,0.362406,0.100838,-0.012947],[-0.336774,0.918578,-0.206875,-0.01006],[-0.1676,0.15772,0.973157,0.00025],[0.0,0.0,0.0,1.0]],"antennas":[-0.280968,0.280985],"body_yaw":-0.250448,"check_collision":false},{"head":[[0.926541,0.3622,0.101648,-0.013036],[-0.336496,0.918754,-0.206549,-0.009847],[-0.168201,0.157172,0.973142,0.000573],[0.0,0.0,0.0,1.0]],"antennas":[-0.280968,0.280985],"body_yaw":-0.250448,"check_collision":false},{"head":[[0.926395,0.362364,0.102398,-0.013123],[-0.336529,0.918729,-0.206602,-0.010154],[-0.168941,0.156935,0.973052,0.000849],[0.0,0.0,0.0,1.0]],"antennas":[-0.280968,0.280985],"body_yaw":-0.250448,"check_collision":false},{"head":[[0.926629,0.361663,0.102758,-0.013145],[-0.335693,0.918927,-0.207082,-0.010543],[-0.169321,0.157393,0.972912,0.000932],[0.0,0.0,0.0,1.0]],"antennas":[-0.280968,0.280985],"body_yaw":-0.250448,"check_collision":false},{"head":[[0.926758,0.361341,0.102724,-0.013173],[-0.335434,0.919094,-0.206762,-0.010682],[-0.169125,0.157161,0.972984,0.001061],[0.0,0.0,0.0,1.0]],"antennas":[-0.280968,0.280985],"body_yaw":-0.250448,"check_collision":false},{"head":[[0.926718,0.361168,0.103688,-0.013131],[-0.335067,0.919173,-0.207005,-0.010859],[-0.17007,0.157093,0.97283,0.000567],[0.0,0.0,0.0,1.0]],"antennas":[-0.280968,0.280985],"body_yaw":-0.250448,"check_collision":false},{"head":[[0.926738,0.360812,0.104744,-0.013179],[-0.334531,0.919351,-0.207082,-0.010936],[-0.171014,0.15687,0.9727,0.00027],[0.0,0.0,0.0,1.0]],"antennas":[-0.280968,0.280985],"body_yaw":-0.250448,"check_collision":false},{"head":[[0.926996,0.360075,0.104995,-0.013222],[-0.333765,0.919637,-0.207049,-0.010891],[-0.171111,0.15689,0.97268,0.000138],[0.0,0.0,0.0,1.0]],"antennas":[-0.280968,0.280985],"body_yaw":-0.250448,"check_collision":false},{"head":[[0.927703,0.358354,0.104637,-0.013283],[-0.332137,0.920253,-0.206928,-0.010677],[-0.170446,0.157214,0.972745,0.000198],[0.0,0.0,0.0,1.0]],"antennas":[-0.280968,0.280985],"body_yaw":-0.250448,"check_collision":false},{"head":[[0.928836,0.355689,0.103681,-0.013428],[-0.32962,0.921124,-0.207078,-0.01034],[-0.169159,0.158166,0.972815,0.000203],[0.0,0.0,0.0,1.0]],"antennas":[-0.280968,0.280985],"body_yaw":-0.250448,"check_collision":false},{"head":[[0.929846,0.353235,0.103016,-0.013478],[-0.327429,0.92208,-0.206299,-0.010353],[-0.167861,0.158096,0.973051,0.000273],[0.0,0.0,0.0,1.0]],"antennas":[-0.280968,0.280985],"body_yaw":-0.250448,"check_collision":false},{"head":[[0.930425,0.35173,0.102936,-0.013362],[-0.326348,0.922977,-0.203985,-0.0104],[-0.166755,0.1562,0.973547,0.000238],[0.0,0.0,0.0,1.0]],"antennas":[-0.280968,0.280985],"body_yaw":-0.250448,"check_collision":false},{"head":[[0.931678,0.348643,0.102098,-0.013228],[-0.323619,0.924197,-0.202807,-0.010372],[-0.165066,0.15591,0.973882,5e-05],[0.0,0.0,0.0,1.0]],"antennas":[-0.280968,0.280985],"body_yaw":-0.250448,"check_collision":false},{"head":[[0.933338,0.34459,0.100682,-0.013146],[-0.319896,0.925586,-0.202379,-0.010302],[-0.162928,0.156681,0.974118,-0.000149],[0.0,0.0,0.0,1.0]],"antennas":[-0.280968,0.280985],"body_yaw":-0.250448,"check_collision":false},{"head":[[0.934858,0.341026,0.098699,-0.013057],[-0.316971,0.926976,-0.200609,-0.01063],[-0.159904,0.156256,0.974687,-0.000207],[0.0,0.0,0.0,1.0]],"antennas":[-0.280968,0.280985],"body_yaw":-0.250448,"check_collision":false},{"head":[[0.93606,0.33814,0.097226,-0.012923],[-0.314793,0.928313,-0.197841,-0.010806],[-0.157154,0.154585,0.9754,-0.00025],[0.0,0.0,0.0,1.0]],"antennas":[-0.280968,0.280985],"body_yaw":-0.250448,"check_collision":false},{"head":[[0.937115,0.335635,0.095734,-0.012843],[-0.312908,0.929435,-0.195546,-0.010756],[-0.154611,0.153294,0.976011,-0.000196],[0.0,0.0,0.0,1.0]],"antennas":[-0.280968,0.280985],"body_yaw":-0.250448,"check_collision":false},{"head":[[0.938622,0.331902,0.093965,-0.012837],[-0.309682,0.930783,-0.194268,-0.010477],[-0.151939,0.153245,0.976438,-0.000188],[0.0,0.0,0.0,1.0]],"antennas":[-0.280968,0.280985],"body_yaw":-0.25044