{"description":"A lighter excitement than enthusiastic1, for more common good news \u2013 like being offered a chance to do a demo.","time":[0.0,0.02,0.04,0.06,0.08,0.1,0.12,0.14,0.16,0.18,0.2,0.22,0.24,0.26,0.28,0.3,0.32,0.34,0.36,0.38,0.4,0.42,0.44,0.46,0.48,0.5,0.52,0.54,0.56,0.58,0.6,0.62,0.64,0.66,0.68,0.7,0.72,0.74,0.76,0.78,0.8,0.82,0.84,0.86,0.88,0.9,0.92,0.94,0.96,0.98,1.0,1.02,1.04,1.06,1.08,1.1,1.12,1.14,1.16,1.18,1.2,1.22,1.24,1.26,1.28,1.3,1.32,1.34,1.36,1.38,1.4,1.42,1.44,1.46,1.48,1.5,1.52,1.54,1.56,1.58,1.6,1.62,1.64,1.66,1.68,1.7,1.72,1.74,1.76,1.78,1.8,1.82,1.84,1.86,1.88,1.9,1.92,1.94,1.96,1.98,2.0,2.02,2.04,2.06,2.08,2.1,2.12,2.14,2.16,2.18,2.2,2.22,2.24,2.26,2.28,2.3,2.32,2.34,2.36,2.38,2.4,2.42,2.44,2.46,2.48,2.5,2.52,2.54,2.56,2.58,2.6,2.62,2.64,2.66,2.68,2.7,2.72,2.74,2.76,2.78,2.8,2.82,2.84,2.86,2.88,2.9,2.92,2.94,2.96,2.98,3.0,3.02,3.04,3.06,3.08,3.1,3.12,3.14,3.16,3.18,3.2,3.22,3.24,3.26,3.28,3.3,3.32,3.34,3.36,3.38,3.4,3.42],"set_target_data":[{"head":[[0.998689,-0.00338,-0.051073,-0.004255],[0.003224,0.99999,-0.003137,0.006787],[0.051083,0.002968,0.99869,-0.005951],[0.0,0.0,0.0,1.0]],"antennas":[0.0,0.203131],"body_yaw":0.161855,"check_collision":false},{"head":[[0.998697,-0.003756,-0.050896,-0.004251],[0.003573,0.999987,-0.003684,0.006842],[0.05091,0.003498,0.998697,-0.005905],[0.0,0.0,0.0,1.0]],"antennas":[0.0,0.203131],"body_yaw":0.161855,"check_collision":false},{"head":[[0.998707,-0.003995,-0.050678,-0.004263],[0.003808,0.999986,-0.003784,0.0069],[0.050692,0.003586,0.998708,-0.005844],[0.0,0.0,0.0,1.0]],"antennas":[0.0,0.203131],"body_yaw":0.161855,"check_collision":false},{"head":[[0.998699,-0.003978,-0.050846,-0.004307],[0.0038,0.999986,-0.003601,0.007022],[0.05086,0.003403,0.9987,-0.005896],[0.0,0.0,0.0,1.0]],"antennas":[0.0,0.203131],"body_yaw":0.161855,"check_collision":false},{"head":[[0.998721,-0.003873,-0.050411,-0.00434],[0.003692,0.999986,-0.003685,0.007053],[0.050425,0.003494,0.998722,-0.005979],[0.0,0.0,0.0,1.0]],"antennas":[0.0,0.203131],"body_yaw":0.161855,"check_collision":false},{"head":[[0.998724,-0.004073,-0.050345,-0.004327],[0.003864,0.999984,-0.004247,0.007046],[0.050361,0.004047,0.998723,-0.005994],[0.0,0.0,0.0,1.0]],"antennas":[0.0,0.203131],"body_yaw":0.161855,"check_collision":false},{"head":[[0.998709,-0.004196,-0.050614,-0.004297],[0.003964,0.999981,-0.004699,0.0071],[0.050632,0.004492,0.998707,-0.006059],[0.0,0.0,0.0,1.0]],"antennas":[0.0,0.203131],"body_yaw":0.161855,"check_collision":false},{"head":[[0.998715,-0.004222,-0.050507,-0.004298],[0.003975,0.99998,-0.004982,0.007156],[0.050527,0.004775,0.998711,-0.006122],[0.0,0.0,0.0,1.0]],"antennas":[0.0,0.203131],"body_yaw":0.161855,"check_collision":false},{"head":[[0.99869,-0.004362,-0.050982,-0.004293],[0.004124,0.99998,-0.004774,0.007207],[0.051002,0.004557,0.998688,-0.006136],[0.0,0.0,0.0,1.0]],"antennas":[0.0,0.203131],"body_yaw":0.161855,"check_collision":false},{"head":[[0.998691,-0.00466,-0.050927,-0.004284],[0.004409,0.999978,-0.005039,0.007252],[0.05095,0.004808,0.99869,-0.006105],[0.0,0.0,0.0,1.0]],"antennas":[0.0,0.203131],"body_yaw":0.161855,"check_collision":false},{"head":[[0.998692,-0.00473,-0.050912,-0.004282],[0.004478,0.999977,-0.00506,0.007343],[0.050935,0.004825,0.99869,-0.006125],[0.0,0.0,0.0,1.0]],"antennas":[0.0,0.203131],"body_yaw":0.161855,"check_collision":false},{"head":[[0.99869,-0.00482,-0.050944,-0.004277],[0.004548,0.999975,-0.00546,0.007364],[0.050969,0.005221,0.998687,-0.006175],[0.0,0.0,0.0,1.0]],"antennas":[0.0,0.203131],"body_yaw":0.161855,"check_collision":false},{"head":[[0.998674,-0.004996,-0.051232,-0.004273],[0.004705,0.999972,-0.005804,0.007445],[0.05126,0.005555,0.99867,-0.006246],[0.0,0.0,0.0,1.0]],"antennas":[0.0,0.203131],"body_yaw":0.161855,"check_collision":false},{"head":[[0.998685,-0.004854,-0.051041,-0.004306],[0.004571,0.999973,-0.005667,0.00747],[0.051067,0.005426,0.99868,-0.0063],[0.0,0.0,0.0,1.0]],"antennas":[0.0,0.203131],"body_yaw":0.161855,"check_collision":false},{"head":[[0.998691,-0.005019,-0.050899,-0.004311],[0.004745,0.999974,-0.005504,0.007496],[0.050925,0.005255,0.998689,-0.006316],[0.0,0.0,0.0,1.0]],"antennas":[0.0,0.203131],"body_yaw":0.161855,"check_collision":false},{"head":[[0.998727,-0.005123,-0.050186,-0.004263],[0.004841,0.999972,-0.005738,0.007502],[0.050214,0.005488,0.998723,-0.00638],[0.0,0.0,0.0,1.0]],"antennas":[0.0,0.203131],"body_yaw":0.161855,"check_collision":false},{"head":[[0.998761,-0.005238,-0.049486,-0.004197],[0.004944,0.999969,-0.006075,0.007586],[0.049516,0.005823,0.998756,-0.006526],[0.0,0.0,0.0,1.0]],"antennas":[0.0,0.203131],"body_yaw":0.161855,"check_collision":false},{"head":[[0.998759,-0.005406,-0.049507,-0.004154],[0.005134,0.999971,-0.005613,0.007615],[0.049536,0.005352,0.998758,-0.006474],[0.0,0.0,0.0,1.0]],"antennas":[0.0,0.203131],"body_yaw":0.161855,"check_collision":false},{"head":[[0.99875,-0.005521,-0.049684,-0.004196],[0.005249,0.99997,-0.005613,0.007609],[0.049714,0.005345,0.998749,-0.006444],[0.0,0.0,0.0,1.0]],"antennas":[0.0,0.203131],"body_yaw":0.161855,"check_collision":false},{"head":[[0.998758,-0.005523,-0.049525,-0.004191],[0.005254,0.999971,-0.005563,0.007647],[0.049554,0.005296,0.998757,-0.006476],[0.0,0.0,0.0,1.0]],"antennas":[0.0,0.203131],"body_yaw":0.161855,"check_collision":false},{"head":[[0.998764,-0.005481,-0.049408,-0.004212],[0.005213,0.999971,-0.005545,0.007713],[0.049437,0.005281,0.998763,-0.006499],[0.0,0.0,0.0,1.0]],"antennas":[0.0,0.203131],"body_yaw":0.161855,"check_collision":false},{"head":[[0.998791,-0.005463,-0.048857,-0.004196],[0.005188,0.99997,-0.005758,0.007789],[0.048887,0.005498,0.998789,-0.00654],[0.0,0.0,0.0,1.0]],"antennas":[0.0,0.203131],"body_yaw":0.161855,"check_collision":false},{"head":[[0.998798,-0.005418,-0.048709,-0.004223],[0.005144,0.99997,-0.005743,0.007834],[0.048739,0.005486,0.998797,-0.006672],[0.0,0.0,0.0,1.0]],"antennas":[0.0,0.203131],"body_yaw":0.161855,"check_collision":false},{"head":[[0.998815,-0.005388,-0.048378,-0.004231],[0.00512,0.999971,-0.005656,0.007783],[0.048407,0.005402,0.998813,-0.006744],[0.0,0.0,0.0,1.0]],"antennas":[0.0,0.203131],"body_yaw":0.161855,"check_collision":false},{"head":[[0.998826,-0.005459,-0.048131,-0.004224],[0.005191,0.99997,-0.005689,0.007805],[0.048161,0.005432,0.998825,-0.006717],[0.0,0.0,0.0,1.0]],"antennas":[0.0,0.203131],"body_yaw":0.161855,"check_collision":false},{"head":[[0.998836,-0.005516,-0.047929,-0.004217],[0.005243,0.999969,-0.005837,0.007959],[0.04796,0.005579,0.998834,-0.006754],[0.0,0.0,0.0,1.0]],"antennas":[0.0,0.203131],"body_yaw":0.161855,"check_collision":false},{"head":[[0.998857,-0.005384,-0.047497,-0.004235],[0.005097,0.999968,-0.006155,0.007949],[0.047529,0.005906,0.998852,-0.006741],[0.0,0.0,0.0,1.0]],"antennas":[0.0,0.203131],"body_yaw":0.161855,"check_collision":false},{"head":[[0.998854,-0.005347,-0.047569,-0.004196],[0.005049,0.999967,-0.006372,0.007884],[0.047601,0.006125,0.998848,-0.006736],[0.0,0.0,0.0,1.0]],"antennas":[0.0,0.203131],"body_yaw":0.161855,"check_collision":false},{"head":[[0.99886,-0.005396,-0.047437,-0.004087],[0.005084,0.999965,-0.006694,0.007945],[0.047472,0.006445,0.998852,-0.006814],[0.0,0.0,0.0,1.0]],"antennas":[0.0,0.203131],"body_yaw":0.161855,"check_collision":false},{"head":[[0.998857,-0.005616,-0.047472,-0.004094],[0.005285,0.999961,-0.007086,0.00788],[0.04751,0.006827,0.998847,-0.006855],[0.0,0.0,0.0,1.0]],"antennas":[0.0,0.203131],"body_yaw":0.161855,"check_collision":false},{"head":[[0.998865,-0.005949,-0.047259,-0.00412],[0.005587,0.999954,-0.007792,0.007954],[0.047303,0.007519,0.998852,-0.006938],[0.0,0.0,0.0,1.0]],"antennas":[0.0,0.203131],"body_yaw":0.161855,"check_collision":false},{"head":[[0.998872,-0.006059,-0.047086,-0.004075],[0.005686,0.999951,-0.008069,0.007918],[0.047133,0.007792,0.998858,-0.006837],[0.0,0.0,0.0,1.0]],"antennas":[0.0,0.203131],"body_yaw":0.161855,"check_collision":false},{"head":[[0.998886,-0.006205,-0.046788,-0.004058],[0.005812,0.999947,-0.008516,0.008034],[0.046839,0.008235,0.998869,-0.006826],[0.0,0.0,0.0,1.0]],"antennas":[0.0,0.203131],"body_yaw":0.161855,"check_collision":false},{"head":[[0.998908,-0.006351,-0.046297,-0.00403],[0.005935,0.999941,-0.009124,0.008131],[0.046352,0.008839,0.998886,-0.006846],[0.0,0.0,0.0,1.0]],"antennas":[0.0,0.203131],"body_yaw":0.161855,"check_collision":false},{"head":[[0.998908,-0.006577,-0.04625,-0.003989],[0.006155,0.999938,-0.009251,0.008277],[0.046308,0.008956,0.998887,-0.006957],[0.0,0.0,0.0,1.0]],"antennas":[0.0,0.203131],"body_yaw":0.161855,"check_collision":false},{"head":[[0.998909,-0.006844,-0.046202,-0.003875],[0.006415,0.999935,-0.009428,0.008296],[0.046264,0.009121,0.998888,-0.006999],[0.0,0.0,0.0,1.0]],"antennas":[0.0,0.203131],"body_yaw":0.161855,"check_collision":false},{"head":[[0.998925,-0.006936,-0.045825,-0.003806],[0.006489,0.99993,-0.009889,0.008554],[0.045891,0.009581,0.998901,-0.00718],[0.0,0.0,0.0,1.0]],"antennas":[0.0,0.203131],"body_yaw":0.161855,"check_collision":false},{"head":[[0.998942,-0.006712,-0.045486,-0.003928],[0.006261,0.99993,-0.010057,0.008765],[0.045551,0.009761,0.998914,-0.007417],[0.0,0.0,0.0,1.0]],"antennas":[0.0,0.203131],"body_yaw":0.161855,"check_collision":false},{"head":[[0.998954,-0.006736,-0.045218,-0.003935],[0.006273,0.999927,-0.010362,0.008898],[0.045284,0.010067,0.998923,-0.00758],[0.0,0.0,0.0,1.0]],"antennas":[9e-06,0.190709],"body_yaw":0.161855,"check_collision":false},{"head":[[0.998976,-0.006723,-0.044743,-0.003897],[0.006249,0.999923,-0.010712,0.009068],[0.044811,0.010421,0.998941,-0.007538],[0.0,0.0,0.0,1.0]],"antennas":[0.036351,0.143234],"body_yaw":0.161855,"check_collision":false},{"head":[[0.998986,-0.006651,-0.044533,-0.003893],[0.00617,0.999921,-0.010943,0.009213],[0.044603,0.010657,0.998948,-0.007604],[0.0,0.0,0.0,1.0]],"antennas":[0.081976,0.100427],"body_yaw":0.161855,"check_collision":false},{"head":[[0.998987,-0.006727,-0.04449,-0.003979],[0.006216,0.999913,-0.011608,0.009276],[0.044564,0.011319,0.998942,-0.007654],[0.0,0.0,0.0,1.0]],"antennas":[0.121294,0.065543],"body_yaw":0.161855,"check_collision":false},{"head":[[0.999008,-0.006539,-0.044058,-0.00399],[0.006021,0.999911,-0.011886,0.009432],[0.044132,0.011609,0.998958,-0.007875],[0.0,0.0,0.0,1.0]],"antennas":[0.15102,0.041424],"body_yaw":0.161855,"check_collision":false},{"head":[[0.999042,-0.006612,-0.043258,-0.003976],[0.006066,0.999901,-0.012734,0.009565],[0.043338,0.012459,0.998983,-0.007977],[0.0,0.0,0.0,1.0]],"antennas":[0.169143,0.029883],"body_yaw":0.161855,"check_collision":false},{"head":[[0.999083,-0.006324,-0.042349,-0.004043],[0.005774,0.999897,-0.013105,0.009768],[0.042428,0.012848,0.999017,-0.008096],[0.0,0.0,0.0,1.0]],"antennas":[0.173964,0.031856],"body_yaw":0.161855,"check_collision":false},{"head":[[0.999112,-0.005773,-0.041733,-0.004136],[0.005261,0.99991,-0.012374,0.009759],[0.0418,0.012144,0.999052,-0.008056],[0.0,0.0,0.0,1.0]],"antennas":[0.165339,0.047104],"body_yaw":0.161855,"check_collision":false},{"head":[[0.999157,-0.004575,-0.0408,-0.004163],[0.004171,0.999942,-0.009978,0.009602],[0.040843,0.0098,0.999118,-0.007962],[0.0,0.0,0.0,1.0]],"antennas":[0.143687,0.074646],"body_yaw":0.161855,"check_collision":false},{"head":[[0.999231,-0.003175,-0.039089,-0.004119],[0.002902,0.999971,-0.007046,0.009404],[0.039111,0.006928,0.999211,-0.007837],[0.0,0.0,0.0,1.0]],"antennas":[0.11099,0.1121],"body_yaw":0.161855,"check_collision":false},{"head":[[0.999268,-0.001347,-0.038238,-0.004124],[0.00132,0.999999,-0.000737,0.009221],[0.038239,0.000686,0.999268,-0.007748],[0.0,0.0,0.0,1.0]],"antennas":[0.069503,0.156679],"body_yaw":0.161855,"check_collision":false},{"head":[[0.999195,0.002124,-0.040058,-0.004234],[-0.001488,0.999872,0.01591,0.008803],[0.040086,-0.015838,0.999071,-0.007455],[0.0,0.0,0.0,1.0]],"antennas":[0.02277,0.20483],"body_yaw":0.161855,"check_collision":false},{"head":[[0.998952,0.007877,-0.045096,-0.004072],[-0.005791,0.998916,0.046195,0.00804],[0.045411,-0.045885,0.997914,-0.007125],[0.0,0.0,0.0,1.0]],"antennas":[-0.025742,0.252819],"body_yaw":0.161855,"check_collision":false},{"head":[[0.998602,0.013474,-0.051122,-0.003706],[-0.009216,0.996538,0.082629,0.006815],[0.052058,-0.082043,0.995268,-0.006726],[0.0,0.0,0.0,1.0]],"antennas":[-0.072082,0.29684],"body_yaw":0.161855,"check_collision":false},{"head":[[0.998201,0.018794,-0.056926,-0.003052],[-0.011939,0.992887,0.118458,0.005524],[0.058747,-0.117565,0.991326,-0.00654],[0.0,0.0,0.0,1.0]],"antennas":[-0.11342,0.333926],"body_yaw":0.161855,"check_collision":false},{"head":[[0.998259,0.02419,-0.053799,-0.002551],[-0.015853,0.988512,0.150306,0.004466],[0.056817,-0.149192,0.987175,-0.006636],[0.0,0.0,0.0,1.0]],"antennas":[-0.145537,0.360621],"body_yaw":0.161855,"check_collision":false},{"head":[[0.998456,0.029112,-0.047316,-0.001993],[-0.020018,0.983021,0.182396,0.003503],[0.051822,-0.181167,0.982086,-0.007041],[0.0,0.0,0.0,1.0]],"antennas":[-0.166249,0.375033],"body_yaw":0.161855,"check_collision":false},{"head":[[0.998389,0.036029,-0.04384,-0.001401],[-0.025649,0.975672,0.217729,0.002397],[0.050618,-0.216254,0.975024,-0.007303],[0.0,0.0,0.0,1.0]],"antennas":[-0.174118,0.376064],"body_yaw":0.161855,"check_collision":false},{"head":[[0.998262,0.042752,-0.040567,-0.001033],[-0.031193,0.967278,0.251794,0.001318],[0.050005,-0.250091,0.96693,-0.007531],[0.0,0.0,0.0,1.0]],"antennas":[-0.168379,0.36364],"body_yaw":0.161855,"check_collision":false},{"head":[[0.998124,0.046767,-0.039515,-0.000944],[-0.033942,0.959807,0.278601,0.00061],[0.050956,-0.276737,0.959594,-0.007656],[0.0,0.0,0.0,1.0]],"antennas":[-0.149627,0.338766],"body_yaw":0.161855,"check_collision":false},{"head":[[0.998018,0.051917,-0.035551,-0.000719],[-0.039194,0.954929,0.294237,-0.000117],[0.049224,-0.29226,0.955071,-0.007685],[0.0,0.0,0.0,1.0]],"antennas":[-0.119075,0.303186],"body_yaw":0.161855,"check_collision":false},{"head":[[0.997819,0.055027,-0.036471,-0.0003],[-0.041077,0.950006,0.309518,-0.000548],[0.05168,-0.307345,0.950194,-0.008045],[0.0,0.0,0.0,1.0]],"antennas":[-0.079402,0.259921],"body_yaw":0.161855,"check_collision":false},{"head":[[0.997698,0.058474,-0.034332,6.3e-05],[-0.044418,0.946145,0.320681,-0.000954],[0.051235,-0.318418,0.946565,-0.00843],[0.0,0.0,0.0,1.0]],"antennas":[-0.033536,0.212206],"body_yaw":0.161855,"check_collision":false},{"head":[[0.997589,0.061508,-0.032131,0.000227],[-0.047682,0.943957,0.326607,-0.00076],[0.050419,-0.324287,0.944614,-0.008771],[0.0,0.0,0.0,1.0]],"antennas":[0.015442,0.163698],"body_yaw":0.161855,"check_collision":false},{"head":[[0.997587,0.062167,-0.030914,0.000357],[-0.048685,0.943804,0.326901,-0.000718],[0.0495,-0.324607,0.944553,-0.009054],[0.0,0.0,0.0,1.0]],"antennas":[0.062551,0.11834],"body_yaw":0.161855,"check_collision":false},{"head":[[0.9977,0.060841,-0.029887,0.00055],[-0.047941,0.945036,0.323433,-0.000391],[0.047922,-0.321256,0.945779,-0.009398],[0.0,0.0,0.0,1.0]],"antennas":[0.105301,0.079571],"body_yaw":0.161855,"check_collision":false},{"head":[[0.997789,0.059646,-0.02933,0.000509],[-0.047168,0.946308,0.319806,-6.6e-05],[0.04683,-0.317715,0.947029,-0.009646],[0.0,0.0,0.0,1.0]],"antennas":[0.139258,0.050454],"body_yaw":0.161855,"check_collision":false},{"head":[[0.99783,0.059998,-0.027106,0.000388],[-0.048284,0.946781,0.318238,6.2e-05],[0.044757,-0.316238,0.947623,-0.009668],[0.0,0.0,0.0,1.0]],"antennas":[0.162871,0.033166],"body_yaw":0.161855,"check_collision":false},{"head":[[0.997927,0.060195,-0.022753,0.000332],[-0.049843,0.946655,0.318371,5.9e-05],[0.040703,-0.316577,0.947693,-0.009736],[0.0,0.0,0.0,1.0]],"antennas":[0.17368,0.029145],"body_yaw":0.161855,"check_collision":false},{"head":[[0.998014,0.06076,-0.01662,0.000297],[-0.052345,0.946717,0.317785,6.6e-05],[0.035043,-0.316284,0.948017,-0.009756],[0.0,0.0,0.0,1.0]],"antennas":[0.170941,0.038661],"body_yaw":0.161855,"check_collision":false},{"head":[[0.998001,0.062337,-0.010433,8.5e-05],[-0.055578,0.94415,0.324795,3.1e-05],[0.030097,-0.323566,0.945727,-0.009535],[0.0,0.0,0.0,1.0]],"antennas":[0.15483,0.061028],"body_yaw":0.161855,"check_collision":false},{"head":[[0.997982,0.062557,-0.010864,-8.3e-05],[-0.055202,0.939403,0.338341,-0.000508],[0.031372,-0.337059,0.940961,-0.009265],[0.0,0.0,0.0,1.0]],"antennas":[0.126712,0.094428],"body_yaw":0.161855,"check_collision":false},{"head":[[0.998032,0.062206,-0.007971,-0.000175],[-0.055415,0.934223,0.352358,-0.001168],[0.029365,-0.351222,0.935831,-0.008991],[0.0,0.0,0.0,1.0]],"antennas":[0.088722,0.136321],"body_yaw":0.161855,"check_collision":false},{"head":[[0.998079,0.061954,-0.000861,-0.000295],[-0.057174,0.926249,0.37255,-0.001798],[0.023879,-0.371785,0.928012,-0.008984],[0.0,0.0,0.0,1.0]],"antennas":[0.043749,0.183427],"body_yaw":0.161855,"check_collision":false},{"head":[[0.997917,0.06396,0.008419,-0.000763],[-0.062001,0.914826,0.399061,-0.002763],[0.017822,-0.398751,0.916886,-0.008536],[0.0,0.0,0.0,1.0]],"antennas":[-0.004409,0.232039],"body_yaw":0.161855,"check_collision":false},{"head":[[0.997565,0.065411,0.024183,-0.001444],[-0.069523,0.905539,0.418528,-0.003423],[0.005478,-0.419191,0.907882,-0.008254],[0.0,0.0,0.0,1.0]],"antennas":[-0.052474,0.278458],"body_yaw":0.161855,"check_collision":false},{"head":[[0.997182,0.0642,0.038819,-0.00178],[-0.074607,0.903007,0.423097,-0.003987],[-0.007891,-0.424801,0.905252,-0.007677],[0.0,0.0,0.0,1.0]],"antennas":[-0.096431,0.318973],"body_yaw":0.161855,"check_collision":false},{"head":[[0.997573,0.055258,0.042365,-0.001982],[-0.06766,0.912965,0.40239,-0.003929],[-0.016443,-0.40428,0.914487,-0.007891],[0.0,0.0,0.0,1.0]],"antennas":[-0.132875,0.350508],"body_yaw":0.161855,"check_collision":false},{"head":[[0.998403,0.045188,0.03391,-0.001808],[-0.054281,0.933683,0.353964,-0.00245],[-0.015666,-0.355239,0.934644,-0.008619],[0.0,0.0,0.0,1.0]],"antennas":[-0.158983,0.370565],"body_yaw":0.161855,"check_collision":false},{"head":[[0.999106,0.037788,0.018945,-0.001389],[-0.04167,0.955752,0.291206,-0.000335],[-0.007103,-0.291735,0.956473,-0.008975],[0.0,0.0,0.0,1.0]],"antennas":[-0.172605,0.377582],"body_yaw":0.161855,"check_collision":false},{"head":[[0.999454,0.028644,0.016457,-0.00164],[-0.03158,0.974637,0.22155,0.002291],[-0.009694,-0.221949,0.97501,-0.009994],[0.0,0.0,0.0,1.0]],"antennas":[-0.172879,0.370994],"body_yaw":0.161855,"check_collision":false},{"head":[[0.999438,0.019105,0.02753,-0.002024],[-0.022413,0.99186,0.125344,0.005067],[-0.024912,-0.125891,0.991731,-0.011154],[0.0,0.0,0.0,1.0]],"antennas":[-0.159692,0.351351],"body_yaw":0.161855,"check_collision":false},{"head":[[0.99959,0.004378,0.028312,-0.002142],[-0.005112,0.999651,0.025912,0.008504],[-0.028189,-0.026046,0.999263,-0.011672],[0.0,0.0,0.0,1.0]],"antennas":[-0.133975,0.320142],"body_yaw":0.161855,"check_collision":false},{"head":[[0.999664,-0.010073,0.023866,-0.001995],[0.011205,0.998796,-0.047766,0.011095],[-0.023356,0.048018,0.998573,-0.011643],[0.0,0.0,0.0,1.0]],"antennas":[-0.09785,0.279774],"body_yaw":0.161855,"check_collision":false},{"head":[[0.999513,-0.01421,0.027777,-0.001854],[0.017098,0.994147,-0.106679,0.012908],[-0.026099,0.107102,0.993905,-0.011742],[0.0,0.0,0.0,1.0]],"antennas":[-0.054316,0.233498],"body_yaw":0.161855,"check_collision":false},{"head":[[0.999394,-0.013127,0.032244,-0.00144],[0.018328,0.985836,-0.166709,0.014091],[-0.029599,0.167199,0.985479,-0.011849],[0.0,0.0,0.0,1.0]],"antennas":[-0.006313,0.184829],"body_yaw":0.161855,"check_collision":false},{"head":[[0.999403,-0.013211,0.031924,-0.000957],[0.01994,0.975142,-0.220683,0.015395],[-0.028215,0.221188,0.974823,-0.011541],[0.0,0.0,0.0,1.0]],"antennas":[0.042184,0.137609],"body_yaw":0.161855,"check_collision":false},{"head":[[0.999561,-0.01818,0.023412,-0.000422],[0.023749,0.963808,-0.265537,0.01638],[-0.017737,0.265976,0.963816,-0.011016],[0.0,0.0,0.0,1.0]],"antennas":[0.087496,0.095495],"body_yaw":0.161855,"check_collision":false},{"head":[[0.999618,-0.021028,0.017926,-1.4e-05],[0.025415,0.954271,-0.297859,0.016718],[-0.010843,0.298201,0.954442,-0.010546],[0.0,0.0,0.0,1.0]],"antennas":[0.125785,0.0617],"body_yaw":0.161855,"check_collision":false},{"head":[[0.999684,-0.021491,0.013021,0.000384],[0.0245,0.948753,-0.315067,0.015903],[-0.005582,0.315287,0.94898,-0.010121],[0.0,0.0,0.0,1.0]],"antennas":[0.154163,0.039037],"body_yaw":0.161855,"check_collision":false},{"head":[[0.999809,-0.01667,0.010157,0.000819],[0.01905,0.946838,-0.321146,0.015056],[-0.004263,0.321278,0.946975,-0.010017],[0.0,0.0,0.0,1.0]],"antennas":[0.170683,0.029108],"body_yaw":0.161855,"check_collision":false},{"head":[[0.999862,-0.013753,0.009357,0.001098],[0.016054,0.945105,-0.326371,0.014391],[-0.004354,0.326476,0.945195,-0.009944],[0.0,0.0,0.0,1.0]],"antennas":[0.173912,0.032732],"body_yaw":0.161855,"check_collision":false},{"head":[[0.99985,-0.015742,0.007158,0.001368],[0.017233,0.941372,-0.33693,0.014061],[-0.001435,0.337003,0.941502,-0.00975],[0.0,0.0,0.0,1.0]],"antennas":[0.163562,0.049641],"body_yaw":0.161855,"check_collision":false},{"head":[[0.999811,-0.01882,0.004926,0.001498],[0.019358,0.937281,-0.348036,0.013944],[0.001933,0.348066,0.937468,-0.009385],[0.0,0.0,0.0,1.0]],"antennas":[0.14053,0.078491],"body_yaw":0.161855,"check_collision":false},{"head":[[0.99979,-0.020261,0.002928,0.001591],[0.019979,0.934495,-0.355416,0.013664],[0.004465,0.3554,0.934704,-0.008925],[0.0,0.0,0.0,1.0]],"antennas":[0.106538,0.117053],"body_yaw":0.161855,"check_collision":false},{"head":[[0.99981,-0.019276,0.003051,0.001731],[0.019075,0.932119,-0.36165,0.013718],[0.004127,0.361639,0.932309,-0.008802],[0.0,0.0,0.0,1.0]],"antennas":[0.064201,0.162355],"body_yaw":0.161855,"check_collision":false},{"head":[[0.999813,-0.018618,0.005238,0.00183],[0.019235,0.929048,-0.369458,0.013422],[0.002012,0.36949,0.929233,-0.008602],[0.0,0.0,0.0,1.0]],"antennas":[0.016915,0.210767],"body_yaw":0.161855,"check_collision":false},{"head":[[0.999786,-0.019883,0.005716,0.002013],[0.020568,0.925658,-0.377801,0.013263],[0.002221,0.377838,0.925869,-0.008496],[0.0,0.0,0.0,1.0]],"antennas":[-0.031533,0.258529],"body_yaw":0.161855,"check_collision":false},{"head":[[0.999789,-0.019913,0.004983,0.0021],[0.020309,0.924406,-0.380869,0.013027],[0.002978,0.38089,0.924616,-0.008198],[0.0,0.0,0.0,1.0]],"antennas":[-0.077875,0.302064],"body_yaw":0.161855,"check_collision":false},{"head":[[0.999811,-0.019129,0.003384,0.001998],[0.01897,0.923929,-0.382094,0.012811],[0.004182,0.382086,0.924117,-0.007998],[0.0,0.0,0.0,1.0]],"antennas":[-0.117812,0.337834],"body_yaw":0.161855,"check_collision":false},{"head":[[0.999868,-0.016177,0.001542,0.001943],[0.015561,0.925878,-0.377502,0.012575],[0.004679,0.377476,0.926007,-0.007725],[0.0,0.0,0.0,1.0]],"antennas":[-0.148708,0.363132],"body_yaw":0.161855,"check_collision":false},{"head":[[0.999944,-0.010575,0.000573,0.001906],[0.010047,0.930151,-0.367039,0.012228],[0.003348,0.367025,0.930205,-0.007325],[0.0,0.0,0.0,1.0]],"antennas":[-0.167921,0.375935],"body_yaw":0.161855,"check_collision":false},{"head":[[0.999982,-0.005965,-0.000705,0.001876],[0.005321,0.934214,-0.356673,0.011862],[0.002786,0.356663,0.934229,-0.007068],[0.0,0.0,0.0,1.0]],"antennas":[-0.174223,0.375334],"body_yaw":0.161855,"check_collision":false},{"head":[[0.999989,-0.002701,-0.003963,0.001844],[0.001182,0.939638,-0.342168,0.011435],[0.004648,0.34216,0.93963,-0.006692],[0.0,0.0,0.0,1.0]],"antennas":[-0.166814,0.361284],"body_yaw":0.161855,"check_collision":false},{"head":[[0.999939,-0.002783,-0.010691,0.00189],[-0.000931,0.943083,-0.332557,0.011165],[0.011008,0.332547,0.943023,-0.006297],[0.0,0.0,0.0,1.0]],"antennas":[-0.146498,0.334936],"body_yaw":0.161855,"check_collision":false},{"head":[[0.999766,-0.005879,-0.020819,0.00199],[-0.001266,0.944812,-0.327609,0.010851],[0.021596,0.327559,0.944584,-0.005603],[0.0,0.0,0.0,1.0]],"antennas":[-0.114734,0.298296],"body_yaw":0.161855,"check_collision":false},{"head":[[0.999303,-0.010301,-0.035874,0.002192],[-0.001818,0.946588,-0.322441,0.010598],[0.03728,0.322282,0.945909,-0.004969],[0.0,0.0,0.0,1.0]],"antennas":[-0.073965,0.254302],"body_yaw":0.161855,"check_collision":false},{"head":[[0.998655,-0.013205,-0.050129,0.002389],[-0.003549,0.947333,-0.320231,0.01059],[0.051717,0.319979,0.946012,-0.00459],[0.0,0.0,0.0,1.0]],"antennas":[-0.027705,0.206331],"body_yaw":0.161855,"check_collision":false},{"head":[[0.997775,-0.016263,-0.064662,0.002753],[-0.005117,0.94826,-0.317455,0.010576],[0.066479,0.317079,0.946066,-0.004309],[0.0,0.0,0.0,1.0]],"antennas":[0.020724,0.158325],"body_yaw":0.161855,"check_collision":false},{"head":[[0.996766,-0.01731,-0.078473,0.003346],[-0.007849,0.95088,-0.30946,0.010109],[0.079975,0.309075,0.947669,-0.003832],[0.0,0.0,0.0,1.0]],"antennas":[0.067862,0.113431],"body_yaw":0.161855,"check_collision":false},{"head":[[0.995506,-0.00739,-0.094409,0.004099],[-0.019426,0.959813,-0.279969,0.009116],[0.092684,0.280544,0.955356,-0.003317],[0.0,0.0,0.0,1.0]],"antennas":[0.109685,0.075588],"body_yaw":0.161855,"check_collision":false},{"head":[[0.993526,0.017515,-0.112249,0.00506],[-0.042473,0.973662,-0.224007,0.007528],[0.105369,0.227324,0.968102,-0.002905],[0.0,0.0,0.0,1.0]],"antennas":[0.142813,0.047773],"body_yaw":0.161855,"check_collision":false},{"head":[[0.991623,0.044791,-0.121154,0.006018],[-0.063995,0.985106,-0.159595,0.005459],[0.112201,0.166012,0.97972,-0.002989],[0.0,0.0,0.0,1.0]],"antennas":[0.16472,0.032097],"body_yaw":0.161855,"check_collision":false},{"head":[[0.991442,0.072081,-0.108848,0.006235],[-0.083223,0.991344,-0.101545,0.003419],[0.100586,0.109735,0.988858,-0.003585],[0.0,0.0,0.0,1.0]],"antennas":[0.1739,0.029738],"body_yaw":0.161855,"check_collision":false},{"head":[[0.992281,0.089948,-0.085365,0.005764],[-0.095113,0.993746,-0.058495,0.002202],[0.079569,0.066163,0.994631,-0.004455],[0.0,0.0,0.0,1.0]],"antennas":[0.169542,0.04084],"body_yaw":0.161855,"check_collision":false},{"head":[[0.992463,0.095072,-0.077315,0.005483],[-0.098434,0.994303,-0.040893,0.001754],[0.072987,0.048195,0.996168,-0.004496],[0.0,0.0,0.0,1.0]],"antennas":[0.151902,0.064617],"body_yaw":0.161855,"check_collision":false},{"head":[[0.992536,0.093064,-0.078811,0.005342],[-0.096699,0.994357,-0.04363,0.002076],[0.074306,0.050925,0.995934,-0.004208],[0.0,0.0,0.0,1.0]],"antennas":[0.122444,0.099185],"body_yaw":0.161855,"check_collision":false},{"head":[[0.99271,0.089922,-0.08025,0.005265],[-0.093658,0.994629,-0.044068,0.002324],[0.075856,0.051262,0.9958,-0.004191],[0.0,0.0,0.0,1.0]],"antennas":[0.083594,0.141855],"body_yaw":0.161855,"check_collision":false},{"head":[[0.993103,0.087725,-0.077791,0.005143],[-0.091069,0.995019,-0.040531,0.002567],[0.073848,0.047336,0.996145,-0.004482],[0.0,0.0,0.0,1.0]],"antennas":[0.038154,0.18922],"body_yaw":0.161855,"check_collision":false},{"head":[[0.993607,0.084365,-0.075013,0.004742],[-0.087664,0.995272,-0.041821,0.002958],[0.07113,0.048129,0.996305,-0.004471],[0.0,0.0,0.0,1.0]],"antennas":[-0.010242,0.237676],"body_yaw":0.161855,"check_collision":false},{"head":[[0.993947,0.082411,-0.072648,0.004516],[-0.08538,0.995595,-0.03875,0.003212],[0.069135,0.044718,0.996605,-0.00449],[0.0,0.0,0.0,1.0]],"antennas":[-0.057955,0.283488],"body_yaw":0.161855,"check_collision":false},{"head":[[0.994014,0.082029,-0.072155,0.00444],[-0.084616,0.995848,-0.033558,0.003213],[0.069103,0.039462,0.996829,-0.004641],[0.0,0.0,0.0,1.0]],"antennas":[-0.10112,0.323109],"body_yaw":0.161855,"check_collision":false},{"head":[[0.99415,0.081986,-0.070308,0.004214],[-0.084353,0.995942,-0.031373,0.00341],[0.06745,0.03712,0.997032,-0.004781],[0.0,0.0,0.0,1.0]],"antennas":[-0.13628,0.3533],"body_yaw":0.161855,"check_collision":false},{"head":[[0.994263,0.081587,-0.069175,0.004008],[-0.083877,0.995998,-0.030877,0.003716],[0.066379,0.036502,0.997127,-0.00498],[0.0,0.0,0.0,1.0]],"antennas":[-0.160928,0.371799],"body_yaw":0.161855,"check_collision":false},{"head":[[0.994392,0.080581,-0.068492,0.004015],[-0.082812,0.996102,-0.030378,0.003984],[0.065777,0.03588,0.997189,-0.005217],[0.0,0.0,0.0,1.0]],"antennas":[-0.17302,0.377161],"body_yaw":0.161855,"check_collision":false},{"head":[[0.994604,0.079685,-0.066433,0.003888],[-0.081612,0.996303,-0.026818,0.004213],[0.064051,0.032095,0.99743,-0.005371],[0.0,0.0,0.0,1.0]],"antennas":[-0.171641,0.368968],"body_yaw":0.161855,"check_collision":false},{"head":[[0.99477,0.080202,-0.063247,0.003555],[-0.081697,0.996427,-0.021417,0.004645],[0.061304,0.026472,0.997768,-0.005174],[0.0,0.0,0.0,1.0]],"antennas":[-0.156873,0.347868],"body_yaw":0.161855,"check_collision":false},{"head":[[0.99492,0.079209,-0.062138,0.003375],[-0.080641,0.996524,-0.02089,0.004649],[0.060268,0.025795,0.997849,-0.00512],[0.0,0.0,0.0,1.0]],"antennas":[-0.130013,0.315508],"body_yaw":0.161855,"check_collision":false},{"head":[[0.995119,0.077829,-0.060674,0.003372],[-0.079263,0.99662,-0.021594,0.004663],[0.058789,0.026297,0.997924,-0.005442],[0.0,0.0,0.0,1.0]],"antennas":[-0.092688,0.274349],"body_yaw":0.161855,"check_collision":false},{"head":[[0.995298,0.076889,-0.058909,0.003389],[-0.078267,0.996702,-0.021444,0.004836],[0.057066,0.025954,0.998033,-0.005653],[0.0,0.0,0.0,1.0]],"antennas":[-0.048517,0.227674],"body_yaw":0.161855,"check_collision":false},{"head":[[0.995443,0.075744,-0.05794,0.003277],[-0.077178,0.996754,-0.02293,0.005153],[0.056015,0.027297,0.998057,-0.005727],[0.0,0.0,0.0,1.0]],"antennas":[-0.00039,0.179085],"body_yaw":0.161855,"check_collision":false},{"head":[[0.995585,0.073806,-0.057991,0.003099],[-0.075455,0.99679,-0.026764,0.005539],[0.05583,0.031022,0.997958,-0.005797],[0.0,0.0,0.0,1.0]],"antennas":[0.047413,0.132443],"body_yaw":0.161855,"check_collision":false},{"head":[[0.995768,0.071451,-0.057806,0.002962],[-0.073315,0.996834,-0.030785,0.005857],[0.055423,0.034893,0.997853,-0.005709],[0.0,0.0,0.0,1.0]],"antennas":[0.092376,0.091167],"body_yaw":0.161855,"check_collision":false},{"head":[[0.995902,0.069812,-0.057489,0.002905],[-0.071745,0.996901,-0.032275,0.006143],[0.055058,0.036267,0.997824,-0.005585],[0.0,0.0,0.0,1.0]],"antennas":[0.12935,0.05871],"body_yaw":0.161855,"check_collision":false},{"head":[[0.996122,0.068055,-0.055767,0.002852],[-0.070043,0.996947,-0.0345,0.006387],[0.053249,0.038272,0.997848,-0.005806],[0.0,0.0,0.0,1.0]],"antennas":[0.156634,0.037424],"body_yaw":0.161855,"check_collision":false},{"head":[[0.996294,0.066028,-0.055114,0.002707],[-0.068104,0.997004,-0.036674,0.006336],[0.052528,0.040291,0.997806,-0.005955],[0.0,0.0,0.0,1.0]],"antennas":[0.171544,0.029093],"body_yaw":0.161855,"check_collision":false},{"head":[[0.996418,0.064705,-0.05444,0.002465],[-0.066837,0.997029,-0.038284,0.006551],[0.051801,0.041785,0.997783,-0.005902],[0.0,0.0,0.0,1.0]],"antennas":[0.173135,0.034311],"body_yaw":0.161855,"check_collision":false},{"head":[[0.996572,0.062792,-0.053858,0.002095],[-0.064992,0.997079,-0.04011,0.006951],[0.051182,0.043473,0.997743,-0.005859],[0.0,0.0,0.0,1.0]],"antennas":[0.161281,0.052688],"body_yaw":0.161855,"check_collision":false},{"head":[[0.996713,0.060024,-0.054413,0.001697],[-0.062387,0.997133,-0.042819,0.007171],[0.051687,0.046073,0.9976,-0.005793],[0.0,0.0,0.0,1.0]],"antennas":[0.136817,0.08279],"body_yaw":0.161855,"check_collision":false},{"head":[[0.996991,0.057249,-0.052271,0.001021],[-0.05968,0.997148,-0.046198,0.007405],[0.049477,0.049178,0.997564,-0.005713],[0.0,0.0,0.0,1.0]],"antennas":[0.101663,0.122232],"body_yaw":0.161855,"check_collision":false},{"head":[[0.997504,0.054507,-0.044896,0.000187],[-0.056774,0.99709,-0.050867,0.007869],[0.041993,0.053289,0.997696,-0.005945],[0.0,0.0,0.0,1.0]],"antennas":[0.058709,0.168056],"body_yaw":0.161855,"check_collision":false},{"head":[[0.997909,0.052518,-0.037669,-0.000515],[-0.054523,0.997033,-0.054329,0.007988],[0.034704,0.05627,0.997812,-0.006073],[0.0,0.0,0.0,1.0]],"antennas":[0.011097,0.216514],"body_yaw":0.161855,"check_collision":false},{"head":[[0.998216,0.050473,-0.03188,-0.001344],[-0.052211,0.99705,-0.056266,0.008142],[0.028946,0.05783,0.997907,-0.005986],[0.0,0.0,0.0,1.0]],"antennas":[-0.037361,0.263969],"body_yaw":0.161855,"check_collision":false},{"head":[[0.99846,0.048514,-0.026912,-0.002177],[-0.05,0.997086,-0.057607,0.008295],[0.024039,0.058864,0.997977,-0.005708],[0.0,0.0,0.0,1.0]],"antennas":[-0.082934,0.306735],"body_yaw":0.161855,"check_collision":false},{"head":[[0.998539,0.046848,-0.026939,-0.002832],[-0.048351,0.997137,-0.058144,0.008293],[0.024138,0.059362,0.997945,-0.005401],[0.0,0.0,0.0,1.0]],"antennas":[-0.122012,0.341414],"body_yaw":0.161855,"check_collision":false},{"head":[[0.99858,0.045797,-0.027197,-0.003583],[-0.04731,0.997202,-0.057876,0.008176],[0.02447,0.059081,0.997953,-0.00513],[0.0,0.0,0.0,1.0]],"antennas":[-0.151673,0.365325],"body_yaw":0.161855,"check_collision":false},{"head":[[0.998685,0.044752,-0.025008,-0.004378],[-0.046156,0.997205,-0.058745,0.008201],[0.02231,0.059822,0.99796,-0.005018],[0.0,0.0,0.0,1.0]],"antennas":[-0.169505,0.376599],"body_yaw":0.161855,"check_collision":false},{"head":[[0.998827,0.043432,-0.021401,-0.005215],[-0.044646,0.997202,-0.059952,0.008353],[0.018738,0.060837,0.997972,-0.004921],[0.0,0.0,0.0,1.0]],"antennas":[-0.174174,0.374567],"body_yaw":0.161855,"check_collision":false},{"head":[[0.998967,0.042621,-0.015762,-0.00613],[-0.0435,0.997224,-0.060428,0.008481],[0.013142,0.061051,0.998048,-0.004919],[0.0,0.0,0.0,1.0]],"antennas":[-0.165074,0.358809],"body_yaw":0.161855,"check_collision":false},{"head":[[0.999019,0.042681,-0.011823,-0.006739],[-0.043333,0.99715,-0.061766,0.008384],[0.009153,0.062218,0.998021,-0.004881],[0.0,0.0,0.0,1.0]],"antennas":[-0.14602,0.349156],"body_yaw":0.161855,"check_collision":false},{"head":[[0.999069,0.042496,-0.007408,-0.007281],[-0.042881,0.997071,-0.063336,0.008521],[0.004695,0.063594,0.997965,-0.004819],[0.0,0.0,0.0,1.0]],"antennas":[-0.14602,0.349156],"body_yaw":0.161855,"check_collision":false},{"head":[[0.99913,0.041508,-0.004043,-0.007863],[-0.041684,0.996976,-0.065588,0.008673],[0.001309,0.0657,0.997839,-0.004708],[0.0,0.0,0.0,1.0]],"antennas":[-0.14602,0.349156],"body_yaw":0.161855,"check_collision":false},{"head":[[0.999188,0.040209,-0.002358,-0.008486],[-0.040277,0.996947,-0.06689,0.008698],[-0.000338,0.066931,0.997758,-0.004551],[0.0,0.0,0.0,1.0]],"antennas":[-0.14602,0.349156],"body_yaw":0.161855,"check_collision":false},{"head":[[0.999222,0.039443,0.000802,-0.009193],[-0.039301,0.996981,-0.066966,0.008795],[-0.003441,0.066883,0.997755,-0.004472],[0.0,0.0,0.0,1.0]],"antennas":[-0.14602,0.349156],"body_yaw":0.161855,"check_collision":false},{"head":[[0.999219,0.039311,0.003909,-0.009773],[-0.03896,0.996976,-0.067244,0.008994],[-0.00654,0.067039,0.997729,-0.004448],[0.0,0.0,0.0,1.0]],"antennas":[-0.14602,0.349156],"body_yaw":0.161855,"check_collision":false},{"head":[[0.99918,0.039713,0.007876,-0.009996],[-0.039086,0.996917,-0.068031,0.009063],[-0.010553,0.067667,0.997652,-0.004547],[0.0,0.0,0.0,1.0]],"antennas":[-0.14602,0.349156],"body_yaw":0.161855,"check_collision":false},{"head":[[0.99917,0.039444,0.010128,-0.010195],[-0.038654,0.99687,-0.068966,0.009158],[-0.012817,0.068517,0.997568,-0.004607],[0.0,0.0,0.0,1.0]],"antennas":[-0.14602,0.349156],"body_yaw":0.161855,"check_collision":false},{"head":[[0.999201,0.038564,0.010462,-0.010755],[-0.037766,0.996973,-0.067958,0.009443],[-0.013051,0.067508,0.997633,-0.004464],[0.0,0.0,0.0,1.0]],"antennas":[-0.14602,0.349156],"body_yaw":0.161855,"check_collision":false},{"head":[[0.999091,0.040508,0.013252,-0.011629],[-0.039579,0.997159,-0.064089,0.010433],[-0.01581,0.063507,0.997856,-0.004764],[0.0,0.0,0.0,1.0]],"antennas":[-0.14602,0.349156],"body_yaw":0.161855,"check_collision":false},{"head":[[0.998933,0.041969,0.019255,-0.012274],[-0.040657,0.997114,-0.064118,0.010787],[-0.02189,0.063266,0.997757,-0.005027],[0.0,0.0,0.0,1.0]],"antennas":[-0.14602,0.349156],"body_yaw":0.161855,"check_collision":false},{"head":[[0.998812,0.042031,0.024657,-0.012752],[-0.04034,0.997039,-0.065474,0.011333],[-0.027336,0.064402,0.99755,-0.005466],[0.0,0.0,0.0,1.0]],"antennas":[-0.14602,0.349156],"body_yaw":0.161855,"check_collision":false},{"head":[[0.998669,0.042407,0.029356,-0.013245],[-0.040437,0.997082,-0.064744,0.011567],[-0.032016,0.063471,0.99747,-0.005521],[0.0,0.0,0.0,1.0]],"antennas":[-0.14602,0.349156],"body_yaw":0.161855,"check_collision":false},{"head":[[0.998609,0.041446,0.032579,-0.013537],[-0.039259,0.997106,-0.065109,0.011789],[-0.035183,0.063739,0.997346,-0.005691],[0.0,0.0,0.0,1.0]],"antennas":[-0.14602,0.349156],"body_yaw":0.161855,"check_collision":false},{"head":[[0.998619,0.04017,0.033856,-0.01376],[-0.037839,0.997043,-0.066879,0.011777],[-0.036443,0.065505,0.997187,-0.005951],[0.0,0.0,0.0,1.0]],"antennas":[-0.14602,0.349156],"body_yaw":0.161855,"check_collision":false},{"head":[[0.998649,0.03901,0.034326,-0.014101],[-0.036663,0.99711,-0.066542,0.012051],[-0.036823,0.065194,0.997193,-0.005957],[0.0,0.0,0.0,1.0]],"antennas":[-0.14602,0.349156],"body_yaw":0.161855,"check_collision":false},{"head":[[0.998695,0.037947,0.034188,-0.014398],[-0.035622,0.99717,-0.066212,0.012203],[-0.036604,0.064907,0.99722,-0.005736],[0.0,0.0,0.0,1.0]],"antennas":[-0.14602,0.349156],"body_yaw":0.161855,"check_collision":false},{"head":[[0.998683,0.037574,0.034934,-0.014564],[-0.035148,0.997089,-0.067658,0.012184],[-0.037375,0.066341,0.997097,-0.005646],[0.0,0.0,0.0,1.0]],"antennas":[-0.14602,0.349156],"body_yaw":0.161855,"check_collision":false},{"head":[[0.998687,0.036695,0.035739,-0.014627],[-0.034164,0.997029,-0.069033,0.01209],[-0.038166,0.067721,0.996974,-0.005655],[0.0,0.0,0.0,1.0]],"antennas":[-0.14602,0.349156],"body_yaw":0.161855,"check_collision":false},{"head":[[0.998721,0.036174,0.035337,-0.014785],[-0.033695,0.997089,-0.068391,0.011981],[-0.037709,0.067113,0.997033,-0.005443],[0.0,0.0,0.0,1.0]],"antennas":[-0.14602,0.349156],"body_yaw":0.161855,"check_collision":false},{"head":[[0.998746,0.03595,0.034845,-0.015041],[-0.033532,0.997143,-0.06768,0.011838],[-0.037178,0.066427,0.997098,-0.005259],[0.0,0.0,0.0,1.0]],"antennas":[-0.14602,0.349156],"body_yaw":0.161855,"check_collision":false},{"head":[[0.99874,0.035815,0.035153,-0.01528],[-0.033403,0.997196,-0.066963,0.011959],[-0.037452,0.065704,0.997136,-0.005413],[0.0,0.0,0.0,1.0]],"antennas":[-0.14602,0.349156],"body_yaw":0.161855,"check_collision":false},{"head":[[0.998715,0.035635,0.036034,-0.015414],[-0.03314,0.997161,-0.067609,0.011732],[-0.038341,0.066328,0.997061,-0.005384],[0.0,0.0,0.0,1.0]],"antennas":[-0.14602,0.349156],"body_yaw":0.161855,"check_collision":false},{"head":[[0.998725,0.035107,0.036286,-0.015575],[-0.032599,0.997185,-0.067517,0.011951],[-0.038554,0.066248,0.997058,-0.005396],[0.0,0.0,0.0,1.0]],"antennas":[-0.14602,0.349156],"body_yaw":0.161855,"check_collision":false},{"head":[[0.998781,0.034139,0.035638,-0.015858],[-0.031669,0.997203,-0.0677,0.011944],[-0.03785,0.066489,0.997069,-0.005104],[0.0,0.0,0.0,1.0]],"antennas":[-0.14602,0.349156],"body_yaw":0.161855,"check_collision":false}]}