{"description":"A movement to celebrate incredible news.","time":[0.0,0.02,0.04,0.06,0.08,0.1,0.12,0.14,0.16,0.18,0.2,0.22,0.24,0.26,0.28,0.3,0.32,0.34,0.36,0.38,0.4,0.42,0.44,0.46,0.48,0.5,0.52,0.54,0.56,0.58,0.6,0.62,0.64,0.66,0.68,0.7,0.72,0.74,0.76,0.78,0.8,0.82,0.84,0.86,0.88,0.9,0.92,0.94,0.96,0.98,1.0,1.02,1.04,1.06,1.08,1.1,1.12,1.14,1.16,1.18,1.2,1.22,1.24,1.26,1.28,1.3,1.32,1.34,1.36,1.38,1.4,1.42,1.44,1.46,1.48,1.5,1.52,1.54,1.56,1.58,1.6,1.62,1.64,1.66,1.68,1.7,1.72,1.74,1.76,1.78,1.8,1.82,1.84,1.86,1.88,1.9,1.92,1.94,1.96,1.98,2.0,2.02,2.04,2.06,2.08,2.1,2.12,2.14,2.16,2.18,2.2,2.22,2.24,2.26,2.28,2.3,2.32,2.34,2.36,2.38,2.4,2.42,2.44,2.46,2.48,2.5,2.52,2.54,2.56,2.58,2.6,2.62,2.64,2.66,2.68,2.7,2.72],"set_target_data":[{"head":[[0.997172,-0.069247,-0.029189,-0.009064],[0.066642,0.994374,-0.08234,-0.007071],[0.034726,0.080162,0.996177,0.009221],[0.0,0.0,0.0,1.0]],"antennas":[-0.369453,0.57426],"body_yaw":0.161855,"check_collision":false},{"head":[[0.997192,-0.068881,-0.029383,-0.008801],[0.066269,0.994414,-0.082152,-0.006895],[0.034877,0.079974,0.996187,0.00917],[0.0,0.0,0.0,1.0]],"antennas":[-0.369453,0.57426],"body_yaw":0.161855,"check_collision":false},{"head":[[0.997209,-0.06862,-0.029407,-0.008377],[0.066006,0.994431,-0.082164,-0.006645],[0.034881,0.079993,0.996185,0.009146],[0.0,0.0,0.0,1.0]],"antennas":[-0.369453,0.57426],"body_yaw":0.161855,"check_collision":false},{"head":[[0.997226,-0.068479,-0.029179,-0.007856],[0.065885,0.994443,-0.082118,-0.006458],[0.03464,0.079967,0.996195,0.009063],[0.0,0.0,0.0,1.0]],"antennas":[-0.369453,0.57426],"body_yaw":0.161855,"check_collision":false},{"head":[[0.997272,-0.067866,-0.029045,-0.007644],[0.065277,0.994465,-0.082326,-0.006373],[0.034471,0.080205,0.996182,0.0089],[0.0,0.0,0.0,1.0]],"antennas":[-0.369453,0.57426],"body_yaw":0.161855,"check_collision":false},{"head":[[0.997265,-0.067909,-0.029163,-0.007145],[0.065288,0.994409,-0.082992,-0.006197],[0.034636,0.080861,0.996123,0.008692],[0.0,0.0,0.0,1.0]],"antennas":[-0.369453,0.57426],"body_yaw":0.161855,"check_collision":false},{"head":[[0.997258,-0.06778,-0.029708,-0.007039],[0.065115,0.994422,-0.082973,-0.006197],[0.035166,0.080811,0.996109,0.008534],[0.0,0.0,0.0,1.0]],"antennas":[-0.369453,0.57426],"body_yaw":0.161855,"check_collision":false},{"head":[[0.997245,-0.067898,-0.029862,-0.006818],[0.065215,0.994402,-0.083141,-0.006089],[0.03534,0.080964,0.99609,0.008485],[0.0,0.0,0.0,1.0]],"antennas":[-0.369453,0.57426],"body_yaw":0.161855,"check_collision":false},{"head":[[0.997262,-0.067755,-0.029626,-0.006539],[0.065075,0.994372,-0.0836,-0.005965],[0.035123,0.081443,0.996059,0.008278],[0.0,0.0,0.0,1.0]],"antennas":[-0.369453,0.57426],"body_yaw":0.161855,"check_collision":false},{"head":[[0.997297,-0.067136,-0.029854,-0.00645],[0.064438,0.994412,-0.08362,-0.005632],[0.035301,0.08147,0.99605,0.008548],[0.0,0.0,0.0,1.0]],"antennas":[-0.369453,0.57426],"body_yaw":0.161855,"check_collision":false},{"head":[[0.99731,-0.066981,-0.029765,-0.006282],[0.064284,0.994405,-0.083829,-0.005535],[0.035213,0.08169,0.996036,0.008557],[0.0,0.0,0.0,1.0]],"antennas":[-0.369453,0.57426],"body_yaw":0.161855,"check_collision":false},{"head":[[0.997331,-0.066626,-0.029861,-0.006206],[0.063919,0.994421,-0.083908,-0.005644],[0.035285,0.081776,0.996026,0.008438],[0.0,0.0,0.0,1.0]],"antennas":[-0.369453,0.57426],"body_yaw":0.161855,"check_collision":false},{"head":[[0.997328,-0.066514,-0.030199,-0.006171],[0.063777,0.994423,-0.083999,-0.005694],[0.035618,0.081848,0.996008,0.008257],[0.0,0.0,0.0,1.0]],"antennas":[-0.369453,0.57426],"body_yaw":0.161855,"check_collision":false},{"head":[[0.99735,-0.066137,-0.030324,-0.006082],[0.063391,0.994449,-0.083986,-0.005648],[0.03571,0.081841,0.996005,0.008054],[0.0,0.0,0.0,1.0]],"antennas":[-0.369453,0.57426],"body_yaw":0.161855,"check_collision":false},{"head":[[0.997361,-0.065907,-0.030465,-0.00605],[0.063146,0.994453,-0.084119,-0.005614],[0.03584,0.081974,0.99599,0.008029],[0.0,0.0,0.0,1.0]],"antennas":[-0.369453,0.57426],"body_yaw":0.161855,"check_collision":false},{"head":[[0.997392,-0.065571,-0.030163,-0.006005],[0.062841,0.994487,-0.083941,-0.005592],[0.0355,0.081827,0.996014,0.008059],[0.0,0.0,0.0,1.0]],"antennas":[-0.369453,0.57426],"body_yaw":0.161855,"check_collision":false},{"head":[[0.9974,-0.065433,-0.030184,-0.005621],[0.062708,0.994509,-0.083782,-0.005286],[0.0355,0.081671,0.996027,0.007937],[0.0,0.0,0.0,1.0]],"antennas":[-0.369453,0.57426],"body_yaw":0.161855,"check_collision":false},{"head":[[0.99744,-0.064845,-0.030147,-0.005747],[0.06213,0.994558,-0.083631,-0.005371],[0.035406,0.081544,0.996041,0.007968],[0.0,0.0,0.0,1.0]],"antennas":[-0.369453,0.57426],"body_yaw":0.161855,"check_collision":false},{"head":[[0.997438,-0.064791,-0.030332,-0.005679],[0.062053,0.994544,-0.083855,-0.005362],[0.0356,0.081758,0.996016,0.007928],[0.0,0.0,0.0,1.0]],"antennas":[-0.369453,0.57426],"body_yaw":0.161855,"check_collision":false},{"head":[[0.997454,-0.064386,-0.030657,-0.005665],[0.06162,0.994566,-0.083916,-0.00532],[0.035894,0.081814,0.996001,0.007918],[0.0,0.0,0.0,1.0]],"antennas":[-0.369453,0.57426],"body_yaw":0.161855,"check_collision":false},{"head":[[0.997465,-0.064158,-0.03078,-0.005661],[0.061387,0.994589,-0.08381,-0.005306],[0.03599,0.081708,0.996006,0.007981],[0.0,0.0,0.0,1.0]],"antennas":[-0.369453,0.574242],"body_yaw":0.161855,"check_collision":false},{"head":[[0.997461,-0.064104,-0.031024,-0.005503],[0.061314,0.994597,-0.083767,-0.005287],[0.036226,0.081653,0.996002,0.007885],[0.0,0.0,0.0,1.0]],"antennas":[-0.343632,0.514742],"body_yaw":0.161855,"check_collision":false},{"head":[[0.996915,-0.072675,-0.02966,-0.012039],[0.069863,0.993771,-0.086829,-0.009669],[0.035786,0.084489,0.995782,0.009836],[0.0,0.0,0.0,1.0]],"antennas":[-0.278761,0.455709],"body_yaw":0.161855,"check_collision":false},{"head":[[0.99691,-0.072627,-0.029931,-0.012131],[0.069806,0.99381,-0.086427,-0.00934],[0.036023,0.084071,0.995808,0.009866],[0.0,0.0,0.0,1.0]],"antennas":[-0.228516,0.415797],"body_yaw":0.161855,"check_collision":false},{"head":[[0.996946,-0.072266,-0.029592,-0.011834],[0.069481,0.993847,-0.086257,-0.009023],[0.035643,0.083937,0.995833,0.009879],[0.0,0.0,0.0,1.0]],"antennas":[-0.199856,0.400489],"body_yaw":0.161855,"check_collision":false},{"head":[[0.996993,-0.071768,-0.029224,-0.011076],[0.069025,0.993901,-0.085997,-0.008537],[0.035218,0.083721,0.995867,0.009894],[0.0,0.0,0.0,1.0]],"antennas":[-0.198437,0.412862],"body_yaw":0.161855,"check_collision":false},{"head":[[0.997018,-0.071399,-0.029266,-0.010694],[0.068657,0.993936,-0.085887,-0.008328],[0.035221,0.083621,0.995875,0.009907],[0.0,0.0,0.0,1.0]],"antennas":[-0.22404,0.4507],"body_yaw":0.161855,"check_collision":false},{"head":[[0.997015,-0.071387,-0.029393,-0.010272],[0.068634,0.993935,-0.085927,-0.008131],[0.035348,0.083653,0.995868,0.009818],[0.0,0.0,0.0,1.0]],"antennas":[-0.272506,0.508064],"body_yaw":0.161855,"check_collision":false},{"head":[[0.997011,-0.071413,-0.029466,-0.01012],[0.06866,0.993948,-0.085751,-0.008064],[0.035412,0.083472,0.995881,0.009854],[0.0,0.0,0.0,1.0]],"antennas":[-0.335844,0.575691],"body_yaw":0.161855,"check_collision":false},{"head":[[0.996985,-0.071339,-0.030523,-0.009807],[0.068528,0.994029,-0.084918,-0.007877],[0.036399,0.08257,0.99592,0.009477],[0.0,0.0,0.0,1.0]],"antennas":[-0.405444,0.643314],"body_yaw":0.161855,"check_collision":false},{"head":[[0.996748,-0.072191,-0.035801,-0.009769],[0.069094,0.994294,-0.081268,-0.007387],[0.041464,0.07853,0.996049,0.009881],[0.0,0.0,0.0,1.0]],"antennas":[-0.468675,0.699949],"body_yaw":0.161855,"check_collision":false},{"head":[[0.996068,-0.074298,-0.048252,-0.009744],[0.070536,0.99465,-0.075473,-0.00667],[0.053602,0.071773,0.99598,0.010907],[0.0,0.0,0.0,1.0]],"antennas":[-0.516281,0.7367],"body_yaw":0.161855,"check_collision":false},{"head":[[0.995046,-0.076088,-0.063979,-0.009329],[0.071466,0.994865,-0.071669,-0.005852],[0.069104,0.066741,0.995374,0.012087],[0.0,0.0,0.0,1.0]],"antennas":[-0.540849,0.74783],"body_yaw":0.161855,"check_collision":false},{"head":[[0.993845,-0.075925,-0.080664,-0.009095],[0.070485,0.995173,-0.068279,-0.005115],[0.085459,0.062173,0.9944,0.013644],[0.0,0.0,0.0,1.0]],"antennas":[-0.538313,0.731546],"body_yaw":0.161855,"check_collision":false},{"head":[[0.991355,-0.07652,-0.106587,-0.008561],[0.070607,0.995805,-0.0582,-0.004118],[0.110594,0.050171,0.992599,0.015394],[0.0,0.0,0.0,1.0]],"antennas":[-0.509021,0.690385],"body_yaw":0.161855,"check_collision":false},{"head":[[0.986783,-0.080682,-0.140534,-0.008457],[0.076444,0.996449,-0.035308,-0.003532],[0.142884,0.024099,0.989446,0.017311],[0.0,0.0,0.0,1.0]],"antennas":[-0.457836,0.630984],"body_yaw":0.161855,"check_collision":false},{"head":[[0.982611,-0.079752,-0.167674,-0.007848],[0.078593,0.996815,-0.013547,-0.002888],[0.16822,0.000133,0.985749,0.018962],[0.0,0.0,0.0,1.0]],"antennas":[-0.392572,0.562535],"body_yaw":0.161855,"check_collision":false},{"head":[[0.979738,-0.077322,-0.184755,-0.00741],[0.079068,0.996867,0.002089,-0.002793],[0.184014,-0.016655,0.982782,0.02],[0.0,0.0,0.0,1.0]],"antennas":[-0.323841,0.496042],"body_yaw":0.161855,"check_collision":false},{"head":[[0.979145,-0.075338,-0.188675,-0.006996],[0.07678,0.997048,0.000335,-0.002821],[0.188093,-0.014815,0.982039,0.02],[0.0,0.0,0.0,1.0]],"antennas":[-0.262154,0.441848],"body_yaw":0.161855,"check_collision":false},{"head":[[0.980621,-0.071925,-0.182232,-0.006323],[0.071462,0.997402,-0.009116,-0.002371],[0.182415,-0.004084,0.983213,0.02],[0.0,0.0,0.0,1.0]],"antennas":[-0.217367,0.408528],"body_yaw":0.161855,"check_collision":false},{"head":[[0.983036,-0.06623,-0.171039,-0.006269],[0.064383,0.997792,-0.016325,-0.00239],[0.171743,0.005036,0.985129,0.02],[0.0,0.0,0.0,1.0]],"antennas":[-0.196786,0.401416],"body_yaw":0.161855,"check_collision":false},{"head":[[0.983977,-0.064335,-0.166283,-0.005785],[0.061488,0.997861,-0.022218,-0.003366],[0.167356,0.011638,0.985828,0.019961],[0.0,0.0,0.0,1.0]],"antennas":[-0.203356,0.421586],"body_yaw":0.161855,"check_collision":false},{"head":[[0.986128,-0.062164,-0.153904,-0.005413],[0.058191,0.997849,-0.03019,-0.004447],[0.15545,0.020816,0.987624,0.018422],[0.0,0.0,0.0,1.0]],"antennas":[-0.236151,0.465882],"body_yaw":0.161855,"check_collision":false},{"head":[[0.990422,-0.057122,-0.1257,-0.00552],[0.053643,0.998082,-0.030894,-0.005704],[0.127224,0.023855,0.991587,0.015363],[0.0,0.0,0.0,1.0]],"antennas":[-0.28991,0.527245],"body_yaw":0.161855,"check_collision":false},{"head":[[0.996014,-0.049686,-0.074082,-0.006393],[0.0473,0.998315,-0.03362,-0.006996],[0.075628,0.029982,0.996685,0.011149],[0.0,0.0,0.0,1.0]],"antennas":[-0.356339,0.596022],"body_yaw":0.161855,"check_collision":false},{"head":[[0.998464,-0.04617,-0.030637,-0.007233],[0.044635,0.997799,-0.049045,-0.007823],[0.032834,0.047602,0.998327,0.00717],[0.0,0.0,0.0,1.0]],"antennas":[-0.42473,0.661322],"body_yaw":0.161855,"check_collision":false},{"head":[[0.998596,-0.051544,-0.012217,-0.007749],[0.05059,0.996365,-0.068532,-0.008301],[0.015705,0.067817,0.997574,0.004041],[0.0,0.0,0.0,1.0]],"antennas":[-0.484596,0.712986],"body_yaw":0.161855,"check_collision":false},{"head":[[0.998183,-0.059242,0.010983,-0.008078],[0.059941,0.994873,-0.081455,-0.008484],[-0.006101,0.081965,0.996617,0.00187],[0.0,0.0,0.0,1.0]],"antennas":[-0.52619,0.742734],"body_yaw":0.161855,"check_collision":false},{"head":[[0.997464,-0.065568,0.027674,-0.008147],[0.067816,0.993615,-0.090163,-0.008716],[-0.021585,0.091811,0.995542,8.8e-05],[0.0,0.0,0.0,1.0]],"antennas":[-0.542939,0.745831],"body_yaw":0.161855,"check_collision":false},{"head":[[0.997067,-0.067186,0.036644,-0.008316],[0.070397,0.993003,-0.094813,-0.008915],[-0.030017,0.097115,0.99482,-0.001005],[0.0,0.0,0.0,1.0]],"antennas":[-0.532336,0.721875],"body_yaw":0.161855,"check_collision":false},{"head":[[0.997054,-0.065483,0.039931,-0.008546],[0.068937,0.993341,-0.092312,-0.008797],[-0.033621,0.094793,0.994929,-0.000905],[0.0,0.0,0.0,1.0]],"antennas":[-0.496227,0.674668],"body_yaw":0.161855,"check_collision":false},{"head":[[0.997432,-0.063865,0.0324,-0.008703],[0.066426,0.994133,-0.085367,-0.008817],[-0.026758,0.0873,0.995823,9e-06],[0.0,0.0,0.0,1.0]],"antennas":[-0.439914,0.611532],"body_yaw":0.161855,"check_collision":false},{"head":[[0.997752,-0.062348,0.024568,-0.008915],[0.064036,0.995104,-0.075282,-0.008791],[-0.019754,0.076686,0.99686,0.001679],[0.0,0.0,0.0,1.0]],"antennas":[-0.372455,0.542569],"body_yaw":0.161855,"check_collision":false},{"head":[[0.998193,-0.059789,0.005953,-0.009118],[0.060048,0.996137,-0.064074,-0.008378],[-0.002099,0.064315,0.997927,0.004665],[0.0,0.0,0.0,1.0]],"antennas":[-0.304931,0.478559],"body_yaw":0.161855,"check_collision":false},{"head":[[0.997193,-0.063298,-0.040003,-0.008825],[0.06133,0.996931,-0.048657,-0.007925],[0.04296,0.046067,0.998014,0.008101],[0.0,0.0,0.0,1.0]],"antennas":[-0.247008,0.429637],"body_yaw":0.161855,"check_collision":false},{"head":[[0.993809,-0.069138,-0.086972,-0.008075],[0.066343,0.997195,-0.034638,-0.00778],[0.089123,0.028654,0.995608,0.01042],[0.0,0.0,0.0,1.0]],"antennas":[-0.208587,0.403528],"body_yaw":0.161855,"check_collision":false},{"head":[[0.990547,-0.072356,-0.116542,-0.007602],[0.069646,0.997202,-0.027163,-0.007523],[0.118181,0.018789,0.992814,0.01235],[0.0,0.0,0.0,1.0]],"antennas":[-0.195692,0.404427],"body_yaw":0.161855,"check_collision":false},{"head":[[0.98789,-0.07468,-0.136002,-0.007548],[0.071677,0.997066,-0.02685,-0.007102],[0.137608,0.016777,0.990345,0.014115],[0.0,0.0,0.0,1.0]],"antennas":[-0.210236,0.432147],"body_yaw":0.161855,"check_collision":false},{"head":[[0.986086,-0.076994,-0.147331,-0.007904],[0.073284,0.996846,-0.030455,-0.006989],[0.149211,0.019234,0.988618,0.015347],[0.0,0.0,0.0,1.0]],"antennas":[-0.249933,0.482326],"body_yaw":0.161855,"check_collision":false},{"head":[[0.985395,-0.078626,-0.151045,-0.007789],[0.073621,0.996544,-0.038459,-0.006908],[0.153547,0.026777,0.987778,0.015659],[0.0,0.0,0.0,1.0]],"antennas":[-0.308541,0.546997],"body_yaw":0.161855,"check_collision":false},{"head":[[0.985724,-0.07999,-0.148151,-0.007179],[0.073653,0.996138,-0.047789,-0.006964],[0.151402,0.036195,0.987809,0.014988],[0.0,0.0,0.0,1.0]],"antennas":[-0.37638,0.615862],"body_yaw":0.161855,"check_collision":false},{"head":[[0.986075,-0.083684,-0.143709,-0.006973],[0.07707,0.995721,-0.050996,-0.007394],[0.147361,0.03921,0.988305,0.013641],[0.0,0.0,0.0,1.0]],"antennas":[-0.443584,0.67838],"body_yaw":0.161855,"check_collision":false},{"head":[[0.98786,-0.087543,-0.128334,-0.007249],[0.0819,0.995454,-0.048618,-0.008163],[0.132007,0.037517,0.990539,0.01138],[0.0,0.0,0.0,1.0]],"antennas":[-0.499064,0.724391],"body_yaw":0.161855,"check_collision":false},{"head":[[0.991766,-0.085355,-0.095471,-0.007691],[0.080585,0.995351,-0.052756,-0.008787],[0.09953,0.044628,0.994033,0.008505],[0.0,0.0,0.0,1.0]],"antennas":[-0.533992,0.746742],"body_yaw":0.161855,"check_collision":false},{"head":[[0.993946,-0.082,-0.073122,-0.007896],[0.077739,0.995207,-0.059331,-0.009486],[0.077637,0.053288,0.995557,0.005581],[0.0,0.0,0.0,1.0]],"antennas":[-0.542967,0.741848],"body_yaw":0.161855,"check_collision":false},{"head":[[0.994486,-0.083531,-0.063406,-0.007822],[0.079313,0.994638,-0.066369,-0.009883],[0.06861,0.060974,0.995778,0.003712],[0.0,0.0,0.0,1.0]],"antennas":[-0.524648,0.710515],"body_yaw":0.161855,"check_collision":false},{"head":[[0.994641,-0.084811,-0.059136,-0.008047],[0.080655,0.994321,-0.069433,-0.01002],[0.064689,0.064291,0.995832,0.002452],[0.0,0.0,0.0,1.0]],"antennas":[-0.481638,0.657519],"body_yaw":0.161855,"check_collision":false},{"head":[[0.99466,-0.086102,-0.05691,-0.008398],[0.081935,0.994041,-0.071895,-0.010104],[0.062761,0.066848,0.995787,0.001464],[0.0,0.0,0.0,1.0]],"antennas":[-0.420814,0.591561],"body_yaw":0.161855,"check_collision":false},{"head":[[0.994927,-0.084472,-0.05464,-0.008812],[0.080292,0.993973,-0.074633,-0.010053],[0.060615,0.069867,0.995713,0.00123],[0.0,0.0,0.0,1.0]],"antennas":[-0.351776,0.522719],"body_yaw":0.161855,"check_collision":false},{"head":[[0.995039,-0.08388,-0.053488,-0.009094],[0.079923,0.994178,-0.072262,-0.009973],[0.059238,0.067629,0.99595,0.001643],[0.0,0.0,0.0,1.0]],"antennas":[-0.286186,0.462082],"body_yaw":0.161855,"check_collision":false},{"head":[[0.994524,-0.085064,-0.060716,-0.009291],[0.080922,0.994418,-0.067702,-0.009671],[0.066136,0.062418,0.995856,0.003074],[0.0,0.0,0.0,1.0]],"antennas":[-0.23332,0.41904],"body_yaw":0.161855,"check_collision":false},{"head":[[0.993241,-0.086192,-0.077734,-0.009576],[0.082086,0.995131,-0.054552,-0.009129],[0.082057,0.047802,0.995481,0.005565],[0.0,0.0,0.0,1.0]],"antennas":[-0.201639,0.400566],"body_yaw":0.161855,"check_collision":false},{"head":[[0.991253,-0.086708,-0.099494,-0.009356],[0.082684,0.995609,-0.043889,-0.008474],[0.102862,0.035279,0.99407,0.007858],[0.0,0.0,0.0,1.0]],"antennas":[-0.196745,0.409493],"body_yaw":0.161855,"check_collision":false},{"head":[[0.989219,-0.086432,-0.118221,-0.009129],[0.082532,0.995882,-0.037507,-0.008452],[0.120976,0.027345,0.992279,0.009646],[0.0,0.0,0.0,1.0]],"antennas":[-0.219088,0.444435],"body_yaw":0.161855,"check_collision":false},{"head":[[0.987292,-0.08504,-0.134252,-0.008157],[0.081066,0.996101,-0.034811,-0.008142],[0.136688,0.023485,0.990336,0.011155],[0.0,0.0,0.0,1.0]],"antennas":[-0.265108,0.499936],"body_yaw":0.161855,"check_collision":false},{"head":[[0.986418,-0.082329,-0.142132,-0.007309],[0.077557,0.996232,-0.038804,-0.007386],[0.144791,0.027254,0.989087,0.012728],[0.0,0.0,0.0,1.0]],"antennas":[-0.32726,0.566985],"body_yaw":0.161855,"check_collision":false},{"head":[[0.986556,-0.082001,-0.141364,-0.007817],[0.077592,0.996319,-0.036429,-0.007356],[0.143831,0.024971,0.989287,0.014007],[0.0,0.0,0.0,1.0]],"antennas":[-0.396479,0.635502],"body_yaw":0.161855,"check_collision":false},{"head":[[0.986954,-0.083616,-0.137586,-0.007747],[0.078919,0.996108,-0.039253,-0.007192],[0.140332,0.027883,0.989712,0.014161],[0.0,0.0,0.0,1.0]],"antennas":[-0.46185,0.694207],"body_yaw":0.161855,"check_collision":false},{"head":[[0.987829,-0.085304,-0.130066,-0.007099],[0.07932,0.995568,-0.050519,-0.007281],[0.133799,0.039588,0.990217,0.013774],[0.0,0.0,0.0,1.0]],"antennas":[-0.511965,0.734035],"body_yaw":0.161855,"check_collision":false},{"head":[[0.989004,-0.088999,-0.118115,-0.007089],[0.081913,0.994611,-0.063562,-0.007729],[0.123135,0.053188,0.990964,0.012459],[0.0,0.0,0.0,1.0]],"antennas":[-0.539961,0.748676],"body_yaw":0.161855,"check_collision":false},{"head":[[0.990733,-0.092993,-0.098996,-0.007427],[0.086019,0.99365,-0.072535,-0.008246],[0.105113,0.063347,0.992441,0.010404],[0.0,0.0,0.0,1.0]],"antennas":[-0.540952,0.735859],"body_yaw":0.161855,"check_collision":false},{"head":[[0.993729,-0.095187,-0.058664,-0.008074],[0.090096,0.992379,-0.08406,-0.008466],[0.066218,0.078248,0.994732,0.007487],[0.0,0.0,0.0,1.0]],"antennas":[-0.514774,0.697308],"body_yaw":0.161855,"check_collision":false},{"head":[[0.994835,-0.096595,-0.031189,-0.008937],[0.092882,0.990217,-0.104129,-0.009233],[0.040942,0.100694,0.994075,0.004236],[0.0,0.0,0.0,1.0]],"antennas":[-0.465527,0.639304],"body_yaw":0.161855,"check_collision":false},{"head":[[0.995378,-0.091963,-0.027655,-0.009233],[0.087565,0.987404,-0.13178,-0.009226],[0.039426,0.128749,0.990893,0.001236],[0.0,0.0,0.0,1.0]],"antennas":[-0.40134,0.571211],"body_yaw":0.161855,"check_collision":false},{"head":[[0.996528,-0.081167,-0.018556,-0.009967],[0.077664,0.986492,-0.144226,-0.009074],[0.030012,0.142285,0.989371,-0.000501],[0.0,0.0,0.0,1.0]],"antennas":[-0.332098,0.503558],"body_yaw":0.161855,"check_collision":false},{"head":[[0.996957,-0.077176,-0.011006,-0.010822],[0.074826,0.98694,-0.142654,-0.009654],[0.021872,0.141396,0.989711,-0.002016],[0.0,0.0,0.0,1.0]],"antennas":[-0.268619,0.447058],"body_yaw":0.161855,"check_collision":false},{"head":[[0.997016,-0.077161,0.002463,-0.011631],[0.076728,0.986893,-0.141967,-0.010115],[0.008523,0.141733,0.989868,-0.003301],[0.0,0.0,0.0,1.0]],"antennas":[-0.221271,0.410689],"body_yaw":0.161855,"check_collision":false},{"head":[[0.996777,-0.079986,0.006133,-0.012078],[0.080063,0.987112,-0.13856,-0.01015],[0.005029,0.138604,0.990335,-0.00337],[0.0,0.0,0.0,1.0]],"antennas":[-0.197178,0.400129],"body_yaw":0.161855,"check_collision":false},{"head":[[0.99656,-0.082703,-0.005343,-0.012148],[0.081292,0.988024,-0.131148,-0.01007],[0.016126,0.130263,0.991348,-0.003182],[0.0,0.0,0.0,1.0]],"antennas":[-0.200394,0.4171],"body_yaw":0.161855,"check_collision":false},{"head":[[0.996242,-0.084393,-0.019499,-0.012583],[0.081422,0.989247,-0.121497,-0.010064],[0.029543,0.119452,0.9924,-0.001752],[0.0,0.0,0.0,1.0]],"antennas":[-0.23027,0.458892],"body_yaw":0.161855,"check_collision":false},{"head":[[0.995706,-0.086327,-0.033423,-0.012545],[0.082132,0.990392,-0.111261,-0.009747],[0.042707,0.108038,0.993229,-0.000161],[0.0,0.0,0.0,1.0]],"antennas":[-0.281997,0.518766],"body_yaw":0.161855,"check_collision":false},{"head":[[0.994577,-0.092556,-0.047436,-0.012302],[0.087571,0.991312,-0.098145,-0.009752],[0.056107,0.093458,0.994041,0.00151],[0.0,0.0,0.0,1.0]],"antennas":[-0.348076,0.587593],"body_yaw":0.161855,"check_collision":false},{"head":[[0.993671,-0.096504,-0.057488,-0.011786],[0.091611,0.99238,-0.082401,-0.009594],[0.065002,0.076613,0.99494,0.003519],[0.0,0.0,0.0,1.0]],"antennas":[-0.416861,0.654078],"body_yaw":0.161855,"check_collision":false},{"head":[[0.992839,-0.096971,-0.069766,-0.01134],[0.092375,0.993512,-0.066339,-0.009273],[0.075746,0.059419,0.995355,0.00591],[0.0,0.0,0.0,1.0]],"antennas":[-0.478082,0.707858],"body_yaw":0.161855,"check_collision":false},{"head":[[0.991043,-0.096987,-0.091801,-0.010547],[0.092632,0.994415,-0.050578,-0.008969],[0.096194,0.041621,0.994492,0.008086],[0.0,0.0,0.0,1.0]],"antennas":[-0.522699,0.740866],"body_yaw":0.161855,"check_collision":false},{"head":[[0.988451,-0.101946,-0.112128,-0.009735],[0.097772,0.994317,-0.04213,-0.008834],[0.115786,0.03068,0.9928,0.009337],[0.0,0.0,0.0,1.0]],"antennas":[-0.54272,0.747362],"body_yaw":0.161855,"check_collision":false},{"head":[[0.988825,-0.102522,-0.108235,-0.009527],[0.098954,0.994372,-0.037857,-0.008626],[0.111507,0.026724,0.993404,0.010083],[0.0,0.0,0.0,1.0]],"antennas":[-0.535491,0.726514],"body_yaw":0.161855,"check_collision":false},{"head":[[0.989628,-0.099489,-0.103629,-0.009439],[0.096607,0.994792,-0.032483,-0.008348],[0.106321,0.022135,0.994085,0.01107],[0.0,0.0,0.0,1.0]],"antennas":[-0.502049,0.681671],"body_yaw":0.161855,"check_collision":false},{"head":[[0.990135,-0.096902,-0.101203,-0.009153],[0.094201,0.995066,-0.031145,-0.007895],[0.103722,0.021305,0.994378,0.011882],[0.0,0.0,0.0,1.0]],"antennas":[-0.447795,0.619875],"body_yaw":0.161855,"check_collision":false},{"head":[[0.991107,-0.093427,-0.094757,-0.009068],[0.090233,0.995216,-0.037455,-0.007643],[0.097803,0.028572,0.994796,0.012402],[0.0,0.0,0.0,1.0]],"antennas":[-0.380991,0.550891],"body_yaw":0.161855,"check_collision":false},{"head":[[0.991956,-0.090214,-0.0888,-0.009085],[0.087004,0.995429,-0.039385,-0.007557],[0.091947,0.031342,0.995271,0.012576],[0.0,0.0,0.0,1.0]],"antennas":[-0.3126,0.485704],"body_yaw":0.161855,"check_collision":false},{"head":[[0.992767,-0.086946,-0.082792,-0.009201],[0.083904,0.995689,-0.039552,-0.007316],[0.085874,0.032319,0.995782,0.012929],[0.0,0.0,0.0,1.0]],"antennas":[-0.253504,0.43464],"body_yaw":0.161855,"check_collision":false},{"head":[[0.99309,-0.085643,-0.080228,-0.0093],[0.082699,0.995798,-0.039335,-0.007069],[0.08326,0.032428,0.996,0.013363],[0.0,0.0,0.0,1.0]],"antennas":[-0.211864,0.405213],"body_yaw":0.161855,"check_collision":false},{"head":[[0.993176,-0.086441,-0.078287,-0.009361],[0.083498,0.9957,-0.040129,-0.006886],[0.081419,0.033318,0.996123,0.013617],[0.0,0.0,0.0,1.0]],"antennas":[-0.195748,0.402725],"body_yaw":0.161855,"check_collision":false},{"head":[[0.993492,-0.087118,-0.07337,-0.009801],[0.084237,0.995582,-0.041481,-0.006973],[0.07666,0.035031,0.996442,0.013651],[0.0,0.0,0.0,1.0]],"antennas":[-0.206952,0.427333],"body_yaw":0.161855,"check_collision":false},{"head":[[0.994001,-0.086883,-0.066431,-0.010091],[0.084157,0.995533,-0.042792,-0.006922],[0.069852,0.036945,0.996873,0.013577],[0.0,0.0,0.0,1.0]],"antennas":[-0.243772,0.475084],"body_yaw":0.161855,"check_collision":false},{"head":[[0.994761,-0.085712,-0.055722,-0.010171],[0.083346,0.995572,-0.043478,-0.006899],[0.059202,0.038606,0.997499,0.013342],[0.0,0.0,0.0,1.0]],"antennas":[-0.300505,0.538552],"body_yaw":0.161855,"check_collision":false},{"head":[[0.995421,-0.084361,-0.044941,-0.00997],[0.082379,0.995618,-0.044264,-0.006778],[0.048478,0.040359,0.998009,0.013005],[0.0,0.0,0.0,1.0]],"antennas":[-0.367979,0.607556],"body_yaw":0.161855,"check_collision":false},{"head":[[0.995764,-0.083765,-0.037923,-0.009731],[0.082042,0.995616,-0.044926,-0.006533],[0.04152,0.041624,0.99827,0.012768],[0.0,0.0,0.0,1.0]],"antennas":[-0.435834,0.671347],"body_yaw":0.161855,"check_collision":false},{"head":[[0.995985,-0.083725,-0.031691,-0.00953],[0.082211,0.995535,-0.046377,-0.006249],[0.035433,0.043586,0.998421,0.012678],[0.0,0.0,0.0,1.0]],"antennas":[-0.493139,0.719827],"body_yaw":0.161855,"check_collision":false},{"head":[[0.996116,-0.084007,-0.026361,-0.009294],[0.08268,0.995423,-0.047928,-0.006116],[0.030266,0.045562,0.998503,0.012452],[0.0,0.0,0.0,1.0]],"antennas":[-0.530842,0.745261],"body_yaw":0.161855,"check_collision":false},{"head":[[0.99631,-0.083148,-0.021285,-0.009266],[0.082052,0.995471,-0.04801,-0.00615],[0.025181,0.046086,0.99862,0.01218],[0.0,0.0,0.0,1.0]],"antennas":[-0.543116,0.74374],"body_yaw":0.161855,"check_collision":false},{"head":[[0.996587,-0.080972,-0.016051,-0.009126],[0.080108,0.995599,-0.048643,-0.006105],[0.019919,0.047191,0.998687,0.012005],[0.0,0.0,0.0,1.0]],"antennas":[-0.52802,0.715496],"body_yaw":0.161855,"check_collision":false},{"head":[[0.996777,-0.079491,-0.010764,-0.008929],[0.078838,0.995558,-0.051459,-0.005971],[0.014807,0.050444,0.998617,0.011945],[0.0,0.0,0.0,1.0]],"antennas":[-0.487938,0.664914],"body_yaw":0.161855,"check_collision":false},{"head":[[0.996844,-0.078932,-0.008491,-0.008693],[0.078365,0.995471,-0.053822,-0.005901],[0.012701,0.052986,0.998514,0.011825],[0.0,0.0,0.0,1.0]],"antennas":[-0.428922,0.599999],"body_yaw":0.161855,"check_collision":false},{"head":[[0.99699,-0.077226,-0.006919,-0.00833],[0.076718,0.995465,-0.056246,-0.005889],[0.011232,0.055546,0.998393,0.011601],[0.0,0.0,0.0,1.0]],"antennas":[-0.360796,0.531078],"body_yaw":0.161855,"check_collision":false},{"head":[[0.997211,-0.074451,-0.005251,-0.008046],[0.074018,0.995537,-0.058541,-0.005742],[0.009586,0.057989,0.998271,0.011551],[0.0,0.0,0.0,1.0]],"antennas":[-0.29388,0.468952],"body_yaw":0.161855,"check_collision":false},{"head":[[0.997361,-0.072473,-0.004215,-0.007906],[0.072101,0.995659,-0.05886,-0.005553],[0.008463,0.058401,0.998257,0.011607],[0.0,0.0,0.0,1.0]],"antennas":[-0.238941,0.423499],"body_yaw":0.161855,"check_collision":false},{"head":[[0.99716,-0.075285,-0.002062,-0.011261],[0.075013,0.995249,-0.062063,-0.007858],[0.006725,0.061732,0.99807,0.012482],[0.0,0.0,0.0,1.0]],"antennas":[-0.204676,0.401854],"body_yaw":0.161855,"check_collision":false},{"head":[[0.997078,-0.076391,-7.6e-05,-0.013701],[0.076218,0.994884,-0.066314,-0.009538],[0.005141,0.066115,0.997799,0.01318],[0.0,0.0,0.0,1.0]],"antennas":[-0.196333,0.407378],"body_yaw":0.161855,"check_collision":false},{"head":[[0.997189,-0.074924,0.000559,-0.013645],[0.074784,0.994811,-0.068982,-0.009343],[0.004612,0.06883,0.997618,0.013352],[0.0,0.0,0.0,1.0]],"antennas":[-0.215318,0.427794],"body_yaw":0.161855,"check_collision":false},{"head":[[0.997248,-0.074136,0.000917,-0.013623],[0.074017,0.994772,-0.070363,-0.009262],[0.004304,0.070237,0.997521,0.013449],[0.0,0.0,0.0,1.0]],"antennas":[-0.222997,0.427794],"body_yaw":0.161855,"check_collision":false},{"head":[[0.997405,-0.071973,0.001916,-0.013119],[0.071922,0.994766,-0.072585,-0.00909],[0.003318,0.072534,0.99736,0.01324],[0.0,0.0,0.0,1.0]],"antennas":[-0.222997,0.427794],"body_yaw":0.161855,"check_collision":false},{"head":[[0.99752,-0.070366,0.001771,-0.012541],[0.070303,0.994767,-0.074133,-0.008921],[0.003455,0.074074,0.997247,0.013106],[0.0,0.0,0.0,1.0]],"antennas":[-0.222997,0.427794],"body_yaw":0.161855,"check_collision":false},{"head":[[0.99761,-0.069078,0.001561,-0.012171],[0.069003,0.994838,-0.074411,-0.008801],[0.003587,0.074341,0.997226,0.013126],[0.0,0.0,0.0,1.0]],"antennas":[-0.222997,0.427794],"body_yaw":0.161855,"check_collision":false},{"head":[[0.997658,-0.068389,0.001203,-0.01193],[0.068285,0.994815,-0.075372,-0.008742],[0.003958,0.075277,0.997155,0.01304],[0.0,0.0,0.0,1.0]],"antennas":[-0.222997,0.427794],"body_yaw":0.161855,"check_collision":false},{"head":[[0.997738,-0.067228,0.000418,-0.011549],[0.067063,0.994812,-0.076499,-0.008643],[0.004727,0.076353,0.99707,0.012819],[0.0,0.0,0.0,1.0]],"antennas":[-0.222997,0.427794],"body_yaw":0.161855,"check_collision":false},{"head":[[0.99785,-0.065542,-0.000191,-0.01108],[0.065334,0.99491,-0.076717,-0.008481],[0.005219,0.07654,0.997053,0.012595],[0.0,0.0,0.0,1.0]],"antennas":[-0.222997,0.427794],"body_yaw":0.161855,"check_collision":false},{"head":[[0.997995,-0.0633,-0.000205,-0.010603],[0.063098,0.995056,-0.076702,-0.008249],[0.005059,0.076535,0.997054,0.012411],[0.0,0.0,0.0,1.0]],"antennas":[-0.222997,0.427794],"body_yaw":0.161855,"check_collision":false},{"head":[[0.998126,-0.061196,-0.000695,-0.010231],[0.060962,0.995185,-0.076754,-0.008046],[0.005389,0.076567,0.99705,0.012138],[0.0,0.0,0.0,1.0]],"antennas":[-0.222997,0.427794],"body_yaw":0.161855,"check_collision":false},{"head":[[0.998171,-0.060422,-0.001742,-0.00983],[0.060105,0.995167,-0.077649,-0.007873],[0.006425,0.077403,0.996979,0.011963],[0.0,0.0,0.0,1.0]],"antennas":[-0.222997,0.427794],"body_yaw":0.161855,"check_collision":false},{"head":[[0.998238,-0.059286,-0.0026,-0.009295],[0.058899,0.995171,-0.078525,-0.007653],[0.007243,0.078234,0.996909,0.011948],[0.0,0.0,0.0,1.0]],"antennas":[-0.222997,0.427794],"body_yaw":0.161855,"check_collision":false},{"head":[[0.998378,-0.05682,-0.003689,-0.008784],[0.056356,0.99532,-0.078498,-0.007426],[0.008132,0.078163,0.996907,0.011877],[0.0,0.0,0.0,1.0]],"antennas":[-0.222997,0.427794],"body_yaw":0.161855,"check_collision":false},{"head":[[0.998505,-0.054442,-0.004785,-0.008379],[0.053908,0.995523,-0.07764,-0.007193],[0.008991,0.077266,0.99697,0.011644],[0.0,0.0,0.0,1.0]],"antennas":[-0.222997,0.427794],"body_yaw":0.161855,"check_collision":false},{"head":[[0.998614,-0.05238,-0.005052,-0.007921],[0.051838,0.99569,-0.076902,-0.006973],[0.009058,0.076534,0.997026,0.011404],[0.0,0.0,0.0,1.0]],"antennas":[-0.222997,0.427794],"body_yaw":0.161855,"check_collision":false},{"head":[[0.998734,-0.050031,-0.005214,-0.007461],[0.049476,0.995754,-0.077629,-0.006813],[0.009076,0.077273,0.996969,0.011243],[0.0,0.0,0.0,1.0]],"antennas":[-0.222997,0.427794],"body_yaw":0.161855,"check_collision":false},{"head":[[0.998807,-0.048511,-0.005608,-0.00707],[0.04792,0.995742,-0.078752,-0.006621],[0.009404,0.078389,0.996878,0.011053],[0.0,0.0,0.0,1.0]],"antennas":[-0.222997,0.427794],"body_yaw":0.161855,"check_collision":false}]}