{"description":"You start falling asleep because you've been working or powered on for too long.","time":[0.0,0.02,0.04,0.06,0.08,0.1,0.12,0.14,0.16,0.18,0.2,0.22,0.24,0.26,0.28,0.3,0.32,0.34,0.36,0.38,0.4,0.42,0.44,0.46,0.48,0.5,0.52,0.54,0.56,0.58,0.6,0.62,0.64,0.66,0.68,0.7,0.72,0.74,0.76,0.78,0.8,0.82,0.84,0.86,0.88,0.9,0.92,0.94,0.96,0.98,1.0,1.02,1.04,1.06,1.08,1.1,1.12,1.14,1.16,1.18,1.2,1.22,1.24,1.26,1.28,1.3,1.32,1.34,1.36,1.38,1.4,1.42,1.44,1.46,1.48,1.5,1.52,1.54,1.56,1.58,1.6,1.62,1.64,1.66,1.68,1.7,1.72,1.74,1.76,1.78,1.8,1.82,1.84,1.86,1.88,1.9,1.92,1.94,1.96,1.98,2.0,2.02,2.04,2.06,2.08,2.1,2.12,2.14,2.16,2.18,2.2,2.22,2.24,2.26,2.28,2.3,2.32,2.34,2.36,2.38,2.4,2.42,2.44,2.46,2.48,2.5,2.52,2.54,2.56,2.58,2.6,2.62,2.64,2.66,2.68,2.7,2.72,2.74,2.76,2.78,2.8,2.82,2.84,2.86,2.88,2.9,2.92,2.94,2.96,2.98,3.0,3.02,3.04,3.06,3.08,3.1,3.12,3.14,3.16,3.18,3.2,3.22,3.24,3.26,3.28,3.3,3.32,3.34,3.36,3.38,3.4,3.42,3.44,3.46,3.48,3.5,3.52,3.54,3.56,3.58,3.6,3.62,3.64,3.66,3.68,3.7,3.72,3.74,3.76,3.78,3.8,3.82,3.84,3.86,3.88,3.9,3.92,3.94,3.96,3.98,4.0,4.02,4.04,4.06,4.08,4.1,4.12,4.14,4.16,4.18,4.2,4.22,4.24,4.26,4.28,4.3,4.32,4.34,4.36,4.38,4.4,4.42,4.44,4.46,4.48,4.5,4.52,4.54,4.56,4.58,4.6,4.62,4.64,4.66,4.68,4.7,4.72,4.74,4.76,4.78,4.8,4.82,4.84,4.86,4.88,4.9,4.92,4.94,4.96,4.98,5.0,5.02,5.04,5.06,5.08,5.1,5.12,5.14,5.16,5.18,5.2,5.22,5.24,5.26,5.28,5.3,5.32,5.34,5.36,5.38,5.4,5.42,5.44,5.46,5.48,5.5,5.52,5.54,5.56,5.58,5.6,5.62,5.64,5.66,5.68,5.7,5.72,5.74,5.76,5.78,5.8,5.82,5.84,5.86,5.88,5.9,5.92,5.94,5.96,5.98,6.0,6.02,6.04,6.06,6.08,6.1,6.12,6.14,6.16,6.18,6.2,6.22,6.24,6.26,6.28,6.3,6.32,6.34,6.36,6.38,6.4,6.42,6.44,6.46,6.48,6.5,6.52,6.54,6.56,6.58,6.6,6.62,6.64,6.66,6.68,6.7,6.72,6.74,6.76,6.78,6.8,6.82,6.84,6.86,6.88,6.9,6.92,6.94,6.96,6.98,7.0,7.02,7.04,7.06,7.08,7.1,7.12,7.14,7.16,7.18,7.2,7.22,7.24,7.26,7.28,7.3,7.32,7.34,7.36,7.38,7.4,7.42,7.44,7.46,7.48,7.5,7.52,7.54,7.56,7.58,7.6,7.62,7.64,7.66,7.68,7.7,7.72,7.74,7.76,7.78,7.8,7.82,7.84,7.86,7.88,7.9,7.92,7.94,7.96,7.98,8.0,8.02,8.04,8.06,8.08,8.1,8.12,8.14,8.16,8.18,8.2,8.22,8.24,8.26,8.28,8.3,8.32,8.34,8.36,8.38,8.4,8.42,8.44,8.46,8.48,8.5,8.52,8.54,8.56,8.58,8.6,8.62,8.64,8.66,8.68,8.7,8.72,8.74,8.76,8.78,8.8,8.82,8.84,8.86,8.88,8.9,8.92,8.94,8.96,8.98,9.0,9.02,9.04,9.06,9.08,9.1,9.12,9.14,9.16,9.18,9.2,9.22,9.24,9.26,9.28,9.3,9.32,9.34,9.36,9.38,9.4,9.42,9.44,9.46,9.48,9.5,9.52,9.54,9.56,9.58,9.6,9.62,9.64,9.66,9.68,9.7,9.72,9.74,9.76,9.78,9.8,9.82,9.84,9.86,9.88,9.9,9.92,9.94,9.96,9.98,10.0,10.02,10.04,10.06,10.08,10.1,10.12,10.14,10.16,10.18,10.2,10.22,10.24,10.26,10.28,10.3,10.32,10.34,10.36,10.38,10.4,10.42,10.44,10.46,10.48,10.5,10.52,10.54,10.56,10.58,10.6,10.62,10.64,10.66,10.68,10.7,10.72,10.74,10.76,10.78,10.8,10.82,10.84,10.86,10.88,10.9,10.92,10.94,10.96,10.98,11.0,11.02,11.04,11.06,11.08,11.1,11.12,11.14,11.16,11.18,11.2,11.22,11.24,11.26,11.28,11.3,11.32,11.34,11.36,11.38,11.4,11.42,11.44,11.46,11.48,11.5,11.52,11.54,11.56,11.58,11.6,11.62,11.64,11.66,11.68,11.7,11.72,11.74,11.76,11.78,11.8,11.82,11.84,11.86,11.88,11.9,11.92,11.94,11.96,11.98,12.0,12.02,12.04,12.06,12.08,12.1,12.12,12.14,12.16,12.18,12.2,12.22,12.24,12.26,12.28,12.3,12.32,12.34,12.36,12.38,12.4,12.42,12.44,12.46,12.48,12.5,12.52,12.54,12.56,12.58,12.6,12.62,12.64,12.66,12.68,12.7,12.72,12.74,12.76,12.78,12.8,12.82,12.84,12.86,12.88,12.9,12.92,12.94,12.96,12.98,13.0,13.02,13.04,13.06,13.08,13.1,13.12,13.14,13.16,13.18,13.2,13.22,13.24,13.26,13.28,13.3,13.32,13.34,13.36,13.38,13.4,13.42,13.44,13.46,13.48,13.5,13.52,13.54,13.56,13.58,13.6,13.62,13.64,13.66,13.68,13.7,13.72,13.74,13.76,13.78,13.8,13.82,13.84,13.86,13.88,13.9,13.92,13.94,13.96,13.98,14.0,14.02,14.04,14.06,14.08,14.1,14.12,14.14,14.16,14.18,14.2,14.22,14.24,14.26,14.28,14.3,14.32,14.34,14.36,14.38,14.4,14.42,14.44,14.46,14.48,14.5,14.52,14.54,14.56,14.58,14.6,14.62,14.64,14.66,14.68,14.7,14.72,14.74,14.76,14.78,14.8,14.82,14.84,14.86,14.88,14.9,14.92,14.94,14.96,14.98,15.0,15.02,15.04,15.06,15.08,15.1,15.12,15.14,15.16,15.18,15.2,15.22,15.24,15.26,15.28,15.3,15.32,15.34,15.36,15.38,15.4,15.42,15.44,15.46,15.48,15.5,15.52,15.54,15.56,15.58,15.6,15.62,15.64,15.66,15.68,15.7,15.72,15.74,15.76,15.78,15.8,15.82,15.84,15.86,15.88,15.9,15.92,15.94,15.96,15.98,16.0,16.02,16.04,16.06,16.08,16.1,16.12,16.14,16.16,16.18,16.2,16.22,16.24,16.26,16.28,16.3,16.32,16.34,16.36,16.38,16.4,16.42,16.44,16.46,16.48,16.5,16.52,16.54,16.56,16.58,16.6,16.62,16.64,16.66,16.68,16.7,16.72,16.74,16.76,16.78,16.8,16.82,16.84,16.86,16.88,16.9,16.92,16.94,16.96,16.98,17.0,17.02,17.04,17.06,17.08,17.1,17.12,17.14,17.16,17.18,17.2,17.22,17.24,17.26,17.28,17.3,17.32,17.34,17.36,17.38,17.4,17.42,17.44,17.46,17.48,17.5,17.52,17.54,17.56,17.58,17.6,17.62,17.64,17.66,17.68,17.7,17.72,17.74,17.76,17.78,17.8,17.82,17.84,17.86,17.88,17.9,17.92,17.94,17.96,17.98,18.0,18.02,18.04,18.06,18.08,18.1,18.12,18.14,18.16,18.18,18.2,18.22,18.24,18.26],"set_target_data":[{"head":[[0.994257,-0.099664,0.038982,-0.016948],[0.100393,0.994799,-0.017191,-0.004187],[-0.037066,0.021006,0.999092,0.00702],[0.0,0.0,0.0,1.0]],"antennas":[-0.303043,0.303049],"body_yaw":0.0,"check_collision":false},{"head":[[0.994432,-0.098772,0.036727,-0.01699],[0.09945,0.994896,-0.017098,-0.004269],[-0.034851,0.020655,0.999179,0.006926],[0.0,0.0,0.0,1.0]],"antennas":[-0.303043,0.303049],"body_yaw":0.0,"check_collision":false},{"head":[[0.99455,-0.098143,0.035174,-0.016888],[0.098786,0.994963,-0.017007,-0.004432],[-0.033328,0.020389,0.999236,0.007057],[0.0,0.0,0.0,1.0]],"antennas":[-0.303043,0.303049],"body_yaw":0.0,"check_collision":false},{"head":[[0.994666,-0.097739,0.032966,-0.016735],[0.098309,0.995025,-0.016121,-0.004529],[-0.031226,0.019276,0.999326,0.007181],[0.0,0.0,0.0,1.0]],"antennas":[-0.303043,0.303049],"body_yaw":0.0,"check_collision":false},{"head":[[0.9947,-0.097946,0.031276,-0.016748],[0.098478,0.995011,-0.015957,-0.004451],[-0.029557,0.018952,0.999383,0.007111],[0.0,0.0,0.0,1.0]],"antennas":[-0.303043,0.303049],"body_yaw":0.0,"check_collision":false},{"head":[[0.994704,-0.098125,0.030583,-0.016697],[0.098655,0.994988,-0.01631,-0.00452],[-0.028829,0.019241,0.999399,0.006983],[0.0,0.0,0.0,1.0]],"antennas":[-0.303043,0.303049],"body_yaw":0.0,"check_collision":false},{"head":[[0.994828,-0.09746,0.028629,-0.016613],[0.097946,0.995062,-0.01608,-0.004628],[-0.026921,0.018801,0.999461,0.007095],[0.0,0.0,0.0,1.0]],"antennas":[-0.303043,0.303049],"body_yaw":0.0,"check_collision":false},{"head":[[0.994993,-0.0964,0.026373,-0.016621],[0.096822,0.995185,-0.015237,-0.004492],[-0.024777,0.017715,0.999536,0.007109],[0.0,0.0,0.0,1.0]],"antennas":[-0.303043,0.303049],"body_yaw":0.0,"check_collision":false},{"head":[[0.995004,-0.096176,0.026782,-0.016598],[0.096608,0.995205,-0.015299,-0.004443],[-0.025182,0.017809,0.999524,0.007168],[0.0,0.0,0.0,1.0]],"antennas":[-0.303043,0.303049],"body_yaw":0.0,"check_collision":false},{"head":[[0.995081,-0.0961,0.024061,-0.016539],[0.096476,0.995223,-0.014976,-0.004514],[-0.022507,0.017223,0.999598,0.007232],[0.0,0.0,0.0,1.0]],"antennas":[-0.303043,0.303049],"body_yaw":0.0,"check_collision":false},{"head":[[0.995273,-0.09563,0.016942,-0.016368],[0.095867,0.995299,-0.013755,-0.004657],[-0.015547,0.015314,0.999762,0.007409],[0.0,0.0,0.0,1.0]],"antennas":[-0.303043,0.303049],"body_yaw":0.0,"check_collision":false},{"head":[[0.995379,-0.095293,0.011826,-0.016192],[0.095442,0.995353,-0.012788,-0.00476],[-0.010552,0.013858,0.999848,0.007554],[0.0,0.0,0.0,1.0]],"antennas":[-0.303043,0.303049],"body_yaw":0.0,"check_collision":false},{"head":[[0.995409,-0.095142,0.010391,-0.016117],[0.095272,0.995369,-0.012777,-0.004705],[-0.009128,0.013709,0.999864,0.007461],[0.0,0.0,0.0,1.0]],"antennas":[-0.303043,0.303049],"body_yaw":0.0,"check_collision":false},{"head":[[0.99543,-0.094927,0.010422,-0.016092],[0.095057,0.995389,-0.012828,-0.004556],[-0.009156,0.01376,0.999863,0.007427],[0.0,0.0,0.0,1.0]],"antennas":[-0.303043,0.303049],"body_yaw":0.0,"check_collision":false},{"head":[[0.995441,-0.094902,0.009573,-0.016058],[0.095022,0.99539,-0.013038,-0.004486],[-0.008291,0.013888,0.999869,0.007376],[0.0,0.0,0.0,1.0]],"antennas":[-0.303043,0.303049],"body_yaw":0.0,"check_collision":false},{"head":[[0.995448,-0.09472,0.010577,-0.016089],[0.094856,0.995403,-0.013246,-0.004502],[-0.009274,0.014189,0.999856,0.007227],[0.0,0.0,0.0,1.0]],"antennas":[-0.303043,0.303049],"body_yaw":0.0,"check_collision":false},{"head":[[0.995391,-0.094858,0.014121,-0.01607],[0.095051,0.995378,-0.013711,-0.004533],[-0.012755,0.01499,0.999806,0.007167],[0.0,0.0,0.0,1.0]],"antennas":[-0.303043,0.303049],"body_yaw":0.0,"check_collision":false},{"head":[[0.995353,-0.094793,0.016911,-0.016052],[0.095031,0.995378,-0.013866,-0.004487],[-0.015518,0.015409,0.999761,0.007167],[0.0,0.0,0.0,1.0]],"antennas":[-0.303043,0.303049],"body_yaw":0.0,"check_collision":false},{"head":[[0.995366,-0.094663,0.016889,-0.016121],[0.094897,0.995393,-0.013654,-0.004394],[-0.015519,0.015193,0.999764,0.007166],[0.0,0.0,0.0,1.0]],"antennas":[-0.303043,0.303049],"body_yaw":0.0,"check_collision":false},{"head":[[0.995327,-0.0948,0.018363,-0.016174],[0.095061,0.995375,-0.013859,-0.004298],[-0.016964,0.01554,0.999735,0.007154],[0.0,0.0,0.0,1.0]],"antennas":[-0.303043,0.303049],"body_yaw":0.0,"check_collision":false},{"head":[[0.995246,-0.094973,0.021594,-0.016197],[0.095291,0.995348,-0.014215,-0.004114],[-0.020144,0.016205,0.999666,0.007103],[0.0,0.0,0.0,1.0]],"antennas":[-0.303043,0.303049],"body_yaw":0.0,"check_collision":false},{"head":[[0.99516,-0.0951,0.024766,-0.016142],[0.09548,0.995324,-0.014623,-0.003893],[-0.02326,0.016917,0.999586,0.006905],[0.0,0.0,0.0,1.0]],"antennas":[-0.303043,0.303049],"body_yaw":0.0,"check_collision":false},{"head":[[0.995155,-0.094968,0.025459,-0.016062],[0.095352,0.995341,-0.014317,-0.003786],[-0.023981,0.016676,0.999573,0.00673],[0.0,0.0,0.0,1.0]],"antennas":[-0.303043,0.303049],"body_yaw":0.0,"check_collision":false},{"head":[[0.995152,-0.094945,0.025635,-0.016022],[0.09533,0.995344,-0.014232,-0.0037],[-0.024165,0.016607,0.99957,0.006556],[0.0,0.0,0.0,1.0]],"antennas":[-0.303043,0.303049],"body_yaw":0.0,"check_collision":false},{"head":[[0.995166,-0.09484,0.025498,-0.015971],[0.095216,0.995359,-0.013966,-0.003568],[-0.024055,0.016326,0.999577,0.006401],[0.0,0.0,0.0,1.0]],"antennas":[-0.303043,0.303049],"body_yaw":0.0,"check_collision":false},{"head":[[0.995171,-0.094926,0.024973,-0.015786],[0.095293,0.995352,-0.013935,-0.003597],[-0.023534,0.016248,0.999591,0.006281],[0.0,0.0,0.0,1.0]],"antennas":[-0.303043,0.303049],"body_yaw":0.0,"check_collision":false},{"head":[[0.995194,-0.094798,0.024551,-0.015663],[0.095153,0.995368,-0.013705,-0.0035],[-0.023138,0.015975,0.999605,0.006151],[0.0,0.0,0.0,1.0]],"antennas":[-0.303043,0.303049],"body_yaw":0.0,"check_collision":false},{"head":[[0.995255,-0.094711,0.022282,-0.015696],[0.095027,0.995382,-0.013578,-0.003392],[-0.020893,0.015631,0.99966,0.00604],[0.0,0.0,0.0,1.0]],"antennas":[-0.303043,0.303049],"body_yaw":0.0,"check_collision":false},{"head":[[0.99526,-0.09476,0.021876,-0.015751],[0.095064,0.995382,-0.013312,-0.003355],[-0.020514,0.015329,0.999672,0.005974],[0.0,0.0,0.0,1.0]],"antennas":[-0.303043,0.303049],"body_yaw":0.0,"check_collision":false},{"head":[[0.995201,-0.094946,0.023654,-0.015767],[0.095286,0.995356,-0.01367,-0.003241],[-0.022247,0.015859,0.999627,0.005878],[0.0,0.0,0.0,1.0]],"antennas":[-0.303043,0.303049],"body_yaw":0.0,"check_collision":false},{"head":[[0.995165,-0.094988,0.024966,-0.015756],[0.095356,0.995345,-0.01401,-0.003174],[-0.023519,0.016323,0.99959,0.005854],[0.0,0.0,0.0,1.0]],"antennas":[-0.303043,0.303049],"body_yaw":0.0,"check_collision":false},{"head":[[0.995188,-0.094913,0.024329,-0.015868],[0.095267,0.995356,-0.013824,-0.002983],[-0.022904,0.016075,0.999608,0.005892],[0.0,0.0,0.0,1.0]],"antennas":[-0.303043,0.303049],"body_yaw":0.0,"check_collision":false},{"head":[[0.995136,-0.095079,0.025769,-0.015911],[0.095463,0.995333,-0.014082,-0.002853],[-0.02431,0.016473,0.999569,0.005874],[0.0,0.0,0.0,1.0]],"antennas":[-0.303043,0.303049],"body_yaw":0.0,"check_collision":false},{"head":[[0.994974,-0.095361,0.030542,-0.015804],[0.095852,0.995282,-0.015012,-0.002735],[-0.028966,0.017864,0.999421,0.005703],[0.0,0.0,0.0,1.0]],"antennas":[-0.303043,0.303049],"body_yaw":0.0,"check_collision":false},{"head":[[0.994681,-0.095826,0.03778,-0.015698],[0.096481,0.995208,-0.015913,-0.002706],[-0.036074,0.019474,0.999159,0.005506],[0.0,0.0,0.0,1.0]],"antennas":[-0.303043,0.303049],"body_yaw":0.0,"check_collision":false},{"head":[[0.994166,-0.096588,0.048008,-0.015736],[0.097467,0.995105,-0.016313,-0.002777],[-0.046197,0.020897,0.998714,0.005295],[0.0,0.0,0.0,1.0]],"antennas":[-0.303043,0.303049],"body_yaw":0.0,"check_collision":false},{"head":[[0.993632,-0.09767,0.056172,-0.01586],[0.098786,0.994956,-0.017447,-0.002834],[-0.054185,0.022885,0.998269,0.005115],[0.0,0.0,0.0,1.0]],"antennas":[-0.303043,0.303049],"body_yaw":0.0,"check_collision":false},{"head":[[0.993122,-0.098418,0.063429,-0.015902],[0.099729,0.994855,-0.017842,-0.002953],[-0.061346,0.024045,0.997827,0.005041],[0.0,0.0,0.0,1.0]],"antennas":[-0.303043,0.303049],"body_yaw":0.0,"check_collision":false},{"head":[[0.99257,-0.098726,0.071126,-0.015919],[0.100284,0.994784,-0.018668,-0.002917],[-0.068912,0.025662,0.997293,0.004995],[0.0,0.0,0.0,1.0]],"antennas":[-0.303043,0.303049],"body_yaw":0.0,"check_collision":false},{"head":[[0.99222,-0.098663,0.075924,-0.0161],[0.100342,0.994779,-0.018625,-0.002792],[-0.07369,0.026098,0.99694,0.00501],[0.0,0.0,0.0,1.0]],"antennas":[-0.303043,0.303049],"body_yaw":0.0,"check_collision":false},{"head":[[0.991856,-0.098975,0.080163,-0.016282],[0.100792,0.994727,-0.018934,-0.002777],[-0.077866,0.02686,0.996602,0.005036],[0.0,0.0,0.0,1.0]],"antennas":[-0.303043,0.303049],"body_yaw":0.0,"check_collision":false},{"head":[[0.991459,-0.099149,0.084731,-0.016339],[0.101138,0.994681,-0.01951,-0.002912],[-0.082346,0.027913,0.996213,0.005075],[0.0,0.0,0.0,1.0]],"antennas":[-0.303043,0.303049],"body_yaw":0.0,"check_collision":false},{"head":[[0.991027,-0.099415,0.089346,-0.016298],[0.101575,0.994628,-0.019949,-0.003154],[-0.086883,0.028845,0.995801,0.005149],[0.0,0.0,0.0,1.0]],"antennas":[-0.303043,0.303049],"body_yaw":0.0,"check_collision":false},{"head":[[0.990716,-0.099389,0.092752,-0.016276],[0.101667,0.994614,-0.020156,-0.003246],[-0.090249,0.029398,0.995485,0.004992],[0.0,0.0,0.0,1.0]],"antennas":[-0.303043,0.303049],"body_yaw":0.0,"check_collision":false},{"head":[[0.990494,-0.099055,0.095441,-0.016231],[0.101445,0.99463,-0.020514,-0.003574],[-0.092897,0.030001,0.995224,0.005011],[0.0,0.0,0.0,1.0]],"antennas":[-0.303043,0.303049],"body_yaw":0.0,"check_collision":false},{"head":[[0.990372,-0.098645,0.09712,-0.016305],[0.101086,0.994666,-0.020528,-0.003553],[-0.094577,0.030148,0.995061,0.004982],[0.0,0.0,0.0,1.0]],"antennas":[-0.303043,0.303049],"body_yaw":0.0,"check_collision":false},{"head":[[0.990225,-0.098345,0.098912,-0.016341],[0.100847,0.994689,-0.020601,-0.00354],[-0.096361,0.030375,0.994883,0.004899],[0.0,0.0,0.0,1.0]],"antennas":[-0.303043,0.303049],"body_yaw":0.0,"check_collision":false},{"head":[[0.990067,-0.098219,0.100598,-0.016336],[0.100799,0.994688,-0.020874,-0.003602],[-0.098014,0.030807,0.994708,0.005034],[0.0,0.0,0.0,1.0]],"antennas":[-0.303043,0.303049],"body_yaw":0.0,"check_collision":false},{"head":[[0.989988,-0.098221,0.101371,-0.016358],[0.100848,0.994678,-0.021113,-0.003624],[-0.098758,0.031125,0.994625,0.005146],[0.0,0.0,0.0,1.0]],"antennas":[-0.303043,0.303049],"body_yaw":0.0,"check_collision":false},{"head":[[0.989848,-0.098101,0.102849,-0.016312],[0.100786,0.994682,-0.021225,-0.003724],[-0.10022,0.031375,0.994471,0.005251],[0.0,0.0,0.0,1.0]],"antennas":[-0.303043,0.303049],"body_yaw":0.0,"check_collision":false},{"head":[[0.989626,-0.09811,0.104955,-0.01626],[0.100936,0.994651,-0.021951,-0.003821],[-0.10224,0.032317,0.994235,0.00522],[0.0,0.0,0.0,1.0]],"antennas":[-0.303043,0.303049],"body_yaw":0.0,"check_collision":false},{"head":[[0.989444,-0.09801,0.106747,-0.016218],[0.100956,0.994636,-0.022536,-0.003991],[-0.103966,0.033075,0.994031,0.005219],[0.0,0.0,0.0,1.0]],"antennas":[-0.303043,0.303049],"body_yaw":0.0,"check_collision":false},{"head":[[0.989197,-0.097845,0.109156,-0.016153],[0.100891,0.994638,-0.022729,-0.004141],[-0.106347,0.033496,0.993765,0.005174],[0.0,0.0,0.0,1.0]],"antennas":[-0.303043,0.303049],"body_yaw":0.0,"check_collision":false},{"head":[[0.988908,-0.097513,0.112034,-0.016096],[0.100669,0.994657,-0.022853,-0.004158],[-0.109207,0.033877,0.993442,0.005117],[0.0,0.0,0.0,1.0]],"antennas":[-0.303043,0.310852],"body_yaw":0.0,"check_collision":false},{"head":[[0.988718,-0.097272,0.113904,-0.01615],[0.100528,0.994664,-0.023187,-0.004113],[-0.11104,0.034376,0.993221,0.005141],[0.0,0.0,0.0,1.0]],"antennas":[-0.303043,0.325347],"body_yaw":0.0,"check_collision":false},{"head":[[0.988617,-0.096951,0.115051,-0.016224],[0.100265,0.994686,-0.023363,-0.004093],[-0.112174,0.034632,0.993085,0.005154],[0.0,0.0,0.0,1.0]],"antennas":[-0.304753,0.345305],"body_yaw":0.0,"check_collision":false},{"head":[[0.988426,-0.096479,0.117072,-0.016302],[0.0999,0.994715,-0.023704,-0.004043],[-0.114167,0.035125,0.99284,0.005122],[0.0,0.0,0.0,1.0]],"antennas":[-0.318728,0.372868],"body_yaw":0.0,"check_collision":false},{"head":[[0.988249,-0.095796,0.119111,-0.016378],[0.099324,0.994765,-0.024031,-0.003905],[-0.116185,0.035579,0.99259,0.004973],[0.0,0.0,0.0,1.0]],"antennas":[-0.338997,0.409454],"body_yaw":0.0,"check_collision":false},{"head":[[0.988089,-0.095229,0.120881,-0.016484],[0.098794,0.994823,-0.023833,-0.003962],[-0.117986,0.035491,0.992381,0.00494],[0.0,0.0,0.0,1.0]],"antennas":[-0.366022,0.451397],"body_yaw":0.0,"check_collision":false},{"head":[[0.987883,-0.09474,0.122928,-0.016535],[0.098322,0.99488,-0.023397,-0.004036],[-0.120082,0.0352,0.99214,0.004856],[0.0,0.0,0.0,1.0]],"antennas":[-0.398389,0.495561],"body_yaw":0.0,"check_collision":false},{"head":[[0.987623,-0.094342,0.125304,-0.016487],[0.097957,0.994925,-0.022989,-0.004032],[-0.122499,0.034979,0.991852,0.004678],[0.0,0.0,0.0,1.0]],"antennas":[-0.434585,0.540001],"body_yaw":0.0,"check_collision":false},{"head":[[0.987414,-0.093914,0.127254,-0.016458],[0.097555,0.994972,-0.022681,-0.004046],[-0.124484,0.034809,0.991611,0.004598],[0.0,0.0,0.0,1.0]],"antennas":[-0.471851,0.586301],"body_yaw":0.0,"check_collision":false},{"head":[[0.987038,-0.093745,0.130262,-0.016487],[0.097438,0.994993,-0.022256,-0.004022],[-0.127524,0.03466,0.99123,0.004486],[0.0,0.0,0.0,1.0]],"antennas":[-0.510179,0.63877],"body_yaw":0.0,"check_collision":false},{"head":[[0.986654,-0.093553,0.13327,-0.016514],[0.097304,0.995014,-0.021901,-0.00394],[-0.130557,0.034577,0.990838,0.004378],[0.0,0.0,0.0,1.0]],"antennas":[-0.548709,0.694722],"body_yaw":0.0,"check_collision":false},{"head":[[0.986283,-0.093078,0.136315,-0.0165],[0.096883,0.995063,-0.021536,-0.003914],[-0.133638,0.034447,0.990431,0.00434],[0.0,0.0,0.0,1.0]],"antennas":[-0.589852,0.751567],"body_yaw":0.0,"check_collision":false},{"head":[[0.986009,-0.092612,0.138595,-0.016518],[0.096502,0.995098,-0.021598,-0.003921],[-0.135915,0.03467,0.990114,0.004369],[0.0,0.0,0.0,1.0]],"antennas":[-0.632553,0.808092],"body_yaw":0.0,"check_collision":false},{"head":[[0.985533,-0.092233,0.142188,-0.016517],[0.096341,0.995099,-0.022268,-0.003875],[-0.139437,0.035645,0.989589,0.00435],[0.0,0.0,0.0,1.0]],"antennas":[-0.675608,0.865084],"body_yaw":0.0,"check_collision":false},{"head":[[0.985042,-0.091803,0.145822,-0.016478],[0.09598,0.995143,-0.021856,-0.003943],[-0.143108,0.035525,0.989069,0.004245],[0.0,0.0,0.0,1.0]],"antennas":[-0.718393,0.921243],"body_yaw":0.0,"check_collision":false},{"head":[[0.984584,-0.091205,0.149249,-0.016458],[0.095332,0.99523,-0.020725,-0.004039],[-0.146647,0.034633,0.988582,0.004118],[0.0,0.0,0.0,1.0]],"antennas":[-0.761286,0.977206],"body_yaw":0.0,"check_collision":false},{"head":[[0.984404,-0.090879,0.150629,-0.016478],[0.095046,0.995258,-0.020679,-0.004057],[-0.148035,0.034673,0.988374,0.004001],[0.0,0.0,0.0,1.0]],"antennas":[-0.804088,1.032472],"body_yaw":0.0,"check_collision":false},{"head":[[0.984143,-0.090308,0.15267,-0.016515],[0.094531,0.995308,-0.020616,-0.004059],[-0.150092,0.034721,0.988062,0.003855],[0.0,0.0,0.0,1.0]],"antennas":[-0.846933,1.085873],"body_yaw":0.0,"check_collision":false},{"head":[[0.983871,-0.089825,0.154694,-0.016612],[0.094083,0.995355,-0.02041,-0.003931],[-0.152142,0.034635,0.987752,0.003716],[0.0,0.0,0.0,1.0]],"antennas":[-0.889815,1.138553],"body_yaw":0.0,"check_collision":false},{"head":[[0.983461,-0.089571,0.157423,-0.016686],[0.093924,0.99537,-0.020415,-0.00384],[-0.154866,0.034863,0.98732,0.0037],[0.0,0.0,0.0,1.0]],"antennas":[-0.93282,1.191384],"body_yaw":0.0,"check_collision":false},{"head":[[0.98316,-0.089251,0.159469,-0.01677],[0.093612,0.995407,-0.020031,-0.003605],[-0.156948,0.034622,0.987,0.003634],[0.0,0.0,0.0,1.0]],"antennas":[-0.975615,1.243957],"body_yaw":0.0,"check_collision":false},{"head":[[0.982821,-0.088759,0.161817,-0.016821],[0.093167,0.995453,-0.019845,-0.003515],[-0.15932,0.03458,0.986621,0.003571],[0.0,0.0,0.0,1.0]],"antennas":[-1.018515,1.296659],"body_yaw":0.0,"check_collision":false},{"head":[[0.982363,-0.088513,0.164709,-0.016796],[0.093036,0.995463,-0.019938,-0.003593],[-0.162197,0.03491,0.986141,0.003481],[0.0,0.0,0.0,1.0]],"antennas":[-1.061358,1.349292],"body_yaw":0.0,"check_collision":false},{"head":[[0.981915,-0.088111,0.167567,-0.016753],[0.092704,0.995497,-0.019772,-0.003628],[-0.165071,0.034948,0.985662,0.003271],[0.0,0.0,0.0,1.0]],"antennas":[-1.10418,1.401898],"body_yaw":0.0,"check_collision":false},{"head":[[0.981666,-0.087597,0.169288,-0.016771],[0.092176,0.995554,-0.019368,-0.00364],[-0.166839,0.034617,0.985376,0.003157],[0.0,0.0,0.0,1.0]],"antennas":[-1.146976,1.454473],"body_yaw":0.0,"check_collision":false},{"head":[[0.981444,-0.087052,0.170849,-0.016777],[0.091643,0.995608,-0.019158,-0.003656],[-0.16843,0.03446,0.985111,0.003053],[0.0,0.0,0.0,1.0]],"antennas":[-1.189943,1.507257],"body_yaw":0.0,"check_collision":false},{"head":[[0.980893,-0.086787,0.174118,-0.01681],[0.091588,0.995602,-0.019718,-0.003535],[-0.171641,0.035289,0.984527,0.002965],[0.0,0.0,0.0,1.0]],"antennas":[-1.232811,1.55992],"body_yaw":0.0,"check_collision":false},{"head":[[0.980209,-0.086401,0.178116,-0.016882],[0.091459,0.995601,-0.020367,-0.003323],[-0.175573,0.036254,0.983799,0.002814],[0.0,0.0,0.0,1.0]],"antennas":[-1.275301,1.612118],"body_yaw":0.0,"check_collision":false},{"head":[[0.979787,-0.086465,0.18039,-0.016944],[0.09155,0.995599,-0.020044,-0.003207],[-0.177863,0.036154,0.983391,0.002881],[0.0,0.0,0.0,1.0]],"antennas":[-1.31843,1.665101],"body_yaw":0.0,"check_collision":false},{"head":[[0.979352,-0.086517,0.182715,-0.016977],[0.091638,0.995596,-0.019755,-0.003266],[-0.180201,0.036091,0.982967,0.002908],[0.0,0.0,0.0,1.0]],"antennas":[-1.3613,1.717767],"body_yaw":0.0,"check_collision":false},{"head":[[0.978852,-0.086196,0.185522,-0.016966],[0.091461,0.995608,-0.019991,-0.00334],[-0.182984,0.036536,0.982437,0.002851],[0.0,0.0,0.0,1.0]],"antennas":[-1.40417,1.770433],"body_yaw":0.0,"check_collision":false},{"head":[[0.97836,-0.085324,0.1885,-0.016904],[0.090756,0.995665,-0.020358,-0.003394],[-0.185946,0.037025,0.981862,0.002749],[0.0,0.0,0.0,1.0]],"antennas":[-1.447116,1.823191],"body_yaw":0.0,"check_collision":false},{"head":[[0.977485,-0.084306,0.19343,-0.016932],[0.090086,0.995707,-0.021267,-0.003487],[-0.190807,0.038213,0.980884,0.002603],[0.0,0.0,0.0,1.0]],"antennas":[-1.489844,1.875682],"body_yaw":0.0,"check_collision":false},{"head":[[0.977139,-0.083703,0.195433,-0.017022],[0.089593,0.995747,-0.02148,-0.003507],[-0.192804,0.038498,0.980482,0.002559],[0.0,0.0,0.0,1.0]],"antennas":[-1.532833,1.928494],"body_yaw":0.0,"check_collision":false},{"head":[[0.976793,-0.083568,0.19721,-0.017065],[0.089582,0.995742,-0.021761,-0.00351],[-0.194551,0.038922,0.98012,0.002502],[0.0,0.0,0.0,1.0]],"antennas":[-1.574957,1.980242],"body_yaw":0.0,"check_collision":false},{"head":[[0.976195,-0.083233,0.20029,-0.017083],[0.089426,0.995749,-0.022058,-0.003498],[-0.197602,0.039444,0.979488,0.002422],[0.0,0.0,0.0,1.0]],"antennas":[-1.617693,2.032743],"body_yaw":0.0,"check_collision":false},{"head":[[0.975604,-0.083148,0.203184,-0.017172],[0.089428,0.995752,-0.021909,-0.003441],[-0.200499,0.039545,0.978896,0.002351],[0.0,0.0,0.0,1.0]],"antennas":[-1.660795,2.085693],"body_yaw":0.0,"check_collision":false},{"head":[[0.975083,-0.083277,0.205616,-0.017223],[0.089632,0.995737,-0.021768,-0.003386],[-0.202927,0.039655,0.978391,0.002287],[0.0,0.0,0.0,1.0]],"antennas":[-1.703651,2.138342],"body_yaw":0.0,"check_collision":false},{"head":[[0.974396,-0.083019,0.208951,-0.017296],[0.08954,0.995742,-0.021926,-0.003304],[-0.206241,0.040074,0.97768,0.002174],[0.0,0.0,0.0,1.0]],"antennas":[-1.746543,2.191034],"body_yaw":0.0,"check_collision":false},{"head":[[0.973622,-0.082823,0.212605,-0.017339],[0.089561,0.995733,-0.022243,-0.003236],[-0.209855,0.040698,0.976885,0.002035],[0.0,0.0,0.0,1.0]],"antennas":[-1.789315,2.243579],"body_yaw":0.0,"check_collision":false},{"head":[[0.972649,-0.082577,0.217104,-0.017358],[0.089429,0.995752,-0.021911,-0.003262],[-0.214373,0.040728,0.975902,0.001877],[0.0,0.0,0.0,1.0]],"antennas":[-1.832154,2.296206],"body_yaw":0.0,"check_collision":false},{"head":[[0.971268,-0.082732,0.223145,-0.017442],[0.089851,0.995714,-0.021926,-0.003226],[-0.220374,0.041346,0.974539,0.001603],[0.0,0.0,0.0,1.0]],"antennas":[-1.875166,2.349045],"body_yaw":0.0,"check_collision":false},{"head":[[0.970287,-0.082824,0.227338,-0.017535],[0.090022,0.995709,-0.02146,-0.003176],[-0.224585,0.041288,0.973579,0.001384],[0.0,0.0,0.0,1.0]],"antennas":[-1.918008,2.401349],"body_yaw":0.0,"check_collision":false},{"head":[[0.969527,-0.082671,0.230616,-0.017656],[0.08983,0.995742,-0.0207,-0.003042],[-0.227923,0.040785,0.972825,0.001365],[0.0,0.0,0.0,1.0]],"antennas":[-1.960854,2.450174],"body_yaw":0.0,"check_collision":false},{"head":[[0.968148,-0.082002,0.236568,-0.017732],[0.089275,0.995803,-0.020178,-0.002995],[-0.233921,0.040655,0.971405,0.00124],[0.0,0.0,0.0,1.0]],"antennas":[-2.003657,2.487345],"body_yaw":0.0,"check_collision":false},{"head":[[0.9669,-0.081371,0.241834,-0.01777],[0.088748,0.995858,-0.019749,-0.002929],[-0.239225,0.040557,0.970117,0.001152],[0.0,0.0,0.0,1.0]],"antennas":[-2.046549,2.490766],"body_yaw":0.0,"check_collision":false},{"head":[[0.965938,-0.081071,0.245748,-0.017772],[0.088522,0.995885,-0.019407,-0.002934],[-0.243163,0.040501,0.96914,0.001046],[0.0,0.0,0.0,1.0]],"antennas":[-2.067511,2.490766],"body_yaw":0.0,"check_collision":false},{"head":[[0.96491,-0.080718,0.249867,-0.017794],[0.088253,0.995915,-0.019084,-0.00299],[-0.247306,0.040466,0.968092,0.000844],[0.0,0.0,0.0,1.0]],"antennas":[-2.067511,2.490766],"body_yaw":0.0,"check_collision":false},{"head":[[0.963573,-0.079895,0.255232,-0.017829],[0.087863,0.995933,-0.01995,-0.002982],[-0.2526,0.041648,0.966674,0.000568],[0.0,0.0,0.0,1.0]],"antennas":[-2.067511,2.490766],"body_yaw":0.0,"check_collision":false},{"head":[[0.962208,-0.079251,0.26053,-0.01798],[0.08772,0.995923,-0.02102,-0.002973],[-0.257802,0.043079,0.965237,0.000401],[0.0,0.0,0.0,1.0]],"antennas":[-2.067511,2.490766],"body_yaw":0.0,"check_collision":false},{"head":[[0.960885,-0.078847,0.265488,-0.018176],[0.08754,0.995939,-0.021051,-0.002886],[-0.26275,0.043468,0.963884,0.000302],[0.0,0.0,0.0,1.0]],"antennas":[-2.067511,2.490766],"body_yaw":0.0,"check_collision":false},{"head":[[0.959841,-0.078712,0.269277,-0.018267],[0.087654,0.995923,-0.021328,-0.002816],[-0.266501,0.044075,0.962826,0.000201],[0.0,0.0,0.0,1.0]],"antennas":[-2.067511,2.490766],"body_yaw":0.0,"check_collision":false},{"head":[[0.958796,-0.078606,0.273006,-0.018335],[0.087875,0.995891,-0.021875,-0.002886],[-0.270164,0.044964,0.961764,0.000142],[0.0,0.0,0.0,1.0]],"antennas":[-2.067511,2.490766],"body_yaw":0.0,"check_collision":false},{"head":[[0.957472,-0.078235,0.277716,-0.018328],[0.087726,0.995904,-0.021895,-0.003136],[-0.274865,0.045327,0.960414,0.000135],[0.0,0.0,0.0,1.0]],"antennas":[-2.067511,2.490766],"body_yaw":0.0,"check_collision":false},{"head":[[0.956013,-0.078078,0.282741,-0.018378],[0.087848,0.99589,-0.022024,-0.00323],[-0.27986,0.045893,0.958943,2.1e-05],[0.0,0.0,0.0,1.0]],"antennas":[-2.067511,2.490766],"body_yaw":0.0,"check_collision":false},{"head":[[0.954797,-0.078242,0.286778,-0.018511],[0.088224,0.995857,-0.022031,-0.003337],[-0.283866,0.046335,0.957744,1.3e-05],[0.0,0.0,0.0,1.0]],"antennas":[-2.067511,2.490766],"body_yaw":0.0,"check_collision":false},{"head":[[0.952891,-0.078297,0.293032,-0.018649],[0.088581,0.995827,-0.021968,-0.003458],[-0.290089,0.04689,0.95585,-4e-06],[0.0,0.0,0.0,1.0]],"antennas":[-2.067511,2.490766],"body_yaw":0.0,"check_collision":false},{"head":[[0.951417,-0.07831,0.297781,-0.018644],[0.088865,0.995799,-0.022054,-0.003636],[-0.294803,0.047445,0.954379,1e-05],[0.0,0.0,0.0,1.0]],"antennas":[-2.067511,2.490766],"body_yaw":0.0,"check_collision":false},{"head":[[0.950599,-0.078143,0.300425,-0.018562],[0.088808,0.995806,-0.021989,-0.003756],[-0.297447,0.047583,0.953552,-3e-05],[0.0,0.0,0.0,1.0]],"antennas":[-2.067511,2.490766],"body_yaw":0.0,"check_collision":false},{"head":[[0.949656,-0.077838,0.30347,-0.018521],[0.08866,0.995818,-0.022025,-0.003853],[-0.300486,0.047821,0.952587,-0.000138],[0.0,0.0,0.0,1.0]],"antennas":[-2.067511,2.490766],"body_yaw":0.0,"check_collision":false},{"head":[[0.948445,-0.077461,0.30733,-0.018602],[0.088502,0.99583,-0.02213,-0.003985],[-0.304334,0.048188,0.951346,-0.000227],[0.0,0.0,0.0,1.0]],"antennas":[-2.067511,2.490766],"body_yaw":0.0,"check_collision":false},{"head":[[0.947,-0.077087,0.311846,-0.018746],[0.088244,0.99586,-0.021803,-0.004011],[-0.308874,0.048166,0.949883,-0.000302],[0.0,0.0,0.0,1.0]],"antennas":[-2.067511,2.490766],"body_yaw":0.0,"check_collision":false},{"head":[[0.94531,-0.07629,0.317125,-0.018869],[0.087656,0.995914,-0.021704,-0.004074],[-0.314174,0.048315,0.948135,-0.00043],[0.0,0.0,0.0,1.0]],"antennas":[-2.067511,2.490766],"body_yaw":0.0,"check_collision":false},{"head":[[0.943865,-0.075674,0.321546,-0.01902],[0.087263,0.995948,-0.021761,-0.004095],[-0.318596,0.048598,0.946644,-0.00055],[0.0,0.0,0.0,1.0]],"antennas":[-2.067511,2.490766],"body_yaw":0.0,"check_collision":false},{"head":[[0.942659,-0.07506,0.325209,-0.019163],[0.086753,0.995996,-0.021585,-0.004111],[-0.322287,0.048561,0.945396,-0.000672],[0.0,0.0,0.0,1.0]],"antennas":[-2.067511,2.490766],"body_yaw":0.0,"check_collision":false},{"head":[[0.940646,-0.074165,0.331187,-0.019283],[0.086194,0.996041,-0.021761,-0.004123],[-0.328262,0.049016,0.943314,-0.000884],[0.0,0.0,0.0,1.0]],"antennas":[-2.067511,2.490766],"body_yaw":0.0,"check_collision":false},{"head":[[0.939216,-0.073816,0.335296,-0.019374],[0.086345,0.996009,-0.022594,-0.004105],[-0.33229,0.050172,0.941842,-0.00104],[0.0,0.0,0.0,1.0]],"antennas":[-2.067511,2.490766],"body_yaw":0.0,"check_collision":false},{"head":[[0.93819,-0.073916,0.338136,-0.019474],[0.086713,0.995971,-0.022876,-0.004085],[-0.335083,0.050783,0.940819,-0.001173],[0.0,0.0,0.0,1.0]],"antennas":[-2.067511,2.490766],"body_yaw":0.0,"check_collision":false},{"head":[[0.937081,-0.073814,0.341219,-0.019581],[0.087061,0.995922,-0.023649,-0.004056],[-0.338082,0.051868,0.939686,-0.001299],[0.0,0.0,0.0,1.0]],"antennas":[-2.067511,2.490766],"body_yaw":0.0,"check_collision":false},{"head":[[0.935614,-0.073049,0.345383,-0.019457],[0.086896,0.99591,-0.024759,-0.00397],[-0.342162,0.053177,0.938135,-0.001402],[0.0,0.0,0.0,1.0]],"antennas":[-2.067511,2.490766],"body_yaw":0.0,"check_collision":false},{"head":[[0.933303,-0.072119,0.351773,-0.019395],[0.086611,0.995913,-0.025613,-0.00438],[-0.348488,0.054373,0.935735,-0.001427],[0.0,0.0,0.0,1.0]],"antennas":[-2.067511,2.490766],"body_yaw":0.0,"check_collision":false},{"head":[[0.93126,-0.070909,0.35739,-0.019594],[0.085899,0.995959,-0.026223,-0.004297],[-0.354086,0.05512,0.933587,-0.001592],[0.0,0.0,0.0,1.0]],"antennas":[-2.067511,2.490766],"body_yaw":0.0,"check_collision":false},{"head":[[0.929683,-0.069932,0.361662,-0.019639],[0.085601,0.995951,-0.027464,-0.004335],[-0.358277,0.056492,0.931905,-0.001704],[0.0,0.0,0.0,1.0]],"antennas":[-2.067511,2.490766],"body_yaw":0.0,"check_collision":false},{"head":[[0.92849,-0.069269,0.364839,-0.019537],[0.085681,0.995901,-0.02897,-0.004393],[-0.361337,0.058158,0.93062,-0.001823],[0.0,0.0,0.0,1.0]],"antennas":[-2.067511,2.490766],"body_yaw":0.0,"check_collision":false},{"head":[[0.92802,-0.068678,0.366146,-0.019505],[0.085717,0.995854,-0.030463,-0.004398],[-0.362536,0.059655,0.930059,-0.001921],[0.0,0.0,0.0,1.0]],"antennas":[-2.067511,2.490766],"body_yaw":0.0,"check_collision":false},{"head":[[0.926853,-0.067883,0.369237,-0.019557],[0.085619,0.995819,-0.031841,-0.004394],[-0.365532,0.061126,0.92879,-0.002042],[0.0,0.0,0.0,1.0]],"antennas":[-2.067511,2.490766],"body_yaw":0.0,"check_collision":false},{"head":[[0.924814,-0.067169,0.374443,-0.019625],[0.08555,0.995798,-0.032663,-0.004366],[-0.370675,0.062241,0.926675,-0.002213],[0.0,0.0,0.0,1.0]],"antennas":[-2.067511,2.490766],"body_yaw":0.0,"check_collision":false},{"head":[[0.923069,-0.066558,0.378833,-0.01967],[0.085818,0.995725,-0.034164,-0.004306],[-0.374939,0.064047,0.924834,-0.002362],[0.0,0.0,0.0,1.0]],"antennas":[-2.067511,2.490766],"body_yaw":0.0,"check_collision":false},{"head":[[0.921745,-0.066073,0.382127,-0.019718],[0.086089,0.995655,-0.035502,-0.004256],[-0.378121,0.06562,0.923428,-0.002528],[0.0,0.0,0.0,1.0]],"antennas":[-2.067511,2.490766],"body_yaw":0.0,"check_collision":false},{"head":[[0.920432,-0.065868,0.385313,-0.019706],[0.0862,0.995638,-0.035712,-0.004237],[-0.38128,0.066085,0.922095,-0.002739],[0.0,0.0,0.0,1.0]],"antennas":[-2.067511,2.490766],"body_yaw":0.0,"check_collision":false},{"head":[[0.919845,-0.065472,0.386779,-0.019678],[0.086245,0.995602,-0.036578,-0.004207],[-0.382683,0.067004,0.921447,-0.002944],[0.0,0.0,0.0,1.0]],"antennas":[-2.067511,2.490766],"body_yaw":0.0,"check_collision":false},{"head":[[0.919794,-0.065069,0.38697,-0.019691],[0.086794,0.995466,-0.038913,-0.004152],[-0.382683,0.069378,0.921271,-0.003109],[0.0,0.0,0.0,1.0]],"antennas":[-2.067511,2.490766],"body_yaw":0.0,"check_collision":false},{"head":[[0.919751,-0.064218,0.387213,-0.019836],[0.087244,0.995294,-0.042165,-0.004119],[-0.382683,0.072564,0.921025,-0.003252],[0.0,0.0,0.0,1.0]],"antennas":[-2.067511,2.490766],"body_yaw":0.0,"check_collision":false},{"head":[[0.919747,-0.062901,0.38744,-0.020157],[0.087291,0.995136,-0.04566,-0.004143],[-0.382683,0.075815,0.920764,-0.003253],[0.0,0.0,0.0,1.0]],"antennas":[-2.067511,2.490766],"body_yaw":0.0,"check_collision":false},{"head":[[0.919766,-0.062271,0.387496,-0.020298],[0.087088,0.995101,-0.046799,-0.003828],[-0.382683,0.07679,0.920683,-0.003707],[0.0,0.0,0.0,1.0]],"antennas":[-2.067511,2.490766],"body_yaw":0.0,"check_collision":false},{"head":[[0.919777,-0.062041,0.387506,-0.020313],[0.086967,0.995097,-0.047106,-0.003872],[-0.382683,0.077027,0.920663,-0.00378],[0.0,0.0,0.0,1.0]],"antennas":[-2.074669,2.490766],"body_yaw":0.0,"check_collision":false},{"head":[[0.919779,-0.062127,0.387487,-0.020385],[0.086946,0.995112,-0.046835,-0.003824],[-0.382683,0.076768,0.920685,-0.003886],[0.0,0.0,0.0,1.0]],"antennas":[-2.085676,2.490766],"body_yaw":0.0,"check_collision":false},{"head":[[0.919792,-0.061898,0.387492,-0.02046],[0.086805,0.995112,-0.047091,-0.003663],[-0.382683,0.07695,0.920669,-0.004103],[0.0,0.0,0.0,1.0]],"antennas":[-2.097514,2.490766],"body_yaw":0.0,"check_collision":false},{"head":[[0.919802,-0.061186,0.387583,-0.020441],[0.086703,0.995044,-0.048679,-0.003893],[-0.382683,0.07838,0.920549,-0.003993],[0.0,0.0,0.0,1.0]],"antennas":[-2.113973,2.490766],"body_yaw":0.0,"check_collision":false},{"head":[[0.919815,-0.059893,0.387755,-0.020487],[0.086571,0.994904,-0.051686,-0.003818],[-0.382683,0.081109,0.920312,-0.004139],[0.0,0.0,0.0,1.0]],"antennas":[-2.134448,2.490766],"body_yaw":0.0,"check_collision":false},{"head":[[0.919785,-0.058871,0.387982,-0.020384],[0.086885,0.994696,-0.055044,-0.004076],[-0.382683,0.084339,0.920022,-0.004269],[0.0,0.0,0.0,1.0]],"antennas":[-2.156064,2.490766],"body_yaw":0.0,"check_collision":false},{"head":[[0.919738,-0.058526,0.388146,-0.020308],[0.087385,0.994537,-0.057105,-0.004287],[-0.382683,0.08644,0.919827,-0.004373],[0.0,0.0,0.0,1.0]],"antennas":[-2.177639,2.490766],"body_yaw":0.0,"check_collision":false},{"head":[[0.919765,-0.057816,0.388187,-0.020444],[0.087094,0.994496,-0.05824,-0.004219],[-0.382683,0.087376,0.919738,-0.004555],[0.0,0.0,0.0,1.0]],"antennas":[-2.199197,2.490766],"body_yaw":0.0,"check_collision":false},{"head":[[0.919741,-0.057535,0.388286,-0.020555],[0.087348,0.994396,-0.059558,-0.004232],[-0.382683,0.088694,0.919612,-0.004635],[0.0,0.0,0.0,1.0]],"antennas":[-2.220957,2.490766],"body_yaw":0.0,"check_collision":false},{"head":[[0.919662,-0.057628,0.388461,-0.020655],[0.088181,0.994218,-0.061274,-0.00445],[-0.382683,0.090606,0.919426,-0.004671],[0.0,0.0,0.0,1.0]],"antennas":[-2.242603,2.499001],"body_yaw":0.0,"check_collision":false},{"head":[[0.91958,-0.056851,0.388769,-0.020823],[0.089031,0.993889,-0.06525,-0.004719],[-0.382683,0.094615,0.919022,-0.004822],[0.0,0.0,0.0,1.0]],"antennas":[-2.264265,2.516454],"body_yaw":0.0,"check_collision":false},{"head":[[0.919567,-0.055875,0.38894,-0.020949],[0.089163,0.993689,-0.068053,-0.004677],[-0.382683,0.097259,0.918746,-0.004915],[0.0,0.0,0.0,1.0]],"antennas":[-2.285842,2.535585],"body_yaw":0.0,"check_collision":false},{"head":[[0.919565,-0.055466,0.389005,-0.021046],[0.089188,0.993611,-0.069156,-0.004694],[-0.382683,0.098288,0.918636,-0.005069],[0.0,0.0,0.0,1.0]],"antennas":[-2.307448,2.554742],"body_yaw":0.0,"check_collision":false},{"head":[[0.919592,-0.054587,0.389065,-0.020932],[0.088909,0.993524,-0.07075,-0.004973],[-0.382683,0.099653,0.918489,-0.005123],[0.0,0.0,0.0,1.0]],"antennas":[-2.329099,2.573939],"body_yaw":0.0,"check_collision":false},{"head":[[0.919526,-0.055194,0.389133,-0.020803],[0.089579,0.993462,-0.070766,-0.005258],[-0.382683,0.09993,0.918459,-0.005183],[0.0,0.0,0.0,1.0]],"antennas":[-2.350691,2.593127],"body_yaw":0.0,"check_collision":false},{"head":[[0.919458,-0.05566,0.389228,-0.020772],[0.090275,0.993368,-0.071202,-0.005731],[-0.382683,0.100605,0.918386,-0.005253],[0.0,0.0,0.0,1.0]],"antennas":[-2.367111,2.610052],"body_yaw":0.0,"check_collision":false},{"head":[[0.919304,-0.055671,0.38959,-0.020704],[0.091833,0.992961,-0.074804,-0.005568],[-0.382684,0.104545,0.917945,-0.005636],[0.0,0.0,0.0,1.0]],"antennas":[-2.367111,2.610052],"body_yaw":0.0,"check_collision":false},{"head":[[0.919115,-0.0553,0.39009,-0.020812],[0.09371,0.992371,-0.080116,-0.005405],[-0.382684,0.110192,0.917285,-0.005953],[0.0,0.0,0.0,1.0]],"antennas":[-2.367111,2.610052],"body_yaw":0.0,"check_collision":false},{"head":[[0.918935,-0.055325,0.390509,-0.020975],[0.095453,0.991875,-0.084095,-0.005422],[-0.382683,0.114553,0.91675,-0.006042],[0.0,0.0,0.0,1.0]],"antennas":[-2.367111,2.610052],"body_yaw":0.0,"check_collision":false},{"head":[[0.918989,-0.053734,0.390604,-0.021014],[0.094932,0.991681,-0.086928,-0.005675],[-0.382683,0.116967,0.916445,-0.005853],[0.0,0.0,0.0,1.0]],"antennas":[-2.367111,2.610052],"body_yaw":0.0,"check_collision":false},{"head":[[0.919039,-0.052224,0.390691,-0.020952],[0.094448,0.991486,-0.089641,-0.005448],[-0.382683,0.119283,0.916147,-0.006017],[0.0,0.0,0.0,1.0]],"antennas":[-2.367111,2.610052],"body_yaw":0.0,"check_collision":false},{"head":[[0.919008,-0.051274,0.39089,-0.020839],[0.094751,0.991171,-0.09275,-0.005303],[-0.382683,0.122275,0.915752,-0.006159],[0.0,0.0,0.0,1.0]],"antennas":[-2.367111,2.610052],"body_yaw":0.0,"check_collision":false},{"head":[[0.91898,-0.050245,0.39109,-0.020781],[0.095021,0.990837,-0.095984,-0.005808],[-0.382683,0.125369,0.915334,-0.006209],[0.0,0.0,0.0,1.0]],"antennas":[-2.367111,2.610052],"body_yaw":0.0,"check_collision":