{"description":"When you face a threatening or dangerous situation. Can also be used when surprised or shocked.","time":[0.0,0.02,0.04,0.06,0.08,0.1,0.12,0.14,0.16,0.18,0.2,0.22,0.24,0.26,0.28,0.3,0.32,0.34,0.36,0.38,0.4,0.42,0.44,0.46,0.48,0.5,0.52,0.54,0.56,0.58,0.6,0.62,0.64,0.66,0.68,0.7,0.72,0.74,0.76,0.78,0.8,0.82,0.84,0.86,0.88,0.9,0.92,0.94,0.96,0.98,1.0,1.02,1.04,1.06,1.08,1.1,1.12,1.14,1.16,1.18,1.2,1.22,1.24,1.26,1.28,1.3,1.32,1.34,1.36,1.38,1.4,1.42,1.44,1.46,1.48,1.5,1.52,1.54,1.56,1.58,1.6,1.62,1.64,1.66,1.68,1.7,1.72,1.74,1.76,1.78,1.8,1.82,1.84,1.86,1.88,1.9,1.92,1.94,1.96,1.98,2.0,2.02,2.04,2.06,2.08,2.1,2.12,2.14,2.16,2.18,2.2,2.22,2.24,2.26,2.28,2.3,2.32,2.34,2.36,2.38,2.4,2.42,2.44,2.46,2.48,2.5,2.52,2.54,2.56,2.58,2.6,2.62,2.64,2.66,2.68,2.7,2.72,2.74,2.76,2.78,2.8,2.82,2.84,2.86,2.88,2.9,2.92,2.94,2.96,2.98,3.0,3.02,3.04,3.06,3.08,3.1,3.12,3.14,3.16,3.18,3.2,3.22,3.24,3.26,3.28,3.3,3.32,3.34,3.36,3.38,3.4,3.42,3.44,3.46,3.48],"set_target_data":[{"head":[[0.998964,-0.045498,0.000114,-0.013795],[0.04547,0.998428,0.03278,0.005089],[-0.001605,-0.032741,0.999463,0.002466],[0.0,0.0,0.0,1.0]],"antennas":[-0.091677,0.070372],"body_yaw":0.0,"check_collision":false},{"head":[[0.998962,-0.045557,0.000151,-0.013832],[0.045528,0.998422,0.032878,0.004965],[-0.001649,-0.032837,0.999459,0.002223],[0.0,0.0,0.0,1.0]],"antennas":[-0.091677,0.070372],"body_yaw":0.0,"check_collision":false},{"head":[[0.998941,-0.046,-0.000275,-0.013927],[0.045983,0.998373,0.03372,0.004941],[-0.001277,-0.033697,0.999431,0.002115],[0.0,0.0,0.0,1.0]],"antennas":[-0.091677,0.070372],"body_yaw":0.0,"check_collision":false},{"head":[[0.998923,-0.046387,-0.000523,-0.013998],[0.046377,0.998308,0.035088,0.004866],[-0.001105,-0.035074,0.999384,0.002143],[0.0,0.0,0.0,1.0]],"antennas":[-0.091677,0.070372],"body_yaw":0.0,"check_collision":false},{"head":[[0.998896,-0.046954,-0.001516,-0.013931],[0.046978,0.998212,0.036961,0.004709],[-0.000222,-0.036992,0.999316,0.00228],[0.0,0.0,0.0,1.0]],"antennas":[-0.091677,0.070372],"body_yaw":0.0,"check_collision":false},{"head":[[0.998873,-0.047382,-0.002614,-0.013972],[0.047448,0.998102,0.039256,0.004776],[0.000749,-0.039336,0.999226,0.002439],[0.0,0.0,0.0,1.0]],"antennas":[-0.091677,0.070372],"body_yaw":0.0,"check_collision":false},{"head":[[0.998786,-0.048892,-0.005966,-0.01375],[0.049106,0.997843,0.043556,0.004705],[0.003824,-0.043796,0.999033,0.00257],[0.0,0.0,0.0,1.0]],"antennas":[-0.091677,0.070372],"body_yaw":0.0,"check_collision":false},{"head":[[0.998491,-0.051578,-0.018873,-0.013238],[0.052521,0.997189,0.053439,0.004325],[0.016064,-0.05435,0.998393,0.002479],[0.0,0.0,0.0,1.0]],"antennas":[-0.091677,0.070372],"body_yaw":0.0,"check_collision":false},{"head":[[0.997906,-0.054866,-0.034251,-0.012623],[0.056968,0.996338,0.063757,0.003773],[0.030627,-0.065574,0.997378,0.002022],[0.0,0.0,0.0,1.0]],"antennas":[-0.091677,0.070372],"body_yaw":0.0,"check_collision":false},{"head":[[0.99706,-0.059583,-0.04818,-0.01213],[0.063054,0.995258,0.07406,0.00347],[0.043539,-0.07688,0.996089,0.001599],[0.0,0.0,0.0,1.0]],"antennas":[-0.091677,0.070372],"body_yaw":0.0,"check_collision":false},{"head":[[0.995307,-0.065582,-0.071158,-0.011517],[0.07168,0.993642,0.086818,0.003192],[0.065012,-0.091511,0.99368,0.001243],[0.0,0.0,0.0,1.0]],"antennas":[-0.091677,0.070372],"body_yaw":0.0,"check_collision":false},{"head":[[0.992816,-0.071337,-0.096061,-0.010609],[0.08067,0.992004,0.097057,0.003065],[0.088369,-0.104108,0.990632,0.000867],[0.0,0.0,0.0,1.0]],"antennas":[-0.091677,0.070372],"body_yaw":0.0,"check_collision":false},{"head":[[0.989166,-0.078511,-0.124043,-0.009529],[0.092279,0.989699,0.109456,0.002733],[0.114172,-0.119716,0.986221,0.000648],[0.0,0.0,0.0,1.0]],"antennas":[-0.091677,0.070372],"body_yaw":0.0,"check_collision":false},{"head":[[0.983081,-0.087159,-0.161103,-0.008122],[0.107859,0.986332,0.124558,0.002384],[0.148045,-0.139827,0.979046,0.000621],[0.0,0.0,0.0,1.0]],"antennas":[-0.091677,0.070372],"body_yaw":0.0,"check_collision":false},{"head":[[0.97335,-0.094187,-0.20909,-0.006429],[0.124643,0.982613,0.137605,0.002432],[0.192494,-0.16,0.968166,0.000514],[0.0,0.0,0.0,1.0]],"antennas":[-0.091677,0.070372],"body_yaw":0.0,"check_collision":false},{"head":[[0.960511,-0.101145,-0.259208,-0.004103],[0.142641,0.978856,0.146607,0.000942],[0.238899,-0.177791,0.954629,0.000609],[0.0,0.0,0.0,1.0]],"antennas":[-0.091677,0.070372],"body_yaw":0.0,"check_collision":false},{"head":[[0.943845,-0.104494,-0.313429,-0.00204],[0.160628,0.974133,0.158943,0.000234],[0.288713,-0.200363,0.936215,0.00048],[0.0,0.0,0.0,1.0]],"antennas":[-0.091677,0.070372],"body_yaw":0.0,"check_collision":false},{"head":[[0.922872,-0.103214,-0.371017,-0.000275],[0.17842,0.968374,0.17441,0.000135],[0.341281,-0.227155,0.912101,0.000369],[0.0,0.0,0.0,1.0]],"antennas":[-0.091677,0.070372],"body_yaw":0.0,"check_collision":false},{"head":[[0.90267,-0.103156,-0.417787,0.000563],[0.200416,0.959903,0.19601,0.001684],[0.380815,-0.260664,0.88715,0.000455],[0.0,0.0,0.0,1.0]],"antennas":[-0.091677,0.070372],"body_yaw":0.0,"check_collision":false},{"head":[[0.896889,-0.111852,-0.427877,0.002077],[0.221659,0.950888,0.216055,0.001432],[0.382697,-0.28862,0.877634,0.000721],[0.0,0.0,0.0,1.0]],"antennas":[-0.091677,0.070372],"body_yaw":0.0,"check_collision":false},{"head":[[0.891697,-0.120044,-0.436425,0.003763],[0.241701,0.941497,0.234871,0.001072],[0.382698,-0.314919,0.868544,0.000742],[0.0,0.0,0.0,1.0]],"antennas":[-0.091677,0.070372],"body_yaw":0.0,"check_collision":false},{"head":[[0.886558,-0.127191,-0.444788,0.005363],[0.25992,0.932311,0.251473,0.000468],[0.382696,-0.338555,0.859607,0.001468],[0.0,0.0,0.0,1.0]],"antennas":[-0.120778,0.122866],"body_yaw":0.0,"check_collision":false},{"head":[[0.880766,-0.134206,-0.454136,0.006814],[0.278913,0.92203,0.268456,0.000574],[0.382698,-0.363112,0.849525,0.001694],[0.0,0.0,0.0,1.0]],"antennas":[-0.215324,0.260447],"body_yaw":0.0,"check_collision":false},{"head":[[0.876663,-0.140228,-0.460216,0.008049],[0.291572,0.915749,0.276385,0.00095],[0.382686,-0.376482,0.84369,0.002297],[0.0,0.0,0.0,1.0]],"antennas":[-0.363534,0.41675],"body_yaw":0.0,"check_collision":false},{"head":[[0.873417,-0.145331,-0.464781,0.008998],[0.301153,0.911234,0.280996,0.001146],[0.382687,-0.385397,0.839654,0.003038],[0.0,0.0,0.0,1.0]],"antennas":[-0.519984,0.573196],"body_yaw":0.0,"check_collision":false},{"head":[[0.869961,-0.147602,-0.470512,0.010053],[0.310992,0.904701,0.291204,0.000999],[0.38269,-0.399662,0.832958,0.003429],[0.0,0.0,0.0,1.0]],"antennas":[-0.67617,0.729376],"body_yaw":0.0,"check_collision":false},{"head":[[0.865636,-0.14925,-0.477911,0.010955],[0.322834,0.895988,0.304932,0.000672],[0.382691,-0.418246,0.823782,0.003573],[0.0,0.0,0.0,1.0]],"antennas":[-0.832528,0.88573],"body_yaw":0.0,"check_collision":false},{"head":[[0.863535,-0.15099,-0.481155,0.0114],[0.328422,0.892428,0.309373,0.000171],[0.382684,-0.425176,0.820231,0.004127],[0.0,0.0,0.0,1.0]],"antennas":[-0.988571,1.041768],"body_yaw":0.0,"check_collision":false},{"head":[[0.862493,-0.15377,-0.482141,0.012158],[0.331148,0.891922,0.307921,0.000292],[0.382683,-0.42524,0.820198,0.004797],[0.0,0.0,0.0,1.0]],"antennas":[-1.145256,1.198448],"body_yaw":0.0,"check_collision":false},{"head":[[0.862492,-0.155787,-0.481495,0.012849],[0.331149,0.893202,0.304187,0.000542],[0.382684,-0.421806,0.821969,0.005665],[0.0,0.0,0.0,1.0]],"antennas":[-1.301122,1.344149],"body_yaw":0.0,"check_collision":false},{"head":[[0.861055,-0.159187,-0.482954,0.01511],[0.334865,0.892242,0.302936,-0.003116],[0.382688,-0.422569,0.821575,0.006777],[0.0,0.0,0.0,1.0]],"antennas":[-1.457442,1.36824],"body_yaw":0.0,"check_collision":false},{"head":[[0.85887,-0.160786,-0.486302,0.016042],[0.340433,0.888581,0.307456,-0.004712],[0.382684,-0.429618,0.817913,0.007742],[0.0,0.0,0.0,1.0]],"antennas":[-1.488765,1.36824],"body_yaw":0.0,"check_collision":false},{"head":[[0.859347,-0.162095,-0.485023,0.015717],[0.339225,0.890419,0.303448,-0.002738],[0.382686,-0.4253,0.820165,0.007752],[0.0,0.0,0.0,1.0]],"antennas":[-1.488765,1.36824],"body_yaw":0.0,"check_collision":false},{"head":[[0.860436,-0.165755,-0.481846,0.01711],[0.336453,0.89498,0.292933,-0.004044],[0.382687,-0.414169,0.825842,0.009299],[0.0,0.0,0.0,1.0]],"antennas":[-1.488765,1.36824],"body_yaw":0.0,"check_collision":false},{"head":[[0.861483,-0.164864,-0.480278,0.015346],[0.333766,0.896651,0.290891,-0.000567],[0.382684,-0.410898,0.827476,0.008063],[0.0,0.0,0.0,1.0]],"antennas":[-1.488765,1.36824],"body_yaw":0.0,"check_collision":false},{"head":[[0.861909,-0.16424,-0.479727,0.014613],[0.332664,0.897178,0.290528,0.000772],[0.382684,-0.409997,0.827922,0.007402],[0.0,0.0,0.0,1.0]],"antennas":[-1.488765,1.36824],"body_yaw":0.0,"check_collision":false},{"head":[[0.862349,-0.165532,-0.478491,0.014907],[0.331523,0.89889,0.286512,0.000979],[0.382684,-0.405704,0.830035,0.007656],[0.0,0.0,0.0,1.0]],"antennas":[-1.488765,1.36824],"body_yaw":0.0,"check_collision":false},{"head":[[0.864218,-0.163422,-0.475837,0.014313],[0.326619,0.90162,0.283553,0.001806],[0.382685,-0.400468,0.832573,0.007557],[0.0,0.0,0.0,1.0]],"antennas":[-1.488765,1.36824],"body_yaw":0.0,"check_collision":false},{"head":[[0.864992,-0.162987,-0.474577,0.014598],[0.324562,0.903024,0.281436,0.001419],[0.382684,-0.39747,0.834008,0.007722],[0.0,0.0,0.0,1.0]],"antennas":[-1.488765,1.36824],"body_yaw":0.0,"check_collision":false},{"head":[[0.866186,-0.161163,-0.473021,0.014552],[0.321365,0.904521,0.280297,0.001518],[0.382684,-0.394802,0.835275,0.007837],[0.0,0.0,0.0,1.0]],"antennas":[-1.488765,1.36824],"body_yaw":0.0,"check_collision":false},{"head":[[0.866822,-0.159936,-0.472271,0.01423],[0.319644,0.905178,0.280144,0.002335],[0.382684,-0.393794,0.835751,0.007691],[0.0,0.0,0.0,1.0]],"antennas":[-1.488765,1.36824],"body_yaw":0.0,"check_collision":false},{"head":[[0.867159,-0.159741,-0.471719,0.014376],[0.318731,0.905795,0.279187,0.00228],[0.382683,-0.392451,0.836383,0.007866],[0.0,0.0,0.0,1.0]],"antennas":[-1.488765,1.36824],"body_yaw":0.0,"check_collision":false},{"head":[[0.868125,-0.157329,-0.470751,0.014182],[0.316089,0.906484,0.279955,0.001758],[0.382683,-0.391835,0.836671,0.007724],[0.0,0.0,0.0,1.0]],"antennas":[-1.488765,1.36824],"body_yaw":0.0,"check_collision":false},{"head":[[0.868794,-0.155796,-0.470026,0.013947],[0.314245,0.90705,0.280196,0.001628],[0.382683,-0.391136,0.836998,0.007691],[0.0,0.0,0.0,1.0]],"antennas":[-1.488765,1.36824],"body_yaw":0.0,"check_collision":false},{"head":[[0.86964,-0.153855,-0.469101,0.014056],[0.311898,0.907773,0.28048,0.001248],[0.382683,-0.390228,0.837422,0.007354],[0.0,0.0,0.0,1.0]],"antennas":[-1.488765,1.36824],"body_yaw":0.0,"check_collision":false},{"head":[[0.870183,-0.15265,-0.468487,0.014223],[0.310379,0.908268,0.280561,0.000813],[0.382683,-0.389548,0.837738,0.0072],[0.0,0.0,0.0,1.0]],"antennas":[-1.488765,1.36824],"body_yaw":0.0,"check_collision":false},{"head":[[0.86993,-0.153778,-0.468587,0.014442],[0.311087,0.908375,0.279427,0.001074],[0.382683,-0.388854,0.838061,0.007181],[0.0,0.0,0.0,1.0]],"antennas":[-1.488765,1.36824],"body_yaw":0.0,"check_collision":false},{"head":[[0.870324,-0.153239,-0.468032,0.014759],[0.309982,0.908936,0.278829,0.000335],[0.382683,-0.387754,0.838571,0.007408],[0.0,0.0,0.0,1.0]],"antennas":[-1.488765,1.36824],"body_yaw":0.0,"check_collision":false},{"head":[[0.870467,-0.153018,-0.467839,0.014865],[0.309582,0.909124,0.278662,0.000284],[0.382683,-0.387401,0.838734,0.007358],[0.0,0.0,0.0,1.0]],"antennas":[-1.488765,1.36824],"body_yaw":0.0,"check_collision":false},{"head":[[0.870738,-0.152038,-0.467654,0.01515],[0.308819,0.909149,0.279427,-0.001024],[0.382683,-0.387728,0.838582,0.007674],[0.0,0.0,0.0,1.0]],"antennas":[-1.488765,1.36824],"body_yaw":0.0,"check_collision":false},{"head":[[0.870455,-0.152929,-0.467889,0.015337],[0.309614,0.909045,0.278883,-0.00025],[0.382683,-0.38762,0.838632,0.007445],[0.0,0.0,0.0,1.0]],"antennas":[-1.488765,1.36824],"body_yaw":0.0,"check_collision":false},{"head":[[0.870721,-0.152958,-0.467384,0.016067],[0.308865,0.90966,0.277706,-0.001485],[0.382684,-0.386163,0.839304,0.00783],[0.0,0.0,0.0,1.0]],"antennas":[-1.488765,1.36824],"body_yaw":0.0,"check_collision":false},{"head":[[0.870674,-0.15361,-0.467259,0.015562],[0.308998,0.909941,0.276637,-0.000473],[0.382683,-0.385243,0.839727,0.007274],[0.0,0.0,0.0,1.0]],"antennas":[-1.488765,1.36824],"body_yaw":0.0,"check_collision":false},{"head":[[0.870333,-0.153898,-0.467799,0.01575],[0.309958,0.909348,0.277512,-0.002144],[0.382683,-0.386526,0.839137,0.007501],[0.0,0.0,0.0,1.0]],"antennas":[-1.488765,1.36824],"body_yaw":0.0,"check_collision":false},{"head":[[0.870481,-0.153623,-0.467614,0.015984],[0.309542,0.909516,0.277424,-0.002897],[0.382683,-0.386238,0.83927,0.007633],[0.0,0.0,0.0,1.0]],"antennas":[-1.488765,1.36824],"body_yaw":0.0,"check_collision":false},{"head":[[0.870664,-0.153425,-0.467339,0.016227],[0.309028,0.909808,0.277041,-0.003461],[0.382683,-0.38563,0.839549,0.007909],[0.0,0.0,0.0,1.0]],"antennas":[-1.488765,1.36824],"body_yaw":0.0,"check_collision":false},{"head":[[0.871044,-0.153197,-0.466704,0.016146],[0.307954,0.910526,0.275873,-0.00331],[0.382683,-0.384021,0.840286,0.007888],[0.0,0.0,0.0,1.0]],"antennas":[-1.488765,1.36824],"body_yaw":0.0,"check_collision":false},{"head":[[0.871284,-0.15296,-0.466334,0.016511],[0.307274,0.910926,0.275313,-0.003897],[0.382683,-0.383168,0.840676,0.008128],[0.0,0.0,0.0,1.0]],"antennas":[-1.488765,1.36824],"body_yaw":0.0,"check_collision":false},{"head":[[0.871625,-0.152593,-0.465817,0.01682],[0.306306,0.911475,0.274571,-0.004409],[0.382684,-0.382005,0.841205,0.008157],[0.0,0.0,0.0,1.0]],"antennas":[-1.488765,1.36824],"body_yaw":0.0,"check_collision":false},{"head":[[0.872124,-0.151964,-0.465088,0.017078],[0.304883,0.912231,0.273645,-0.004917],[0.382683,-0.38045,0.841909,0.008151],[0.0,0.0,0.0,1.0]],"antennas":[-1.488765,1.36824],"body_yaw":0.0,"check_collision":false},{"head":[[0.871639,-0.153297,-0.465559,0.017653],[0.306265,0.911922,0.273129,-0.005566],[0.382683,-0.380654,0.841817,0.008369],[0.0,0.0,0.0,1.0]],"antennas":[-1.488765,1.36824],"body_yaw":0.0,"check_collision":false},{"head":[[0.871989,-0.152905,-0.465033,0.017744],[0.305269,0.912478,0.272386,-0.00603],[0.382683,-0.379477,0.842348,0.008325],[0.0,0.0,0.0,1.0]],"antennas":[-1.488765,1.36824],"body_yaw":0.0,"check_collision":false},{"head":[[0.872194,-0.152615,-0.464743,0.01774],[0.304681,0.912772,0.27206,-0.006219],[0.382683,-0.378888,0.842613,0.008166],[0.0,0.0,0.0,1.0]],"antennas":[-1.488765,1.36824],"body_yaw":0.0,"check_collision":false},{"head":[[0.872224,-0.152532,-0.464714,0.017696],[0.304595,0.912791,0.272093,-0.006322],[0.382683,-0.378876,0.842619,0.008131],[0.0,0.0,0.0,1.0]],"antennas":[-1.488765,1.36824],"body_yaw":0.0,"check_collision":false},{"head":[[0.871533,-0.154214,-0.465455,0.01826],[0.306568,0.91222,0.271792,-0.006807],[0.382683,-0.379569,0.842307,0.00864],[0.0,0.0,0.0,1.0]],"antennas":[-1.488765,1.36824],"body_yaw":0.0,"check_collision":false},{"head":[[0.871844,-0.153833,-0.464999,0.018196],[0.305682,0.912695,0.271194,-0.006939],[0.382684,-0.37858,0.842752,0.008695],[0.0,0.0,0.0,1.0]],"antennas":[-1.488765,1.36824],"body_yaw":0.0,"check_collision":false},{"head":[[0.872157,-0.154427,-0.464213,0.018609],[0.304786,0.913744,0.268658,-0.007431],[0.382684,-0.375798,0.843996,0.008815],[0.0,0.0,0.0,1.0]],"antennas":[-1.488765,1.36824],"body_yaw":0.0,"check_collision":false},{"head":[[0.874144,-0.152347,-0.461153,0.018311],[0.299039,0.917025,0.263897,-0.007098],[0.382685,-0.368586,0.84717,0.008369],[0.0,0.0,0.0,1.0]],"antennas":[-1.488765,1.36824],"body_yaw":0.0,"check_collision":false},{"head":[[0.875759,-0.150564,-0.458668,0.018415],[0.294278,0.919679,0.259983,-0.007941],[0.382683,-0.362659,0.849725,0.008296],[0.0,0.0,0.0,1.0]],"antennas":[-1.488765,1.36824],"body_yaw":0.0,"check_collision":false},{"head":[[0.876615,-0.149252,-0.45746,0.018238],[0.291717,0.920897,0.258553,-0.007757],[0.382684,-0.3601,0.850812,0.008201],[0.0,0.0,0.0,1.0]],"antennas":[-1.488765,1.36824],"body_yaw":0.0,"check_collision":false},{"head":[[0.877864,-0.148499,-0.455305,0.018474],[0.287938,0.923346,0.254015,-0.008679],[0.382683,-0.35409,0.853331,0.007992],[0.0,0.0,0.0,1.0]],"antennas":[-1.488765,1.36824],"body_yaw":0.0,"check_collision":false},{"head":[[0.878172,-0.1481,-0.454841,0.018576],[0.286998,0.923834,0.253304,-0.00894],[0.382684,-0.352983,0.853789,0.007911],[0.0,0.0,0.0,1.0]],"antennas":[-1.488765,1.36824],"body_yaw":0.0,"check_collision":false},{"head":[[0.878509,-0.148217,-0.454152,0.018816],[0.285965,0.924676,0.251392,-0.009216],[0.382683,-0.350721,0.854721,0.008139],[0.0,0.0,0.0,1.0]],"antennas":[-1.488765,1.36824],"body_yaw":0.0,"check_collision":false},{"head":[[0.878462,-0.149421,-0.453847,0.019369],[0.286107,0.925234,0.24917,-0.009688],[0.382683,-0.348735,0.855533,0.00831],[0.0,0.0,0.0,1.0]],"antennas":[-1.488765,1.36824],"body_yaw":0.0,"check_collision":false},{"head":[[0.878669,-0.149327,-0.453477,0.019313],[0.285471,0.925658,0.248323,-0.009301],[0.382683,-0.347649,0.855975,0.008247],[0.0,0.0,0.0,1.0]],"antennas":[-1.488765,1.36824],"body_yaw":0.0,"check_collision":false},{"head":[[0.878913,-0.149031,-0.453102,0.019243],[0.284719,0.926057,0.247696,-0.008938],[0.382683,-0.34671,0.856356,0.008208],[0.0,0.0,0.0,1.0]],"antennas":[-1.488765,1.36824],"body_yaw":0.0,"check_collision":false},{"head":[[0.879208,-0.148643,-0.452657,0.019321],[0.283808,0.926524,0.246996,-0.009661],[0.382683,-0.345629,0.856793,0.008034],[0.0,0.0,0.0,1.0]],"antennas":[-1.488765,1.36824],"body_yaw":0.0,"check_collision":false},{"head":[[0.879694,-0.147968,-0.451934,0.019354],[0.282298,0.927277,0.245896,-0.0101],[0.382683,-0.343893,0.857491,0.007932],[0.0,0.0,0.0,1.0]],"antennas":[-1.488765,1.36824],"body_yaw":0.0,"check_collision":false},{"head":[[0.880463,-0.147017,-0.450745,0.019277],[0.27989,0.928543,0.243865,-0.010011],[0.382683,-0.340873,0.858696,0.007919],[0.0,0.0,0.0,1.0]],"antennas":[-1.488592,1.36824],"body_yaw":0.0,"check_collision":false},{"head":[[0.880874,-0.14666,-0.450058,0.019476],[0.278594,0.929304,0.242444,-0.010353],[0.382683,-0.338946,0.859458,0.00807],[0.0,0.0,0.0,1.0]],"antennas":[-1.454563,1.359844],"body_yaw":0.0,"check_collision":false},{"head":[[0.881471,-0.146295,-0.449006,0.019414],[0.276699,0.930496,0.24003,-0.010042],[0.382683,-0.335819,0.860685,0.008116],[0.0,0.0,0.0,1.0]],"antennas":[-1.349132,1.332422],"body_yaw":0.0,"check_collision":false},{"head":[[0.882375,-0.145421,-0.447512,0.019649],[0.273802,0.932138,0.236964,-0.010426],[0.382684,-0.331621,0.862311,0.008102],[0.0,0.0,0.0,1.0]],"antennas":[-1.194371,1.272697],"body_yaw":0.0,"check_collision":false},{"head":[[0.883951,-0.14325,-0.445095,0.01952],[0.26867,0.934688,0.232753,-0.010275],[0.382684,-0.325326,0.864706,0.008018],[0.0,0.0,0.0,1.0]],"antennas":[-1.038131,1.174045],"body_yaw":0.0,"check_collision":false},{"head":[[0.88708,-0.138638,-0.440305,0.019373],[0.258149,0.93973,0.224202,-0.010678],[0.382685,-0.312549,0.869405,0.007906],[0.0,0.0,0.0,1.0]],"antennas":[-0.880942,1.058553],"body_yaw":0.0,"check_collision":false},{"head":[[0.889778,-0.135126,-0.435932,0.019295],[0.248694,0.944451,0.214856,-0.010986],[0.382684,-0.299588,0.873956,0.007807],[0.0,0.0,0.0,1.0]],"antennas":[-0.725519,0.92732],"body_yaw":0.0,"check_collision":false},{"head":[[0.89051,-0.133716,-0.43487,0.018858],[0.246059,0.945531,0.213133,-0.010169],[0.382683,-0.296801,0.874907,0.007815],[0.0,0.0,0.0,1.0]],"antennas":[-0.600603,0.772268],"body_yaw":0.0,"check_collision":false},{"head":[[0.892926,-0.129616,-0.431141,0.01818],[0.23714,0.949449,0.205698,-0.009319],[0.382685,-0.285914,0.878525,0.007516],[0.0,0.0,0.0,1.0]],"antennas":[-0.569419,0.616036],"body_yaw":0.0,"check_collision":false},{"head":[[0.896862,-0.122467,-0.425018,0.017125],[0.221784,0.955892,0.192569,-0.008535],[0.382688,-0.26697,0.884464,0.007123],[0.0,0.0,0.0,1.0]],"antennas":[-0.569419,0.459824],"body_yaw":0.0,"check_collision":false},{"head":[[0.901559,-0.113298,-0.417558,0.015352],[0.201837,0.963788,0.174281,-0.007118],[0.382692,-0.241403,0.89178,0.006792],[0.0,0.0,0.0,1.0]],"antennas":[-0.569419,0.331667],"body_yaw":0.0,"check_collision":false},{"head":[[0.90484,-0.107728,-0.411898,0.014313],[0.186594,0.969937,0.156223,-0.006331],[0.382686,-0.218214,0.897738,0.006519],[0.0,0.0,0.0,1.0]],"antennas":[-0.569419,0.325656],"body_yaw":0.0,"check_collision":false},{"head":[[0.90621,-0.104214,-0.409783,0.013652],[0.17982,0.972129,0.150433,-0.00587],[0.382685,-0.210011,0.899693,0.006162],[0.0,0.0,0.0,1.0]],"antennas":[-0.569419,0.325656],"body_yaw":0.0,"check_collision":false},{"head":[[0.90828,-0.10035,-0.40615,0.01274],[0.169055,0.976053,0.136899,-0.005498],[0.382686,-0.193004,0.903494,0.005822],[0.0,0.0,0.0,1.0]],"antennas":[-0.569419,0.325656],"body_yaw":0.0,"check_collision":false},{"head":[[0.910302,-0.096947,-0.402432,0.011484],[0.157796,0.98005,0.120839,-0.00508],[0.382689,-0.173502,0.907439,0.005322],[0.0,0.0,0.0,1.0]],"antennas":[-0.569419,0.325656],"body_yaw":0.0,"check_collision":false},{"head":[[0.912767,-0.094463,-0.397408,0.009658],[0.14284,0.985284,0.093875,-0.004696],[0.382692,-0.142452,0.912828,0.004822],[0.0,0.0,0.0,1.0]],"antennas":[-0.569419,0.325656],"body_yaw":0.0,"check_collision":false},{"head":[[0.914777,-0.095448,-0.392521,0.007373],[0.129344,0.989736,0.060768,-0.004422],[0.382692,-0.106359,0.917733,0.004814],[0.0,0.0,0.0,1.0]],"antennas":[-0.569419,0.325656],"body_yaw":0.0,"check_collision":false},{"head":[[0.94017,-0.106028,-0.323787,0.003849],[0.12465,0.991501,0.037263,-0.001957],[0.317084,-0.075394,0.945396,0.004147],[0.0,0.0,0.0,1.0]],"antennas":[-0.569419,0.325656],"body_yaw":0.0,"check_collision":false},{"head":[[0.959835,-0.11398,-0.25637,0.000974],[0.124373,0.99193,0.024642,-0.000293],[0.251492,-0.055537,0.966265,0.003765],[0.0,0.0,0.0,1.0]],"antennas":[-0.569419,0.325656],"body_yaw":0.0,"check_collision":false},{"head":[[0.972423,-0.114566,-0.203148,-0.00205],[0.119608,0.99274,0.012677,0.003069],[0.200221,-0.036625,0.979066,0.002923],[0.0,0.0,0.0,1.0]],"antennas":[-0.569419,0.325656],"body_yaw":0.0,"check_collision":false},{"head":[[0.98075,-0.113257,-0.159067,-0.003734],[0.114204,0.993452,-0.003203,0.004396],[0.158388,-0.015025,0.987263,0.002421],[0.0,0.0,0.0,1.0]],"antennas":[-0.569419,0.325656],"body_yaw":0.0,"check_collision":false},{"head":[[0.985422,-0.110201,-0.129612,-0.004531],[0.108993,0.993907,-0.016401,0.004095],[0.13063,0.002035,0.991429,0.002377],[0.0,0.0,0.0,1.0]],"antennas":[-0.569419,0.325656],"body_yaw":0.0,"check_collision":false},{"head":[[0.987686,-0.107536,-0.113634,-0.005493],[0.105622,0.994146,-0.02275,0.004803],[0.115415,0.010467,0.993262,0.00228],[0.0,0.0,0.0,1.0]],"antennas":[-0.569419,0.325656],"body_yaw":0.0,"check_collision":false},{"head":[[0.988867,-0.106002,-0.104432,-0.006041],[0.103727,0.994239,-0.026996,0.005318],[0.106692,0.015863,0.994166,0.00197],[0.0,0.0,0.0,1.0]],"antennas":[-0.569419,0.325656],"body_yaw":0.0,"check_collision":false},{"head":[[0.989734,-0.104427,-0.097583,-0.006739],[0.102153,0.994374,-0.028025,0.006209],[0.099961,0.017768,0.994833,0.001391],[0.0,0.0,0.0,1.0]],"antennas":[-0.569419,0.325656],"body_yaw":0.0,"check_collision":false},{"head":[[0.990033,-0.102469,-0.096622,-0.007013],[0.100388,0.994604,-0.026168,0.006673],[0.098782,0.016208,0.994977,0.001152],[0.0,0.0,0.0,1.0]],"antennas":[-0.569419,0.325656],"body_yaw":0.0,"check_collision":false},{"head":[[0.990816,-0.100268,-0.090723,-0.007441],[0.09823,0.994806,-0.026668,0.007259],[0.092926,0.017512,0.995519,0.000992],[0.0,0.0,0.0,1.0]],"antennas":[-0.569419,0.325656],"body_yaw":0.0,"check_collision":false},{"head":[[0.991742,-0.098217,-0.082465,-0.007881],[0.096164,0.994957,-0.028524,0.00773],[0.08485,0.020359,0.996186,0.000932],[0.0,0.0,0.0,1.0]],"antennas":[-0.569419,0.325656],"body_yaw":0.0,"check_collision":false},{"head":[[0.992271,-0.09628,-0.078283,-0.008297],[0.094277,0.995126,-0.028904,0.008198],[0.080685,0.0213,0.996512,0.000671],[0.0,0.0,0.0,1.0]],"antennas":[-0.569419,0.325656],"body_yaw":0.0,"check_collision":false},{"head":[[0.992737,-0.094209,-0.07482,-0.008508],[0.092239,0.995304,-0.02937,0.008262],[0.077236,0.022255,0.996764,0.000309],[0.0,0.0,0.0,1.0]],"antennas":[-0.569419,0.325656],"body_yaw":0.0,"check_collision":false},{"head":[[0.993126,-0.09245,-0.071787,-0.00874],[0.090495,0.995444,-0.030035,0.008523],[0.074237,0.023332,0.996968,4.8e-05],[0.0,0.0,0.0,1.0]],"antennas":[-0.569419,0.325656],"body_yaw":0.0,"check_collision":false},{"head":[[0.993514,-0.091047,-0.068125,-0.008973],[0.089106,0.995539,-0.031012,0.008786],[0.070645,0.02474,0.997195,5.2e-05],[0.0,0.0,0.0,1.0]],"antennas":[-0.569419,0.325656],"body_yaw":0.0,"check_collision":false},{"head":[[0.994015,-0.089656,-0.06242,-0.009294],[0.087717,0.995594,-0.033143,0.009133],[0.065116,0.027469,0.9975,0.00021],[0.0,0.0,0.0,1.0]],"antennas":[-0.569419,0.325656],"body_yaw":0.0,"check_collision":false},{"head":[[0.994284,-0.087894,-0.060608,-0.009414],[0.085802,0.995651,-0.036305,0.00942],[0.063535,0.030897,0.997501,0.000425],[0.0,0.0,0.0,1.0]],"antennas":[-0.569419,0.325656],"body_yaw":0.0,"check_collision":false},{"head":[[0.994427,-0.087127,-0.059354,-0.009438],[0.084994,0.995673,-0.037575,0.00955],[0.062371,0.032321,0.99753,0.000641],[0.0,0.0,0.0,1.0]],"antennas":[-0.569419,0.325656],"body_yaw":0.0,"check_collision":false},{"head":[[0.994572,-0.086324,-0.058088,-0.00955],[0.084057,0.995642,-0.040397,0.00971],[0.061322,0.035295,0.997494,0.000645],[0.0,0.0,0.0,1.0]],"antennas":[-0.569419,0.325656],"body_yaw":0.0,"check_collision":false},{"head":[[0.994681,-0.086004,-0.056688,-0.009846],[0.083656,0.995585,-0.042567,0.010284],[0.060099,0.037598,0.997484,0.000436],[0.0,0.0,0.0,1.0]],"antennas":[-0.569419,0.325656],"body_yaw":0.0,"check_collision":false},{"head":[[0.994906,-0.085624,-0.053197,-0.009958],[0.083282,0.995519,-0.044793,0.010096],[0.056794,0.040135,0.997579,0.000589],[0.0,0.0,0.0,1.0]],"antennas":[-0.569419,0.325656],"body_yaw":0.0,"check_collision":false},{"head":[[0.995174,-0.085566,-0.048024,-0.010312],[0.083309,0.995406,-0.047192,0.010592],[0.051841,0.042964,0.997731,0.000658],[0.0,0.0,0.0,1.0]],"antennas":[-0.569419,0.325656],"body_yaw":0.0,"check_collision":false},{"head":[[0.995473,-0.085156,-0.042213,-0.010381],[0.082951,0.995222,-0.051505,0.010216],[0.046398,0.04777,0.99778,0.00094],[0.0,0.0,0.0,1.0]],"antennas":[-0.569419,0.325656],"body_yaw":0.0,"check_collision":false},{"head":[[0.995571,-0.084944,-0.040279,-0.01044],[0.082724,0.995114,-0.053898,0.010173],[0.044661,0.050327,0.997734,0.001124],[0.0,0.0,0.0,1.0]],"antennas":[-0.569419,0.325656],"body_yaw":0.0,"check_collision":false},{"head":[[0.995555,-0.084701,-0.04118,-0.01044],[0.082369,0.995063,-0.055366,0.010456],[0.045666,0.051728,0.997617,0.001099],[0.0,0.0,0.0,1.0]],"antennas":[-0.569419,0.325656],"body_yaw":0.0,"check_collision":false},{"head":[[0.995632,-0.084138,-0.040456,-0.010261],[0.081729,0.99497,-0.057924,0.010225],[0.045126,0.054364,0.997501,0.001382],[0.0,0.0,0.0,1.0]],"antennas":[-0.569419,0.325656],"body_yaw":0.0,"check_collision":false},{"head":[[0.995687,-0.083925,-0.03955,-0.010338],[0.081395,0.994767,-0.061753,0.010069],[0.044526,0.058267,0.997308,0.001688],[0.0,0.0,0.0,1.0]],"antennas":[-0.569419,0.325656],"body_yaw":0.0,"check_collision":false},{"head":[[0.995785,-0.084171,-0.036431,-0.010326],[0.081659,0.994494,-0.065679,0.009939],[0.041759,0.062427,0.997176,0.001765],[0.0,0.0,0.0,1.0]],"antennas":[-0.569419,0.325656],"body_yaw":0.0,"check_collision":false},{"head":[[0.995791,-0.084502,-0.035491,-0.010123],[0.081916,0.994256,-0.06888,0.009852],[0.041107,0.065683,0.996993,0.001792],[0.0,0.0,0.0,1.0]],"antennas":[-0.569419,0.325656],"body_yaw":0.0,"check_collision":false},{"head":[[0.995677,-0.085017,-0.037419,-0.01006],[0.082225,0.994102,-0.070708,0.01013],[0.04321,0.067326,0.996795,0.001752],[0.0,0.0,0.0,1.0]],"antennas":[-0.569419,0.325656],"body_yaw":0.0,"check_collision":false},{"head":[[0.995614,-0.085216,-0.038617,-0.01001],[0.082242,0.993937,-0.072983,0.009901],[0.044602,0.069487,0.996585,0.001877],[0.0,0.0,0.0,1.0]],"antennas":[-0.569419,0.325656],"body_yaw":0.0,"check_collision":false},{"head":[[0.995617,-0.085463,-0.037976,-0.009946],[0.082432,0.993751,-0.075257,0.009848],[0.04417,0.071797,0.996441,0.001995],[0.0,0.0,0.0,1.0]],"antennas":[-0.569419,0.325656],"body_yaw":0.0,"check_collision":false},{"head":[[0.99565,-0.085219,-0.037676,-0.009829],[0.082159,0.993686,-0.076413,0.009836],[0.04395,0.072985,0.996364,0.002319],[0.0,0.0,0.0,1.0]],"antennas":[-0.569419,0.325656],"body_yaw":0.0,"check_collision":false},{"head":[[0.995713,-0.085034,-0.036391,-0.00944],[0.082021,0.993612,-0.07751,0.009401],[0.042749,0.074193,0.996327,0.002782],[0.0,0.0,0.0,1.0]],"antennas":[-0.569419,0.325656],"body_yaw":0.0,"check_collision":false},{"head":[[0.995768,-0.08495,-0.035063,-0.009393],[0.082003,0.993552,-0.078299,0.009197],[0.041489,0.075093,0.996313,0.002885],[0.0,0.0,0.0,1.0]],"antennas":[-0.569419,0.325656],"body_yaw":0.0,"check_collision":false},{"head":[[0.995789,-0.084534,-0.035474,-0.00929],[0.081551,0.993576,-0.078456,0.008895],[0.041879,0.075233,0.996286,0.002643],[0.0,0.0,0.0,1.0]],"antennas":[-0.569419,0.325656],"body_yaw":0.0,"check_collision":false},{"head":[[0.995791,-0.084346,-0.035857,-0.009171],[0.081346,0.993615,-0.07818,0.008582],[0.042222,0.074935,0.996294,0.002452],[0.0,0.0,0.0,1.0]],"antennas":[-0.569419,0.325656],"body_yaw":0.0,"check_collision":false},{"head":[[0.995768,-0.084108,-0.037029,-0.009269],[0.081012,0.993625,-0.078404,0.00844],[0.043387,0.075072,0.996234,0.002364],[0.0,0.0,0.0,1.0]],"antennas":[-0.569419,0.325656],"body_yaw":0.0,"check_collision":false},{"head":[[0.995728,-0.084305,-0.037655,-0.009301],[0.081167,0.993624,-0.078252,0.008554],[0.044012,0.074861,0.996222,0.002502],[0.0,0.0,0.0,1.0]],"antennas":[-0.569419,0.325656],"body_yaw":0.0,"check_collision":false},{"head":[[0.995687,-0.084321,-0.038687,-0.009151],[0.081131,0.993671,-0.077693,0.008507],[0.044993,0.074219,0.996226,0.002867],[0.0,0.0,0.0,1.0]],"antennas":[-0.569419,0.325656],"body_yaw":0.0,"check_collision":false},{"head":[[0.995671,-0.084117,-0.039535,-0.008854],[0.080842,0.993656,-0.078177,0.008399],[0.04586,0.074643,0.996155,0.0031],[0.0,0.0,0.0,1.0]],"antennas":[-0.569419,0.325656],"body_yaw":0.0,"check_collision":false},{"head":[[0.995663,-0.083962,-0.040074,-0.008707],[0.080606,0.993605,-0.079073,0.008129],[0.046457,0.0755,0.996063,0.003219],[0.0,0.0,0.0,1.0]],"antennas":[-0.569419,0.325656],"body_yaw":0.0,"check_collision":false},{"head":[[0.995636,-0.083974,-0.040702,-0.008623],[0.080538,0.993555,-0.079758,0.008009],[0.047138,0.076132,0.995983,0.003224],[0.0,0.0,0.0,1.0]],"antennas":[-0.569419,0.325656],"body_yaw":0.0,"check_collision":false},{"head":[[0.9956,-0.083937,-0.041661,-0.008595],[0.080391,0.993507,-0.080511,0.007962],[0.048148,0.076807,0.995883,0.003055],[0.0,0.0,0.0,1.0]],"antennas":[-0.569419,0.325656],"body_yaw":0.0,"check_collision":false},{"head":[[0.995593,-0.083849,-0.042,-0.008579],[0.080255,0.993479,-0.080988,0.007896],[0.048517,0.077261,0.99583,0.002925],[0.0,0.0,0.0,1.0]],"antennas":[-0.569419,0.325656],"body_yaw":0.0,"check_collision":false},{"head":[[0.995617,-0.083654,-0.041813,-0.008601],[0.080062,0.993474,-0.081232,0.007811],[0.048335,0.077528,0.995818,0.002971],[0.0,0.0,0.0,1.0]],"antennas":[-0.569419,0.325656],"body_yaw":0.0,"check_collision":false},{"head":[[0.995649,-0.083471,-0.041429,-0.008676],[0.079879,0.993436,-0.081878,0.007842],[0.047991,0.078212,0.995781,0.002986],[0.0,0.0,0.0,1.0]],"antennas":[-0.569419,0.325656],"body_yaw":0.0,"check_collision":false},{"head":[[0.995666,-0.08328,-0.041397,-0.008693],[0.07967,0.993417,-0.082311,0.007957],[0.047979,0.078656,0.995747,0.003006],[0.0,0.0,0.0,1.0]],"antennas":[-0.569419,0.325656],"body_yaw":0.0,"check_collision":false},{"head":[[0.995695,-0.083158,-0.040933,-0.008729],[0.079585,0.993425,-0.082296,0.007953],[0.047507,0.078684,0.995767,0.003066],[0.0,0.0,0.0,1.0]],"antennas":[-0.569419,0.325656],"body_yaw":0.0,"check_collision":false},{"head":[[0.995698,-0.083165,-0.040867,-0.008673],[0.079553,0.993351,-0.083216,0.008042],[0.047516,0.079607,0.995693,0.003243],[0.0,0.0,0.0,1.0]],"antennas":[-0.569419,0.325656],"body_yaw":0.0,"check_collision":false},{"head":[[0.995713,-0.082996,-0.040833,-0.008583],[0.079359,0.993315,-0.083834,0.008037],[0.047518,0.080234,0.995643,0.003287],[0.0,0.0,0.0,1.0]],"antennas":[-0.569419,0.325656],"body_yaw":0.0,"check_collision":false},{"head":[[0.995687,-0.0826,-0.042236,-0.008511],[0.078825,0.993315,-0.084337,0.008086],[0.04892,0.080644,0.995542,0.003174],[0.0,0.0,0.0,1.0]],"antennas":[-0.569419,0.325656],"body_yaw":0.0,"check_collision":false},{"head":[[0.995683,-0.082675,-0.042181,-0.00846],[0.078942,0.993369,-0.083584,0.007998],[0.048812,0.079893,0.995608,0.003153],[0.0,0.0,0.0,1.0]],"antennas":[-0.569419,0.325656],"body_yaw":0.0,"check_collision":false},{"head":[[0.995704,-0.08267,-0.041706,-0.00843],[0.078922,0.993279,-0.08467,0.007957],[0.048425,0.081014,0.995536,0.003172],[0.0,0.0,0.0,1.0]],"antennas":[-0.569419,0.325656],"body_yaw":0.0,"check_collision":false},{"head":[[0.995696,-0.082854,-0.041526,-0.008393],[0.079132,0.993281,-0.084441,0.007873],[0.048244,0.080792,0.995563,0.003205],[0.0,0.0,0.0,1.0]],"antennas":[-0.569419,0.325656],"body_yaw":0.0,"check_collision":false},{"head":[[0.995676,-0.083002,-0.041707,-0.008336],[0.079252,0.99325,-0.084693,0.0078],[0.048455,0.081022,0.995534,0.003248],[0.0,0.0,0.0,1.0]],"antennas":[-0.569419,0.325656],"body_yaw":0.0,"check_collision":false},{"head":[[0.995665,-0.082813,-0.042357,-0.008461],[0.078986,0.993229,-0.085189,0.007871],[0.049125,0.081474,0.995464,0.00304],[0.0,0.0,0.0,1.0]],"antennas":[-0.569419,0.325656],"body_yaw":0.0,"check_collision":false},{"head":[[0.995606,-0.082892,-0.043561,-0.008376],[0.078997,0.99328,-0.084583,0.007791],[0.05028,0.08077,0.995464,0.00304],[0.0,0.0,0.0,1.0]],"antennas":[-0.569419,0.325656],"body_yaw":0.0,"check_collision":false},{"head":[[0.995598,-0.082979,-0.043578,-0.008512],[0.07907,0.993252,-0.084841,0.008197],[0.050324,0.081022,0.995441,0.003048],[0.0,0.0,0.0,1.0]],"antennas":[-0.569419,0.325656],"body_yaw":0.0,"check_collision":false},{"head":[[0.9956,-0.083056,-0.043398,-0.008502],[0.079147,0.993223,-0.085113,0.008343],[0.050173,0.081304,0.995426,0.002922],[0.0,0.0,0.0,1.0]],"antennas":[-0.569419,0.325656],"body_yaw":0.0,"check_collision":false},{"head":[[0.99564,-0.083035,-0.042489,-0.008591],[0.079175,0.993176,-0.085631,0.008401],[0.04931,0.081894,0.99542,0.00278],[0.0,0.0,0.0,1.0]],"antennas":[-0.569419,0.325656],"body_yaw":0.0,"check_collision":false},{"head":[[0.995581,-0.083091,-0.043745,-0.008782],[0.079104,0.993142,-0.086093,0.008315],[0.050599,0.082252,0.995326,0.002606],[0.0,0.0,0.0,1.0]],"antennas":[-0.569419,0.325656],"body_yaw":0.0,"check_collision":false},{"head":[[0.995661,-0.082837,-0.042393,-0.00878],[0.078897,0.993042,-0.08742,0.008484],[0.049339,0.083696,0.995269,0.002673],[0.0,0.0,0.0,1.0]],"antennas":[-0.569419,0.325656],"body_yaw":0.0,"check_collision":false},{"head":[[0.995601,-0.082958,-0.043543,-0.008769],[0.078899,0.993005,-0.087841,0.008446],[0.050526,0.084019,0.995182,0.002678],[0.0,0.0,0.0,1.0]],"antennas":[-0.569419,0.325656],"body_yaw":0.0,"check_collision":false},{"head":[[0.995614,-0.083165,-0.042857,-0.008801],[0.079147,0.992956,-0.088174,0.008411],[0.049888,0.084395,0.995183,0.002607],[0.0,0.0,0.0,1.0]],"antennas":[-0.569419,0.325656],"body_yaw":0.0,"check_collision":false},{"head":[[0.995609,-0.083299,-0.042709,-0.008767],[0.079279,0.99292,-0.088462,0.008509],[0.049775,0.084688,0.995163,0.002652],[0.0,0.0,0.0,1.0]],"antennas":[-0.569419,0.325656],"body_yaw":0.0,"check_collision":false},{"head":[[0.995592,-0.083331,-0.043031,-0.008876],[0.079281,0.992914,-0.088525,0.00889],[0.050103,0.084723,0.995144,0.002692],[0.0,0.0,0.0,1.0]],"antennas":[-0.569419,0.325656],"body_yaw":0.0,"check_collision":false},{"head":[[0.995558,-0.083161,-0.044145,-0.008695],[0.079049,0.992988,-0.087903,0.008702],[0.051145,0.084023,0.99515,0.003223],[0.0,0.0,0.0,1.0]],"antennas":[-0.569419,0.325656],"body_yaw":0.0,"check_collision":false},{"head":[[0.995546,-0.082945,-0.044811,-0.008694],[0.078785,0.993023,-0.087738,0.008637],[0.051776,0.083816,0.995135,0.003238],[0.0,0.0,0.0,1.0]],"antennas":[-0.569419,0.325656],"body_yaw":0.0,"check_collision":false},{"head":[[0.995561,-0.082691,-0.044946,-0.008635],[0.078511,0.993029,-0.08792,0.008717],[0.051903,0.084,0.995113,0.003018],[0.0,0.0,0.0,1.0]],"antennas":[-0.569419,0.325656],"body_yaw":0.0,"check_collision":false},{"head":[[0.99554,-0.08265,-0.04548,-0.008622],[0.078443,0.993064,-0.087584,0.008952],[0.052403,0.083626,0.995118,0.00314],[0.0,0.0,0.0,1.0]],"antennas":[-0.569419,0.325656],"body_yaw":0.0,"check_collision":false},{"head":[[0.995549,-0.082662,-0.045273,-0.008771],[0.078459,0.99304,-0.087843,0.009276],[0.052219,0.0839,0.995105,0.003024],[0.0,0.0,0.0,1.0]],"antennas":[-0.569419,0.325656],"body_yaw":0.0,"check_collision":false},{"head":[[0.995548,-0.082632,-0.045349,-0.008882],[0.07841,0.993022,-0.088084,0.008971],[0.052311,0.084136,0.99508,0.002679],[0.0,0.0,0.0,1.0]],"antennas":[-0.569419,0.325656],"body_yaw":0.0,"check_collision":false},{"head":[[0.995512,-0.082634,-0.046116,-0.008816],[0.078346,0.993025,-0.088108,0.009144],[0.053075,0.0841,0.995043,0.002379],[0.0,0.0,0.0,1.0]],"antennas":[-0.569419,0.325656],"body_yaw":0.0,"check_collision":false},{"head":[[0.995512,-0.082587,-0.046217,-0.008734],[0.078308,0.993058,-0.087766,0.009254],[0.053145,0.083753,0.995068,0.002807],[0.0,0.0,0.0,1.0]],"antennas":[-0.569419,0.325656],"body_yaw":0.0,"check_collision":false},{"head":[[0.995501,-0.082351,-0.046855,-0.008861],[0.077999,0.993049,-0.088142,0.00926],[0.053788,0.08409,0.995005,0.003046],[0.0,0.0,0.0,1.0]],"antennas":[-0.569419,0.325656],"body_yaw":0.0,"check_collision":false},{"head":[[0.995471,-0.082381,-0.047443,-0.008937],[0.078004,0.993088,-0.087705,0.009461],[0.054341,0.083607,0.995016,0.002885],[0.0,0.0,0.0,1.0]],"antennas":[-0.569419,0.325656],"body_yaw":0.0,"check_collision":false},{"head":[[0.995469,-0.082382,-0.047489,-0.008782],[0.077984,0.993062,-0.088015,0.009427],[0.05441,0.083913,0.994987,0.002788],[0.0,0.0,0.0,1.0]],"antennas":[-0.569419,0.325656],"body_yaw":0.0,"check_collision":false},{"head":[[0.99544,-0.082314,-0.048203,-0.00877],[0.077868,0.993091,-0.087789,0.009463],[0.055097,0.083635,0.994972,0.002894],[0.0,0.0,0.0,1.0]],"antennas":[-0.569419,0.325656],"body_yaw":0.0,"check_collision":false},{"head":[[0.995435,-0.082243,-0.048433,-0.009012],[0.07778,0.993099,-0.087771,0.009573],[0.055318,0.083603,0.994963,0.002587],[0.0,0.0,0.0,1.0]],"antennas":[-0.569419,0.325656],"body_yaw":0.0,"check_collision":false}]}