{"description":"You use this when you can\u2019t do something or can\u2019t find the solution to a problem.","time":[0.0,0.02,0.04,0.06,0.08,0.1,0.12,0.14,0.16,0.18,0.2,0.22,0.24,0.26,0.28,0.3,0.32,0.34,0.36,0.38,0.4,0.42,0.44,0.46,0.48,0.5,0.52,0.54,0.56,0.58,0.6,0.62,0.64,0.66,0.68,0.7,0.72,0.74,0.76,0.78,0.8,0.82,0.84,0.86,0.88,0.9,0.92,0.94,0.96,0.98,1.0,1.02,1.04,1.06,1.08,1.1,1.12,1.14,1.16,1.18,1.2,1.22,1.24,1.26,1.28,1.3,1.32,1.34,1.36,1.38,1.4,1.42,1.44,1.46,1.48,1.5,1.52,1.54,1.56,1.58,1.6,1.62,1.64,1.66,1.68,1.7,1.72,1.74,1.76,1.78,1.8,1.82,1.84,1.86,1.88,1.9,1.92,1.94,1.96,1.98,2.0,2.02,2.04,2.06,2.08,2.1,2.12,2.14,2.16,2.18,2.2,2.22,2.24,2.26,2.28,2.3,2.32,2.34,2.36,2.38,2.4,2.42,2.44,2.46,2.48,2.5,2.52,2.54,2.56,2.58,2.6,2.62,2.64,2.66,2.68,2.7,2.72,2.74,2.76,2.78,2.8,2.82,2.84,2.86,2.88,2.9,2.92,2.94,2.96,2.98,3.0,3.02,3.04,3.06,3.08,3.1,3.12,3.14,3.16,3.18,3.2,3.22,3.24,3.26,3.28,3.3,3.32,3.34,3.36,3.38,3.4,3.42,3.44,3.46,3.48,3.5,3.52,3.54,3.56,3.58,3.6,3.62,3.64,3.66,3.68,3.7,3.72,3.74,3.76,3.78,3.8,3.82,3.84,3.86,3.88,3.9,3.92,3.94,3.96,3.98,4.0,4.02,4.04,4.06,4.08,4.1,4.12,4.14,4.16,4.18,4.2,4.22,4.24,4.26,4.28,4.3,4.32,4.34,4.36,4.38,4.4,4.42,4.44,4.46,4.48,4.5,4.52,4.54,4.56,4.58,4.6,4.62,4.64,4.66,4.68,4.7,4.72,4.74,4.76,4.78,4.8,4.82,4.84,4.86,4.88,4.9,4.92,4.94,4.96,4.98,5.0,5.02,5.04,5.06,5.08,5.1,5.12,5.14,5.16,5.18,5.2,5.22,5.24,5.26,5.28,5.3,5.32,5.34,5.36,5.38,5.4,5.42,5.44,5.46,5.48,5.5,5.52,5.54,5.56,5.58,5.6,5.62,5.64,5.66,5.68,5.7,5.72,5.74,5.76,5.78,5.8,5.82,5.84,5.86,5.88,5.9,5.92,5.94,5.96],"set_target_data":[{"head":[[0.988803,0.106613,0.104416,-0.01045],[-0.097177,0.991039,-0.091641,-0.002292],[-0.11325,0.080468,0.990303,0.003928],[0.0,0.0,0.0,1.0]],"antennas":[0.0,0.0],"body_yaw":-0.137105,"check_collision":false},{"head":[[0.988801,0.106506,0.104545,-0.010466],[-0.097092,0.991074,-0.091353,-0.002145],[-0.113342,0.080179,0.990316,0.003901],[0.0,0.0,0.0,1.0]],"antennas":[0.0,0.0],"body_yaw":-0.137105,"check_collision":false},{"head":[[0.988763,0.106244,0.10517,-0.010399],[-0.096803,0.991121,-0.091147,-0.002039],[-0.11392,0.079942,0.990268,0.00382],[0.0,0.0,0.0,1.0]],"antennas":[0.0,0.0],"body_yaw":-0.137105,"check_collision":false},{"head":[[0.988502,0.104864,0.108941,-0.010178],[-0.095099,0.991275,-0.091273,-0.002786],[-0.117562,0.079863,0.989849,0.003976],[0.0,0.0,0.0,1.0]],"antennas":[0.0,0.0],"body_yaw":-0.137105,"check_collision":false},{"head":[[0.988141,0.104698,0.112323,-0.010242],[-0.09469,0.991337,-0.09102,-0.002697],[-0.12088,0.079305,0.989494,0.003904],[0.0,0.0,0.0,1.0]],"antennas":[0.0,0.0],"body_yaw":-0.137105,"check_collision":false},{"head":[[0.987843,0.104727,0.114885,-0.010348],[-0.094583,0.991399,-0.09046,-0.002514],[-0.123371,0.078494,0.989251,0.003828],[0.0,0.0,0.0,1.0]],"antennas":[0.0,0.0],"body_yaw":-0.137105,"check_collision":false},{"head":[[0.987489,0.104743,0.117873,-0.010404],[-0.094483,0.991494,-0.089516,-0.002336],[-0.126246,0.077259,0.988986,0.003712],[0.0,0.0,0.0,1.0]],"antennas":[0.0,0.0],"body_yaw":-0.137105,"check_collision":false},{"head":[[0.986862,0.105254,0.122577,-0.010446],[-0.094712,0.991529,-0.088887,-0.00222],[-0.130894,0.076109,0.988471,0.003416],[0.0,0.0,0.0,1.0]],"antennas":[0.0,0.0],"body_yaw":-0.137105,"check_collision":false},{"head":[[0.985655,0.104813,0.132281,-0.010534],[-0.093893,0.991838,-0.086268,-0.002228],[-0.140243,0.07261,0.987451,0.003094],[0.0,0.0,0.0,1.0]],"antennas":[0.0,0.0],"body_yaw":-0.137105,"check_collision":false},{"head":[[0.984039,0.105289,0.143459,-0.010593],[-0.093417,0.991807,-0.087138,-0.002045],[-0.151459,0.072346,0.985812,0.002702],[0.0,0.0,0.0,1.0]],"antennas":[0.0,0.0],"body_yaw":-0.137105,"check_collision":false},{"head":[[0.982895,0.107233,0.149728,-0.010663],[-0.094016,0.991242,-0.092741,-0.001775],[-0.158362,0.077078,0.984368,0.002442],[0.0,0.0,0.0,1.0]],"antennas":[0.0,0.0],"body_yaw":-0.137105,"check_collision":false},{"head":[[0.981691,0.109664,0.155743,-0.01076],[-0.095455,0.990796,-0.095975,-0.001744],[-0.164834,0.079352,0.983124,0.002268],[0.0,0.0,0.0,1.0]],"antennas":[0.0,0.0],"body_yaw":-0.137105,"check_collision":false},{"head":[[0.979719,0.112482,0.165824,-0.010881],[-0.096731,0.990253,-0.100206,-0.001681],[-0.175479,0.082133,0.981051,0.00189],[0.0,0.0,0.0,1.0]],"antennas":[0.0,0.0],"body_yaw":-0.137105,"check_collision":false},{"head":[[0.976432,0.121062,0.178674,-0.011482],[-0.103355,0.989053,-0.105318,0.001092],[-0.189468,0.084369,0.978255,0.000812],[0.0,0.0,0.0,1.0]],"antennas":[0.0,0.0],"body_yaw":-0.137105,"check_collision":false},{"head":[[0.973223,0.126961,0.19162,-0.011761],[-0.106841,0.987953,-0.111952,0.002025],[-0.203525,0.088481,0.975063,0.000104],[0.0,0.0,0.0,1.0]],"antennas":[0.0,0.0],"body_yaw":-0.137105,"check_collision":false},{"head":[[0.970386,0.13026,0.203428,-0.011836],[-0.107937,0.987218,-0.117261,0.002742],[-0.216102,0.091831,0.972043,-0.000558],[0.0,0.0,0.0,1.0]],"antennas":[0.0,0.0],"body_yaw":-0.137105,"check_collision":false},{"head":[[0.967624,0.133046,0.214481,-0.011901],[-0.108261,0.986424,-0.123478,0.003275],[-0.227997,0.09626,0.968892,-0.001055],[0.0,0.0,0.0,1.0]],"antennas":[0.0,0.0],"body_yaw":-0.137105,"check_collision":false},{"head":[[0.964308,0.136294,0.227012,-0.011814],[-0.108654,0.985523,-0.13015,0.003558],[-0.241465,0.100839,0.965156,-0.001571],[0.0,0.0,0.0,1.0]],"antennas":[0.0,0.0],"body_yaw":-0.137105,"check_collision":false},{"head":[[0.960007,0.139506,0.242744,-0.011687],[-0.108373,0.98459,-0.137254,0.003962],[-0.258151,0.105458,0.960332,-0.002297],[0.0,0.0,0.0,1.0]],"antennas":[0.0,0.0],"body_yaw":-0.137105,"check_collision":false},{"head":[[0.956247,0.142558,0.255478,-0.011621],[-0.108598,0.98382,-0.142498,0.004299],[-0.271659,0.108518,0.956256,-0.002882],[0.0,0.0,0.0,1.0]],"antennas":[0.0,0.0],"body_yaw":-0.137105,"check_collision":false},{"head":[[0.954245,0.14379,0.262185,-0.011797],[-0.10868,0.983608,-0.143888,0.004375],[-0.278577,0.10881,0.95423,-0.003166],[0.0,0.0,0.0,1.0]],"antennas":[0.0,0.0],"body_yaw":-0.137105,"check_collision":false},{"head":[[0.953399,0.144656,0.264773,-0.01189],[-0.108867,0.983387,-0.145253,0.004532],[-0.281386,0.109659,0.953308,-0.00331],[0.0,0.0,0.0,1.0]],"antennas":[0.0,0.0],"body_yaw":-0.137105,"check_collision":false},{"head":[[0.952522,0.145829,0.267276,-0.011866],[-0.109731,0.983266,-0.145421,0.004535],[-0.28401,0.109189,0.952584,-0.003451],[0.0,0.0,0.0,1.0]],"antennas":[0.0,0.0],"body_yaw":-0.137105,"check_collision":false},{"head":[[0.951259,0.146905,0.271155,-0.011878],[-0.110456,0.98322,-0.145184,0.004536],[-0.287933,0.108157,0.951523,-0.003704],[0.0,0.0,0.0,1.0]],"antennas":[0.0,0.0],"body_yaw":-0.137105,"check_collision":false},{"head":[[0.949944,0.14823,0.275018,-0.012002],[-0.111198,0.983051,-0.145757,0.004666],[-0.291962,0.10788,0.950326,-0.003858],[0.0,0.0,0.0,1.0]],"antennas":[-0.004565,0.003975],"body_yaw":-0.137105,"check_collision":false},{"head":[[0.948848,0.150396,0.277612,-0.012246],[-0.113012,0.982785,-0.146158,0.004481],[-0.294814,0.107308,0.94951,-0.003989],[0.0,0.0,0.0,1.0]],"antennas":[-0.023061,0.021895],"body_yaw":-0.137105,"check_collision":false},{"head":[[0.948539,0.152198,0.277686,-0.012465],[-0.115078,0.982644,-0.145492,0.004465],[-0.29501,0.106049,0.949591,-0.003971],[0.0,0.0,0.0,1.0]],"antennas":[-0.052334,0.044808],"body_yaw":-0.137105,"check_collision":false},{"head":[[0.94838,0.152267,0.278191,-0.012661],[-0.115178,0.982674,-0.145209,0.004503],[-0.295482,0.105672,0.949486,-0.00395],[0.0,0.0,0.0,1.0]],"antennas":[-0.0924,0.070983],"body_yaw":-0.137105,"check_collision":false},{"head":[[0.949017,0.150485,0.276984,-0.012704],[-0.113798,0.982989,-0.144159,0.004411],[-0.293967,0.105289,0.949999,-0.00408],[0.0,0.0,0.0,1.0]],"antennas":[-0.138548,0.09905],"body_yaw":-0.137105,"check_collision":false},{"head":[[0.951872,0.143421,0.270871,-0.012542],[-0.107674,0.983909,-0.142581,0.00402],[-0.286962,0.106553,0.951998,-0.004276],[0.0,0.0,0.0,1.0]],"antennas":[-0.186958,0.127876],"body_yaw":-0.137105,"check_collision":false},{"head":[[0.955844,0.13373,0.261686,-0.012297],[-0.098719,0.984831,-0.142696,0.003591],[-0.276799,0.110562,0.954546,-0.004506],[0.0,0.0,0.0,1.0]],"antennas":[-0.236152,0.157497],"body_yaw":-0.137105,"check_collision":false},{"head":[[0.961835,0.11854,0.246622,-0.01188],[-0.085977,0.986569,-0.138885,0.003242],[-0.259773,0.11238,0.959108,-0.004531],[0.0,0.0,0.0,1.0]],"antennas":[-0.285649,0.187618],"body_yaw":-0.137105,"check_collision":false},{"head":[[0.968659,0.100922,0.226967,-0.011246],[-0.071664,0.988432,-0.133664,0.003035],[-0.237831,0.11321,0.964687,-0.004487],[0.0,0.0,0.0,1.0]],"antennas":[-0.335013,0.22324],"body_yaw":-0.137105,"check_collision":false},{"head":[[0.974932,0.08007,0.207595,-0.010251],[-0.053938,0.990226,-0.128624,0.002779],[-0.215865,0.114203,0.969722,-0.004453],[0.0,0.0,0.0,1.0]],"antennas":[-0.384562,0.265149],"body_yaw":-0.137105,"check_collision":false},{"head":[[0.979645,0.059207,0.191807,-0.009485],[-0.035623,0.991623,-0.124153,0.002304],[-0.197551,0.114793,0.973548,-0.004716],[0.0,0.0,0.0,1.0]],"antennas":[-0.434612,0.311954],"body_yaw":-0.137105,"check_collision":false},{"head":[[0.982309,0.043612,0.182119,-0.009],[-0.021479,0.992325,-0.121776,0.00217],[-0.186032,0.11571,0.975706,-0.004781],[0.0,0.0,0.0,1.0]],"antennas":[-0.484742,0.361919],"body_yaw":-0.137105,"check_collision":false},{"head":[[0.984739,0.028787,0.171641,-0.008444],[-0.008038,0.992695,-0.12038,0.002356],[-0.173853,0.117164,0.977777,-0.004926],[0.0,0.0,0.0,1.0]],"antennas":[-0.534716,0.411889],"body_yaw":-0.137105,"check_collision":false},{"head":[[0.986899,0.012977,0.160819,-0.007939],[0.00636,0.992857,-0.119144,0.002535],[-0.161217,0.118606,0.979766,-0.005187],[0.0,0.0,0.0,1.0]],"antennas":[-0.585057,0.462228],"body_yaw":-0.137105,"check_collision":false},{"head":[[0.988046,0.001121,0.154156,-0.007612],[0.017415,0.992761,-0.118841,0.002728],[-0.153173,0.120105,0.980874,-0.005599],[0.0,0.0,0.0,1.0]],"antennas":[-0.63532,0.512487],"body_yaw":-0.137105,"check_collision":false},{"head":[[0.987863,-0.000629,0.155325,-0.007706],[0.019522,0.992565,-0.120138,0.003398],[-0.154095,0.121712,0.980531,-0.006047],[0.0,0.0,0.0,1.0]],"antennas":[-0.685542,0.562706],"body_yaw":-0.137105,"check_collision":false},{"head":[[0.986969,0.003842,0.160862,-0.007912],[0.015849,0.992532,-0.120951,0.00337],[-0.160125,0.121924,0.979538,-0.006438],[0.0,0.0,0.0,1.0]],"antennas":[-0.735772,0.61378],"body_yaw":-0.137105,"check_collision":false},{"head":[[0.984792,0.022657,0.172253,-0.008399],[-0.001538,0.992558,-0.121762,0.004065],[-0.17373,0.119646,0.977498,-0.00656],[0.0,0.0,0.0,1.0]],"antennas":[-0.786017,0.665869],"body_yaw":-0.137105,"check_collision":false},{"head":[[0.98131,0.052159,0.185232,-0.008774],[-0.028715,0.991478,-0.127067,0.004624],[-0.190281,0.119373,0.974445,-0.006619],[0.0,0.0,0.0,1.0]],"antennas":[-0.836102,0.718393],"body_yaw":-0.137105,"check_collision":false},{"head":[[0.974664,0.096757,0.201666,-0.009374],[-0.069243,0.987827,-0.139294,0.004578],[-0.212689,0.121801,0.969499,-0.006442],[0.0,0.0,0.0,1.0]],"antennas":[-0.885836,0.770988],"body_yaw":-0.137105,"check_collision":false},{"head":[[0.966269,0.142205,0.214714,-0.009889],[-0.11081,0.982177,-0.151821,0.004021],[-0.232476,0.122908,0.964805,-0.006217],[0.0,0.0,0.0,1.0]],"antennas":[-0.92626,0.822732],"body_yaw":-0.137105,"check_collision":false},{"head":[[0.958748,0.180777,0.219368,-0.010265],[-0.14594,0.975287,-0.165885,0.003776],[-0.243935,0.127028,0.961436,-0.006009],[0.0,0.0,0.0,1.0]],"antennas":[-0.950382,0.874569],"body_yaw":-0.137105,"check_collision":false},{"head":[[0.953008,0.206994,0.221199,-0.010447],[-0.168511,0.968986,-0.18075,0.003398],[-0.251752,0.134982,0.958332,-0.005902],[0.0,0.0,0.0,1.0]],"antennas":[-0.954202,0.926424],"body_yaw":-0.137105,"check_collision":false},{"head":[[0.948717,0.224922,0.22214,-0.010536],[-0.184595,0.964605,-0.188316,0.003003],[-0.256634,0.137653,0.956656,-0.005982],[0.0,0.0,0.0,1.0]],"antennas":[-0.954202,0.978053],"body_yaw":-0.137105,"check_collision":false},{"head":[[0.945923,0.237197,0.221284,-0.01048],[-0.19538,0.961134,-0.195059,0.002752],[-0.258951,0.141276,0.955503,-0.006054],[0.0,0.0,0.0,1.0]],"antennas":[-0.954202,1.008952],"body_yaw":-0.137105,"check_collision":false},{"head":[[0.943921,0.246546,0.21961,-0.010744],[-0.203759,0.958352,-0.200109,0.00261],[-0.259799,0.14414,0.954845,-0.005597],[0.0,0.0,0.0,1.0]],"antennas":[-0.954202,1.008952],"body_yaw":-0.137105,"check_collision":false},{"head":[[0.946045,0.246671,0.210124,-0.010553],[-0.203926,0.957172,-0.205515,0.002579],[-0.25182,0.151576,0.95583,-0.00555],[0.0,0.0,0.0,1.0]],"antennas":[-0.954202,1.008952],"body_yaw":-0.137105,"check_collision":false},{"head":[[0.952742,0.231274,0.196965,-0.009709],[-0.189883,0.959491,-0.208136,0.001994],[-0.237122,0.1609,0.958063,-0.005659],[0.0,0.0,0.0,1.0]],"antennas":[-0.954202,1.008952],"body_yaw":-0.137105,"check_collision":false},{"head":[[0.958296,0.215812,0.187334,-0.008935],[-0.176497,0.96251,-0.205968,0.001448],[-0.224761,0.164314,0.96046,-0.006247],[0.0,0.0,0.0,1.0]],"antennas":[-0.954202,1.008952],"body_yaw":-0.137105,"check_collision":false},{"head":[[0.964321,0.192752,0.18147,-0.008524],[-0.157411,0.968617,-0.192362,0.001015],[-0.212853,0.156933,0.964399,-0.006238],[0.0,0.0,0.0,1.0]],"antennas":[-0.954202,1.017488],"body_yaw":-0.137105,"check_collision":false},{"head":[[0.971464,0.16028,0.174835,-0.007922],[-0.128435,0.975181,-0.18035,0.001169],[-0.199402,0.152748,0.967939,-0.006326],[0.0,0.0,0.0,1.0]],"antennas":[-0.954202,1.03111],"body_yaw":-0.137105,"check_collision":false},{"head":[[0.978065,0.123345,0.167851,-0.007478],[-0.094351,0.980756,-0.170927,0.001539],[-0.185704,0.151341,0.970881,-0.006569],[0.0,0.0,0.0,1.0]],"antennas":[-0.954202,1.045736],"body_yaw":-0.137105,"check_collision":false},{"head":[[0.982293,0.091736,0.163352,-0.007228],[-0.064679,0.98436,-0.163867,0.001764],[-0.17583,0.1504,0.972864,-0.006578],[0.0,0.0,0.0,1.0]],"antennas":[-0.954202,1.059776],"body_yaw":-0.137105,"check_collision":false},{"head":[[0.985038,0.070529,0.157244,-0.007036],[-0.045477,0.986459,-0.157575,0.001942],[-0.166228,0.148067,0.974907,-0.006542],[0.0,0.0,0.0,1.0]],"antennas":[-0.954202,1.074205],"body_yaw":-0.137105,"check_collision":false},{"head":[[0.987979,0.048952,0.146635,-0.006583],[-0.026451,0.988082,-0.151637,0.001977],[-0.15231,0.145936,0.977499,-0.007039],[0.0,0.0,0.0,1.0]],"antennas":[-0.954202,1.088621],"body_yaw":-0.137105,"check_collision":false},{"head":[[0.990112,0.030883,0.136834,-0.006162],[-0.01018,0.988711,-0.149487,0.00166],[-0.139906,0.146616,0.97925,-0.007502],[0.0,0.0,0.0,1.0]],"antennas":[-0.954202,1.100724],"body_yaw":-0.137105,"check_collision":false},{"head":[[0.991601,0.015132,0.128443,-0.005858],[0.004026,0.989039,-0.147599,0.001342],[-0.129269,0.146876,0.980672,-0.007777],[0.0,0.0,0.0,1.0]],"antennas":[-0.954202,1.100724],"body_yaw":-0.137105,"check_collision":false},{"head":[[0.992343,0.006362,0.123351,-0.005888],[0.011622,0.989432,-0.144531,0.001609],[-0.122967,0.144858,0.981782,-0.007934],[0.0,0.0,0.0,1.0]],"antennas":[-0.954202,1.100724],"body_yaw":-0.137105,"check_collision":false},{"head":[[0.992679,0.005753,0.120645,-0.005916],[0.011659,0.989636,-0.143125,0.001917],[-0.120218,0.143483,0.982324,-0.007858],[0.0,0.0,0.0,1.0]],"antennas":[-0.954202,1.100724],"body_yaw":-0.137105,"check_collision":false},{"head":[[0.993065,0.011729,0.116978,-0.005608],[0.00557,0.989199,-0.146474,0.00227],[-0.117433,0.146109,0.982274,-0.007818],[0.0,0.0,0.0,1.0]],"antennas":[-0.954202,1.100724],"body_yaw":-0.137105,"check_collision":false},{"head":[[0.992588,0.028644,0.118107,-0.005458],[-0.010223,0.988062,-0.153714,0.003015],[-0.121101,0.151367,0.981031,-0.00799],[0.0,0.0,0.0,1.0]],"antennas":[-0.954202,1.100724],"body_yaw":-0.137105,"check_collision":false},{"head":[[0.988936,0.065214,0.133242,-0.006157],[-0.042821,0.985448,-0.164494,0.003596],[-0.14203,0.156968,0.977337,-0.008068],[0.0,0.0,0.0,1.0]],"antennas":[-0.954202,1.100724],"body_yaw":-0.137105,"check_collision":false},{"head":[[0.98051,0.118951,0.156366,-0.007192],[-0.090759,0.980112,-0.176475,0.003583],[-0.174248,0.158844,0.971806,-0.007871],[0.0,0.0,0.0,1.0]],"antennas":[-0.952292,1.100724],"body_yaw":-0.137105,"check_collision":false},{"head":[[0.967006,0.177809,0.182435,-0.008152],[-0.142432,0.971101,-0.191509,0.003438],[-0.211215,0.159206,0.964387,-0.007472],[0.0,0.0,0.0,1.0]],"antennas":[-0.925723,1.099251],"body_yaw":-0.137105,"check_collision":false},{"head":[[0.952123,0.229433,0.202047,-0.009005],[-0.187305,0.960114,-0.207599,0.003336],[-0.241618,0.159815,0.957121,-0.007133],[0.0,0.0,0.0,1.0]],"antennas":[-0.875557,1.079652],"body_yaw":-0.137105,"check_collision":false},{"head":[[0.944025,0.255719,0.208386,-0.009551],[-0.210749,0.953519,-0.215376,0.003262],[-0.253776,0.159403,0.954038,-0.006968],[0.0,0.0,0.0,1.0]],"antennas":[-0.815507,1.04822],"body_yaw":-0.137105,"check_collision":false},{"head":[[0.9379,0.274804,0.211723,-0.009783],[-0.22643,0.947322,-0.226519,0.003322],[-0.262818,0.164512,0.950717,-0.007028],[0.0,0.0,0.0,1.0]],"antennas":[-0.756637,1.013518],"body_yaw":-0.137105,"check_collision":false},{"head":[[0.932584,0.28964,0.215398,-0.010135],[-0.238945,0.942656,-0.233034,0.002759],[-0.270542,0.165855,0.948314,-0.006707],[0.0,0.0,0.0,1.0]],"antennas":[-0.730811,0.981272],"body_yaw":-0.137105,"check_collision":false},{"head":[[0.928993,0.300036,0.21668,-0.010375],[-0.247896,0.939184,-0.237656,0.002768],[-0.274808,0.167067,0.946873,-0.006621],[0.0,0.0,0.0,1.0]],"antennas":[-0.730811,0.973207],"body_yaw":-0.137105,"check_collision":false},{"head":[[0.926024,0.308537,0.217451,-0.010515],[-0.254624,0.935867,-0.243555,0.002556],[-0.278651,0.170169,0.945196,-0.00661],[0.0,0.0,0.0,1.0]],"antennas":[-0.730811,0.973207],"body_yaw":-0.137105,"check_collision":false},{"head":[[0.92628,0.309432,0.215075,-0.010206],[-0.254845,0.934808,-0.24736,0.002233],[-0.277595,0.174314,0.944752,-0.006764],[0.0,0.0,0.0,1.0]],"antennas":[-0.730811,0.973207],"body_yaw":-0.137105,"check_collision":false},{"head":[[0.934948,0.291132,0.202768,-0.009153],[-0.23991,0.939838,-0.243204,0.001845],[-0.261373,0.178737,0.948545,-0.006741],[0.0,0.0,0.0,1.0]],"antennas":[-0.730811,0.973207],"body_yaw":-0.137105,"check_collision":false},{"head":[[0.946578,0.262099,0.187868,-0.007955],[-0.215559,0.947573,-0.235882,0.00168],[-0.239843,0.182784,0.953449,-0.006557],[0.0,0.0,0.0,1.0]],"antennas":[-0.730811,0.973207],"body_yaw":-0.137105,"check_collision":false},{"head":[[0.956629,0.232322,0.175746,-0.007183],[-0.190036,0.954948,-0.227949,0.001698],[-0.220786,0.184665,0.957681,-0.006495],[0.0,0.0,0.0,1.0]],"antennas":[-0.730811,0.973207],"body_yaw":-0.137105,"check_collision":false},{"head":[[0.965467,0.199988,0.166966,-0.006705],[-0.161254,0.962094,-0.219937,0.001857],[-0.204622,0.185418,0.961119,-0.006625],[0.0,0.0,0.0,1.0]],"antennas":[-0.730811,0.973207],"body_yaw":-0.137105,"check_collision":false},{"head":[[0.975538,0.15578,0.155104,-0.005964],[-0.121631,0.970225,-0.209451,0.001981],[-0.183114,0.185462,0.965439,-0.006666],[0.0,0.0,0.0,1.0]],"antennas":[-0.730811,0.973207],"body_yaw":-0.137105,"check_collision":false},{"head":[[0.981921,0.119699,0.146638,-0.005486],[-0.088681,0.9753,-0.2023,0.002339],[-0.167231,0.185639,0.968283,-0.006729],[0.0,0.0,0.0,1.0]],"antennas":[-0.730811,0.980531],"body_yaw":-0.137105,"check_collision":false},{"head":[[0.985081,0.098948,0.140802,-0.005159],[-0.070055,0.977881,-0.197081,0.001929],[-0.157188,0.184277,0.970224,-0.006912],[0.0,0.0,0.0,1.0]],"antennas":[-0.730811,1.00318],"body_yaw":-0.137105,"check_collision":false},{"head":[[0.986561,0.092578,0.134634,-0.004824],[-0.064762,0.978064,-0.197984,0.001978],[-0.15001,0.186604,0.970915,-0.007088],[0.0,0.0,0.0,1.0]],"antennas":[-0.737459,1.036608],"body_yaw":-0.137105,"check_collision":false},{"head":[[0.985744,0.096073,0.138126,-0.004917],[-0.067283,0.977533,-0.199754,0.002101],[-0.154214,0.187613,0.970062,-0.007391],[0.0,0.0,0.0,1.0]],"antennas":[-0.777955,1.083112],"body_yaw":-0.137105,"check_collision":false},{"head":[[0.981124,0.117292,0.153748,-0.005661],[-0.084407,0.975068,-0.205228,0.002104],[-0.173986,0.188377,0.966562,-0.007616],[0.0,0.0,0.0,1.0]],"antennas":[-0.842426,1.141058],"body_yaw":-0.137105,"check_collision":false},{"head":[[0.971937,0.156154,0.175939,-0.006869],[-0.118228,0.97084,-0.208545,0.002103],[-0.203374,0.181892,0.962057,-0.007622],[0.0,0.0,0.0,1.0]],"antennas":[-0.911451,1.202369],"body_yaw":-0.137105,"check_collision":false},{"head":[[0.956967,0.209917,0.20037,-0.008186],[-0.16466,0.961337,-0.220724,0.002008],[-0.238957,0.178233,0.954533,-0.007296],[0.0,0.0,0.0,1.0]],"antennas":[-0.980847,1.262406],"body_yaw":-0.137105,"check_collision":false},{"head":[[0.94548,0.247611,0.211557,-0.009121],[-0.197629,0.952521,-0.231618,0.001961],[-0.258864,0.17718,0.949524,-0.006786],[0.0,0.0,0.0,1.0]],"antennas":[-1.043003,1.302086],"body_yaw":-0.137105,"check_collision":false},{"head":[[0.935325,0.276496,0.22072,-0.009631],[-0.222229,0.944593,-0.241574,0.001837],[-0.275284,0.1769,0.944947,-0.006629],[0.0,0.0,0.0,1.0]],"antennas":[-1.06058,1.302749],"body_yaw":-0.137105,"check_collision":false},{"head":[[0.927615,0.297223,0.226249,-0.009829],[-0.239979,0.938353,-0.248806,0.001613],[-0.286253,0.176501,0.941757,-0.007035],[0.0,0.0,0.0,1.0]],"antennas":[-1.06058,1.302749],"body_yaw":-0.137105,"check_collision":false},{"head":[[0.926672,0.301126,0.224949,-0.009853],[-0.243735,0.937001,-0.250246,0.001116],[-0.286133,0.177067,0.941687,-0.007444],[0.0,0.0,0.0,1.0]],"antennas":[-1.06058,1.302749],"body_yaw":-0.137105,"check_collision":false},{"head":[[0.93002,0.293987,0.220532,-0.009497],[-0.238254,0.939198,-0.247271,0.001028],[-0.279817,0.177425,0.943516,-0.007828],[0.0,0.0,0.0,1.0]],"antennas":[-1.06058,1.297301],"body_yaw":-0.137105,"check_collision":false},{"head":[[0.940627,0.268463,0.207723,-0.008642],[-0.218173,0.946965,-0.23592,0.000633],[-0.260042,0.176593,0.949312,-0.007954],[0.0,0.0,0.0,1.0]],"antennas":[-1.06058,1.285133],"body_yaw":-0.137105,"check_collision":false},{"head":[[0.952789,0.233811,0.193714,-0.007689],[-0.190015,0.956766,-0.220211,0.000472],[-0.236826,0.173006,0.956024,-0.008043],[0.0,0.0,0.0,1.0]],"antennas":[-1.04602,1.271652],"body_yaw":-0.137105,"check_collision":false},{"head":[[0.964386,0.195783,0.177845,-0.00711],[-0.157895,0.965569,-0.206752,0.000846],[-0.2122,0.171308,0.962094,-0.007762],[0.0,0.0,0.0,1.0]],"antennas":[-1.004804,1.25409],"body_yaw":-0.137105,"check_collision":false},{"head":[[0.974388,0.156568,0.161411,-0.006353],[-0.123602,0.972538,-0.197212,0.001223],[-0.187856,0.172211,0.966982,-0.007637],[0.0,0.0,0.0,1.0]],"antennas":[-0.934282,1.221276],"body_yaw":-0.137105,"check_collision":false},{"head":[[0.98196,0.119133,0.146839,-0.005438],[-0.09069,0.978144,-0.18711,0.001371],[-0.165921,0.170417,0.971302,-0.007887],[0.0,0.0,0.0,1.0]],"antennas":[-0.853808,1.171481],"body_yaw":-0.137105,"check_collision":false},{"head":[[0.986249,0.092098,0.137224,-0.004756],[-0.066989,0.981838,-0.177504,0.001013],[-0.15108,0.165871,0.974506,-0.008322],[0.0,0.0,0.0,1.0]],"antennas":[-0.772952,1.111503],"body_yaw":-0.137105,"check_collision":false},{"head":[[0.989155,0.067798,0.130289,-0.004244],[-0.045639,0.985054,-0.166092,0.000729],[-0.139602,0.158345,0.977465,-0.008665],[0.0,0.0,0.0,1.0]],"antennas":[-0.694904,1.048912],"body_yaw":-0.137105,"check_collision":false},{"head":[[0.990556,0.051922,0.126899,-0.00394],[-0.031433,0.986871,-0.158425,0.000587],[-0.133459,0.15294,0.979182,-0.008823],[0.0,0.0,0.0,1.0]],"antennas":[-0.678472,0.9871],"body_yaw":-0.137105,"check_collision":false},{"head":[[0.991003,0.045278,0.125952,-0.004008],[-0.025724,0.987931,-0.152744,0.00101],[-0.131348,0.14813,0.980207,-0.008937],[0.0,0.0,0.0,1.0]],"antennas":[-0.678472,0.957098],"body_yaw":-0.137105,"check_collision":false},{"head":[[0.990516,0.04761,0.128882,-0.004181],[-0.027846,0.988138,-0.15102,0.001785],[-0.134543,0.145999,0.980093,-0.008865],[0.0,0.0,0.0,1.0]],"antennas":[-0.678472,0.955932],"body_yaw":-0.137105,"check_collision":false},{"head":[[0.987539,0.068254,0.141805,-0.004399],[-0.045974,0.98687,-0.154837,0.002303],[-0.150511,0.146388,0.97771,-0.008567],[0.0,0.0,0.0,1.0]],"antennas":[-0.678472,0.955932],"body_yaw":-0.137105,"check_collision":false},{"head":[[0.979087,0.116341,0.166892,-0.005143],[-0.088336,0.982095,-0.166394,0.002562],[-0.183262,0.148171,0.971833,-0.008214],[0.0,0.0,0.0,1.0]],"antennas":[-0.678472,0.955932],"body_yaw":-0.137105,"check_collision":false},{"head":[[0.965607,0.172959,0.194132,-0.006572],[-0.13843,0.974017,-0.179242,0.002839],[-0.22009,0.146204,0.964461,-0.008108],[0.0,0.0,0.0,1.0]],"antennas":[-0.678472,0.955932],"body_yaw":-0.137105,"check_collision":false},{"head":[[0.955286,0.212026,0.206094,-0.00731],[-0.171843,0.965313,-0.196574,0.002612],[-0.240624,0.152368,0.958584,-0.008043],[0.0,0.0,0.0,1.0]],"antennas":[-0.678472,0.955932],"body_yaw":-0.137105,"check_collision":false},{"head":[[0.94611,0.242999,0.214075,-0.007531],[-0.197805,0.957016,-0.212118,0.00252],[-0.256418,0.158342,0.953508,-0.007922],[0.0,0.0,0.0,1.0]],"antennas":[-0.678472,0.955932],"body_yaw":-0.137105,"check_collision":false},{"head":[[0.93713,0.270131,0.220944,-0.007913],[-0.220778,0.949225,-0.224119,0.00246],[-0.270267,0.161249,0.949186,-0.007654],[0.0,0.0,0.0,1.0]],"antennas":[-0.678472,0.955932],"body_yaw":-0.137105,"check_collision":false},{"head":[[0.930164,0.290384,0.224659,-0.008532],[-0.238139,0.942919,-0.232797,0.002547],[-0.279436,0.16304,0.946221,-0.007633],[0.0,0.0,0.0,1.0]],"antennas":[-0.678472,0.950928],"body_yaw":-0.137105,"check_collision":false},{"head":[[0.921554,0.312727,0.230088,-0.009204],[-0.25692,0.935515,-0.242493,0.002672],[-0.291086,0.164356,0.942473,-0.007458],[0.0,0.0,0.0,1.0]],"antennas":[-0.678472,0.917275],"body_yaw":-0.137105,"check_collision":false},{"head":[[0.913928,0.331874,0.233658,-0.009659],[-0.272626,0.928437,-0.252349,0.002747],[-0.300685,0.166927,0.939002,-0.00743],[0.0,0.0,0.0,1.0]],"antennas":[-0.678472,0.856945],"body_yaw":-0.137105,"check_collision":false},{"head":[[0.910752,0.340645,0.233434,-0.009765],[-0.280178,0.924991,-0.256693,0.002705],[-0.303365,0.16838,0.937879,-0.007477],[0.0,0.0,0.0,1.0]],"antennas":[-0.678472,0.784939],"body_yaw":-0.137105,"check_collision":false},{"head":[[0.908186,0.347926,0.232693,-0.009648],[-0.286618,0.922076,-0.260051,0.00276],[-0.305039,0.16948,0.937138,-0.007601],[0.0,0.0,0.0,1.0]],"antennas":[-0.678472,0.71184],"body_yaw":-0.137105,"check_collision":false},{"head":[[0.905323,0.356155,0.231393,-0.009582],[-0.293943,0.91866,-0.263933,0.00287],[-0.306573,0.170928,0.936374,-0.007567],[0.0,0.0,0.0,1.0]],"antennas":[-0.678472,0.642583],"body_yaw":-0.137105,"check_collision":false},{"head":[[0.904,0.360638,0.229619,-0.009509],[-0.298074,0.91667,-0.266212,0.002625],[-0.306491,0.172212,0.936166,-0.007595],[0.0,0.0,0.0,1.0]],"antennas":[-0.682772,0.599613],"body_yaw":-0.137105,"check_collision":false},{"head":[[0.904016,0.362248,0.227005,-0.009414],[-0.299712,0.915704,-0.267691,0.002537],[-0.304839,0.173961,0.936382,-0.007531],[0.0,0.0,0.0,1.0]],"antennas":[-0.706648,0.594747],"body_yaw":-0.137105,"check_collision":false},{"head":[[0.906321,0.359118,0.222748,-0.008932],[-0.297316,0.916454,-0.267798,0.00236],[-0.30031,0.176484,0.937373,-0.007297],[0.0,0.0,0.0,1.0]],"antennas":[-0.741765,0.594747],"body_yaw":-0.137105,"check_collision":false},{"head":[[0.914146,0.345347,0.212305,-0.007967],[-0.286224,0.920714,-0.265258,0.00218],[-0.287078,0.181717,0.940513,-0.007065],[0.0,0.0,0.0,1.0]],"antennas":[-0.7887,0.594747],"body_yaw":-0.137105,"check_collision":false},{"head":[[0.924953,0.324006,0.198703,-0.007022],[-0.269496,0.927724,-0.258262,0.001873],[-0.26802,0.185331,0.945419,-0.00693],[0.0,0.0,0.0,1.0]],"antennas":[-0.848616,0.594747],"body_yaw":-0.137105,"check_collision":false},{"head":[[0.932652,0.306499,0.190309,-0.006469],[-0.255289,0.933401,-0.252172,0.001633],[-0.254925,0.186605,0.948784,-0.006817],[0.0,0.0,0.0,1.0]],"antennas":[-0.915441,0.594747],"body_yaw":-0.137105,"check_collision":false},{"head":[[0.943632,0.27885,0.178331,-0.005823],[-0.232395,0.941793,-0.242939,0.001616],[-0.235694,0.187801,0.953509,-0.006736],[0.0,0.0,0.0,1.0]],"antennas":[-0.983023,0.594747],"body_yaw":-0.137105,"check_collision":false},{"head":[[0.954855,0.245147,0.167795,-0.005017],[-0.203622,0.951359,-0.2312,0.001475],[-0.216311,0.186596,0.958328,-0.006939],[0.0,0.0,0.0,1.0]],"antennas":[-1.047792,0.594747],"body_yaw":-0.137105,"check_collision":false},{"head":[[0.96377,0.212537,0.161167,-0.004669],[-0.174758,0.959617,-0.22044,0.001554],[-0.20151,0.184288,0.961994,-0.007238],[0.0,0.0,0.0,1.0]],"antennas":[-1.071075,0.594747],"body_yaw":-0.137105,"check_collision":false},{"head":[[0.970608,0.184805,0.154167,-0.00448],[-0.150436,0.965898,-0.210736,0.001615],[-0.187854,0.18135,0.96531,-0.007315],[0.0,0.0,0.0,1.0]],"antennas":[-1.071075,0.594747],"body_yaw":-0.137105,"check_collision":false},{"head":[[0.974779,0.167149,0.147874,-0.004204],[-0.135152,0.969416,-0.204858,0.001533],[-0.177593,0.179706,0.967557,-0.007233],[0.0,0.0,0.0,1.0]],"antennas":[-1.071075,0.594747],"body_yaw":-0.137105,"check_collision":false},{"head":[[0.977185,0.156911,0.143135,-0.003836],[-0.126326,0.971162,-0.202203,0.001233],[-0.170735,0.179508,0.968827,-0.007153],[0.0,0.0,0.0,1.0]],"antennas":[-1.071075,0.594747],"body_yaw":-0.137105,"check_collision":false},{"head":[[0.977697,0.153069,0.143799,-0.003801],[-0.122865,0.972171,-0.19947,0.001032],[-0.17033,0.177354,0.969295,-0.007139],[0.0,0.0,0.0,1.0]],"antennas":[-1.071075,0.594747],"body_yaw":-0.137105,"check_collision":false},{"head":[[0.976198,0.155595,0.15109,-0.004003],[-0.124133,0.972096,-0.199049,0.000844],[-0.177845,0.175556,0.968272,-0.007226],[0.0,0.0,0.0,1.0]],"antennas":[-1.071075,0.594747],"body_yaw":-0.137105,"check_collision":false},{"head":[[0.971708,0.168589,0.165411,-0.004522],[-0.134186,0.970404,-0.200775,0.000593],[-0.194364,0.172899,0.965572,-0.007384],[0.0,0.0,0.0,1.0]],"antennas":[-1.071075,0.594747],"body_yaw":-0.137105,"check_collision":false},{"head":[[0.963915,0.1927,0.183671,-0.005421],[-0.154656,0.966927,-0.202816,0.000482],[-0.216679,0.167092,0.961837,-0.007497],[0.0,0.0,0.0,1.0]],"antennas":[-1.071075,0.594747],"body_yaw":-0.137105,"check_collision":false},{"head":[[0.95321,0.224962,0.201947,-0.00647],[-0.182879,0.961023,-0.207339,0.000575],[-0.24072,0.160706,0.957198,-0.007451],[0.0,0.0,0.0,1.0]],"antennas":[-1.071075,0.594747],"body_yaw":-0.137105,"check_collision":false},{"head":[[0.944375,0.251307,0.212134,-0.007213],[-0.205993,0.954839,-0.214125,0.000481],[-0.256365,0.158516,0.953494,-0.007453],[0.0,0.0,0.0,1.0]],"antennas":[-1.061372,0.594747],"body_yaw":-0.137105,"check_collision":false},{"head":[[0.936914,0.275226,0.215507,-0.00741],[-0.226521,0.947576,-0.225361,0.000261],[-0.266235,0.162327,0.950142,-0.007668],[0.0,0.0,0.0,1.0]],"antennas":[-1.033552,0.594747],"body_yaw":-0.137105,"check_collision":false},{"head":[[0.929393,0.298173,0.217533,-0.007556],[-0.245744,0.939648,-0.238058,0.000147],[-0.275387,0.167792,0.946577,-0.007941],[0.0,0.0,0.0,1.0]],"antennas":[-0.986395,0.594747],"body_yaw":-0.137105,"check_collision":false},{"head":[[0.923237,0.31534,0.219532,-0.007926],[-0.260086,0.93345,-0.247035,0.000146],[-0.282822,0.170975,0.943811,-0.008012],[0.0,0.0,0.0,1.0]],"antennas":[-0.911544,0.586076],"body_yaw":-0.137105,"check_collision":false},{"head":[[0.919296,0.326631,0.219559,-0.008215],[-0.269639,0.929081,-0.253185,-4.4e-05],[-0.286686,0.17355,0.942174,-0.00801],[0.0,0.0,0.0,1.0]],"antennas":[-0.810459,0.564416],"body_yaw":-0.137105,"check_collision":false},{"head":[[0.919516,0.32734,0.217573,-0.008083],[-0.27044,0.928591,-0.254127,-0.00025],[-0.285223,0.174834,0.942381,-0.008053],[0.0,0.0,0.0,1.0]],"antennas":[-0.707015,0.529383],"body_yaw":-0.137105,"check_collision":false},{"head":[[0.925859,0.313813,0.210491,-0.007455],[-0.259371,0.932878,-0.249929,-0.000416],[-0.274793,0.176804,0.945108,-0.007997],[0.0,0.0,0.0,1.0]],"antennas":[-0.618002,0.490473],"body_yaw":-0.137105,"check_collision":false},{"head":[[0.935307,0.293129,0.198182,-0.006594],[-0.242398,0.938829,-0.244631,-0.000544],[-0.257768,0.180766,0.949147,-0.007907],[0.0,0.0,0.0,1.0]],"antennas":[-0.596774,0.451501],"body_yaw":-0.137105,"check_collision":false},{"head":[[0.945989,0.26834,0.181932,-0.005639],[-0.222351,0.945404,-0.238269,-0.000688],[-0.235936,0.184947,0.954007,-0.007924],[0.0,0.0,0.0,1.0]],"antennas":[-0.596774,0.420867],"body_yaw":-0.137105,"check_collision":false},{"head":[[0.955412,0.244576,0.165437,-0.00472],[-0.203253,0.951157,-0.232353,-0.000748],[-0.214185,0.188367,0.958458,-0.008059],[0.0,0.0,0.0,1.0]],"antennas":[-0.596774,0.414458],"body_yaw":-0.137105,"check_collision":false},{"head":[[0.963719,0.218764,0.152933,-0.003968],[-0.181796,0.957477,-0.224026,-0.000893],[-0.195439,0.188095,0.962509,-0.008166],[0.0,0.0,0.0,1.0]],"antennas":[-0.596774,0.414458],"body_yaw":-0.137105,"check_collision":false},{"head":[[0.970139,0.19497,0.144283,-0.003321],[-0.161218,0.962771,-0.216983,-0.001016],[-0.181216,0.187243,0.965454,-0.008275],[0.0,0.0,0.0,1.0]],"antennas":[-0.596774,0.414458],"body_yaw":-0.137105,"check_collision":false},{"head":[[0.97601,0.170018,0.136008,-0.002771],[-0.1391,0.967491,-0.211218,-0.000966],[-0.167498,0.187233,0.96793,-0.008329],[0.0,0.0,0.0,1.0]],"antennas":[-0.596774,0.414458],"body_yaw":-0.137105,"check_collision":false},{"head":[[0.980857,0.14534,0.1296,-0.002311],[-0.116999,0.971868,-0.20441,-0.000812],[-0.155663,0.185334,0.970268,-0.008207],[0.0,0.0,0.0,1.0]],"antennas":[-0.596774,0.414458],"body_yaw":-0.137105,"check_collision":false},{"head":[[0.983832,0.127644,0.125628,-0.001995],[-0.100327,0.97386,-0.203794,-0.000508],[-0.148357,0.187895,0.97092,-0.007986],[0.0,0.0,0.0,1.0]],"antennas":[-0.596774,0.426472],"body_yaw":-0.137105,"check_collision":false},{"head":[[0.985204,0.116974,0.12526,-0.001824],[-0.089926,0.974998,-0.203203,-0.000153],[-0.145898,0.188932,0.971091,-0.007905],[0.0,0.0,0.0,1.0]],"antennas":[-0.596774,0.456119],"body_yaw":-0.137105,"check_collision":false},{"head":[[0.985897,0.113462,0.123018,-0.001661],[-0.086369,0.974584,-0.206702,0.000117],[-0.143344,0.193162,0.970639,-0.007863],[0.0,0.0,0.0,1.0]],"antennas":[-0.596774,0.498821],"body_yaw":-0.137105,"check_collision":false},{"head":[[0.986704,0.112652,0.117149,-0.001448],[-0.086072,0.973625,-0.211297,0.000637],[-0.137862,0.198404,0.970376,-0.007779],[0.0,0.0,0.0,1.0]],"antennas":[-0.596774,0.548781],"body_yaw":-0.137105,"check_collision":false},{"head":[[0.986605,0.114959,0.115734,-0.001364],[-0.087965,0.972416,-0.216029,0.001226],[-0.137376,0.202955,0.969504,-0.00746],[0.0,0.0,0.0,1.0]],"antennas":[-0.596774,0.598123],"body_yaw":-0.137105,"check_collision":false},{"head":[[0.983252,0.129608,0.128127,-0.001413],[-0.099789,0.97115,-0.216588,0.002223],[-0.152502,0.200175,0.967819,-0.006827],[0.0,0.0,0.0,1.0]],"antennas":[-0.596774,0.637232],"body_yaw":-0.137105,"check_collision":false},{"head":[[0.98195,0.136543,0.130885,-0.001214],[-0.105763,0.970079,-0.218541,0.002804],[-0.156809,0.200753,0.96701,-0.006667],[0.0,0.0,0.0,1.0]],"antennas":[-0.596774,0.637232],"body_yaw":-0.137105,"check_collision":false},{"head":[[0.982505,0.137211,0.125927,-0.000833],[-0.105977,0.967923,-0.227803,0.002916],[-0.153145,0.210472,0.96553,-0.006649],[0.0,0.0,0.0,1.0]],"antennas":[-0.596774,0.637232],"body_yaw":-0.137105,"check_collision":false},{"head":[[0.98192,0.145434,0.121174,-0.000763],[-0.113657,0.964839,-0.236998,0.002718],[-0.15138,0.21894,0.963924,-0.006529],[0.0,0.0,0.0,1.0]],"antennas":[-0.596774,0.637232],"body_yaw":-0.137105,"check_collision":false},{"head":[[0.980937,0.155169,0.116985,-0.000785],[-0.121681,0.959833,-0.252814,0.002274],[-0.151515,0.23376,0.960416,-0.006733],[0.0,0.0,0.0,1.0]],"antennas":[-0.596774,0.637232],"body_yaw":-0.137105,"check_collision":false},{"head":[[0.980324,0.159317,0.116544,-0.000678],[-0.124206,0.956741,-0.263094,0.002039],[-0.153418,0.243442,0.957705,-0.006897],[0.0,0.0,0.0,1.0]],"antennas":[-0.596774,0.637232],"body_yaw":-0.137105,"check_collision":false},{"head":[[0.980429,0.158697,0.116512,-0.000395],[-0.122976,0.955804,-0.26705,0.001991],[-0.153742,0.247495,0.956614,-0.006987],[0.0,0.0,0.0,1.0]],"antennas":[-0.596774,0.637232],"body_yaw":-0.137105,"check_collision":false},{"head":[[0.980096,0.160604,0.116695,-0.000357],[-0.125284,0.956358,-0.263976,0.002105],[-0.153998,0.244101,0.957444,-0.00695],[0.0,0.0,0.0,1.0]],"antennas":[-0.596774,0.643976],"body_yaw":-0.137105,"check_collision":false},{"head":[[0.97869,0.166983,0.119513,-0.000793],[-0.132913,0.958774,-0.25117,0.001827],[-0.156528,0.229933,0.960536,-0.006807],[0.0,0.0,0.0,1.0]],"antennas":[-0.596774,0.674893],"body_yaw":-0.137105,"check_collision":false},{"head":[[0.974769,0.183501,0.127094,-0.001546],[-0.150751,0.961098,-0.231443,0.00196],[-0.16462,0.206443,0.964511,-0.00653],[0.0,0.0,0.0,1.0]],"antennas":[-0.596774,0.719655],"body_yaw":-0.137105,"check_collision":false},{"head":[[0.970836,0.194844,0.139688,-0.002105],[-0.164974,0.965713,-0.200452,0.002072],[-0.173956,0.171561,0.969694,-0.005999],[0.0,0.0,0.0,1.0]],"antennas":[-0.597126,0.770359],"body_yaw":-0.137105,"check_collision":false},{"head":[[0.968607,0.197968,0.150365,-0.002222],[-0.171825,0.970249,-0.170566,0.002151],[-0.179658,0.139375,0.973806,-0.005948],[0.0,0.0,0.0,1.0]],"antennas":[-0.611096,0.819602],"body_yaw":-0.137105,"check_collision":false},{"head":[[0.967081,0.198074,0.159754,-0.00198],[-0.175181,0.973558,-0.146617,0.002199],[-0.184571,0.113805,0.976208,-0.006263],[0.0,0.0,0.0,1.0]],"antennas":[-0.630993,0.864745],"body_yaw":-0.137105,"check_collision":false},{"head":[[0.965441,0.198454,0.168934,-0.001854],[-0.178843,0.975975,-0.12445,0.002112],[-0.189573,0.089936,0.977739,-0.00639],[0.0,0.0,0.0,1.0]],"antennas":[-0.651897,0.892446],"body_yaw":-0.137105,"check_collision":false},{"head":[[0.964296,0.198788,0.174975,-0.002041],[-0.182578,0.977625,-0.104476,0.001984],[-0.191828,0.068799,0.979014,-0.006306],[0.0,0.0,0.0,1.0]],"antennas":[-0.66228,0.892446],"body_yaw":-0.137105,"check_collision":false},{"head":[[0.964357,0.199059,0.174333,-0.00219],[-0.184004,0.977948,-0.098798,0.001801],[-0.190155,0.063198,0.979718,-0.006153],[0.0,0.0,0.0,1.0]],"antennas":[-0.66228,0.892446],"body_yaw":-0.137105,"check_collision":false},{"head":[[0.965304,0.196885,0.171536,-0.002142],[-0.181766,0.97825,-0.099943,0.001991],[-0.187482,0.065296,0.980095,-0.006118],[0.0,0.0,0.0,1.0]],"antennas":[-0.66228,0.892446],"body_yaw":-0.137105,"check_collision":false},{"head":[[0.966993,0.194428,0.16469,-0.001849],[-0.177449,0.977698,-0.112333,0.002332],[-0.182858,0.079401,0.979928,-0.006023],[0.0,0.0,0.0,1.0]],"antennas":[-0.66228,0.892446],"body_yaw":-0.137105,"check_collision":false},{"head":[[0.968767,0.192926,0.155791,-0.001504],[-0.172683,0.975748,-0.134525,0.003035],[-0.177966,0.103421,0.978587,-0.006256],[0.0,0.0,0.0,1.0]],"antennas":[-0.66228,0.892446],"body_yaw":-0.137105,"check_collision":false},{"head":[[0.970532,0.192242,0.145294,-0.001175],[-0.166466,0.970829,-0.17257,0.003423],[-0.17423,0.143298,0.974222,-0.006626],[0.0,0.0,0.0,1.0]],"antennas":[-0.66228,0.892446],"body_yaw":-0.137105,"check_collision":false},{"head":[[0.969841,0.200072,0.13921,-0.001082],[-0.167332,0.961821,-0.216567,0.003684],[-0.177224,0.186741,0.966292,-0.006864],[0.0,0.0,0.0,1.0]],"antennas":[-0.66228,0.892446],"body_yaw":-0.137105,"check_collision":false},{"head":[[0.968255,0.208855,0.13734,-0.001036],[-0.171186,0.954413,-0.244522,0.003731],[-0.182149,0.213249,0.959868,-0.006927],[0.0,0.0,0.0,1.0]],"antennas":[-0.66228,0.892446],"body_yaw":-0.137105,"check_collision":false},{"head":[[0.967751,0.214651,0.131847,-0.000702],[-0.172701,0.94636,-0.273088,0.003636],[-0.183394,0.241511,0.952911,-0.006743],[0.0,0.0,0.0,1.0]],"antennas":[-0.66228,0.892446],"body_yaw":-0.137105,"check_collision":false},{"head":[[0