{"description":"A last-resort movement when you\u2019re truly outraged by what was just said.","time":[0.0,0.02,0.04,0.06,0.08,0.1,0.12,0.14,0.16,0.18,0.2,0.22,0.24,0.26,0.28,0.3,0.32,0.34,0.36,0.38,0.4,0.42,0.44,0.46,0.48,0.5,0.52,0.54,0.56,0.58,0.6,0.62,0.64,0.66,0.68,0.7,0.72,0.74,0.76,0.78,0.8,0.82,0.84,0.86,0.88,0.9,0.92,0.94,0.96,0.98,1.0,1.02,1.04,1.06,1.08,1.1,1.12,1.14,1.16,1.18,1.2,1.22,1.24,1.26,1.28,1.3,1.32,1.34,1.36,1.38,1.4,1.42,1.44,1.46,1.48,1.5,1.52,1.54,1.56,1.58,1.6,1.62,1.64,1.66,1.68,1.7,1.72,1.74,1.76,1.78,1.8,1.82,1.84,1.86,1.88,1.9,1.92,1.94,1.96,1.98,2.0,2.02,2.04,2.06,2.08,2.1,2.12,2.14,2.16,2.18,2.2,2.22,2.24,2.26,2.28,2.3,2.32,2.34,2.36,2.38,2.4,2.42,2.44,2.46,2.48,2.5,2.52,2.54,2.56,2.58,2.6,2.62,2.64,2.66,2.68,2.7,2.72,2.74,2.76,2.78,2.8,2.82,2.84,2.86,2.88,2.9,2.92,2.94,2.96,2.98,3.0,3.02,3.04,3.06,3.08,3.1,3.12,3.14,3.16,3.18,3.2,3.22,3.24,3.26,3.28,3.3,3.32,3.34,3.36,3.38,3.4,3.42,3.44,3.46,3.48,3.5,3.52,3.54,3.56,3.58,3.6,3.62,3.64,3.66,3.68,3.7,3.72,3.74,3.76,3.78,3.8,3.82,3.84,3.86,3.88,3.9,3.92,3.94,3.96,3.98,4.0,4.02,4.04,4.06,4.08,4.1,4.12,4.14,4.16,4.18,4.2,4.22,4.24,4.26,4.28,4.3,4.32,4.34,4.36,4.38,4.4,4.42,4.44,4.46,4.48,4.5,4.52,4.54,4.56,4.58,4.6,4.62,4.64,4.66,4.68,4.7,4.72,4.74,4.76,4.78,4.8,4.82,4.84,4.86,4.88,4.9,4.92,4.94,4.96,4.98,5.0,5.02,5.04,5.06,5.08,5.1,5.12,5.14,5.16,5.18,5.2,5.22,5.24,5.26,5.28,5.3,5.32,5.34,5.36,5.38,5.4,5.42,5.44,5.46,5.48,5.5,5.52,5.54,5.56,5.58,5.6,5.62,5.64,5.66,5.68,5.7,5.72],"set_target_data":[{"head":[[0.998922,-0.044497,-0.013243,-0.00324],[0.043052,0.994597,-0.094464,0.002267],[0.017375,0.093792,0.99544,0.002212],[0.0,0.0,0.0,1.0]],"antennas":[0.0,0.0],"body_yaw":-0.137105,"check_collision":false},{"head":[[0.999043,-0.041315,-0.014369,-0.003246],[0.039754,0.99461,-0.095766,0.001963],[0.018248,0.095103,0.9953,0.002252],[0.0,0.0,0.0,1.0]],"antennas":[0.0,0.0],"body_yaw":-0.137105,"check_collision":false},{"head":[[0.999286,-0.034777,-0.014742,-0.003423],[0.033201,0.994804,-0.096244,0.002142],[0.018012,0.095686,0.995249,0.002149],[0.0,0.0,0.0,1.0]],"antennas":[0.0,0.0],"body_yaw":-0.137105,"check_collision":false},{"head":[[0.999643,-0.022772,-0.01398,-0.003684],[0.021339,0.995222,-0.095282,0.002073],[0.016083,0.094949,0.995352,0.002014],[0.0,0.0,0.0,1.0]],"antennas":[0.0,0.0],"body_yaw":-0.137105,"check_collision":false},{"head":[[0.999879,-0.007067,-0.013863,-0.004042],[0.005745,0.995634,-0.093167,0.002363],[0.014461,0.093076,0.995554,0.00206],[0.0,0.0,0.0,1.0]],"antennas":[0.0,0.0],"body_yaw":-0.137105,"check_collision":false},{"head":[[0.999839,0.013779,-0.011524,-0.004558],[-0.014766,0.99579,-0.090472,0.002561],[0.010229,0.090627,0.995832,0.001956],[0.0,0.0,0.0,1.0]],"antennas":[0.0,0.0],"body_yaw":-0.137105,"check_collision":false},{"head":[[0.999226,0.03884,-0.006238,-0.00495],[-0.039234,0.995466,-0.086649,0.002709],[0.002845,0.086827,0.996219,0.001772],[0.0,0.0,0.0,1.0]],"antennas":[0.0,0.0],"body_yaw":-0.137105,"check_collision":false},{"head":[[0.997555,0.069841,0.002564,-0.005238],[-0.069404,0.994293,-0.081019,0.002916],[-0.008208,0.080643,0.996709,0.001514],[0.0,0.0,0.0,1.0]],"antennas":[0.0,0.0],"body_yaw":-0.137105,"check_collision":false},{"head":[[0.994902,0.100218,0.011206,-0.005666],[-0.099085,0.992162,-0.076141,0.003226],[-0.018749,0.074642,0.997034,0.001226],[0.0,0.0,0.0,1.0]],"antennas":[0.0,0.0],"body_yaw":-0.137105,"check_collision":false},{"head":[[0.992941,0.118165,0.010273,-0.00594],[-0.117086,0.990336,-0.074329,0.003223],[-0.018956,0.072602,0.997181,0.001149],[0.0,0.0,0.0,1.0]],"antennas":[0.0,0.0],"body_yaw":-0.137105,"check_collision":false},{"head":[[0.992344,0.123396,0.005278,-0.006069],[-0.122632,0.989483,-0.076711,0.003063],[-0.014688,0.075477,0.997039,0.001144],[0.0,0.0,0.0,1.0]],"antennas":[0.0,0.0],"body_yaw":-0.137105,"check_collision":false},{"head":[[0.991901,0.126937,0.0043,-0.005956],[-0.126189,0.988769,-0.080081,0.003456],[-0.014417,0.07889,0.996779,0.000651],[0.0,0.0,0.0,1.0]],"antennas":[0.0,0.0],"body_yaw":-0.137105,"check_collision":false},{"head":[[0.99128,0.131694,0.004557,-0.005895],[-0.130882,0.988002,-0.081981,0.003672],[-0.015298,0.08067,0.996623,0.000257],[0.0,0.0,0.0,1.0]],"antennas":[0.0,0.0],"body_yaw":-0.137105,"check_collision":false},{"head":[[0.99057,0.136935,0.004518,-0.005857],[-0.136095,0.987226,-0.082847,0.003773],[-0.015805,0.081451,0.996552,6.4e-05],[0.0,0.0,0.0,1.0]],"antennas":[0.0,0.0],"body_yaw":-0.137105,"check_collision":false},{"head":[[0.989902,0.141705,0.003823,-0.005847],[-0.1409,0.986522,-0.083194,0.003774],[-0.015561,0.081816,0.996526,-5.3e-05],[0.0,0.0,0.0,1.0]],"antennas":[0.0,0.0],"body_yaw":-0.137105,"check_collision":false},{"head":[[0.989682,0.143212,0.004438,-0.005833],[-0.142366,0.986384,-0.082327,0.004016],[-0.016168,0.080846,0.996595,-0.000117],[0.0,0.0,0.0,1.0]],"antennas":[0.0,0.0],"body_yaw":-0.137105,"check_collision":false},{"head":[[0.989537,0.144172,0.005549,-0.005894],[-0.143243,0.986304,-0.081762,0.004276],[-0.017261,0.080112,0.996636,-0.000268],[0.0,0.0,0.0,1.0]],"antennas":[0.0,0.0],"body_yaw":-0.137105,"check_collision":false},{"head":[[0.989351,0.145325,0.008027,-0.005937],[-0.144208,0.98622,-0.081088,0.004352],[-0.019701,0.079067,0.996675,-0.000473],[0.0,0.0,0.0,1.0]],"antennas":[0.0,0.0],"body_yaw":-0.137105,"check_collision":false},{"head":[[0.989369,0.145043,0.010545,-0.005932],[-0.143731,0.9863,-0.080957,0.004447],[-0.022143,0.078581,0.996662,-0.000639],[0.0,0.0,0.0,1.0]],"antennas":[0.0,0.0],"body_yaw":-0.137105,"check_collision":false},{"head":[[0.989307,0.145275,0.012909,-0.006021],[-0.143786,0.986324,-0.080569,0.004612],[-0.024437,0.077851,0.996665,-0.000812],[0.0,0.0,0.0,1.0]],"antennas":[0.0,0.0],"body_yaw":-0.137105,"check_collision":false},{"head":[[0.989584,0.143203,0.014736,-0.00611],[-0.141552,0.986568,-0.081528,0.004815],[-0.026213,0.078593,0.996562,-0.000905],[0.0,0.0,0.0,1.0]],"antennas":[0.0,0.0],"body_yaw":-0.137105,"check_collision":false},{"head":[[0.989926,0.140819,0.014688,-0.006263],[-0.139143,0.986793,-0.082937,0.005043],[-0.026173,0.080058,0.996447,-0.000893],[0.0,0.0,0.0,1.0]],"antennas":[0.0,0.0],"body_yaw":-0.137105,"check_collision":false},{"head":[[0.990306,0.138263,0.013307,-0.006359],[-0.136671,0.98702,-0.084335,0.005178],[-0.024795,0.081699,0.996349,-0.00084],[0.0,0.0,0.0,1.0]],"antennas":[0.0,0.0],"body_yaw":-0.137105,"check_collision":false},{"head":[[0.99132,0.131033,0.010713,-0.006298],[-0.129648,0.987849,-0.085705,0.005212],[-0.021813,0.083573,0.996263,-0.000783],[0.0,0.0,0.0,1.0]],"antennas":[0.0,0.0],"body_yaw":-0.137105,"check_collision":false},{"head":[[0.992782,0.119735,0.006939,-0.006239],[-0.118644,0.988912,-0.089317,0.005233],[-0.017557,0.087848,0.995979,-0.000717],[0.0,0.0,0.0,1.0]],"antennas":[0.0,0.010009],"body_yaw":-0.137105,"check_collision":false},{"head":[[0.993929,0.109947,0.004025,-0.00619],[-0.109089,0.989604,-0.093717,0.005338],[-0.014287,0.092709,0.995591,-0.000761],[0.0,0.0,0.0,1.0]],"antennas":[0.0,0.028535],"body_yaw":-0.137105,"check_collision":false},{"head":[[0.995378,0.096032,0.000762,-0.006048],[-0.095508,0.99071,-0.096808,0.005412],[-0.010052,0.096288,0.995303,-0.000795],[0.0,0.0,0.0,1.0]],"antennas":[0.0,0.054443],"body_yaw":-0.137105,"check_collision":false},{"head":[[0.996811,0.079798,-9.8e-05,-0.006072],[-0.079391,0.991599,-0.102121,0.005546],[-0.008052,0.101803,0.994772,-0.000657],[0.0,0.0,0.0,1.0]],"antennas":[0.0,0.088258],"body_yaw":-0.137105,"check_collision":false},{"head":[[0.998113,0.061399,-0.000626,-0.006265],[-0.061126,0.992612,-0.104806,0.005753],[-0.005814,0.104647,0.994492,-0.000398],[0.0,0.0,0.0,1.0]],"antennas":[0.0,0.129923],"body_yaw":-0.137105,"check_collision":false},{"head":[[0.999281,0.037911,-0.0009,-0.00645],[-0.037784,0.993356,-0.108706,0.00603],[-0.003227,0.108662,0.994074,-0.000219],[0.0,0.0,0.0,1.0]],"antennas":[0.0,0.178206],"body_yaw":-0.137105,"check_collision":false},{"head":[[0.999839,0.017518,-0.003837,-0.00664],[-0.017836,0.993643,-0.111157,0.006357],[0.001865,0.111208,0.993795,5e-06],[0.0,0.0,0.0,1.0]],"antennas":[0.0,0.230379],"body_yaw":-0.137105,"check_collision":false},{"head":[[0.999977,-0.002741,-0.006261,-0.006752],[0.002016,0.993597,-0.112961,0.006413],[0.00653,0.112946,0.99358,0.000315],[0.0,0.0,0.0,1.0]],"antennas":[0.0,0.28761],"body_yaw":-0.137105,"check_collision":false},{"head":[[0.999777,-0.020334,-0.005756,-0.00677],[0.019543,0.993249,-0.114341,0.006813],[0.008042,0.114203,0.993425,0.000388],[0.0,0.0,0.0,1.0]],"antennas":[0.0,0.35017],"body_yaw":-0.137105,"check_collision":false},{"head":[[0.999325,-0.036411,-0.004947,-0.006763],[0.035614,0.992883,-0.113645,0.007088],[0.009049,0.113392,0.993509,0.000423],[0.0,0.0,0.0,1.0]],"antennas":[0.0,0.41641],"body_yaw":-0.137105,"check_collision":false},{"head":[[0.998736,-0.050011,-0.004969,-0.006764],[0.049172,0.992816,-0.109081,0.007325],[0.010389,0.108698,0.99402,0.000445],[0.0,0.0,0.0,1.0]],"antennas":[0.0,0.484427],"body_yaw":-0.137105,"check_collision":false},{"head":[[0.997775,-0.066466,-0.00516,-0.006663],[0.065593,0.992602,-0.102168,0.007294],[0.011913,0.101603,0.994754,0.000514],[0.0,0.0,0.0,1.0]],"antennas":[0.0,0.553677],"body_yaw":-0.137105,"check_collision":false},{"head":[[0.995944,-0.089702,-0.007046,-0.006668],[0.088564,0.991113,-0.099257,0.00746],[0.015887,0.098231,0.995037,0.000572],[0.0,0.0,0.0,1.0]],"antennas":[0.0,0.622211],"body_yaw":-0.137105,"check_collision":false},{"head":[[0.993479,-0.113701,-0.008412,-0.006828],[0.112275,0.98851,-0.101201,0.007958],[0.019822,0.099597,0.99483,0.000667],[0.0,0.0,0.0,1.0]],"antennas":[0.0,0.690584],"body_yaw":-0.137105,"check_collision":false},{"head":[[0.990837,-0.134708,-0.009773,-0.006932],[0.133018,0.985826,-0.102239,0.008439],[0.023407,0.100003,0.994712,0.000832],[0.0,0.0,0.0,1.0]],"antennas":[0.0,0.758886],"body_yaw":-0.137105,"check_collision":false},{"head":[[0.986793,-0.161503,-0.012484,-0.007143],[0.159415,0.981923,-0.102049,0.008909],[0.028739,0.098711,0.994701,0.000919],[0.0,0.0,0.0,1.0]],"antennas":[0.0,0.827221],"body_yaw":-0.137105,"check_collision":false},{"head":[[0.980353,-0.196768,-0.013804,-0.007581],[0.194295,0.975363,-0.104478,0.009476],[0.034022,0.099743,0.994431,0.000929],[0.0,0.0,0.0,1.0]],"antennas":[0.0,0.896003],"body_yaw":-0.137105,"check_collision":false},{"head":[[0.972149,-0.234127,-0.010553,-0.008062],[0.231674,0.966815,-0.107686,0.010133],[0.035415,0.102242,0.994129,0.000876],[0.0,0.0,0.0,1.0]],"antennas":[0.0,0.965894],"body_yaw":-0.137105,"check_collision":false},{"head":[[0.963289,-0.268304,-0.009303,-0.00852],[0.265616,0.957528,-0.112195,0.010812],[0.039011,0.105605,0.993643,0.000883],[0.0,0.0,0.0,1.0]],"antennas":[0.0,1.040212],"body_yaw":-0.137105,"check_collision":false},{"head":[[0.95357,-0.300808,-0.014812,-0.009064],[0.297159,0.947727,-0.116228,0.011157],[0.049,0.10643,0.993112,0.000984],[0.0,0.0,0.0,1.0]],"antennas":[0.0,1.115597],"body_yaw":-0.137105,"check_collision":false},{"head":[[0.941757,-0.335847,-0.017362,-0.00973],[0.331582,0.935933,-0.118671,0.011267],[0.056104,0.106002,0.992782,0.000883],[0.0,0.0,0.0,1.0]],"antennas":[0.0,1.192692],"body_yaw":-0.137105,"check_collision":false},{"head":[[0.925068,-0.379639,-0.011096,-0.010282],[0.37574,0.919049,-0.119031,0.011309],[0.055387,0.105943,0.992829,0.000444],[0.0,0.0,0.0,1.0]],"antennas":[0.0,1.269538],"body_yaw":-0.137105,"check_collision":false},{"head":[[0.905925,-0.423436,0.001226,-0.01076],[0.420383,0.899038,-0.122508,0.011428],[0.050773,0.111499,0.992467,0.000168],[0.0,0.0,0.0,1.0]],"antennas":[0.0,1.346708],"body_yaw":-0.137105,"check_collision":false},{"head":[[0.889953,-0.455978,0.008162,-0.011194],[0.453203,0.882256,-0.127403,0.011458],[0.050892,0.117082,0.991817,0.000269],[0.0,0.0,0.0,1.0]],"antennas":[0.0,1.417083],"body_yaw":-0.137105,"check_collision":false},{"head":[[0.88011,-0.474743,0.005038,-0.011486],[0.471122,0.871985,-0.132991,0.011023],[0.058744,0.11942,0.991104,0.000694],[0.0,0.0,0.0,1.0]],"antennas":[0.0,1.466971],"body_yaw":-0.137105,"check_collision":false},{"head":[[0.871234,-0.490867,0.001217,-0.011582],[0.486286,0.862759,-0.138465,0.010086],[0.066918,0.121227,0.990367,0.000934],[0.0,0.0,0.0,1.0]],"antennas":[0.0,1.474919],"body_yaw":-0.137105,"check_collision":false},{"head":[[0.86119,-0.508282,-0.0008,-0.011531],[0.502811,0.852148,-0.144999,0.009226],[0.074382,0.124469,0.989432,0.000918],[0.0,0.0,0.0,1.0]],"antennas":[0.0,1.474919],"body_yaw":-0.137105,"check_collision":false},{"head":[[0.851861,-0.523766,0.001213,-0.011642],[0.517977,0.842098,-0.150237,0.00862],[0.077668,0.128609,0.988649,0.001061],[0.0,0.0,0.0,1.0]],"antennas":[0.0,1.474919],"body_yaw":-0.137105,"check_collision":false},{"head":[[0.843299,-0.53744,0.002276,-0.011874],[0.531148,0.832765,-0.156157,0.008215],[0.08203,0.132895,0.98773,0.001237],[0.0,0.0,0.0,1.0]],"antennas":[0.0,1.474919],"body_yaw":-0.137105,"check_collision":false},{"head":[[0.8355,-0.54949,0.000844,-0.012111],[0.542277,0.824282,-0.162769,0.008065],[0.088744,0.136451,0.986664,0.001357],[0.0,0.0,0.0,1.0]],"antennas":[0.0,1.474919],"body_yaw":-0.137105,"check_collision":false},{"head":[[0.828041,-0.560667,-0.000801,-0.012281],[0.552439,0.816132,-0.169526,0.008032],[0.095701,0.139932,0.985525,0.001496],[0.0,0.0,0.0,1.0]],"antennas":[0.0,1.474919],"body_yaw":-0.137105,"check_collision":false},{"head":[[0.820157,-0.572138,0.00125,-0.012698],[0.563515,0.807414,-0.174741,0.008175],[0.098966,0.144019,0.984614,0.001559],[0.0,0.0,0.0,1.0]],"antennas":[0.0,1.474919],"body_yaw":-0.137105,"check_collision":false},{"head":[[0.808465,-0.588539,0.002296,-0.012709],[0.579045,0.794713,-0.182037,0.00814],[0.105311,0.1485,0.983289,0.001465],[0.0,0.0,0.0,1.0]],"antennas":[0.0,1.474919],"body_yaw":-0.137105,"check_collision":false},{"head":[[0.799011,-0.601292,0.005366,-0.012897],[0.591202,0.783911,-0.189642,0.00804],[0.109824,0.154699,0.981839,0.001368],[0.0,0.0,0.0,1.0]],"antennas":[0.0,1.474919],"body_yaw":-0.137105,"check_collision":false},{"head":[[0.791851,-0.610705,0.003272,-0.013199],[0.599715,0.776567,-0.193093,0.007976],[0.115383,0.154863,0.981175,0.001608],[0.0,0.0,0.0,1.0]],"antennas":[0.0,1.474919],"body_yaw":-0.137105,"check_collision":false},{"head":[[0.785718,-0.618584,0.001221,-0.013797],[0.60677,0.770326,-0.196031,0.008182],[0.120321,0.154766,0.980597,0.001737],[0.0,0.0,0.0,1.0]],"antennas":[0.0,1.474919],"body_yaw":-0.137105,"check_collision":false},{"head":[[0.781504,-0.6239,-0.000293,-0.014052],[0.611279,0.765789,-0.199763,0.007988],[0.124857,0.155936,0.979844,0.001652],[0.0,0.0,0.0,1.0]],"antennas":[0.0,1.474919],"body_yaw":-0.137105,"check_collision":false},{"head":[[0.780665,-0.624949,0.000657,-0.01389],[0.612469,0.764866,-0.199654,0.007695],[0.124271,0.156265,0.979866,0.00151],[0.0,0.0,0.0,1.0]],"antennas":[0.0,1.474919],"body_yaw":-0.137105,"check_collision":false},{"head":[[0.779909,-0.62587,0.005367,-0.013847],[0.614212,0.763676,-0.198853,0.008251],[0.120357,0.158384,0.980015,0.001309],[0.0,0.0,0.0,1.0]],"antennas":[0.0,1.474919],"body_yaw":-0.137105,"check_collision":false},{"head":[[0.779853,-0.62592,0.007346,-0.01399],[0.614465,0.763236,-0.199759,0.00889],[0.119427,0.160296,0.979818,0.001167],[0.0,0.0,0.0,1.0]],"antennas":[0.0,1.474919],"body_yaw":-0.137105,"check_collision":false},{"head":[[0.779742,-0.626065,0.00668,-0.014345],[0.614318,0.762964,-0.201246,0.009241],[0.120897,0.161023,0.979518,0.000909],[0.0,0.0,0.0,1.0]],"antennas":[0.0,1.474919],"body_yaw":-0.137105,"check_collision":false},{"head":[[0.779968,-0.625779,0.007104,-0.014543],[0.614015,0.763013,-0.201981,0.010335],[0.120975,0.161901,0.979364,0.000679],[0.0,0.0,0.0,1.0]],"antennas":[0.0,1.474919],"body_yaw":-0.137105,"check_collision":false},{"head":[[0.781149,-0.6243,0.007466,-0.014477],[0.612626,0.764126,-0.201991,0.010028],[0.120398,0.162359,0.979359,0.000796],[0.0,0.0,0.0,1.0]],"antennas":[0.0,1.474919],"body_yaw":-0.137105,"check_collision":false},{"head":[[0.782597,-0.622484,0.007451,-0.014314],[0.610886,0.765603,-0.201666,0.010073],[0.11983,0.162375,0.979426,0.000736],[0.0,0.0,0.0,1.0]],"antennas":[0.0,1.474919],"body_yaw":-0.137105,"check_collision":false},{"head":[[0.784091,-0.62055,0.010884,-0.01434],[0.609754,0.766943,-0.199996,0.010519],[0.11576,0.163451,0.979736,0.000506],[0.0,0.0,0.0,1.0]],"antennas":[0.0,1.467253],"body_yaw":-0.137105,"check_collision":false},{"head":[[0.785634,-0.618577,0.011936,-0.014406],[0.608172,0.768589,-0.19849,0.011027],[0.113608,0.1632,0.98003,0.000494],[0.0,0.0,0.0,1.0]],"antennas":[0.0,1.428944],"body_yaw":-0.137105,"check_collision":false},{"head":[[0.786794,-0.6171,0.011947,-0.014322],[0.606819,0.769858,-0.197713,0.01112],[0.112811,0.162809,0.980187,0.000534],[0.0,0.0,0.0,1.0]],"antennas":[0.0,1.347475],"body_yaw":-0.137105,"check_collision":false},{"head":[[0.787463,-0.616259,0.011258,-0.014202],[0.60591,0.770632,-0.19748,0.010744],[0.113023,0.16233,0.980242,0.000452],[0.0,0.0,0.0,1.0]],"antennas":[0.0,1.260784],"body_yaw":-0.137105,"check_collision":false},{"head":[[0.787784,-0.615844,0.011528,-0.014196],[0.605522,0.77088,-0.197704,0.010696],[0.112868,0.162729,0.980194,0.000451],[0.0,0.0,0.0,1.0]],"antennas":[0.0,1.17387],"body_yaw":-0.137105,"check_collision":false},{"head":[[0.788355,-0.615079,0.01319,-0.01419],[0.605106,0.771345,-0.197162,0.010986],[0.111096,0.163415,0.980282,0.000335],[0.0,0.0,0.0,1.0]],"antennas":[0.0,1.087324],"body_yaw":-0.137105,"check_collision":false},{"head":[[0.790364,-0.612448,0.015227,-0.01416],[0.602972,0.773256,-0.196214,0.010812],[0.108397,0.164262,0.980443,0.000328],[0.0,0.0,0.0,1.0]],"antennas":[0.0,1.000636],"body_yaw":-0.137105,"check_collision":false},{"head":[[0.794142,-0.607508,0.016533,-0.0142],[0.59863,0.777267,-0.193643,0.010768],[0.104789,0.163677,0.980933,0.000389],[0.0,0.0,0.0,1.0]],"antennas":[0.0,0.913529],"body_yaw":-0.137105,"check_collision":false},{"head":[[0.799393,-0.600551,0.017603,-0.014057],[0.592241,0.782724,-0.191295,0.010571],[0.101104,0.163345,0.981375,0.000458],[0.0,0.0,0.0,1.0]],"antennas":[0.0,0.827212],"body_yaw":-0.137105,"check_collision":false},{"head":[[0.808062,-0.588711,0.02133,-0.013811],[0.581421,0.791183,-0.18968,0.01055],[0.09479,0.165675,0.981614,0.000413],[0.0,0.0,0.0,1.0]],"antennas":[0.0,0.740498],"body_yaw":-0.137105,"check_collision":false},{"head":[[0.824884,-0.564745,0.025091,-0.013336],[0.558835,0.807949,-0.186876,0.010507],[0.085265,0.168172,0.982063,0.00046],[0.0,0.0,0.0,1.0]],"antennas":[0.0,0.654656],"body_yaw":-0.137105,"check_collision":false},{"head":[[0.850082,-0.525526,0.034403,-0.012806],[0.522391,0.833115,-0.181734,0.010392],[0.066844,0.172461,0.982746,0.00063],[0.0,0.0,0.0,1.0]],"antennas":[0.0,0.569917],"body_yaw":-0.137105,"check_collision":false},{"head":[[0.88132,-0.469798,0.05064,-0.012267],[0.470981,0.864752,-0.174299,0.010225],[0.038094,0.177464,0.98339,0.001043],[0.0,0.0,0.0,1.0]],"antennas":[0.0,0.48016],"body_yaw":-0.137105,"check_collision":false},{"head":[[0.909817,-0.411446,0.054274,-0.011423],[0.414332,0.893051,-0.175468,0.009905],[0.023726,0.182131,0.982988,0.001504],[0.0,0.0,0.0,1.0]],"antennas":[0.0,0.393645],"body_yaw":-0.137105,"check_collision":false},{"head":[[0.93505,-0.349733,0.058045,-0.01096],[0.354365,0.917242,-0.181911,0.009838],[0.010379,0.190665,0.9816,0.001804],[0.0,0.0,0.0,1.0]],"antennas":[0.0,0.306673],"body_yaw":-0.137105,"check_collision":false},{"head":[[0.958852,-0.277948,0.057856,-0.010846],[0.283905,0.938912,-0.194529,0.009959],[-0.000253,0.20295,0.979189,0.001879],[0.0,0.0,0.0,1.0]],"antennas":[0.0,0.220225],"body_yaw":-0.137105,"check_collision":false},{"head":[[0.976833,-0.203651,0.065753,-0.010984],[0.212903,0.955911,-0.202255,0.008992],[-0.021665,0.211568,0.977123,0.002007],[0.0,0.0,0.0,1.0]],"antennas":[0.0,0.133341],"body_yaw":-0.137105,"check_collision":false},{"head":[[0.9884,-0.13736,0.064785,-0.011411],[0.148177,0.965729,-0.213098,0.009166],[-0.033293,0.220226,0.974881,0.001971],[0.0,0.0,0.0,1.0]],"antennas":[0.0,0.048161],"body_yaw":-0.137105,"check_collision":false},{"head":[[0.994091,-0.096633,0.049447,-0.011313],[0.105408,0.968144,-0.227127,0.008975],[-0.025924,0.230997,0.972609,0.001966],[0.0,0.0,0.0,1.0]],"antennas":[0.0,0.020133],"body_yaw":-0.137105,"check_collision":false},{"head":[[0.997054,-0.069983,0.031409,-0.011005],[0.075413,0.969218,-0.234371,0.008549],[-0.014041,0.236049,0.97164,0.001965],[0.0,0.0,0.0,1.0]],"antennas":[0.0,0.020133],"body_yaw":-0.137105,"check_collision":false},{"head":[[0.99916,-0.037023,0.017595,-0.010942],[0.040097,0.971916,-0.231887,0.008438],[-0.008515,0.232398,0.972584,0.001842],[0.0,0.0,0.0,1.0]],"antennas":[0.0,0.020133],"body_yaw":-0.137105,"check_collision":false},{"head":[[0.999947,-0.0052,0.00894,-0.01108],[0.007109,0.973424,-0.228899,0.008493],[-0.007512,0.22895,0.973409,0.001582],[0.0,0.0,0.0,1.0]],"antennas":[0.0,0.020133],"body_yaw":-0.137105,"check_collision":false},{"head":[[0.999714,0.023248,0.005612,-0.011474],[-0.021402,0.974372,-0.223923,0.008715],[-0.010674,0.223739,0.974591,0.001294],[0.0,0.0,0.0,1.0]],"antennas":[-0.003935,0.020133],"body_yaw":-0.137105,"check_collision":false},{"head":[[0.998477,0.05484,0.006003,-0.011993],[-0.052256,0.97505,-0.215745,0.008885],[-0.017685,0.215103,0.976431,0.001295],[0.0,0.0,0.0,1.0]],"antennas":[-0.025783,0.020133],"body_yaw":-0.137105,"check_collision":false},{"head":[[0.99606,0.088566,0.004495,-0.012347],[-0.085445,0.97205,-0.218672,0.008921],[-0.023736,0.217427,0.975788,0.001486],[0.0,0.0,0.0,1.0]],"antennas":[-0.06627,0.020133],"body_yaw":-0.137105,"check_collision":false},{"head":[[0.991399,0.130871,-4.6e-05,-0.012705],[-0.1271,0.962753,-0.238648,0.009416],[-0.031188,0.236601,0.971106,0.001727],[0.0,0.0,0.0,1.0]],"antennas":[-0.117678,0.020133],"body_yaw":-0.137105,"check_collision":false},{"head":[[0.985658,0.168638,0.006289,-0.013415],[-0.161848,0.955211,-0.247743,0.009686],[-0.047786,0.243172,0.968805,0.002034],[0.0,0.0,0.0,1.0]],"antennas":[-0.177823,0.020133],"body_yaw":-0.137105,"check_collision":false},{"head":[[0.976749,0.214157,0.009917,-0.014162],[-0.204155,0.943256,-0.261895,0.009496],[-0.065441,0.253781,0.965045,0.002548],[0.0,0.0,0.0,1.0]],"antennas":[-0.246436,0.020133],"body_yaw":-0.137105,"check_collision":false},{"head":[[0.967868,0.251189,0.011622,-0.014664],[-0.239049,0.933464,-0.267397,0.008826],[-0.078016,0.256027,0.963516,0.002714],[0.0,0.0,0.0,1.0]],"antennas":[-0.324301,0.020133],"body_yaw":-0.137105,"check_collision":false},{"head":[[0.95929,0.282058,0.014378,-0.014933],[-0.267508,0.923775,-0.274006,0.008158],[-0.090568,0.259005,0.961621,0.002738],[0.0,0.0,0.0,1.0]],"antennas":[-0.408501,0.020133],"body_yaw":-0.137105,"check_collision":false},{"head":[[0.949485,0.313488,0.014249,-0.015295],[-0.29688,0.912044,-0.282909,0.0077],[-0.101685,0.264388,0.959041,0.002919],[0.0,0.0,0.0,1.0]],"antennas":[-0.494975,0.020133],"body_yaw":-0.137105,"check_collision":false},{"head":[[0.939618,0.342107,0.008977,-0.015741],[-0.325405,0.901251,-0.286107,0.007141],[-0.10597,0.26591,0.958156,0.003351],[0.0,0.0,0.0,1.0]],"antennas":[-0.58227,0.020133],"body_yaw":-0.137105,"check_collision":false},{"head":[[0.929791,0.368086,-0.001091,-0.015911],[-0.353274,0.891536,-0.283482,0.006316],[-0.103373,0.263964,0.958977,0.003541],[0.0,0.0,0.0,1.0]],"antennas":[-0.668816,0.020133],"body_yaw":-0.137105,"check_collision":false},{"head":[[0.919982,0.391699,-0.014284,-0.015707],[-0.380126,0.882728,-0.276216,0.005496],[-0.095585,0.259544,0.960989,0.003404],[0.0,0.0,0.0,1.0]],"antennas":[-0.755563,0.020133],"body_yaw":-0.137105,"check_collision":false},{"head":[[0.904084,0.426552,-0.026189,-0.015144],[-0.417749,0.869181,-0.264593,0.004996],[-0.0901,0.250155,0.964004,0.002936],[0.0,0.0,0.0,1.0]],"antennas":[-0.842501,0.020133],"body_yaw":-0.137105,"check_collision":false},{"head":[[0.886375,0.462109,-0.028177,-0.01496],[-0.454278,0.85639,-0.245414,0.004326],[-0.089277,0.230329,0.969009,0.002463],[0.0,0.0,0.0,1.0]],"antennas":[-0.929314,0.020133],"body_yaw":-0.137105,"check_collision":false},{"head":[[0.87265,0.48695,-0.036913,-0.015235],[-0.481398,0.845067,-0.232632,0.003939],[-0.082086,0.220776,0.971864,0.002473],[0.0,0.0,0.0,1.0]],"antennas":[-1.016142,0.020133],"body_yaw":-0.137105,"check_collision":false},{"head":[[0.860378,0.507449,-0.047372,-0.015283],[-0.50452,0.83486,-0.220156,0.003506],[-0.072169,0.213317,0.974314,0.002767],[0.0,0.0,0.0,1.0]],"antennas":[-1.1023,0.020133],"body_yaw":-0.137105,"check_collision":false},{"head":[[0.844934,0.531989,-0.055437,-0.015126],[-0.530668,0.820814,-0.211321,0.003259],[-0.066917,0.207971,0.975843,0.002444],[0.0,0.0,0.0,1.0]],"antennas":[-1.14438,0.020133],"body_yaw":-0.137105,"check_collision":false},{"head":[[0.829368,0.556188,-0.052954,-0.015124],[-0.554285,0.807212,-0.20292,0.00295],[-0.070117,0.197647,0.977762,0.001792],[0.0,0.0,0.0,1.0]],"antennas":[-1.142853,0.020133],"body_yaw":-0.137105,"check_collision":false},{"head":[[0.813676,0.578563,-0.056535,-0.015128],[-0.577121,0.792306,-0.197948,0.0028],[-0.069733,0.193693,0.978581,0.001034],[0.0,0.0,0.0,1.0]],"antennas":[-1.142853,0.020133],"body_yaw":-0.137105,"check_collision":false},{"head":[[0.789433,0.610574,-0.063201,-0.015261],[-0.609948,0.768692,-0.192552,0.00281],[-0.068986,0.190556,0.979249,0.000224],[0.0,0.0,0.0,1.0]],"antennas":[-1.142853,0.020133],"body_yaw":-0.137105,"check_collision":false},{"head":[[0.766751,0.638908,-0.062362,-0.01535],[-0.638388,0.748684,-0.178698,0.002842],[-0.067482,0.176828,0.981926,-0.000295],[0.0,0.0,0.0,1.0]],"antennas":[-1.142853,0.020133],"body_yaw":-0.137105,"check_collision":false},{"head":[[0.754331,0.653212,-0.06556,-0.015233],[-0.653314,0.737108,-0.172778,0.002816],[-0.064536,0.173163,0.982777,-0.00045],[0.0,0.0,0.0,1.0]],"antennas":[-1.142853,0.020133],"body_yaw":-0.137105,"check_collision":false},{"head":[[0.744403,0.664106,-0.069472,-0.015314],[-0.665054,0.728091,-0.166093,0.002703],[-0.059722,0.169843,0.98366,-0.000329],[0.0,0.0,0.0,1.0]],"antennas":[-1.142853,0.020133],"body_yaw":-0.137105,"check_collision":false},{"head":[[0.729601,0.679755,-0.074936,-0.015519],[-0.68192,0.714863,-0.154779,0.002482],[-0.051643,0.164028,0.985103,-0.000308],[0.0,0.0,0.0,1.0]],"antennas":[-1.142853,0.020133],"body_yaw":-0.137105,"check_collision":false},{"head":[[0.712351,0.697925,-0.073875,-0.015731],[-0.700029,0.69906,-0.145857,0.002182],[-0.050154,0.155616,0.986544,-0.00072],[0.0,0.0,0.0,1.0]],"antennas":[-1.142853,0.020133],"body_yaw":-0.137105,"check_collision":false},{"head":[[0.706141,0.704806,-0.067926,-0.015855],[-0.706141,0.693888,-0.141015,0.001914],[-0.052255,0.147542,0.987674,-0.001327],[0.0,0.0,0.0,1.0]],"antennas":[-1.142853,0.020133],"body_yaw":-0.137105,"check_collision":false},{"head":[[0.706094,0.705217,-0.064032,-0.015828],[-0.706094,0.694361,-0.138903,0.001851],[-0.053496,0.143291,0.988234,-0.001606],[0.0,0.0,0.0,1.0]],"antennas":[-1.142853,0.020133],"body_yaw":-0.137105,"check_collision":false},{"head":[[0.706058,0.705292,-0.063603,-0.015913],[-0.706058,0.694221,-0.139781,0.00188],[-0.054432,0.143601,0.988138,-0.001441],[0.0,0.0,0.0,1.0]],"antennas":[-1.142853,0.020133],"body_yaw":-0.137105,"check_collision":false},{"head":[[0.706034,0.705179,-0.065106,-0.015911],[-0.706034,0.693769,-0.142129,0.001625],[-0.055058,0.146315,0.987705,-0.001208],[0.0,0.0,0.0,1.0]],"antennas":[-1.142853,0.020133],"body_yaw":-0.137105,"check_collision":false},{"head":[[0.706058,0.70496,-0.067186,-0.015612],[-0.706058,0.693496,-0.143341,0.001336],[-0.054457,0.148644,0.98739,-0.001278],[0.0,0.0,0.0,1.0]],"antennas":[-1.142853,0.020133],"body_yaw":-0.137105,"check_collision":false},{"head":[[0.706068,0.704844,-0.068281,-0.015303],[-0.706068,0.69334,-0.144038,0.001162],[-0.054183,0.149911,0.987214,-0.001473],[0.0,0.0,0.0,1.0]],"antennas":[-1.142853,0.020133],"body_yaw":-0.137105,"check_collision":false},{"head":[[0.712759,0.698117,-0.067883,-0.015201],[-0.699239,0.699611,-0.146998,0.001166],[-0.05513,0.152241,0.986805,-0.001425],[0.0,0.0,0.0,1.0]],"antennas":[-1.142853,0.020133],"body_yaw":-0.137105,"check_collision":false},{"head":[[0.723378,0.68736,-0.065273,-0.015263],[-0.687984,0.709576,-0.152249,0.001208],[-0.058333,0.155041,0.986184,-0.001201],[0.0,0.0,0.0,1.0]],"antennas":[-1.142853,0.020133],"body_yaw":-0.137105,"check_collision":false},{"head":[[0.735469,0.674366,-0.065693,-0.015025],[-0.675117,0.721143,-0.155464,0.001073],[-0.057465,0.158689,0.985655,-0.000671],[0.0,0.0,0.0,1.0]],"antennas":[-1.142853,0.020133],"body_yaw":-0.137105,"check_collision":false},{"head":[[0.745511,0.663105,-0.06713,-0.014976],[-0.664028,0.730319,-0.160315,0.001231],[-0.057279,0.164093,0.98478,-0.00052],[0.0,0.0,0.0,1.0]],"antennas":[-1.142853,0.020133],"body_yaw":-0.137105,"check_collision":false},{"head":[[0.751732,0.656087,-0.066707,-0.014922],[-0.656845,0.735886,-0.164397,0.001321],[-0.05877,0.167398,0.984136,-0.000654],[0.0,0.0,0.0,1.0]],"antennas":[-1.142853,0.020133],"body_yaw":-0.137105,"check_collision":false},{"head":[[0.759822,0.646749,-0.06623,-0.014875],[-0.647405,0.743378,-0.168096,0.001274],[-0.059482,0.1706,0.983543,-0.000978],[0.0,0.0,0.0,1.0]],"antennas":[-1.142853,0.020133],"body_yaw":-0.137105,"check_collision":false},{"head":[[0.772263,0.631501,-0.069398,-0.014695],[-0.632731,0.754715,-0.173368,0.001291],[-0.057106,0.177796,0.982409,-0.00107],[0.0,0.0,0.0,1.0]],"antennas":[-1.140874,0.020133],"body_yaw":-0.137105,"check_collision":false},{"head":[[0.780871,0.62084,-0.06927,-0.014623],[-0.622032,0.762527,-0.177843,0.00153],[-0.057592,0.18196,0.981618,-0.000978],[0.0,0.0,0.0,1.0]],"antennas":[-1.125773,0.020133],"body_yaw":-0.137105,"check_collision":false},{"head":[[0.788189,0.611648,-0.068153,-0.014584],[-0.612656,0.769299,-0.181194,0.001927],[-0.058397,0.184569,0.981083,-0.000987],[0.0,0.0,0.0,1.0]],"antennas":[-1.087611,0.020133],"body_yaw":-0.137105,"check_collision":false},{"head":[[0.797719,0.599138,-0.068396,-0.014464],[-0.60041,0.778569,-0.182588,0.002284],[-0.056145,0.186719,0.980808,-0.001002],[0.0,0.0,0.0,1.0]],"antennas":[-1.016856,0.020133],"body_yaw":-0.137105,"check_collision":false},{"head":[[0.812154,0.579556,-0.067238,-0.014312],[-0.581046,0.792991,-0.183167,0.00239],[-0.052836,0.187828,0.98078,-0.000757],[0.0,0.0,0.0,1.0]],"antennas":[-0.93004,0.020133],"body_yaw":-0.137105,"check_collision":false},{"head":[[0.831578,0.551358,-0.066953,-0.014321],[-0.553282,0.811814,-0.186647,0.001755],[-0.048556,0.192255,0.980143,-0.000115],[0.0,0.0,0.0,1.0]],"antennas":[-0.843021,0.020133],"body_yaw":-0.137105,"check_collision":false},{"head":[[0.849283,0.524096,-0.063574,-0.01461],[-0.525926,0.829388,-0.188461,0.001799],[-0.046044,0.193492,0.980021,0.00012],[0.0,0.0,0.0,1.0]],"antennas":[-0.756259,0.020133],"body_yaw":-0.137105,"check_collision":false},{"head":[[0.86223,0.503325,-0.056783,-0.015034],[-0.504099,0.841762,-0.193184,0.002075],[-0.049436,0.195193,0.979518,0.000172],[0.0,0.0,0.0,1.0]],"antennas":[-0.669473,0.020133],"body_yaw":-0.137105,"check_collision":false},{"head":[[0.879205,0.474085,-0.047354,-0.015357],[-0.473513,0.85846,-0.19706,0.002589],[-0.052772,0.195679,0.979247,0.00065],[0.0,0.0,0.0,1.0]],"antennas":[-0.583856,0.020133],"body_yaw":-0.137105,"check_collision":false},{"head":[[0.900966,0.43319,-0.024613,-0.015438],[-0.429206,0.881494,-0.196851,0.002959],[-0.063577,0.18792,0.980124,0.000924],[0.0,0.0,0.0,1.0]],"antennas":[-0.496631,0.020133],"body_yaw":-0.137105,"check_collision":false},{"head":[[0.922394,0.385905,-0.016365,-0.015488],[-0.381632,0.904011,-0.192668,0.003102],[-0.059557,0.183961,0.981128,0.000846],[0.0,0.0,0.0,1.0]],"antennas":[-0.409539,0.020133],"body_yaw":-0.137105,"check_collision":false},{"head":[[0.939461,0.342102,-0.019476,-0.015963],[-0.339107,0.920068,-0.196168,0.002777],[-0.04919,0.190897,0.980377,0.000363],[0.0,0.0,0.0,1.0]],"antennas":[-0.323046,0.020133],"body_yaw":-0.137105,"check_collision":false},{"head":[[0.954896,0.294445,-0.038407,-0.016538],[-0.296101,0.934487,-0.197634,0.002452],[-0.022302,0.200092,0.979523,0.000311],[0.0,0.0,0.0,1.0]],"antennas":[-0.236716,0.020133],"body_yaw":-0.137105,"check_collision":false},{"head":[[0.968336,0.241226,-0.064302,-0.016177],[-0.249303,0.947922,-0.198223,0.001848],[0.013137,0.207977,0.978045,-0.000182],[0.0,0.0,0.0,1.0]],"antennas":[-0.170582,0.020133],"body_yaw":-0.137105,"check_collision":false},{"head":[[0.977514,0.202245,-0.059694,-0.016026],[-0.210104,0.958232,-0.194032,0.001456],[0.017959,0.202211,0.979177,-0.001107],[0.0,0.0,0.0,1.0]],"antennas":[-0.155748,0.020133],"body_yaw":-0.137105,"check_collision":false},{"head":[[0.984356,0.171112,-0.041997,-0.016534],[-0.176015,0.965655,-0.191125,0.00215],[0.00785,0.195527,0.980667,-0.00165],[0.0,0.0,0.0,1.0]],"antennas":[-0.155748,0.020133],"body_yaw":-0.137105,"check_collision":false},{"head":[[0.98926,0.141266,-0.037522,-0.016865],[-0.145923,0.969282,-0.197987,0.003163],[0.008401,0.201336,0.979486,-0.001272],[0.0,0.0,0.0,1.0]],"antennas":[-0.155748,0.020133],"body_yaw":-0.137105,"check_collision":false},{"head":[[0.991683,0.122274,-0.040175,-0.016719],[-0.12786,0.971652,-0.198857,0.003621],[0.014721,0.20234,0.979205,-0.001105],[0.0,0.0,0.0,1.0]],"antennas":[-0.155748,0.020133],"body_yaw":-0.137105,"check_collision":false},{"head":[[0.99403,0.098837,-0.046222,-0.016291],[-0.106188,0.973705,-0.201552,0.004031],[0.025086,0.205257,0.978387,-0.001169],[0.0,0.0,0.0,1.0]],"antennas":[-0.155748,0.020133],"body_yaw":-0.137105,"check_collision":false},{"head":[[0.996428,0.067506,-0.050738,-0.015693],[-0.076364,0.976801,-0.200069,0.004206],[0.036055,0.203229,0.978467,-0.001145],[0.0,0.0,0.0,1.0]],"antennas":[-0.155748,0.020133],"body_yaw":-0.137105,"check_collision":false},{"head":[[0.998476,0.034094,-0.043401,-0.015667],[-0.042333,0.977656,-0.205904,0.004831],[0.035411,0.207427,0.977609,-0.001188],[0.0,0.0,0.0,1.0]],"antennas":[-0.155748,0.020133],"body_yaw":-0.137105,"check_collision":false},{"head":[[0.999134,0.008239,-0.040774,-0.015815],[-0.016603,0.977715,-0.209279,0.005295],[0.038141,0.209775,0.977006,-0.000982],[0.0,0.0,0.0,1.0]],"antennas":[-0.155748,0.020133],"body_yaw":-0.137105,"check_collision":false},{"head":[[0.999072,-0.009018,-0.042127,-0.015715],[7.1e-05,0.97819,-0.207711,0.005713],[0.043082,0.207515,0.977283,-0.000872],[0.0,0.0,0.0,1.0]],"antennas":[-0.155748,0.020133],"body_yaw":-0.137105,"check_collision":false},{"head":[[0.998613,-0.031825,-0.041943,-0.01545],[0.022306,0.977338,-0.210505,0.006425],[0.047692,0.209277,0.976693,-0.000877],[0.0,0.0,0.0,1.0]],"antennas":[-0.155748,0.020133],"body_yaw":-0.137105,"check_collision":false},{"head":[[0.997432,-0.057997,-0.04202,-0.014881],[0.047675,0.975506,-0.214745,0.006699],[0.053445,0.21219,0.975766,-0.001055],[0.0,0.0,0.0,1.0]],"antennas":[-0.155748,0.020133],"body_yaw":-0.137105,"check_collision":false},{"head":[[0.996378,-0.073072,-0.043481,-0.014606],[0.062229,0.97512,-0.212763,0.006792],[0.057947,0.209287,0.976136,-0.000892],[0.0,0.0,0.0,1.0]],"antennas":[-0.155748,0.020133],"body_yaw":-0.137105,"check_collision":false},{"head":[[0.995246,-0.086865,-0.044038,-0.014145],[0.075765,0.974692,-0.210322,0.006914],[0.061193,0.205985,0.97664,-0.000802],[0.0,0.0,0.0,1.0]],"antennas":[-0.155748,0.020133],"body_yaw":-0.137105,"check_collision":false},{"head":[[0.994093,-0.100198,-0.041706,-0.01356],[0.089235,0.973321,-0.211386,0.006804],[0.061774,0.206415,0.976513,-0.000367],[0.0,0.0,0.0,1.0]],"antennas":[-0.155748,0.020133],"body_yaw":-0.137105,"check_collision":false},{"head":[[0.993542,-0.108393,-0.033551,-0.013156],[0.099024,0.972672,-0.210009,0.006479],[0.055398,0.205331,0.977124,-0.000474],[0.0,0.0,0.0,1.0]],"antennas":[-0.155748,0.020133],"body_yaw":-0.137105,"check_collision":false},{"head":[[0.994095,-0.105102,-0.027,-0.012634],[0.097179,0.972972,-0.209479,0.006099],[0.048287,0.205618,0.97744,-0.000951],[0.0,0.0,0.0,1.0]],"antennas":[-0.155748,0.020133],"body_yaw":-0.137105,"check_collision":false},{"head":[[0.996021,-0.085204,-0.026129,-0.012086],[0.077657,0.973608,-0.214607,0.005844],[0.043725,0.211724,0.976351,-0.001211],[0.0,0.0,0.0,1.0]],"antennas":[-0.155748,0.020133],"body_yaw":-0.137105,"check_collision":false},{"head":[[0.998694,-0.04301,-0.027592,-0.011586],[0.03569,0.973536,-0.225731,0.005766],[0.03657,0.224452,0.973799,-0.001606],[0.0,0.0,0.0,1.0]],"antennas":[-0.155748,0.020133],"body_yaw":-0.137105,"check_collision":false},{"head":[[0.999548,0.024737,-0.017064,-0.011407],[-0.028156,0.96935,-0.244066,0.00538],[0.010504,0.244436,0.969608,-0.002212],[0.0,0.0,0.0,1.0]],"antennas":[-0.148425,0.012313],"body_yaw":-0.137105,"check_collision":false},{"head":[[0.995169,0.098164,-0.001757,-0.011753],[-0.095448,0.963128,-0.251545,0.004634],[-0.023001,0.250498,0.967844,-0.002739],[0.0,0.0,0.0,1.0]],"antennas":[-0.113741,-0.014026],"body_yaw":-0.137105,"check_collision":false},{"head":[[0.987276,0.158947,0.004644,-0.012047],[-0.152346,0.953834,-0.258826,0.003686],[-0.04557,0.254825,0.965913,-0.002874],[0.0,0.0,0.0,1.0]],"antennas":[-0.056297,-0.055879],"body_yaw":-0.137105,"check_collision":false},{"head":[[0.981819,0.18982,3e-06,-0.011885],[-0.182718,0.945089,-0.270964,0.003035],[-0.051437,0.266037,0.962589,-0.003087],[0.0,0.0,0.0,1.0]],"antennas":[0.013524,-0.1118],"body_yaw":-0.137105,"check_collision":false},{"head":[[0.976344,0.215938,-0.011074,-0.011567],[-0.21059,0.938054,-0.275148,0.002365],[-0.049027,0.270971,0.961338,-0.003383],[0.0,0.0,0.0,1.0]],"antennas":[0.088012,-0.183242],"body_yaw":-0.137105,"check_collision":false},{"head":[[0.970807,0.238584,-0.024711,-0.011454],[-0.235966,0.931476,-0.276898,0.001864],[-0.043046,0.274645,0.960582,-0.003665],[0.0,0.0,0.0,1.0]],"antennas":[0.164776,-0.268494],"body_yaw":-0.137105,"check_collision":false},{"head":[[0.963391,0.266022,-0.033312,-0.011657],[-0.264552,0.923133,-0.278993,0.001641],[-0.043467,0.277592,0.959715,-0.004083],[0.0,0.0,0.0,1.0]],"antennas":[0.241495,-0.354686],"body_yaw":-0.137105,"check_collision":false},{"head":[[0.952161,0.303465,-0.036038,-0.01194],[-0.301026,0.911051,-0.281725,0.00115],[-0.052661,0.279096,0.958818,-0.004743],[0.0,0.0,0.0,1.0]],"antennas":[0.31885,-0.441585],"body_yaw":-0.137105,"check_collision":false},{"head":[[0.940637,0.338013,-0.030814,-0.012121],[-0.333043,0.901659,-0.27585,0.00038],[-0.065457,0.269737,0.960707,-0.005555],[0.0,0.0,0.0,1.0]],"antennas":[0.395987,-0.528239],"body_yaw":-0.137105,"check_collision":false},{"head":[[0.936386,0.349713,-0.029706,-0.012062],[-0.343824,0.89703,-0.277709,-0.00028],[-0.070472,0.270257,0.960206,-0.005615],[0.0,0.0,0.0,1.0]],"antennas":[0.473001,-0.614755],"body_yaw":-0.137105,"check_collision":false},{"head":[[0.935673,0.351343,-0.032778,-0.011951],[-0.345603,0.89369,-0.286143,-0.000374],[-0.071241,0.279064,0.957626,-0.005767],[0.0,0.0,0.0,1.0]],"antennas":[0.550392,-0.701695],"body_yaw":-0.137105,"check_collision":false},{"head":[[0.933149,0.358276,-0.029522,-0.012011],[-0.351369,0.891631,-0.285543,-0.000441],[-0.07598,0.276827,0.957911,-0.006265],[0.0,0.0,0.0,1.0]],"antennas":[0.618378,-0.782464],"body_yaw":-0.137105,"check_collision":false},{"head":[[0.931217,0.363472,-0.026879,-0.012284],[-0.355748,0.89044,-0.28383,-0.000646],[-0.07923,0.27387,0.958498,-0.006388],[0.0,0.0,0.0,1.0]],"antennas":[0.645364,-0.796068],"body_yaw":-0.137105,"check_collision":false},{"head":[[0.930552,0.365084,-0.028034,-0.012585],[-0.35739,0.888946,-0.286439,-0.000765],[-0.079653,0.276566,0.957688,-0.006195],[0.0,0.0,0.0,1.0]],"antennas":[0.645364,-0.796068],"body_yaw":-0.137105,"check_collision":false},{"head":[[0.929984,0.366664,-0.026224,-0.012734],[-0.358092,0.887502,-0.290018,-0.000803],[-0.083065,0.279103,0.956662,-0.006314],[0.0,0.0,0.0,1.0]],"antennas":[0.645364,-0.796068],"body_yaw":-0.137105,"check_collision":false},{"head":[[0.928827,0.369677,-0.024881,-0.012843],[-0.360611,0.886539,-0.289843,-0.000944],[-0.085091,0.278187,0.956751,-0.006579],[0.0,0.0,0.0,1.0]],"antennas":[0.645364,-0.796068],"body_yaw":-0.137105,"check_collision":false},{"head":[[0.933015,0.359014,-0.024344,-0.012797],[-0.350204,0.890404,-0.290754,-0.001047],[-0.082709,0.2