{"description":"When you don\u2019t want to talk to someone anymore maybe because they hurt your feelings or said something mean.","time":[0.0,0.02,0.04,0.06,0.08,0.1,0.12,0.14,0.16,0.18,0.2,0.22,0.24,0.26,0.28,0.3,0.32,0.34,0.36,0.38,0.4,0.42,0.44,0.46,0.48,0.5,0.52,0.54,0.56,0.58,0.6,0.62,0.64,0.66,0.68,0.7,0.72,0.74,0.76,0.78,0.8,0.82,0.84,0.86,0.88,0.9,0.92,0.94,0.96,0.98,1.0,1.02,1.04,1.06,1.08,1.1,1.12,1.14,1.16,1.18,1.2,1.22,1.24,1.26,1.28,1.3,1.32,1.34,1.36,1.38,1.4,1.42,1.44,1.46,1.48,1.5,1.52,1.54,1.56,1.58,1.6,1.62,1.64,1.66,1.68,1.7,1.72,1.74,1.76,1.78,1.8,1.82,1.84,1.86,1.88,1.9,1.92,1.94,1.96,1.98,2.0,2.02,2.04,2.06,2.08,2.1,2.12,2.14,2.16,2.18,2.2,2.22,2.24,2.26,2.28,2.3,2.32,2.34,2.36,2.38,2.4,2.42,2.44,2.46,2.48,2.5,2.52,2.54,2.56,2.58,2.6,2.62,2.64,2.66,2.68,2.7,2.72,2.74,2.76,2.78,2.8,2.82,2.84,2.86,2.88,2.9,2.92,2.94,2.96,2.98,3.0,3.02,3.04,3.06,3.08,3.1,3.12,3.14,3.16,3.18,3.2,3.22,3.24,3.26,3.28,3.3,3.32,3.34,3.36,3.38,3.4,3.42,3.44,3.46,3.48,3.5,3.52,3.54,3.56,3.58,3.6,3.62,3.64,3.66,3.68,3.7,3.72,3.74,3.76,3.78,3.8,3.82,3.84,3.86,3.88,3.9,3.92,3.94,3.96,3.98,4.0,4.02,4.04,4.06,4.08,4.1,4.12,4.14,4.16,4.18,4.2,4.22,4.24,4.26,4.28,4.3,4.32,4.34,4.36,4.38,4.4,4.42,4.44,4.46,4.48,4.5,4.52,4.54,4.56,4.58,4.6,4.62,4.64,4.66,4.68,4.7,4.72,4.74,4.76,4.78,4.8,4.82,4.84],"set_target_data":[{"head":[[0.997409,0.07147,0.008256,-0.025925],[-0.070517,0.9939,-0.084794,0.001128],[-0.014266,0.083992,0.996364,-0.000753],[0.0,0.0,0.0,1.0]],"antennas":[-0.202971,0.319576],"body_yaw":-0.137105,"check_collision":false},{"head":[[0.997807,0.066074,0.003826,-0.025803],[-0.065518,0.994288,-0.084252,0.000755],[-0.009371,0.083816,0.996437,-0.000863],[0.0,0.0,0.0,1.0]],"antennas":[-0.202971,0.319576],"body_yaw":-0.137105,"check_collision":false},{"head":[[0.998039,0.062599,0.000315,-0.025768],[-0.06235,0.994495,-0.084216,0.000627],[-0.005586,0.084031,0.996447,-0.001009],[0.0,0.0,0.0,1.0]],"antennas":[-0.202971,0.319576],"body_yaw":-0.137105,"check_collision":false},{"head":[[0.998193,0.060053,-0.002154,-0.025838],[-0.060021,0.994652,-0.084058,0.000564],[-0.002905,0.084036,0.996459,-0.001091],[0.0,0.0,0.0,1.0]],"antennas":[-0.202971,0.319576],"body_yaw":-0.137105,"check_collision":false},{"head":[[0.998317,0.057836,-0.00423,-0.0259],[-0.057987,0.994835,-0.083312,0.000519],[-0.00061,0.083417,0.996515,-0.001045],[0.0,0.0,0.0,1.0]],"antennas":[-0.202971,0.319576],"body_yaw":-0.137105,"check_collision":false},{"head":[[0.998487,0.054575,-0.00672,-0.025919],[-0.054944,0.995054,-0.082755,0.000556],[0.00217,0.082999,0.996547,-0.001154],[0.0,0.0,0.0,1.0]],"antennas":[-0.202971,0.319576],"body_yaw":-0.137105,"check_collision":false},{"head":[[0.998565,0.052986,-0.007755,-0.025897],[-0.053445,0.99517,-0.082343,0.00058],[0.003354,0.082639,0.996574,-0.00115],[0.0,0.0,0.0,1.0]],"antennas":[-0.202971,0.319576],"body_yaw":-0.137105,"check_collision":false},{"head":[[0.998612,0.051916,-0.008898,-0.025986],[-0.052478,0.995151,-0.083191,0.0005],[0.004536,0.083543,0.996494,-0.001038],[0.0,0.0,0.0,1.0]],"antennas":[-0.202971,0.319576],"body_yaw":-0.137105,"check_collision":false},{"head":[[0.998653,0.050917,-0.009958,-0.026046],[-0.051575,0.995124,-0.08407,0.00046],[0.005629,0.084471,0.99641,-0.001125],[0.0,0.0,0.0,1.0]],"antennas":[-0.202971,0.319576],"body_yaw":-0.137105,"check_collision":false},{"head":[[0.9987,0.049984,-0.010027,-0.025996],[-0.050653,0.995151,-0.084313,0.00032],[0.005764,0.084712,0.996389,-0.001195],[0.0,0.0,0.0,1.0]],"antennas":[-0.202971,0.319576],"body_yaw":-0.137105,"check_collision":false},{"head":[[0.998716,0.04972,-0.009716,-0.025916],[-0.050363,0.995168,-0.084283,0.000289],[0.005479,0.084664,0.996395,-0.001177],[0.0,0.0,0.0,1.0]],"antennas":[-0.202971,0.319576],"body_yaw":-0.137105,"check_collision":false},{"head":[[0.998734,0.049353,-0.009735,-0.025813],[-0.050001,0.995157,-0.08463,0.000382],[0.005511,0.08501,0.996365,-0.001181],[0.0,0.0,0.0,1.0]],"antennas":[-0.202971,0.319576],"body_yaw":-0.137105,"check_collision":false},{"head":[[0.998738,0.049272,-0.009682,-0.025961],[-0.049915,0.995166,-0.084578,0.000275],[0.005468,0.084955,0.99637,-0.001109],[0.0,0.0,0.0,1.0]],"antennas":[-0.202971,0.319576],"body_yaw":-0.137105,"check_collision":false},{"head":[[0.998734,0.049519,-0.00883,-0.026044],[-0.050091,0.995141,-0.084765,0.0003],[0.004589,0.0851,0.996362,-0.001316],[0.0,0.0,0.0,1.0]],"antennas":[-0.202971,0.319576],"body_yaw":-0.137105,"check_collision":false},{"head":[[0.998738,0.049539,-0.008249,-0.025903],[-0.050061,0.99513,-0.084916,0.000251],[0.004002,0.085222,0.996354,-0.001146],[0.0,0.0,0.0,1.0]],"antennas":[-0.202971,0.319576],"body_yaw":-0.137105,"check_collision":false},{"head":[[0.998751,0.049327,-0.007967,-0.025761],[-0.049827,0.995106,-0.085328,0.000351],[0.003719,0.085618,0.996321,-0.001081],[0.0,0.0,0.0,1.0]],"antennas":[-0.202971,0.319576],"body_yaw":-0.137105,"check_collision":false},{"head":[[0.998754,0.049375,-0.007195,-0.025824],[-0.049809,0.995105,-0.085348,0.000271],[0.002945,0.0856,0.996325,-0.001077],[0.0,0.0,0.0,1.0]],"antennas":[-0.202971,0.319576],"body_yaw":-0.137105,"check_collision":false},{"head":[[0.998762,0.049378,-0.006052,-0.025986],[-0.049716,0.99508,-0.085698,0.00027],[0.001791,0.085893,0.996303,-0.001194],[0.0,0.0,0.0,1.0]],"antennas":[-0.202971,0.319576],"body_yaw":-0.137105,"check_collision":false},{"head":[[0.998753,0.049748,-0.004141,-0.025954],[-0.04992,0.995026,-0.086209,0.000179],[-0.000168,0.086308,0.996268,-0.001133],[0.0,0.0,0.0,1.0]],"antennas":[-0.202971,0.319576],"body_yaw":-0.137105,"check_collision":false},{"head":[[0.998739,0.050138,-0.002728,-0.025913],[-0.050186,0.994955,-0.086863,0.000207],[-0.001641,0.08689,0.996217,-0.00105],[0.0,0.0,0.0,1.0]],"antennas":[-0.202971,0.319576],"body_yaw":-0.137105,"check_collision":false},{"head":[[0.998717,0.05063,-0.001198,-0.026047],[-0.050539,0.994822,-0.08818,0.000536],[-0.003272,0.088127,0.996104,-0.001171],[0.0,0.0,0.0,1.0]],"antennas":[-0.202971,0.319576],"body_yaw":-0.137105,"check_collision":false},{"head":[[0.998659,0.051753,0.001619,-0.026268],[-0.051401,0.994664,-0.089446,0.000748],[-0.006239,0.089243,0.99599,-0.001305],[0.0,0.0,0.0,1.0]],"antennas":[-0.202971,0.319576],"body_yaw":-0.137105,"check_collision":false},{"head":[[0.998581,0.053026,0.004835,-0.026413],[-0.052366,0.994463,-0.091106,0.000847],[-0.009639,0.090724,0.995829,-0.001421],[0.0,0.0,0.0,1.0]],"antennas":[-0.202971,0.319576],"body_yaw":-0.137105,"check_collision":false},{"head":[[0.998509,0.053986,0.008103,-0.026441],[-0.052993,0.9942,-0.093588,0.00103],[-0.013108,0.093019,0.995578,-0.001482],[0.0,0.0,0.0,1.0]],"antennas":[-0.202971,0.319576],"body_yaw":-0.137105,"check_collision":false},{"head":[[0.998446,0.054508,0.011616,-0.026576],[-0.053155,0.99401,-0.095493,0.001091],[-0.016752,0.094727,0.995362,-0.001454],[0.0,0.0,0.0,1.0]],"antennas":[-0.202971,0.319576],"body_yaw":-0.137105,"check_collision":false},{"head":[[0.998351,0.055074,0.016215,-0.026875],[-0.053202,0.993641,-0.099233,0.001168],[-0.021577,0.098207,0.994932,-0.001597],[0.0,0.0,0.0,1.0]],"antennas":[-0.202971,0.319576],"body_yaw":-0.137105,"check_collision":false},{"head":[[0.998222,0.055329,0.022168,-0.027104],[-0.052745,0.993196,-0.103824,0.001308],[-0.027762,0.10247,0.994349,-0.001748],[0.0,0.0,0.0,1.0]],"antennas":[-0.202971,0.319576],"body_yaw":-0.137105,"check_collision":false},{"head":[[0.998081,0.05505,0.028368,-0.027278],[-0.051737,0.992955,-0.106601,0.001417],[-0.034036,0.104929,0.993897,-0.001868],[0.0,0.0,0.0,1.0]],"antennas":[-0.202971,0.319576],"body_yaw":-0.137105,"check_collision":false},{"head":[[0.997856,0.055016,0.035459,-0.027592],[-0.050824,0.992643,-0.109896,0.00148],[-0.041244,0.107859,0.99331,-0.001952],[0.0,0.0,0.0,1.0]],"antennas":[-0.202971,0.319576],"body_yaw":-0.137105,"check_collision":false},{"head":[[0.997613,0.055009,0.041734,-0.027941],[-0.049989,0.992332,-0.113038,0.00149],[-0.047632,0.110682,0.992714,-0.002157],[0.0,0.0,0.0,1.0]],"antennas":[-0.202971,0.319576],"body_yaw":-0.137105,"check_collision":false},{"head":[[0.997398,0.054453,0.047254,-0.028045],[-0.048627,0.991975,-0.11671,0.00147],[-0.05323,0.114108,0.992041,-0.002301],[0.0,0.0,0.0,1.0]],"antennas":[-0.202971,0.323604],"body_yaw":-0.137105,"check_collision":false},{"head":[[0.996951,0.055083,0.055271,-0.028136],[-0.048026,0.991397,-0.121757,0.001423],[-0.061502,0.118731,0.99102,-0.002538],[0.0,0.0,0.0,1.0]],"antennas":[-0.202971,0.346661],"body_yaw":-0.137105,"check_collision":false},{"head":[[0.99607,0.057495,0.067369,-0.028446],[-0.048512,0.990571,-0.128125,0.001529],[-0.0741,0.124353,0.989467,-0.002863],[0.0,0.0,0.0,1.0]],"antennas":[-0.202971,0.387811],"body_yaw":-0.137105,"check_collision":false},{"head":[[0.995182,0.059653,0.077808,-0.028782],[-0.048886,0.989828,-0.13361,0.001876],[-0.084987,0.129162,0.987975,-0.003319],[0.0,0.0,0.0,1.0]],"antennas":[-0.202971,0.443928],"body_yaw":-0.137105,"check_collision":false},{"head":[[0.994658,0.060853,0.083378,-0.028932],[-0.049271,0.989684,-0.134531,0.001887],[-0.090704,0.129705,0.987395,-0.003362],[0.0,0.0,0.0,1.0]],"antennas":[-0.202971,0.509967],"body_yaw":-0.137105,"check_collision":false},{"head":[[0.994181,0.062053,0.088058,-0.028968],[-0.049887,0.989699,-0.134194,0.00197],[-0.095478,0.12902,0.987035,-0.003322],[0.0,0.0,0.0,1.0]],"antennas":[-0.202971,0.583389],"body_yaw":-0.137105,"check_collision":false},{"head":[[0.993754,0.063125,0.092021,-0.029046],[-0.050364,0.989572,-0.134949,0.00207],[-0.09958,0.129472,0.98657,-0.003468],[0.0,0.0,0.0,1.0]],"antennas":[-0.202971,0.662726],"body_yaw":-0.137105,"check_collision":false},{"head":[[0.993491,0.063388,0.09464,-0.029236],[-0.050197,0.989467,-0.135778,0.002119],[-0.10225,0.130144,0.986209,-0.003492],[0.0,0.0,0.0,1.0]],"antennas":[-0.202971,0.745518],"body_yaw":-0.137105,"check_collision":false},{"head":[[0.993154,0.063746,0.097881,-0.029316],[-0.049938,0.989235,-0.137549,0.002123],[-0.105595,0.13172,0.985647,-0.00358],[0.0,0.0,0.0,1.0]],"antennas":[-0.202971,0.829418],"body_yaw":-0.137105,"check_collision":false},{"head":[[0.992708,0.064786,0.10165,-0.02934],[-0.050213,0.988893,-0.139888,0.001925],[-0.109584,0.133764,0.984936,-0.003589],[0.0,0.0,0.0,1.0]],"antennas":[-0.202971,0.913101],"body_yaw":-0.137105,"check_collision":false},{"head":[[0.992079,0.066373,0.106647,-0.029548],[-0.050858,0.988542,-0.142122,0.001811],[-0.114858,0.135573,0.984087,-0.003719],[0.0,0.0,0.0,1.0]],"antennas":[-0.202971,0.996709],"body_yaw":-0.137105,"check_collision":false},{"head":[[0.991426,0.067635,0.111805,-0.02975],[-0.051191,0.988266,-0.143908,0.001969],[-0.120227,0.136951,0.983255,-0.003917],[0.0,0.0,0.0,1.0]],"antennas":[-0.202971,1.080285],"body_yaw":-0.137105,"check_collision":false},{"head":[[0.990583,0.069268,0.118099,-0.029924],[-0.051537,0.987782,-0.147076,0.002],[-0.126844,0.139604,0.98205,-0.004007],[0.0,0.0,0.0,1.0]],"antennas":[-0.202971,1.164044],"body_yaw":-0.137105,"check_collision":false},{"head":[[0.98924,0.071672,0.127541,-0.03],[-0.051941,0.987044,-0.151807,0.002298],[-0.136769,0.143549,0.980147,-0.004324],[0.0,0.0,0.0,1.0]],"antennas":[-0.202971,1.248124],"body_yaw":-0.137105,"check_collision":false},{"head":[[0.987347,0.074582,0.13994,-0.03],[-0.052225,0.986197,-0.157127,0.002443],[-0.149728,0.14783,0.977613,-0.004458],[0.0,0.0,0.0,1.0]],"antennas":[-0.202971,1.331683],"body_yaw":-0.137105,"check_collision":false},{"head":[[0.984907,0.078332,0.154346,-0.03],[-0.052933,0.985323,-0.162286,0.002681],[-0.164793,0.151666,0.974598,-0.00477],[0.0,0.0,0.0,1.0]],"antennas":[-0.202971,1.415478],"body_yaw":-0.137105,"check_collision":false},{"head":[[0.982124,0.081905,0.169484,-0.03],[-0.0536,0.984784,-0.165311,0.002656],[-0.180445,0.153272,0.97157,-0.005191],[0.0,0.0,0.0,1.0]],"antennas":[-0.202971,1.499819],"body_yaw":-0.137105,"check_collision":false},{"head":[[0.979263,0.085106,0.183849,-0.03],[-0.053954,0.984267,-0.168247,0.002705],[-0.195276,0.154839,0.968448,-0.005581],[0.0,0.0,0.0,1.0]],"antennas":[-0.202971,1.584029],"body_yaw":-0.137105,"check_collision":false},{"head":[[0.977102,0.08663,0.19434,-0.03],[-0.053386,0.983962,-0.1702,0.002773],[-0.205967,0.155928,0.966056,-0.005889],[0.0,0.0,0.0,1.0]],"antennas":[-0.202971,1.667766],"body_yaw":-0.137105,"check_collision":false},{"head":[[0.974725,0.087281,0.205654,-0.03],[-0.051689,0.983656,-0.17248,0.002861],[-0.217347,0.157491,0.963305,-0.006392],[0.0,0.0,0.0,1.0]],"antennas":[-0.202971,1.7513],"body_yaw":-0.137105,"check_collision":false},{"head":[[0.970077,0.088321,0.226162,-0.03],[-0.048715,0.98335,-0.175068,0.0032],[-0.237859,0.158813,0.958228,-0.007068],[0.0,0.0,0.0,1.0]],"antennas":[-0.202971,1.830971],"body_yaw":-0.137105,"check_collision":false},{"head":[[0.963122,0.089222,0.253843,-0.03],[-0.043981,0.982936,-0.178615,0.003611],[-0.265448,0.160863,0.950611,-0.007764],[0.0,0.0,0.0,1.0]],"antennas":[-0.202971,1.853972],"body_yaw":-0.137105,"check_collision":false},{"head":[[0.957586,0.088399,0.274253,-0.03],[-0.03888,0.982714,-0.181001,0.004232],[-0.285513,0.162661,0.94447,-0.00824],[0.0,0.0,0.0,1.0]],"antennas":[-0.202971,1.853972],"body_yaw":-0.137105,"check_collision":false},{"head":[[0.954365,0.087712,0.285472,-0.03],[-0.035283,0.982318,-0.183863,0.004393],[-0.296551,0.1654,0.940585,-0.008381],[0.0,0.0,0.0,1.0]],"antennas":[-0.202971,1.853972],"body_yaw":-0.137105,"check_collision":false},{"head":[[0.951885,0.088083,0.293522,-0.03],[-0.033013,0.981703,-0.187537,0.004463],[-0.304671,0.168824,0.937376,-0.008623],[0.0,0.0,0.0,1.0]],"antennas":[-0.202971,1.853972],"body_yaw":-0.137105,"check_collision":false},{"head":[[0.949552,0.089075,0.300692,-0.03],[-0.032129,0.981401,-0.189262,0.004628],[-0.311958,0.170054,0.934753,-0.009071],[0.0,0.0,0.0,1.0]],"antennas":[-0.202971,1.853972],"body_yaw":-0.137105,"check_collision":false},{"head":[[0.947017,0.089376,0.308498,-0.03],[-0.031114,0.981514,-0.188845,0.004381],[-0.319673,0.169241,0.932291,-0.009439],[0.0,0.0,0.0,1.0]],"antennas":[-0.202971,1.853972],"body_yaw":-0.137105,"check_collision":false},{"head":[[0.942323,0.086355,0.323372,-0.03],[-0.025775,0.981997,-0.187129,0.004193],[-0.33371,0.168001,0.927585,-0.010099],[0.0,0.0,0.0,1.0]],"antennas":[-0.202971,1.853972],"body_yaw":-0.137105,"check_collision":false},{"head":[[0.937177,0.082709,0.338907,-0.03],[-0.020131,0.982691,-0.184155,0.004155],[-0.348272,0.165763,0.922621,-0.01047],[0.0,0.0,0.0,1.0]],"antennas":[-0.202971,1.853972],"body_yaw":-0.137105,"check_collision":false},{"head":[[0.937677,0.074403,0.33945,-0.03],[-0.012117,0.983217,-0.182038,0.004413],[-0.347297,0.16658,0.922841,-0.010678],[0.0,0.0,0.0,1.0]],"antennas":[-0.202971,1.853972],"body_yaw":-0.137105,"check_collision":false},{"head":[[0.946927,0.06235,0.315343,-0.029829],[-0.004225,0.983338,-0.18174,0.004151],[-0.321421,0.170762,0.931412,-0.010755],[0.0,0.0,0.0,1.0]],"antennas":[-0.202971,1.853972],"body_yaw":-0.137105,"check_collision":false},{"head":[[0.95891,0.056524,0.278024,-0.027955],[-0.00478,0.983032,-0.18337,0.003812],[-0.283671,0.174506,0.942909,-0.010745],[0.0,0.0,0.0,1.0]],"antennas":[-0.202971,1.853972],"body_yaw":-0.137105,"check_collision":false},{"head":[[0.969606,0.050856,0.239327,-0.026025],[-0.005933,0.982758,-0.184799,0.003708],[-0.244599,0.177762,0.95319,-0.010724],[0.0,0.0,0.0,1.0]],"antennas":[-0.202971,1.853972],"body_yaw":-0.137105,"check_collision":false},{"head":[[0.978249,0.0465,0.202154,-0.024701],[-0.007862,0.982162,-0.187873,0.003308],[-0.207284,0.182197,0.961165,-0.010186],[0.0,0.0,0.0,1.0]],"antennas":[-0.202971,1.853972],"body_yaw":-0.137105,"check_collision":false},{"head":[[0.983732,0.042343,0.174582,-0.024294],[-0.008818,0.982035,-0.188493,0.002986],[-0.179427,0.183887,0.966432,-0.009362],[0.0,0.0,0.0,1.0]],"antennas":[-0.202971,1.853972],"body_yaw":-0.137105,"check_collision":false},{"head":[[0.990685,0.035501,0.131464,-0.024805],[-0.011154,0.983331,-0.181485,0.003148],[-0.135715,0.178328,0.974567,-0.007524],[0.0,0.0,0.0,1.0]],"antennas":[-0.202971,1.853972],"body_yaw":-0.137105,"check_collision":false},{"head":[[0.996914,0.031108,0.072078,-0.026232],[-0.017903,0.984034,-0.177078,0.003238],[-0.076436,0.175241,0.981554,-0.005054],[0.0,0.0,0.0,1.0]],"antennas":[-0.202971,1.853972],"body_yaw":-0.137105,"check_collision":false},{"head":[[0.999299,0.029618,0.0229,-0.027896],[-0.025299,0.985097,-0.170127,0.002867],[-0.027598,0.169428,0.985156,-0.003188],[0.0,0.0,0.0,1.0]],"antennas":[-0.202971,1.85298],"body_yaw":-0.137105,"check_collision":false},{"head":[[0.999455,0.032104,0.007662,-0.029405],[-0.030365,0.985354,-0.167797,0.002692],[-0.012937,0.167473,0.985792,-0.002959],[0.0,0.0,0.0,1.0]],"antennas":[-0.202971,1.82774],"body_yaw":-0.137105,"check_collision":false},{"head":[[0.99919,0.039694,0.006547,-0.03],[-0.038144,0.986469,-0.15945,0.001964],[-0.012788,0.159071,0.987184,-0.002474],[0.0,0.0,0.0,1.0]],"antennas":[-0.202971,1.773305],"body_yaw":-0.137105,"check_collision":false},{"head":[[0.998967,0.044914,0.006913,-0.03],[-0.043449,0.988587,-0.14425,0.001276],[-0.013313,0.143801,0.989517,-0.001718],[0.0,0.0,0.0,1.0]],"antennas":[-0.202971,1.701786],"body_yaw":-0.137105,"check_collision":false},{"head":[[0.998802,0.048716,0.00453,-0.03],[-0.047614,0.989144,-0.139019,0.001101],[-0.011253,0.138637,0.990279,-0.001115],[0.0,0.0,0.0,1.0]],"antennas":[-0.202971,1.628521],"body_yaw":-0.137105,"check_collision":false},{"head":[[0.998467,0.055349,0.000768,-0.03],[-0.054756,0.989623,-0.132849,0.001076],[-0.008113,0.132603,0.991136,-0.000771],[0.0,0.0,0.0,1.0]],"antennas":[-0.202971,1.555712],"body_yaw":-0.137105,"check_collision":false},{"head":[[0.9983,0.057752,-0.007919,-0.03],[-0.058287,0.990713,-0.122844,0.000965],[0.000751,0.123096,0.992394,-0.000444],[0.0,0.0,0.0,1.0]],"antennas":[-0.202971,1.487319],"body_yaw":-0.137105,"check_collision":false},{"head":[[0.998121,0.060053,-0.012149,-0.03],[-0.061073,0.991047,-0.118727,0.000585],[0.004911,0.119246,0.992853,-0.000443],[0.0,0.0,0.0,1.0]],"antennas":[-0.202971,1.455211],"body_yaw":-0.137105,"check_collision":false},{"head":[[0.998087,0.061404,-0.007191,-0.03],[-0.061823,0.991324,-0.115996,0.000421],[6e-06,0.116219,0.993224,-0.000832],[0.0,0.0,0.0,1.0]],"antennas":[-0.202971,1.455426],"body_yaw":-0.137105,"check_collision":false},{"head":[[0.997914,0.063361,0.012356,-0.03],[-0.061577,0.991745,-0.112472,0.000128],[-0.01938,0.111476,0.993578,-0.001455],[0.0,0.0,0.0,1.0]],"antennas":[-0.202971,1.480922],"body_yaw":-0.137105,"check_collision":false},{"head":[[0.996764,0.066693,0.04487,-0.03],[-0.061165,0.991485,-0.114965,2.9e-05],[-0.052156,0.111848,0.992356,-0.002423],[0.0,0.0,0.0,1.0]],"antennas":[-0.202971,1.517585],"body_yaw":-0.137105,"check_collision":false},{"head":[[0.994426,0.068094,0.080497,-0.03],[-0.057531,0.99024,-0.126947,0.000304],[-0.088356,0.121609,0.988638,-0.003283],[0.0,0.0,0.0,1.0]],"antennas":[-0.202971,1.556488],"body_yaw":-0.137105,"check_collision":false},{"head":[[0.991823,0.070811,0.106172,-0.03],[-0.055576,0.988569,-0.14015,0.000564],[-0.114882,0.133104,0.984421,-0.003837],[0.0,0.0,0.0,1.0]],"antennas":[-0.202971,1.592812],"body_yaw":-0.137105,"check_collision":false},{"head":[[0.988833,0.070531,0.131284,-0.03],[-0.050582,0.987464,-0.149523,0.001038],[-0.140184,0.141212,0.980004,-0.004578],[0.0,0.0,0.0,1.0]],"antennas":[-0.202971,1.60571],"body_yaw":-0.137105,"check_collision":false},{"head":[[0.98538,0.069062,0.155747,-0.03],[-0.043742,0.986066,-0.160501,0.001308],[-0.164662,0.151342,0.97467,-0.00563],[0.0,0.0,0.0,1.0]],"antennas":[-0.202971,1.60571],"body_yaw":-0.137105,"check_collision":false},{"head":[[0.982633,0.06851,0.172452,-0.03],[-0.039398,0.985187,-0.166897,0.001348],[-0.181331,0.157205,0.970776,-0.00653],[0.0,0.0,0.0,1.0]],"antennas":[-0.202971,1.60571],"body_yaw":-0.137105,"check_collision":false},{"head":[[0.98118,0.065481,0.181654,-0.03],[-0.034651,0.985183,-0.167969,0.001356],[-0.189961,0.158514,0.968911,-0.00721],[0.0,0.0,0.0,1.0]],"antennas":[-0.202971,1.60571],"body_yaw":-0.137105,"check_collision":false},{"head":[[0.981543,0.059266,0.181827,-0.03],[-0.02828,0.985297,-0.168495,0.001307],[-0.189139,0.160243,0.968787,-0.007602],[0.0,0.0,0.0,1.0]],"antennas":[-0.202971,1.600686],"body_yaw":-0.137105,"check_collision":false},{"head":[[0.983592,0.05409,0.172107,-0.03],[-0.024589,0.985287,-0.169128,0.001313],[-0.178723,0.162121,0.970451,-0.007925],[0.0,0.0,0.0,1.0]],"antennas":[-0.202971,1.58287],"body_yaw":-0.137105,"check_collision":false},{"head":[[0.986626,0.050094,0.15511,-0.029636],[-0.023019,0.984888,-0.171656,0.001491],[-0.161365,0.16579,0.97287,-0.007994],[0.0,0.0,0.0,1.0]],"antennas":[-0.202971,1.554402],"body_yaw":-0.137105,"check_collision":false},{"head":[[0.989596,0.046722,0.136073,-0.028171],[-0.023142,0.985178,-0.169967,0.001444],[-0.141998,0.165049,0.97601,-0.007718],[0.0,0.0,0.0,1.0]],"antennas":[-0.202971,1.517403],"body_yaw":-0.137105,"check_collision":false},{"head":[[0.992061,0.043572,0.117966,-0.027034],[-0.023772,0.986121,-0.164315,0.001422],[-0.123488,0.160206,0.979329,-0.007316],[0.0,0.0,0.0,1.0]],"antennas":[-0.202971,1.491743],"body_yaw":-0.137105,"check_collision":false},{"head":[[0.994214,0.040655,0.099422,-0.026024],[-0.024629,0.987227,-0.157404,0.001374],[-0.104552,0.154045,0.982517,-0.006786],[0.0,0.0,0.0,1.0]],"antennas":[-0.202971,1.490513],"body_yaw":-0.137105,"check_collision":false},{"head":[[0.996181,0.039649,0.077794,-0.025297],[-0.027626,0.988307,-0.149955,0.001433],[-0.08283,0.147233,0.985628,-0.006058],[0.0,0.0,0.0,1.0]],"antennas":[-0.202971,1.505413],"body_yaw":-0.137105,"check_collision":false},{"head":[[0.997541,0.039457,0.057924,-0.025342],[-0.031094,0.989835,-0.138781,0.001163],[-0.062811,0.136639,0.988628,-0.005112],[0.0,0.0,0.0,1.0]],"antennas":[-0.202971,1.529421],"body_yaw":-0.137105,"check_collision":false},{"head":[[0.998092,0.04008,0.046969,-0.026168],[-0.033743,0.991108,-0.128708,0.000955],[-0.05171,0.126878,0.99057,-0.004343],[0.0,0.0,0.0,1.0]],"antennas":[-0.202971,1.562007],"body_yaw":-0.137105,"check_collision":false},{"head":[[0.998387,0.040941,0.039327,-0.027246],[-0.036007,0.992256,-0.118873,0.001158],[-0.04389,0.117266,0.99213,-0.003776],[0.0,0.0,0.0,1.0]],"antennas":[-0.202971,1.604574],"body_yaw":-0.137105,"check_collision":false},{"head":[[0.998386,0.042201,0.038006,-0.02875],[-0.037802,0.993229,-0.109854,0.001261],[-0.042384,0.10824,0.993221,-0.003051],[0.0,0.0,0.0,1.0]],"antennas":[-0.202971,1.66242],"body_yaw":-0.137105,"check_collision":false},{"head":[[0.997995,0.042669,0.046754,-0.029981],[-0.037357,0.993326,-0.109127,0.001512],[-0.051098,0.107161,0.992928,-0.002675],[0.0,0.0,0.0,1.0]],"antennas":[-0.202971,1.732485],"body_yaw":-0.137105,"check_collision":false},{"head":[[0.99741,0.044795,0.05628,-0.03],[-0.038481,0.993335,-0.108649,0.001683],[-0.060771,0.106202,0.992486,-0.002291],[0.0,0.0,0.0,1.0]],"antennas":[-0.202971,1.806358],"body_yaw":-0.137105,"check_collision":false},{"head":[[0.99754,0.045961,0.052921,-0.03],[-0.039934,0.993152,-0.109795,0.001739],[-0.057605,0.107412,0.992544,-0.001795],[0.0,0.0,0.0,1.0]],"antennas":[-0.202971,1.879627],"body_yaw":-0.137105,"check_collision":false},{"head":[[0.997863,0.045497,0.046891,-0.03],[-0.04003,0.992949,-0.111579,0.001702],[-0.051637,0.109464,0.992649,-0.001535],[0.0,0.0,0.0,1.0]],"antennas":[-0.202971,1.937699],"body_yaw":-0.137105,"check_collision":false},{"head":[[0.998185,0.044663,0.040385,-0.03],[-0.039717,0.992465,-0.115916,0.001587],[-0.045258,0.114102,0.992438,-0.001503],[0.0,0.0,0.0,1.0]],"antennas":[-0.202971,1.962919],"body_yaw":-0.137105,"check_collision":false},{"head":[[0.998049,0.04536,0.042901,-0.03],[-0.039758,0.991553,-0.123455,0.001361],[-0.048139,0.121508,0.991422,-0.001694],[0.0,0.0,0.0,1.0]],"antennas":[-0.202971,1.964809],"body_yaw":-0.137105,"check_collision":false},{"head":[[0.996463,0.047853,0.069083,-0.03],[-0.038852,0.99124,-0.126227,0.001066],[-0.074518,0.123097,0.989593,-0.002467],[0.0,0.0,0.0,1.0]],"antennas":[-0.202971,1.964809],"body_yaw":-0.137105,"check_collision":false},{"head":[[0.992102,0.055245,0.112614,-0.03],[-0.041251,0.991547,-0.123012,0.00071],[-0.118457,0.117395,0.985995,-0.0035],[0.0,0.0,0.0,1.0]],"antennas":[-0.202971,1.964809],"body_yaw":-0.137105,"check_collision":false},{"head":[[0.986458,0.061002,0.15225,-0.03],[-0.042247,0.991442,-0.123519,0.000384],[-0.158482,0.115414,0.980593,-0.004317],[0.0,0.0,0.0,1.0]],"antennas":[-0.202971,1.964809],"body_yaw":-0.137105,"check_collision":false},{"head":[[0.981703,0.062564,0.179848,-0.03],[-0.039937,0.991125,-0.126789,8.5e-05],[-0.186184,0.117287,0.975489,-0.005048],[0.0,0.0,0.0,1.0]],"antennas":[-0.202971,1.964809],"body_yaw":-0.137105,"check_collision":false},{"head":[[0.979518,0.063785,0.190988,-0.03],[-0.039539,0.990963,-0.128172,-9.7e-05],[-0.197438,0.117995,0.973188,-0.005591],[0.0,0.0,0.0,1.0]],"antennas":[-0.202971,1.959996],"body_yaw":-0.137105,"check_collision":false},{"head":[[0.979818,0.062006,0.190034,-0.03],[-0.036871,0.990422,-0.133058,-0.000475],[-0.196464,0.123366,0.972719,-0.006579],[0.0,0.0,0.0,1.0]],"antennas":[-0.202971,1.930506],"body_yaw":-0.137105,"check_collision":false},{"head":[[0.982261,0.056093,0.17893,-0.03],[-0.031088,0.989719,-0.139603,-0.000694],[-0.184921,0.131564,0.973907,-0.007333],[0.0,0.0,0.0,1.0]],"antennas":[-0.202971,1.853639],"body_yaw":-0.137105,"check_collision":false},{"head":[[0.987596,0.040906,0.151591,-0.03],[-0.018796,0.989324,-0.144515,-0.000666],[-0.155885,0.139873,0.977822,-0.00754],[0.0,0.0,0.0,1.0]],"antennas":[-0.202971,1.752366],"body_yaw":-0.137105,"check_collision":false},{"head":[[0.992668,0.026169,0.118005,-0.029075],[-0.008022,0.988393,-0.151706,-0.000529],[-0.120605,0.149647,0.981356,-0.007362],[0.0,0.0,0.0,1.0]],"antennas":[-0.202971,1.65052],"body_yaw":-0.137105,"check_collision":false},{"head":[[0.995214,0.016239,0.096364,-0.027431],[-0.00126,0.988147,-0.153508,-5.6e-05],[-0.097714,0.152652,0.983438,-0.007044],[0.0,0.0,0.0,1.0]],"antennas":[-0.202971,1.547655],"body_yaw":-0.137105,"check_collision":false},{"head":[[0.997117,0.005152,0.075707,-0.0263],[0.006139,0.988945,-0.148157,0.00048],[-0.075634,0.148195,0.986062,-0.006266],[0.0,0.0,0.0,1.0]],"antennas":[-0.202971,1.445826],"body_yaw":-0.137105,"check_collision":false},{"head":[[0.999628,-0.00677,0.02642,-0.025938],[0.010363,0.990332,-0.138327,0.000854],[-0.025228,0.138549,0.990034,-0.004208],[0.0,0.0,0.0,1.0]],"antennas":[-0.202971,1.34314],"body_yaw":-0.137105,"check_collision":false},{"head":[[0.998707,-0.015122,-0.048527,-0.026479],[0.008189,0.990118,-0.139999,0.001205],[0.050165,0.139421,0.988962,-0.001235],[0.0,0.0,0.0,1.0]],"antennas":[-0.202971,1.240677],"body_yaw":-0.137105,"check_collision":false},{"head":[[0.991768,-0.026782,-0.125213,-0.027313],[0.008948,0.989986,-0.14088,0.001082],[0.127732,0.138599,0.982077,0.001182],[0.0,0.0,0.0,1.0]],"antennas":[-0.202971,1.145859],"body_yaw":-0.137105,"check_collision":false},{"head":[[0.985596,-0.026793,-0.16698,-0.028558],[0.004381,0.991084,-0.133166,0.00087],[0.169059,0.130516,0.976926,0.002453],[0.0,0.0,0.0,1.0]],"antennas":[-0.202971,1.084127],"body_yaw":-0.137105,"check_collision":false},{"head":[[0.981638,-0.022811,-0.189385,-0.029764],[0.000269,0.992989,-0.118211,0.000383],[0.190754,0.115989,0.974761,0.003425],[0.0,0.0,0.0,1.0]],"antennas":[-0.202971,1.066268],"body_yaw":-0.137105,"check_collision":false},{"head":[[0.978135,-0.021703,-0.206837,-0.03],[-0.00087,0.994104,-0.108424,-0.00014],[0.207971,0.106234,0.972349,0.004346],[0.0,0.0,0.0,1.0]],"antennas":[-0.202971,1.086618],"body_yaw":-0.137105,"check_collision":false},{"head":[[0.973988,-0.01916,-0.225789,-0.03],[-0.004278,0.994687,-0.102861,-0.000287],[0.22656,0.101151,0.968731,0.005272],[0.0,0.0,0.0,1.0]],"antennas":[-0.202971,1.133557],"body_yaw":-0.137105,"check_collision":false},{"head":[[0.969323,-0.01561,-0.245295,-0.03],[-0.008748,0.995158,-0.097899,-0.000399],[0.245635,0.097042,0.964493,0.006272],[0.0,0.0,0.0,1.0]],"antennas":[-0.202971,1.186112],"body_yaw":-0.137105,"check_collision":false},{"head":[[0.963124,-0.017051,-0.268517,-0.03],[-0.009088,0.995359,-0.095803,-0.000567],[0.268905,0.09471,0.958499,0.007169],[0.0,0.0,0.0,1.0]],"antennas":[-0.202971,1.238361],"body_yaw":-0.137105,"check_collision":false},{"head":[[0.95914,-0.01961,-0.282252,-0.03],[-0.008288,0.99522,-0.09731,-0.000675],[0.282811,0.095673,0.954392,0.00741],[0.0,0.0,0.0,1.0]],"antennas":[-0.202971,1.290512],"body_yaw":-0.137105,"check_collision":false},{"head":[[0.95875,-0.020282,-0.283525,-0.03],[-0.008158,0.995077,-0.098771,-0.000795],[0.284132,0.09701,0.953865,0.007293],[0.0,0.0,0.0,1.0]],"antennas":[-0.202971,1.343057],"body_yaw":-0.137105,"check_collision":false},{"head":[[0.958767,-0.018976,-0.28356,-0.03],[-0.009741,0.994988,-0.099522,-0.000787],[0.284028,0.09818,0.953776,0.007119],[0.0,0.0,0.0,1.0]],"antennas":[-0.202971,1.395931],"body_yaw":-0.137105,"check_collision":false},{"head":[[0.959709,-0.015828,-0.280551,-0.03],[-0.012972,0.994852,-0.100502,-0.0007],[0.280698,0.100092,0.954563,0.006804],[0.0,0.0,0.0,1.0]],"antennas":[-0.202971,1.448536],"body_yaw":-0.137105,"check_collision":false},{"head":[[0.961248,-0.012406,-0.275407,-0.03],[-0.015549,0.994957,-0.099088,-0.000797],[0.275248,0.09953,0.956207,0.006542],[0.0,0.0,0.0,1.0]],"antennas":[-0.202971,1.501226],"body_yaw":-0.137105,"check_collision":false},{"head":[[0.963814,-0.009104,-0.266421,-0.03],[-0.018086,0.994881,-0.099423,-0.000801],[0.265962,0.100644,0.958715,0.006258],[0.0,0.0,0.0,1.0]],"antennas":[-0.202971,1.554602],"body_yaw":-0.137105,"check_collision":false},{"head":[[0.969512,-0.002904,-0.245025,-0.03],[-0.022265,0.99475,-0.099887,-0.000827],[0.244029,0.102297,0.964357,0.005616],[0.0,0.0,0.0,1.0]],"antennas":[-0.202971,1.611008],"body_yaw":-0.137105,"check_collision":false},{"head":[[0.977224,0.006338,-0.212116,-0.03],[-0.027816,0.994756,-0.098425,-0.001011],[0.21038,0.102083,0.972275,0.004621],[0.0,0.0,0.0,1.0]],"antennas":[-0.202971,1.662417],"body_yaw":-0.137105,"check_collision":false},{"head":[[0.983576,0.012877,-0.180033,-0.03],[-0.03181,0.994206,-0.102677,-0.000955],[0.177667,0.106717,0.978287,0.003629],[0.0,0.0,0.0,1.0]],"antennas":[-0.202971,1.675257],"body_yaw":-0.137105,"check_collision":false},{"head":[[0.98861,0.015985,-0.149648,-0.03],[-0.033105,0.993086,-0.112625,-0.000776],[0.146813,0.116296,0.982304,0.002591],[0.0,0.0,0.0,1.0]],"antennas":[-0.202971,1.675257],"body_yaw":-0.137105,"check_collision":false},{"head":[[0.993993,0.020967,-0.107415,-0.03],[-0.034479,0.99149,-0.125534,-0.000629],[0.103869,0.128483,0.986257,0.001035],[0.0,0.0,0.0,1.0]],"antennas":[-0.202971,1.675257],"body_yaw":-0.137105,"check_collision":false},{"head":[[0.998244,0.030992,-0.050483,-0.03],[-0.037428,0.990546,-0.131977,-0.000649],[0.045915,0.133635,0.989966,-0.000929],[0.0,0.0,0.0,1.0]],"antennas":[-0.202971,1.675257],"body_yaw":-0.137105,"check_collision":false},{"head":[[0.999193,0.039781,0.005464,-0.03],[-0.038774,0.991241,-0.126249,-0.000597],[-0.010439,0.125935,0.991984,-0.002608],[0.0,0.0,0.0,1.0]],"antennas":[-0.202971,1.67339],"body_yaw":-0.137105,"check_collision":false},{"head":[[0.998153,0.042071,0.043834,-0.03],[-0.036711,0.992498,-0.116621,-0.000712],[-0.048412,0.114796,0.992209,-0.003432],[0.0,0.0,0.0,1.0]],"antennas":[-0.202971,1.652977],"body_yaw":-0.137105,"check_collision":false},{"head":[[0.996659,0.039801,0.071318,-0.03],[-0.031307,0.992698,-0.116496,-0.000912],[-0.075434,0.113874,0.990627,-0.004137],[0.0,0.0,0.0,1.0]],"antennas":[-0.202971,1.607167],"body_yaw":-0.137105,"check_collision":false},{"head":[[0.994059,0.036102,0.102676,-0.03],[-0.024285,0.993173,-0.114096,-0.000869],[-0.106094,0.110924,0.98815,-0.005254],[0.0,0.0,0.0,1.0]],"antennas":[-0.202971,1.534209],"body_yaw":-0.137105,"check_collision":false},{"head":[[0.990051,0.034466,0.136425,-0.03],[-0.019053,0.993445,-0.112715,-0.000755],[-0.139415,0.108994,0.984217,-0.00629],[0.0,0.0,0.0,1.0]],"antennas":[-0.202971,1.442983],"body_yaw":-0.137105,"check_collision":false},{"head":[[0.985128,0.03388,0.168448,-0.03],[-0.014698,0.99339,-0.113845,-0.000689],[-0.171191,0.109676,0.979114,-0.007188],[0.0,0.0,0.0,1.0]],"antennas":[-0.202971,1.356403],"body_yaw":-0.137105,"check_collision":false},{"head":[[0.979841,0.033903,0.196879,-0.03],[-0.011283,0.993314,-0.114893,-0.000716],[-0.199458,0.110356,0.973673,-0.007871],[0.0,0.0,0.0,1.0]],"antennas":[-0.202971,1.330911],"body_yaw":-0.137105,"check_collision":false},{"head":[[0.974875,0.031921,0.220452,-0.03],[-0.006095,0.993131,-0.116846,-0.000754],[-0.222668,0.112567,0.968374,-0.008559],[0.0,0.0,0.0,1.0]],"antennas":[-0.202971,1.330911],"body_yaw":-0.137105,"check_collision":false},{"head":[[0.967737,0.028334,0.250366,-0.03],[0.002654,0.992456,-0.122573,-0.000866],[-0.25195,0.119283,0.960361,-0.009485],[0.0,0.0,0.0,1.0]],"antennas":[-0.202971,1.330911],"body_yaw":-0.137105,"check_collision":false},{"head":[[0.959876,0.024778,0.279326,-0.03],[0.011303,0.991861,-0.126826,-0.000734],[-0.280195,0.124895,0.951783,-0.010378],[0.0,0.0,0.0,1.0]],"antennas":[-0.202971,1.330911],"body_yaw":-0.137105,"check_collision":false},{"head":[[0.953994,0.024119,0.298854,-0.03],[0.014736,0.991783,-0.127084,-0.000468],[-0.299463,0.125641,0.945799,-0.010824],[0.0,0.0,0.0,1.0]],"antennas":[-0.202971,1.330911],"body_yaw":-0.137105,"check_collision":false},{"head":[[0.949329,0.023077,0.313436,-0.03],[0.017389,0.991916,-0.125698,-0.00038],[-0.313803,0.124779,0.941253,-0.010904],[0.0,0.0,0.0,1.0]],"antennas":[-0.202971,1.330911],"body_yaw":-0.137105,"check_collision":false},{"head":[[0.944643,0.023062,0.32729,-0.03],[0.020233,0.991533,-0.128266,-0.000178],[-0.327477,0.127788,0.936178,-0.011089],[0.0,0.0,0.0,1.0]],"antennas":[-0.202971,1.330911],"body_yaw":-0.137105,"check_collision":false},{"head":[[0.939435,0.023437,0.341925,-0.03],[0.022965,0.991112,-0.131031,0.000108],[-0.341957,0.130948,0.930547,-0.0115],[0.0,0.0,0.0,1.0]],"antennas":[-0.202971,1.330911],"body_yaw":-0.137105,"check_collision":false},{"head":[[0.934173,0.021211,0.35619,-0.03],[0.028915,0.990449,-0.134815,0.000343],[-0.355648,0.13624,0.924637,-0.012014],[0.0,0.0,0.0,1.0]],"antennas":[-0.202971,1.330911],"body_yaw":-0.137105,"check_collision":false},{"head":[[0.930043,0.019603,0.366927,-0.03],[0.033756,0.989795,-0.138442,0.000557],[-0.365896,0.141143,0.919891,-0.012376],[0.0,0.0,0.0,1.0]],"antennas":[-0.202971,1.330911],"body_yaw":-0.137105,"check_collision":false},{"head":[[0.926734,0.020263,0.37517,-0.03],[0.035264,0.989446,-0.140547,0.000768],[-0.374059,0.14348,0.916239,-0.012511],[0.0,0.0,0.0,1.0]],"antennas":[-0.202971,1.330911],"body_yaw":-0.137105,"check_collision":false},{"head":[[0.924562,0.021512,0.380423,-0.03],[0.035796,0.989086,-0.142927,0.000957],[-0.379346,0.145762,0.913701,-0.012529],[0.0,0.0,0.0,1.0]],"antennas":[-0.202971,1.330911],"body_yaw":-0.137105,"check_collision":false},{"head":[[0.923387,0.022234,0.383227,-0.03],[0.035557,0.989075,-0.143058,0.001058],[-0.382221,0.145724,0.912508,-0.012431],[0.0,0.0,0.0,1.0]],"antennas":[-0.202971,1.330911],"body_yaw":-0.137105,"check_collision":false},{"head":[[0.923194,0.021863,0.383711,-0.03],[0.035578,0.989232,-0.141965,0.001079],[-0.382683,0.144713,0.912475,-0.012359],[0.0,0.0,0.0,1.0]],"antennas":[-0.202971,1.330911],"body_yaw":-0.137105,"check_collision":false},{"head":[[0.923949,0.020276,0.381977,-0.03],[0.03549,0.989743,-0.138381,0.000864],[-0.380865,0.141413,0.913753,-0.012387],[0.0,0.0,0.0,1.0]],"antennas":[-0.202971,1.330911],"body_yaw":-0.137105,"check_collision":false},{"head":[[0.930086,0.012449,0.36713,-0.03],[0.037898,0.99084,-0.129611,0.000723],[-0.365381,0.134463,0.921095,-0.012082],[0.0,0.0,0.0,1.0]],"antennas":[-0.202971,1.330911],"body_yaw":-0.137105,"check_collision":false},{"head":[[0.943462,0.004076,0.331455,-0.03],[0.039155,0.991554,-0.123646,0.000453],[-0.329159,0.129633,0.935334,-0.011387],[0.0,0.0,0.0,1.0]],"antennas":[-0.202971,1.330911],"body_yaw":-0.137105,"check_collision":false},{"head":[[0.959228,-0.000217,0.282633,-0.03],[0.033848,0.992891,-0.114115,-2.7e-05],[-0.280598,0.119028,0.952416,-0.010403],[0.0,0.0,0.0,1.0]],"antennas":[-0.202971,1.330911],"body_yaw":-0.137105,"check_collision":false},{"head":[[0.973925,0.000619,0.226868,-0.03],[0.020963,0.995473,-0.092706,-0.000485],[-0.225899,0.095045,0.969503,-0.008954],[0.0,0.0,0.0,1.0]],"antennas":[-0.202971,1.323319],"body_yaw":-0.137105,"check_collision":false},{"head":[[0.984958,0.004849,0.172728,-0.03],[0.008385,0.997087,-0.075805,-0.001025],[-0.172593,0.076113,0.982048,-0.007185],[0.0,0.0,0.0,1.0]],"antennas":[-0.202971,1.293529],"body_yaw":-0.137105,"check_collision":false},{"head":[[0.988402,0.012025,0.151385,-0.03],[-0.001638,0.997646,-0.068549,-0.001503],[-0.151853,0.067506,0.986095,-0.006484],[0.0,0.0,0.0,1.0]],"antennas":[-0.202971,1.248726],"body_yaw":-0.137105,"check_collision":false},{"head":[[0.985971,0.023071,0.165314,-0.03],[-0.012505,0.997828,-0.064673,-0.002029],[-0.166447,0.061698,0.984118,-0.006738],[0.0,0.0,0.0,1.0]],"antennas":[-0.202971,1.201715],"body_yaw":-0.137105,"check_collision":false},{"head":[[0.981875,0.031309,0.186926,-0.03],[-0.019998,0.99787,-0.062097,-0.002785],[-0.188472,0.057233,0.980409,-0.006959],[0.0,0.0,0.0,1.0]],"antennas":[-0.202971,1.180192],"body_yaw":-0.137105,"check_collision":false},{"head":[[0.979219,0.033772,0.199975,-0.03],[-0.02024,0.997388,-0.069331,-0.002961],[-0.201795,0.063842,0.977345,-0.006811],[0.0,0.0,0.0,1.0]],"antennas":[-0.202971,1.180192],"body_yaw":-0.137105,"check_collision":false},{"head":[[0.978544,0.034197,0.203181,-0.03],[-0.018606,0.996768,-0.078156,-0.002783],[-0.205197,0.072699,0.976017,-0.006855],[0.0,0.0,0.0,1.0]],"antennas":[-0.202971,1.180192],"body_yaw":-0.137105,"check_collision":false},{"head":[[0.97901,0.033379,0.201058,-0.03],[-0.017109,0.996475,-0.082123,-0.002484],[-0.203091,0.07696,0.976131,-0.007236],[0.0,0.0,0.0,1.0]],"antennas":[-0.202971,1.180192],"body_yaw":-0.137105,"check_collision":false},{"head":[[0.978903,0.03257,0.201712,-0.03],[-0.015193,0.996083,-0.087103,-0.002273],[-0.203759,0.082201,0.975564,-0.00761],[0.0,0.0,0.0,1.0]],"antennas":[-0.202971,1.180192],"body_yaw":-0.137105,"check_collision":false},{"head":[[0.977619,0.032636,0.207835,-0.03],[-0.013379,0.995539,-0.093396,-0.001688],[-0.209956,0.088525,0.973695,-0.008062],[0.0,0.0,0.0,1.0]],"antennas":[-0.202971,1.180192],"body_yaw":-0.137105,"check_collision":false},{"head":[[0.975214,0.0335,0.218715,-0.03],[-0.011437,0.994783,-0.101374,-0.001115],[-0.22097,0.09636,0.970509,-0.008749],[0.0,0.0,0.0,1.0]],"antennas":[-0.202971,1.180192],"body_yaw":-0.137105,"check_collision":false},{"head":[[0.973867,0.033735,0.224602,-0.03],[-0.010616,0.994588,-0.103357,-0.000898],[-0.226873,0.098272,0.968954,-0.009052],[0.0,0.0,0.0,1.0]],"antennas":[-0.202971,1.180192],"body_yaw":-0.137105,"check_collision":false},{"head":[[0.974387,0.033388,0.222385,-0.03],[-0.011516,0.995028,-0.09893,-0.000902],[-0.224582,0.093836,0.969927,-0.008907],[0.0,0.0,0.0,1.0]],"antennas":[-0.202971,1.180192],"body_yaw":-0.137105,"check_collision":false},{"head":[[0.975947,0.031165,0.21577,-0.03],[-0.010144,0.995149,-0.097851,-0.00108],[-0.217773,0.093308,0.971529,-0.008772],[0.0,0.0,0.0,1.0]],"antennas":[-0.202971,1.180192],"body_yaw":-0.137105,"check_collision":false},{"head":[[0.979084,0.027997,0.201523,-0.03],[-0.008661,0.995324,-0.096199,-0.001129],[-0.203274,0.092442,0.974748,-0.008567],[0.0,0.0,0.0,1.0]],"antennas":[-0.202971,1.180192],"body_yaw":-0.137105,"check_collision":false},{"head":[[0.984908,0.024219,0.171378,-0.03],[-0.008043,0.995496,-0.094457,-0.000957],[-0.172894,0.091653,0.980667,-0.008043],[0.0,0.0,0.0,1.0]],"antennas":[-0.202971,1.180192],"body_yaw":-0.137105,"check_collision":false},{"head":[[0.989666,0.019762,0.142023,-0.03],[-0.006407,0.995562,-0.093886,-0.001006],[-0.143248,0.092006,0.985401,-0.007333],[0.0,0.0,0.0,1.0]],"antennas":[-0.202971,1.180192],"body_yaw":-0.137105,"check_collision":false},{"head":[[0.991566,0.018265,0.128311,-0.03],[-0.007332,0.996339,-0.085173,-0.001656],[-0.129397,0.083514,0.98807,-0.00682],[0.0,0.0,0.0,1.0]]