{"description":"You express gratitude when someone gives you something like a compliment or help. Can also be used to say the pleasure is mine.","time":[0.0,0.02,0.04,0.06,0.08,0.1,0.12,0.14,0.16,0.18,0.2,0.22,0.24,0.26,0.28,0.3,0.32,0.34,0.36,0.38,0.4,0.42,0.44,0.46,0.48,0.5,0.52,0.54,0.56,0.58,0.6,0.62,0.64,0.66,0.68,0.7,0.72,0.74,0.76,0.78,0.8,0.82,0.84,0.86,0.88,0.9,0.92,0.94,0.96,0.98,1.0,1.02,1.04,1.06,1.08,1.1,1.12,1.14,1.16,1.18,1.2,1.22,1.24,1.26,1.28,1.3,1.32,1.34,1.36,1.38,1.4,1.42,1.44,1.46,1.48,1.5,1.52,1.54,1.56,1.58,1.6,1.62,1.64,1.66,1.68,1.7,1.72,1.74,1.76,1.78,1.8,1.82,1.84,1.86,1.88,1.9,1.92,1.94,1.96,1.98,2.0,2.02,2.04,2.06,2.08,2.1,2.12,2.14,2.16,2.18,2.2,2.22,2.24,2.26,2.28,2.3,2.32,2.34,2.36,2.38,2.4,2.42,2.44,2.46,2.48,2.5],"set_target_data":[{"head":[[0.996706,-0.048752,0.064817,-0.012599],[0.050221,0.998513,-0.021229,-0.00559],[-0.063685,0.024414,0.997671,-0.001437],[0.0,0.0,0.0,1.0]],"antennas":[0.0,0.0],"body_yaw":0.052236,"check_collision":false},{"head":[[0.996702,-0.045924,0.066902,-0.012709],[0.04735,0.99868,-0.019899,-0.005522],[-0.0659,0.023001,0.997561,-0.000885],[0.0,0.0,0.0,1.0]],"antennas":[0.0,0.0],"body_yaw":0.052236,"check_collision":false},{"head":[[0.996654,-0.047575,0.06646,-0.012366],[0.049062,0.998577,-0.020922,-0.005524],[-0.06537,0.024112,0.99757,-0.001072],[0.0,0.0,0.0,1.0]],"antennas":[0.0,0.0],"body_yaw":0.052236,"check_collision":false},{"head":[[0.996611,-0.056324,0.059953,-0.011507],[0.057686,0.998109,-0.021231,-0.006282],[-0.058644,0.024618,0.997975,-0.00181],[0.0,0.0,0.0,1.0]],"antennas":[0.0,0.0],"body_yaw":0.052236,"check_collision":false},{"head":[[0.996324,-0.062929,0.058119,-0.010832],[0.064235,0.997716,-0.020874,-0.007076],[-0.056673,0.02453,0.998091,-0.002783],[0.0,0.0,0.0,1.0]],"antennas":[0.0,0.0],"body_yaw":0.052236,"check_collision":false},{"head":[[0.996091,-0.065333,0.059457,-0.010511],[0.066736,0.99753,-0.021926,-0.007591],[-0.057877,0.025808,0.99799,-0.003699],[0.0,0.0,0.0,1.0]],"antennas":[0.0,0.0],"body_yaw":0.052236,"check_collision":false},{"head":[[0.996098,-0.065781,0.058841,-0.010164],[0.067308,0.997435,-0.024344,-0.007827],[-0.057089,0.028209,0.99797,-0.004332],[0.0,0.0,0.0,1.0]],"antennas":[0.0,0.0],"body_yaw":0.052236,"check_collision":false},{"head":[[0.996093,-0.065612,0.059113,-0.00968],[0.067363,0.997332,-0.028124,-0.007755],[-0.05711,0.031996,0.997855,-0.005043],[0.0,0.0,0.0,1.0]],"antennas":[0.0,0.0],"body_yaw":0.052236,"check_collision":false},{"head":[[0.996163,-0.066175,0.057268,-0.009457],[0.068032,0.997198,-0.031121,-0.007803],[-0.055048,0.034898,0.997874,-0.00531],[0.0,0.0,0.0,1.0]],"antennas":[0.0,0.0],"body_yaw":0.052236,"check_collision":false},{"head":[[0.996103,-0.066851,0.057529,-0.009701],[0.06877,0.997118,-0.032043,-0.007649],[-0.055221,0.035874,0.99783,-0.005355],[0.0,0.0,0.0,1.0]],"antennas":[0.0,0.0],"body_yaw":0.052236,"check_collision":false},{"head":[[0.995805,-0.067966,0.061264,-0.010126],[0.069919,0.997092,-0.030311,-0.007847],[-0.059025,0.034467,0.997661,-0.004638],[0.0,0.0,0.0,1.0]],"antennas":[0.0,0.0],"body_yaw":0.052236,"check_collision":false},{"head":[[0.995832,-0.068143,0.060629,-0.010596],[0.069822,0.99722,-0.026023,-0.007855],[-0.058687,0.030148,0.997821,-0.003609],[0.0,0.0,0.0,1.0]],"antennas":[0.0,0.0],"body_yaw":0.052236,"check_collision":false},{"head":[[0.995967,-0.062147,0.06471,-0.011009],[0.063842,0.99766,-0.024454,-0.007601],[-0.063039,0.028487,0.997604,-0.002567],[0.0,0.0,0.0,1.0]],"antennas":[0.0,0.0],"body_yaw":0.052236,"check_collision":false},{"head":[[0.995966,-0.054928,0.070962,-0.011317],[0.05682,0.998073,-0.024925,-0.007322],[-0.069456,0.028856,0.997168,-0.001542],[0.0,0.0,0.0,1.0]],"antennas":[0.0,0.0],"body_yaw":0.052236,"check_collision":false},{"head":[[0.995915,-0.047697,0.076672,-0.011723],[0.049611,0.998498,-0.023251,-0.007103],[-0.075448,0.02696,0.996785,-0.000684],[0.0,0.0,0.0,1.0]],"antennas":[0.0,0.0],"body_yaw":0.052236,"check_collision":false},{"head":[[0.995887,-0.043968,0.079217,-0.011989],[0.045859,0.998701,-0.022212,-0.006817],[-0.078138,0.025753,0.99661,-0.000117],[0.0,0.0,0.0,1.0]],"antennas":[0.0,0.0],"body_yaw":0.052236,"check_collision":false},{"head":[[0.995941,-0.041518,0.079856,-0.012293],[0.043229,0.998869,-0.019813,-0.006681],[-0.078944,0.023184,0.996609,0.000217],[0.0,0.0,0.0,1.0]],"antennas":[0.0,0.0],"body_yaw":0.052236,"check_collision":false},{"head":[[0.99603,-0.04043,0.079306,-0.01245],[0.041992,0.998953,-0.018134,-0.006721],[-0.07849,0.021392,0.996685,0.000366],[0.0,0.0,0.0,1.0]],"antennas":[0.0,0.0],"body_yaw":0.052236,"check_collision":false},{"head":[[0.996093,-0.040687,0.078375,-0.012535],[0.042194,0.998953,-0.017671,-0.006576],[-0.077574,0.020909,0.996767,0.000385],[0.0,0.0,0.0,1.0]],"antennas":[0.0,0.0],"body_yaw":0.052236,"check_collision":false},{"head":[[0.996198,-0.040727,0.077015,-0.012681],[0.042248,0.998941,-0.018224,-0.006549],[-0.076192,0.021408,0.996863,0.000604],[0.0,0.0,0.0,1.0]],"antennas":[0.0,0.0],"body_yaw":0.052236,"check_collision":false},{"head":[[0.99633,-0.039618,0.07587,-0.012802],[0.041136,0.998981,-0.018552,-0.006465],[-0.075058,0.021605,0.996945,0.000982],[0.0,0.0,0.0,1.0]],"antennas":[0.0,0.0],"body_yaw":0.052236,"check_collision":false},{"head":[[0.99633,-0.038297,0.076555,-0.012911],[0.039859,0.999025,-0.018986,-0.006308],[-0.075753,0.021968,0.996885,0.001371],[0.0,0.0,0.0,1.0]],"antennas":[0.0,0.0],"body_yaw":0.052236,"check_collision":false},{"head":[[0.99628,-0.036109,0.078241,-0.012918],[0.03761,0.999134,-0.017802,-0.006273],[-0.077531,0.020678,0.996775,0.001652],[0.0,0.0,0.0,1.0]],"antennas":[0.0,0.0],"body_yaw":0.052236,"check_collision":false},{"head":[[0.996385,-0.034569,0.077597,-0.012824],[0.036077,0.999185,-0.018121,-0.0062],[-0.076907,0.020855,0.99682,0.001841],[0.0,0.0,0.0,1.0]],"antennas":[0.0,0.0],"body_yaw":0.052236,"check_collision":false},{"head":[[0.996555,-0.03377,0.075743,-0.012596],[0.035286,0.999201,-0.018761,-0.006156],[-0.075049,0.021369,0.996951,0.001783],[0.0,0.0,0.0,1.0]],"antennas":[0.0,0.0],"body_yaw":0.052236,"check_collision":false},{"head":[[0.996754,-0.033309,0.073287,-0.012391],[0.034781,0.999216,-0.018895,-0.0061],[-0.0726,0.021382,0.997132,0.001838],[0.0,0.0,0.0,1.0]],"antennas":[0.0,0.0],"body_yaw":0.052236,"check_collision":false},{"head":[[0.996876,-0.032999,0.071761,-0.012252],[0.034464,0.99922,-0.019273,-0.006214],[-0.071069,0.021686,0.997236,0.001893],[0.0,0.0,0.0,1.0]],"antennas":[0.0,0.0],"body_yaw":0.052236,"check_collision":false},{"head":[[0.996891,-0.031953,0.07202,-0.012129],[0.033457,0.999245,-0.01977,-0.006278],[-0.071333,0.022118,0.997207,0.001933],[0.0,0.0,0.0,1.0]],"antennas":[0.0,0.0],"body_yaw":0.026304,"check_collision":false},{"head":[[0.996992,-0.030592,0.071213,-0.012078],[0.032093,0.999284,-0.020029,-0.006422],[-0.070549,0.022255,0.99726,0.002094],[0.0,0.0,0.0,1.0]],"antennas":[0.0,0.0],"body_yaw":-0.028019,"check_collision":false},{"head":[[0.997045,-0.028999,0.071141,-0.012084],[0.030467,0.999343,-0.019639,-0.006378],[-0.070525,0.021748,0.997273,0.002307],[0.0,0.0,0.0,1.0]],"antennas":[0.0,0.0],"body_yaw":-0.083518,"check_collision":false},{"head":[[0.996966,-0.027799,0.072708,-0.012005],[0.029286,0.999382,-0.019459,-0.006365],[-0.072122,0.021529,0.997163,0.002471],[0.0,0.0,0.0,1.0]],"antennas":[0.0,0.0],"body_yaw":-0.138753,"check_collision":false},{"head":[[0.996875,-0.026714,0.074338,-0.011963],[0.028219,0.999416,-0.019275,-0.006472],[-0.07378,0.021312,0.997047,0.002523],[0.0,0.0,0.0,1.0]],"antennas":[0.0,0.0],"body_yaw":-0.181726,"check_collision":false},{"head":[[0.996862,-0.026512,0.074585,-0.011903],[0.027999,0.999428,-0.018967,-0.006397],[-0.07404,0.020996,0.997034,0.002416],[0.0,0.0,0.0,1.0]],"antennas":[0.0,0.0],"body_yaw":-0.177241,"check_collision":false},{"head":[[0.996808,-0.026344,0.075361,-0.011786],[0.027847,0.999432,-0.018971,-0.006477],[-0.074818,0.021009,0.996976,0.002339],[0.0,0.0,0.0,1.0]],"antennas":[0.0,0.0],"body_yaw":-0.138417,"check_collision":false},{"head":[[0.996751,-0.026181,0.076169,-0.011628],[0.027693,0.999438,-0.018869,-0.006343],[-0.075632,0.020917,0.996916,0.001987],[0.0,0.0,0.0,1.0]],"antennas":[0.0,0.0],"body_yaw":-0.13417,"check_collision":false},{"head":[[0.996634,-0.026038,0.077731,-0.011448],[0.027654,0.999422,-0.019791,-0.006287],[-0.077171,0.021874,0.996778,0.00177],[0.0,0.0,0.0,1.0]],"antennas":[0.0,0.0],"body_yaw":-0.174401,"check_collision":false},{"head":[[0.996481,-0.02799,0.079002,-0.011307],[0.029874,0.999294,-0.022769,-0.006244],[-0.078309,0.025049,0.996614,0.001492],[0.0,0.0,0.0,1.0]],"antennas":[0.0,0.0],"body_yaw":-0.229429,"check_collision":false},{"head":[[0.996112,-0.035392,0.080676,-0.01074],[0.037747,0.998899,-0.02786,-0.006592],[-0.079601,0.030797,0.996351,0.000603],[0.0,0.0,0.0,1.0]],"antennas":[0.0,0.0],"body_yaw":-0.285021,"check_collision":false},{"head":[[0.995258,-0.048252,0.084463,-0.009851],[0.051111,0.99818,-0.03201,-0.007483],[-0.082765,0.036176,0.995912,-0.001412],[0.0,0.0,0.0,1.0]],"antennas":[0.0,0.0],"body_yaw":-0.333681,"check_collision":false},{"head":[[0.994636,-0.058749,0.085135,-0.008921],[0.06202,0.997415,-0.036295,-0.008203],[-0.082783,0.041381,0.995708,-0.00382],[0.0,0.0,0.0,1.0]],"antennas":[0.0,0.0],"body_yaw":-0.336357,"check_collision":false},{"head":[[0.994126,-0.059483,0.090417,-0.008512],[0.063981,0.996811,-0.047689,-0.008502],[-0.087292,0.053193,0.994762,-0.005819],[0.0,0.0,0.0,1.0]],"antennas":[0.0,0.0],"body_yaw":-0.282869,"check_collision":false},{"head":[[0.993974,-0.055746,0.094381,-0.008331],[0.061123,0.99661,-0.055074,-0.008149],[-0.090991,0.060511,0.994012,-0.007947],[0.0,0.0,0.0,1.0]],"antennas":[0.0,0.0],"body_yaw":-0.260682,"check_collision":false},{"head":[[0.993708,-0.050166,0.100139,-0.007788],[0.056329,0.996626,-0.059701,-0.008316],[-0.096806,0.064966,0.993181,-0.00952],[0.0,0.0,0.0,1.0]],"antennas":[0.0,0.0],"body_yaw":-0.285712,"check_collision":false},{"head":[[0.993811,-0.044574,0.101747,-0.0078],[0.050031,0.997408,-0.051721,-0.008274],[-0.099177,0.056492,0.993465,-0.009654],[0.0,0.0,0.0,1.0]],"antennas":[0.0,0.0],"body_yaw":-0.332924,"check_collision":false},{"head":[[0.994543,-0.043066,0.095027,-0.008276],[0.047514,0.997854,-0.045056,-0.008014],[-0.092883,0.049325,0.994455,-0.008859],[0.0,0.0,0.0,1.0]],"antennas":[0.0,0.0],"body_yaw":-0.377836,"check_collision":false},{"head":[[0.995435,-0.044197,0.084594,-0.008834],[0.048299,0.997723,-0.047065,-0.007907],[-0.082321,0.050936,0.995303,-0.007354],[0.0,0.0,0.0,1.0]],"antennas":[0.0,0.0],"body_yaw":-0.401223,"check_collision":false},{"head":[[0.996056,-0.044942,0.076509,-0.009025],[0.048716,0.997649,-0.048198,-0.007804],[-0.074163,0.051735,0.995903,-0.005712],[0.0,0.0,0.0,1.0]],"antennas":[0.0,0.0],"body_yaw":-0.364549,"check_collision":false},{"head":[[0.996263,-0.040878,0.076084,-0.009066],[0.044469,0.997945,-0.04613,-0.008159],[-0.074042,0.049341,0.996034,-0.004085],[0.0,0.0,0.0,1.0]],"antennas":[0.0,0.0],"body_yaw":-0.309042,"check_collision":false},{"head":[[0.996575,-0.037967,0.073457,-0.009219],[0.041264,0.998184,-0.043896,-0.007793],[-0.071657,0.046777,0.996332,-0.003311],[0.0,0.0,0.0,1.0]],"antennas":[0.0,0.0],"body_yaw":-0.267462,"check_collision":false},{"head":[[0.996674,-0.035635,0.073286,-0.009361],[0.038868,0.998311,-0.043172,-0.008062],[-0.071624,0.045877,0.996376,-0.002373],[0.0,0.0,0.0,1.0]],"antennas":[0.0,0.0],"body_yaw":-0.304721,"check_collision":false},{"head":[[0.996889,-0.036448,0.069879,-0.008954],[0.039644,0.998204,-0.044905,-0.008317],[-0.068117,0.047536,0.996544,-0.002227],[0.0,0.0,0.0,1.0]],"antennas":[0.0,0.0],"body_yaw":-0.358981,"check_collision":false},{"head":[[0.997003,-0.040177,0.066118,-0.008175],[0.043685,0.997664,-0.052509,-0.008365],[-0.063854,0.05524,0.996429,-0.003143],[0.0,0.0,0.0,1.0]],"antennas":[0.0,0.0],"body_yaw":-0.402513,"check_collision":false},{"head":[[0.996664,-0.034387,0.074019,-0.007752],[0.039342,0.997007,-0.066555,-0.00879],[-0.071509,0.069245,0.995033,-0.004761],[0.0,0.0,0.0,1.0]],"antennas":[0.0,0.0],"body_yaw":-0.372675,"check_collision":false},{"head":[[0.99622,-0.021552,0.08415,-0.007639],[0.02791,0.996783,-0.075131,-0.009238],[-0.08226,0.077195,0.993617,-0.006095],[0.0,0.0,0.0,1.0]],"antennas":[0.0,0.0],"body_yaw":-0.317181,"check_collision":false},{"head":[[0.996407,-0.011909,0.083858,-0.007505],[0.018518,0.996743,-0.078488,-0.009279],[-0.08265,0.079759,0.993382,-0.006742],[0.0,0.0,0.0,1.0]],"antennas":[0.0,0.0],"body_yaw":-0.262174,"check_collision":false},{"head":[[0.996621,-0.006999,0.081841,-0.007236],[0.013988,0.996272,-0.085131,-0.009382],[-0.08094,0.085989,0.993003,-0.007277],[0.0,0.0,0.0,1.0]],"antennas":[0.0,0.0],"body_yaw":-0.206201,"check_collision":false},{"head":[[0.996623,-0.003925,0.082024,-0.007184],[0.010931,0.996309,-0.085135,-0.009528],[-0.081387,0.085744,0.992987,-0.007456],[0.0,0.0,0.0,1.0]],"antennas":[0.0,0.0],"body_yaw":-0.15089,"check_collision":false},{"head":[[0.996663,-0.004016,0.081523,-0.007221],[0.01108,0.9962,-0.086383,-0.00953],[-0.080866,0.086998,0.992921,-0.006993],[0.0,0.0,0.0,1.0]],"antennas":[0.0,0.0],"body_yaw":-0.116956,"check_collision":false},{"head":[[0.996841,-0.006294,0.07917,-0.00731],[0.013004,0.996337,-0.084525,-0.009289],[-0.078348,0.085287,0.993271,-0.006101],[0.0,0.0,0.0,1.0]],"antennas":[0.0,0.0],"body_yaw":-0.116956,"check_collision":false},{"head":[[0.99679,-0.005332,0.079881,-0.007366],[0.011844,0.996622,-0.081266,-0.009093],[-0.079178,0.081951,0.993486,-0.004826],[0.0,0.0,0.0,1.0]],"antennas":[0.0,0.0],"body_yaw":-0.116956,"check_collision":false},{"head":[[0.996954,-0.006647,0.077705,-0.007567],[0.012453,0.997145,-0.074471,-0.008964],[-0.076988,0.075212,0.994191,-0.003326],[0.0,0.0,0.0,1.0]],"antennas":[0.0,0.0],"body_yaw":-0.116956,"check_collision":false},{"head":[[0.997451,-0.013463,0.070069,-0.007497],[0.018302,0.997457,-0.068875,-0.008983],[-0.068963,0.069982,0.995162,-0.002056],[0.0,0.0,0.0,1.0]],"antennas":[0.0,0.0],"body_yaw":-0.084347,"check_collision":false},{"head":[[0.997702,-0.016059,0.065817,-0.007227],[0.020144,0.99788,-0.061879,-0.009018],[-0.064683,0.063063,0.995911,-0.001125],[0.0,0.0,0.0,1.0]],"antennas":[0.0,0.0],"body_yaw":-0.028629,"check_collision":false},{"head":[[0.997787,-0.018536,0.06386,-0.006866],[0.022072,0.998236,-0.055118,-0.009011],[-0.062726,0.056405,0.996436,-0.001033],[0.0,0.0,0.0,1.0]],"antennas":[0.0,0.0],"body_yaw":0.026786,"check_collision":false},{"head":[[0.998037,-0.023525,0.058039,-0.0063],[0.026592,0.998259,-0.052649,-0.009354],[-0.056699,0.054089,0.996925,-0.001881],[0.0,0.0,0.0,1.0]],"antennas":[0.0,0.0],"body_yaw":0.082372,"check_collision":false},{"head":[[0.99787,-0.022122,0.061362,-0.005845],[0.025876,0.997798,-0.061068,-0.009874],[-0.059876,0.062525,0.996246,-0.003513],[0.0,0.0,0.0,1.0]],"antennas":[0.0,0.0],"body_yaw":0.137877,"check_collision":false},{"head":[[0.997261,-0.012957,0.072816,-0.005528],[0.018631,0.996795,-0.077801,-0.010047],[-0.071575,0.078945,0.994306,-0.005453],[0.0,0.0,0.0,1.0]],"antennas":[0.0,0.0],"body_yaw":0.193245,"check_collision":false},{"head":[[0.997082,-0.00127,0.076321,-0.00566],[0.007549,0.9966,-0.082048,-0.010169],[-0.075957,0.082385,0.993702,-0.006447],[0.0,0.0,0.0,1.0]],"antennas":[0.0,0.0],"body_yaw":0.246206,"check_collision":false},{"head":[[0.997617,-0.001529,0.068973,-0.005796],[0.00758,0.99613,-0.087563,-0.009839],[-0.068572,0.087877,0.993768,-0.006771],[0.0,0.0,0.0,1.0]],"antennas":[0.0,0.0],"body_yaw":0.255594,"check_collision":false},{"head":[[0.997945,-0.003864,0.063958,-0.005701],[0.009748,0.995717,-0.091942,-0.009566],[-0.063328,0.092376,0.993708,-0.006949],[0.0,0.0,0.0,1.0]],"antennas":[0.0,0.0],"body_yaw":0.255594,"check_collision":false},{"head":[[0.998147,-0.008151,0.0603,-0.005726],[0.013662,0.995706,-0.091555,-0.009528],[-0.059294,0.092209,0.993973,-0.006543],[0.0,0.0,0.0,1.0]],"antennas":[0.0,0.0],"body_yaw":0.255594,"check_collision":false},{"head":[[0.998371,-0.016279,0.054682,-0.00568],[0.021196,0.995665,-0.090569,-0.009612],[-0.05297,0.09158,0.994388,-0.005615],[0.0,0.0,0.0,1.0]],"antennas":[0.0,0.0],"body_yaw":0.255594,"check_collision":false},{"head":[[0.998458,-0.026786,0.048631,-0.00576],[0.030748,0.996105,-0.082638,-0.009655],[-0.046228,0.084006,0.995392,-0.004021],[0.0,0.0,0.0,1.0]],"antennas":[0.0,0.0],"body_yaw":0.255594,"check_collision":false},{"head":[[0.998417,-0.03591,0.043279,-0.005809],[0.038992,0.996598,-0.072616,-0.009549],[-0.040524,0.074188,0.996421,-0.002545],[0.0,0.0,0.0,1.0]],"antennas":[0.0,0.0],"body_yaw":0.255594,"check_collision":false},{"head":[[0.998295,-0.033583,0.047745,-0.005655],[0.036462,0.997487,-0.060755,-0.00934],[-0.045584,0.062393,0.99701,-0.001548],[0.0,0.0,0.0,1.0]],"antennas":[0.0,0.0],"body_yaw":0.255594,"check_collision":false},{"head":[[0.998465,-0.038762,0.039569,-0.004862],[0.040721,0.997921,-0.049957,-0.009642],[-0.03755,0.051492,0.997967,-0.001383],[0.0,0.0,0.0,1.0]],"antennas":[0.0,0.0],"body_yaw":0.255594,"check_collision":false},{"head":[[0.998335,-0.045143,0.035907,-0.003991],[0.046635,0.998035,-0.041859,-0.009635],[-0.033947,0.043463,0.998478,-0.002205],[0.0,0.0,0.0,1.0]],"antennas":[0.0,0.0],"body_yaw":0.255594,"check_collision":false},{"head":[[0.997895,-0.054773,0.034712,-0.003187],[0.056459,0.997171,-0.049624,-0.010297],[-0.031896,0.051479,0.998165,-0.003365],[0.0,0.0,0.0,1.0]],"antennas":[0.0,0.0],"body_yaw":0.255594,"check_collision":false},{"head":[[0.997403,-0.063154,0.034619,-0.002248],[0.065286,0.995787,-0.064384,-0.010801],[-0.030407,0.066477,0.997325,-0.005335],[0.0,0.0,0.0,1.0]],"antennas":[0.0,0.0],"body_yaw":0.255594,"check_collision":false},{"head":[[0.997108,-0.058895,0.048024,-0.001898],[0.062407,0.995209,-0.075257,-0.011229],[-0.043362,0.078036,0.996007,-0.006674],[0.0,0.0,0.0,1.0]],"antennas":[0.0,0.0],"body_yaw":0.242351,"check_collision":false},{"head":[[0.997058,-0.053074,0.055299,-0.002375],[0.057172,0.995515,-0.075373,-0.011107],[-0.051051,0.078313,0.995621,-0.007172],[0.0,0.0,0.0,1.0]],"antennas":[0.0,0.0],"body_yaw":0.192222,"check_collision":false},{"head":[[0.996869,-0.053487,0.05823,-0.003249],[0.057864,0.995405,-0.076289,-0.010611],[-0.053882,0.07942,0.995384,-0.006644],[0.0,0.0,0.0,1.0]],"antennas":[0.0,0.0],"body_yaw":0.137606,"check_collision":false},{"head":[[0.996648,-0.053267,0.062084,-0.003942],[0.057878,0.995501,-0.075015,-0.01029],[-0.057809,0.078356,0.995248,-0.005592],[0.0,0.0,0.0,1.0]],"antennas":[0.0,0.0],"body_yaw":0.081156,"check_collision":false},{"head":[[0.99632,-0.053931,0.066612,-0.004261],[0.058714,0.99567,-0.072063,-0.010015],[-0.062438,0.075709,0.995173,-0.004519],[0.0,0.0,0.0,1.0]],"antennas":[0.0,0.0],"body_yaw":0.04082,"check_collision":false},{"head":[[0.996257,-0.057695,0.064372,-0.004307],[0.06185,0.995996,-0.064551,-0.009953],[-0.06039,0.06829,0.995836,-0.003738],[0.0,0.0,0.0,1.0]],"antennas":[0.0,0.0],"body_yaw":0.029239,"check_collision":false},{"head":[[0.996398,-0.064483,0.055076,-0.004134],[0.067648,0.996041,-0.057677,-0.009929],[-0.051138,0.061195,0.996815,-0.003147],[0.0,0.0,0.0,1.0]],"antennas":[0.0,0.0],"body_yaw":0.029239,"check_collision":false},{"head":[[0.99662,-0.07046,0.042241,-0.003527],[0.072591,0.996044,-0.051258,-0.010178],[-0.038463,0.054151,0.997792,-0.002886],[0.0,0.0,0.0,1.0]],"antennas":[0.0,0.0],"body_yaw":0.029239,"check_collision":false},{"head":[[0.996418,-0.077254,0.034397,-0.002849],[0.078938,0.995592,-0.050651,-0.010415],[-0.030332,0.053185,0.998124,-0.003411],[0.0,0.0,0.0,1.0]],"antennas":[0.0,0.0],"body_yaw":0.029239,"check_collision":false},{"head":[[0.99575,-0.084357,0.036971,-0.002291],[0.086406,0.994578,-0.057873,-0.010913],[-0.031889,0.060822,0.997639,-0.004886],[0.0,0.0,0.0,1.0]],"antennas":[0.0,0.0],"body_yaw":0.029239,"check_collision":false},{"head":[[0.995107,-0.080133,0.057794,-0.002252],[0.084422,0.993524,-0.076047,-0.011279],[-0.051326,0.080554,0.995428,-0.006846],[0.0,0.0,0.0,1.0]],"antennas":[0.0,0.0],"body_yaw":0.029239,"check_collision":false},{"head":[[0.995407,-0.065303,0.069996,-0.002708],[0.070611,0.994586,-0.076247,-0.011105],[-0.064638,0.080839,0.994629,-0.007531],[0.0,0.0,0.0,1.0]],"antennas":[0.0,0.0],"body_yaw":0.029239,"check_collision":false},{"head":[[0.995729,-0.063473,0.067042,-0.003221],[0.068784,0.994408,-0.080138,-0.010691],[-0.06158,0.084408,0.994527,-0.007025],[0.0,0.0,0.0,1.0]],"antennas":[0.0,0.0],"body_yaw":0.029239,"check_collision":false},{"head":[[0.995828,-0.068681,0.060071,-0.003653],[0.073629,0.993705,-0.08444,-0.010564],[-0.053894,0.08851,0.994616,-0.005983],[0.0,0.0,0.0,1.0]],"antennas":[0.0,0.0],"body_yaw":0.029239,"check_collision":false},{"head":[[0.995844,-0.07009,0.058152,-0.004219],[0.074783,0.993749,-0.082892,-0.010506],[-0.051978,0.086896,0.99486,-0.004923],[0.0,0.0,0.0,1.0]],"antennas":[0.0,0.0],"body_yaw":0.029239,"check_collision":false},{"head":[[0.995985,-0.064611,0.061961,-0.004825],[0.069263,0.99469,-0.076128,-0.009923],[-0.056713,0.080114,0.995171,-0.003476],[0.0,0.0,0.0,1.0]],"antennas":[0.0,0.0],"body_yaw":0.029239,"check_collision":false},{"head":[[0.996277,-0.055118,0.066295,-0.005282],[0.059788,0.995708,-0.070648,-0.009351],[-0.062117,0.074349,0.995296,-0.001537],[0.0,0.0,0.0,1.0]],"antennas":[0.0,0.0],"body_yaw":0.029239,"check_collision":false},{"head":[[0.996875,-0.050841,0.060453,-0.005291],[0.054641,0.996518,-0.06297,-0.009093],[-0.057041,0.066077,0.996183,-0.000176],[0.0,0.0,0.0,1.0]],"antennas":[0.0,0.0],"body_yaw":0.029239,"check_collision":false},{"head":[[0.997499,-0.056832,0.042024,-0.004614],[0.059127,0.996703,-0.055564,-0.009409],[-0.038728,0.05791,0.99757,0.00014],[0.0,0.0,0.0,1.0]],"antennas":[0.0,0.0],"body_yaw":0.029239,"check_collision":false},{"head":[[0.997368,-0.064133,0.033837,-0.003743],[0.065953,0.996265,-0.055731,-0.009879],[-0.030136,0.057815,0.997872,-8.7e-05],[0.0,0.0,0.0,1.0]],"antennas":[0.0,0.0],"body_yaw":0.029239,"check_collision":false},{"head":[[0.997074,-0.068,0.034928,-0.003017],[0.070048,0.995664,-0.061216,-0.01015],[-0.030614,0.063484,0.997513,-0.000907],[0.0,0.0,0.0,1.0]],"antennas":[0.0,0.0],"body_yaw":0.029239,"check_collision":false},{"head":[[0.997119,-0.064547,0.03984,-0.003214],[0.066885,0.99593,-0.060422,-0.010431],[-0.035778,0.062912,0.997378,-0.000824],[0.0,0.0,0.0,1.0]],"antennas":[0.0,0.0],"body_yaw":0.029239,"check_collision":false},{"head":[[0.997598,-0.057778,0.038201,-0.004143],[0.059801,0.996742,-0.054129,-0.010742],[-0.034949,0.056284,0.997803,0.000335],[0.0,0.0,0.0,1.0]],"antennas":[0.0,0.0],"body_yaw":0.029239,"check_collision":false},{"head":[[0.998012,-0.054676,0.031355,-0.004661],[0.056182,0.997199,-0.049364,-0.010677],[-0.028568,0.051028,0.998289,0.001815],[0.0,0.0,0.0,1.0]],"antennas":[0.0,0.0],"body_yaw":0.029239,"check_collision":false},{"head":[[0.998277,-0.048411,0.033168,-0.004459],[0.049957,0.997622,-0.04749,-0.010434],[-0.03079,0.049065,0.998321,0.002701],[0.0,0.0,0.0,1.0]],"antennas":[0.0,0.0],"body_yaw":0.029239,"check_collision":false},{"head":[[0.998532,-0.041751,0.034503,-0.004436],[0.043196,0.998173,-0.042243,-0.010121],[-0.032676,0.043671,0.998511,0.003028],[0.0,0.0,0.0,1.0]],"antennas":[0.0,0.0],"body_yaw":0.029239,"check_collision":false},{"head":[[0.998733,-0.036998,0.034122,-0.004308],[0.038293,0.998539,-0.038131,-0.009883],[-0.032661,0.039389,0.99869,0.003585],[0.0,0.0,0.0,1.0]],"antennas":[0.0,0.0],"body_yaw":0.029239,"check_collision":false},{"head":[[0.998864,-0.034342,0.033041,-0.004482],[0.035471,0.998785,-0.034215,-0.009266],[-0.031825,0.035348,0.998868,0.004137],[0.0,0.0,0.0,1.0]],"antennas":[0.0,0.0],"body_yaw":0.029239,"check_collision":false},{"head":[[0.998981,-0.034702,0.028849,-0.004661],[0.035615,0.998862,-0.031728,-0.00869],[-0.027715,0.032724,0.99908,0.004477],[0.0,0.0,0.0,1.0]],"antennas":[0.0,0.0],"body_yaw":0.029239,"check_collision":false},{"head":[[0.999027,-0.035063,0.026764,-0.004634],[0.035892,0.998869,-0.031179,-0.008442],[-0.025641,0.032109,0.999155,0.004406],[0.0,0.0,0.0,1.0]],"antennas":[0.0,0.0],"body_yaw":0.029239,"check_collision":false},{"head":[[0.999015,-0.034981,0.027317,-0.004459],[0.035837,0.998862,-0.031471,-0.008296],[-0.026185,0.032419,0.999131,0.004376],[0.0,0.0,0.0,1.0]],"antennas":[0.0,0.0],"body_yaw":0.029239,"check_collision":false},{"head":[[0.998992,-0.035228,0.027823,-0.004537],[0.036119,0.998829,-0.032178,-0.008325],[-0.026657,0.033151,0.999095,0.004604],[0.0,0.0,0.0,1.0]],"antennas":[0.0,0.0],"body_yaw":0.029239,"check_collision":false},{"head":[[0.998997,-0.03574,0.026988,-0.004883],[0.0366,0.998815,-0.032079,-0.008349],[-0.02581,0.033034,0.999121,0.004765],[0.0,0.0,0.0,1.0]],"antennas":[0.0,0.0],"body_yaw":0.029239,"check_collision":false},{"head":[[0.998975,-0.037014,0.026051,-0.004997],[0.03784,0.998772,-0.031993,-0.008484],[-0.024835,0.032946,0.999149,0.004911],[0.0,0.0,0.0,1.0]],"antennas":[0.0,0.0],"body_yaw":0.029239,"check_collision":false},{"head":[[0.99895,-0.038078,0.025467,-0.004871],[0.038871,0.99875,-0.031418,-0.008597],[-0.024239,0.032375,0.999182,0.004929],[0.0,0.0,0.0,1.0]],"antennas":[0.0,0.0],"body_yaw":0.029239,"check_collision":false},{"head":[[0.998954,-0.039353,0.023281,-0.004678],[0.0401,0.998665,-0.032546,-0.008634],[-0.021969,0.033446,0.999199,0.004737],[0.0,0.0,0.0,1.0]],"antennas":[0.0,0.0],"body_yaw":0.029239,"check_collision":false},{"head":[[0.998967,-0.039766,0.021976,-0.004671],[0.040475,0.998643,-0.032783,-0.008696],[-0.020643,0.033638,0.999221,0.004457],[0.0,0.0,0.0,1.0]],"antennas":[0.0,0.0],"body_yaw":0.029239,"check_collision":false},{"head":[[0.998958,-0.04084,0.020352,-0.004545],[0.041511,0.99857,-0.033689,-0.008802],[-0.018947,0.034499,0.999225,0.004123],[0.0,0.0,0.0,1.0]],"antennas":[0.0,0.0],"body_yaw":0.029239,"check_collision":false},{"head":[[0.998925,-0.042096,0.019427,-0.004352],[0.042747,0.998493,-0.034418,-0.008657],[-0.017949,0.035212,0.999219,0.004094],[0.0,0.0,0.0,1.0]],"antennas":[0.0,0.0],"body_yaw":0.029239,"check_collision":false},{"head":[[0.998932,-0.041962,0.019336,-0.004428],[0.042598,0.998522,-0.033748,-0.008529],[-0.017891,0.034536,0.999243,0.004214],[0.0,0.0,0.0,1.0]],"antennas":[0.0,0.0],"body_yaw":0.029239,"check_collision":false},{"head":[[0.998932,-0.041791,0.019682,-0.004598],[0.042421,0.998563,-0.032748,-0.008402],[-0.018286,0.033548,0.99927,0.004206],[0.0,0.0,0.0,1.0]],"antennas":[0.0,0.0],"body_yaw":0.029239,"check_collision":false},{"head":[[0.998909,-0.042226,0.019946,-0.004525],[0.042853,0.998563,-0.03217,-0.00837],[-0.018559,0.032989,0.999283,0.004224],[0.0,0.0,0.0,1.0]],"antennas":[0.0,0.0],"body_yaw":0.029239,"check_collision":false},{"head":[[0.998879,-0.04303,0.019732,-0.004441],[0.043656,0.998519,-0.032457,-0.008415],[-0.018306,0.033282,0.999278,0.004198],[0.0,0.0,0.0,1.0]],"antennas":[0.0,0.0],"body_yaw":0.029239,"check_collision":false},{"head":[[0.99888,-0.043069,0.019576,-0.004548],[0.043694,0.998511,-0.032673,-0.008403],[-0.018139,0.033492,0.999274,0.004109],[0.0,0.0,0.0,1.0]],"antennas":[0.0,0.0],"body_yaw":0.029239,"check_collision":false},{"head":[[0.998882,-0.042937,0.019802,-0.004568],[0.043575,0.998504,-0.033019,-0.008458],[-0.018355,0.033845,0.999259,0.004039],[0.0,0.0,0.0,1.0]],"antennas":[0.0,0.0],"body_yaw":0.029239,"check_collision":false},{"head":[[0.998885,-0.042457,0.020648,-0.004425],[0.043132,0.99851,-0.033436,-0.008449],[-0.019198,0.034289,0.999228,0.003993],[0.0,0.0,0.0,1.0]],"antennas":[0.0,0.0],"body_yaw":0.029239,"check_collision":false},{"head":[[0.998884,-0.042158,0.021295,-0.004356],[0.042865,0.998505,-0.033927,-0.008546],[-0.019832,0.034802,0.999197,0.003978],[0.0,0.0,0.0,1.0]],"antennas":[0.0,0.0],"body_yaw":0.029239,"check_collision":false}]}