{"description":"You use it when you're happy to help or contribute.","time":[0.0,0.02,0.04,0.06,0.08,0.1,0.12,0.14,0.16,0.18,0.2,0.22,0.24,0.26,0.28,0.3,0.32,0.34,0.36,0.38,0.4,0.42,0.44,0.46,0.48,0.5,0.52,0.54,0.56,0.58,0.6,0.62,0.64,0.66,0.68,0.7,0.72,0.74,0.76,0.78,0.8,0.82,0.84,0.86,0.88,0.9,0.92,0.94,0.96,0.98,1.0,1.02,1.04,1.06,1.08,1.1,1.12,1.14,1.16,1.18,1.2,1.22,1.24,1.26,1.28,1.3,1.32,1.34,1.36,1.38,1.4,1.42,1.44,1.46,1.48,1.5,1.52,1.54,1.56,1.58,1.6,1.62,1.64,1.66,1.68,1.7,1.72,1.74,1.76,1.78,1.8,1.82,1.84,1.86,1.88,1.9,1.92,1.94,1.96,1.98,2.0,2.02,2.04,2.06,2.08,2.1,2.12,2.14,2.16,2.18,2.2,2.22,2.24,2.26,2.28,2.3,2.32,2.34,2.36,2.38,2.4,2.42,2.44,2.46,2.48,2.5,2.52,2.54,2.56,2.58,2.6,2.62,2.64,2.66,2.68,2.7,2.72,2.74,2.76,2.78,2.8,2.82,2.84,2.86,2.88,2.9,2.92,2.94,2.96,2.98,3.0,3.02,3.04,3.06,3.08,3.1,3.12,3.14,3.16,3.18,3.2,3.22,3.24,3.26,3.28,3.3,3.32,3.34,3.36,3.38,3.4,3.42,3.44,3.46,3.48,3.5,3.52,3.54,3.56,3.58,3.6,3.62,3.64,3.66,3.68,3.7,3.72,3.74,3.76,3.78,3.8,3.82,3.84,3.86,3.88,3.9,3.92,3.94,3.96,3.98,4.0,4.02,4.04,4.06,4.08,4.1,4.12,4.14,4.16,4.18,4.2,4.22,4.24,4.26,4.28,4.3,4.32,4.34,4.36],"set_target_data":[{"head":[[0.998005,-0.048813,0.040052,-0.010852],[0.046876,0.997749,0.047958,0.00423],[-0.042303,-0.045985,0.998046,0.003629],[0.0,0.0,0.0,1.0]],"antennas":[0.0,0.0],"body_yaw":-0.032853,"check_collision":false},{"head":[[0.998011,-0.048897,0.039793,-0.010995],[0.046985,0.997758,0.047651,0.00429],[-0.042034,-0.045686,0.998071,0.003613],[0.0,0.0,0.0,1.0]],"antennas":[0.0,0.0],"body_yaw":-0.032853,"check_collision":false},{"head":[[0.998038,-0.049398,0.038471,-0.011217],[0.047566,0.997754,0.047168,0.004476],[-0.040714,-0.045246,0.998146,0.003715],[0.0,0.0,0.0,1.0]],"antennas":[0.0,0.0],"body_yaw":-0.032853,"check_collision":false},{"head":[[0.99807,-0.051234,0.035103,-0.011471],[0.049628,0.997744,0.0452,0.004506],[-0.037339,-0.043371,0.998361,0.003997],[0.0,0.0,0.0,1.0]],"antennas":[0.0,0.0],"body_yaw":-0.032853,"check_collision":false},{"head":[[0.997944,-0.057554,0.028207,-0.011746],[0.056524,0.99775,0.036051,0.0046],[-0.030218,-0.034383,0.998952,0.004284],[0.0,0.0,0.0,1.0]],"antennas":[0.0,0.0],"body_yaw":-0.032853,"check_collision":false},{"head":[[0.997594,-0.066857,0.018345,-0.012071],[0.066528,0.997623,0.017972,0.004721],[-0.019503,-0.016708,0.99967,0.004502],[0.0,0.0,0.0,1.0]],"antennas":[0.0,0.0],"body_yaw":-0.032853,"check_collision":false},{"head":[[0.997393,-0.071466,0.010012,-0.012209],[0.071479,0.997442,-0.000965,0.004683],[-0.009918,0.001678,0.999949,0.004579],[0.0,0.0,0.0,1.0]],"antennas":[0.0,0.0],"body_yaw":-0.032853,"check_collision":false},{"head":[[0.99723,-0.074204,0.005194,-0.012202],[0.074304,0.996973,-0.022904,0.004577],[-0.003478,0.023226,0.999724,0.004597],[0.0,0.0,0.0,1.0]],"antennas":[0.0,0.0],"body_yaw":-0.032853,"check_collision":false},{"head":[[0.99702,-0.077134,0.00132,-0.012137],[0.077107,0.995832,-0.048721,0.004497],[0.002443,0.048678,0.998812,0.004545],[0.0,0.0,0.0,1.0]],"antennas":[0.0,0.0],"body_yaw":-0.032853,"check_collision":false},{"head":[[0.996751,-0.080532,-0.001062,-0.012065],[0.080212,0.9938,-0.076985,0.004555],[0.007255,0.07665,0.997032,0.004491],[0.0,0.0,0.0,1.0]],"antennas":[0.0,0.0],"body_yaw":-0.032853,"check_collision":false},{"head":[[0.996561,-0.082809,-0.002842,-0.012079],[0.082115,0.99163,-0.09963,0.004501],[0.011069,0.099054,0.99502,0.004515],[0.0,0.0,0.0,1.0]],"antennas":[0.0,0.0],"body_yaw":-0.032853,"check_collision":false},{"head":[[0.99659,-0.082459,-0.003058,-0.012161],[0.081599,0.990356,-0.111971,0.004576],[0.012261,0.111339,0.993707,0.00441],[0.0,0.0,0.0,1.0]],"antennas":[0.0,0.0],"body_yaw":-0.032853,"check_collision":false},{"head":[[0.996764,-0.080378,-0.000296,-0.012119],[0.079815,0.990211,-0.114505,0.004351],[0.009497,0.114111,0.993423,0.004375],[0.0,0.0,0.0,1.0]],"antennas":[0.0,0.0],"body_yaw":-0.032853,"check_collision":false},{"head":[[0.996906,-0.07847,0.004623,-0.01198],[0.078474,0.990099,-0.116384,0.004188],[0.004555,0.116387,0.993194,0.004256],[0.0,0.0,0.0,1.0]],"antennas":[0.0,0.0],"body_yaw":-0.032853,"check_collision":false},{"head":[[0.996969,-0.07742,0.007688,-0.011964],[0.077787,0.990054,-0.117225,0.004197],[0.001464,0.117468,0.993076,0.004186],[0.0,0.0,0.0,1.0]],"antennas":[0.0,0.0],"body_yaw":-0.032853,"check_collision":false},{"head":[[0.99693,-0.077932,0.007563,-0.01196],[0.078277,0.989793,-0.119086,0.00425],[0.001795,0.119313,0.992855,0.004125],[0.0,0.0,0.0,1.0]],"antennas":[0.0,0.0],"body_yaw":-0.032853,"check_collision":false},{"head":[[0.99694,-0.077739,0.008147,-0.011892],[0.078155,0.989691,-0.120016,0.00418],[0.001267,0.120286,0.992739,0.004178],[0.0,0.0,0.0,1.0]],"antennas":[0.0,0.0],"body_yaw":-0.032853,"check_collision":false},{"head":[[0.996943,-0.077709,0.00807,-0.011774],[0.078115,0.989703,-0.119938,0.004017],[0.001334,0.120202,0.992749,0.004226],[0.0,0.0,0.0,1.0]],"antennas":[0.0,0.0],"body_yaw":-0.032853,"check_collision":false},{"head":[[0.997008,-0.07686,0.008187,-0.011732],[0.077287,0.989843,-0.11932,0.003883],[0.001067,0.119596,0.992822,0.004281],[0.0,0.0,0.0,1.0]],"antennas":[0.0,0.0],"body_yaw":-0.032853,"check_collision":false},{"head":[[0.997024,-0.076698,0.007744,-0.011634],[0.077072,0.989794,-0.119864,0.003675],[0.001529,0.120104,0.99276,0.004374],[0.0,0.0,0.0,1.0]],"antennas":[0.0,0.0],"body_yaw":-0.032853,"check_collision":false},{"head":[[0.997064,-0.076123,0.008306,-0.011523],[0.076569,0.989854,-0.119688,0.003563],[0.00089,0.119973,0.992777,0.004436],[0.0,0.0,0.0,1.0]],"antennas":[0.0,0.0],"body_yaw":-0.032853,"check_collision":false},{"head":[[0.997039,-0.076356,0.009071,-0.011429],[0.076893,0.9897,-0.120754,0.003448],[0.000242,0.121094,0.992641,0.004414],[0.0,0.0,0.0,1.0]],"antennas":[0.0,0.0],"body_yaw":-0.032853,"check_collision":false},{"head":[[0.99702,-0.076596,0.009132,-0.011364],[0.077138,0.989589,-0.121507,0.003349],[0.00027,0.121849,0.992549,0.004363],[0.0,0.0,0.0,1.0]],"antennas":[0.0,0.0],"body_yaw":-0.032853,"check_collision":false},{"head":[[0.99701,-0.076644,0.009824,-0.011356],[0.07727,0.989501,-0.122139,0.003268],[-0.00036,0.122533,0.992464,0.004355],[0.0,0.0,0.0,1.0]],"antennas":[0.0,0.0],"body_yaw":-0.032853,"check_collision":false},{"head":[[0.997027,-0.076352,0.010346,-0.011364],[0.077044,0.98952,-0.122123,0.003217],[-0.000913,0.122557,0.992461,0.004349],[0.0,0.0,0.0,1.0]],"antennas":[0.0,0.0],"body_yaw":-0.032853,"check_collision":false},{"head":[[0.997041,-0.07612,0.010701,-0.011339],[0.076857,0.989575,-0.121795,0.00316],[-0.001318,0.122257,0.992498,0.004285],[0.0,0.0,0.0,1.0]],"antennas":[0.0,0.0],"body_yaw":-0.032853,"check_collision":false},{"head":[[0.99704,-0.076101,0.010941,-0.011343],[0.076867,0.989617,-0.121447,0.003118],[-0.001586,0.121929,0.992538,0.004257],[0.0,0.0,0.0,1.0]],"antennas":[0.0,0.0],"body_yaw":-0.032853,"check_collision":false},{"head":[[0.997013,-0.07663,0.00962,-0.011339],[0.077231,0.989527,-0.121951,0.003156],[-0.000174,0.12233,0.992489,0.004302],[0.0,0.0,0.0,1.0]],"antennas":[0.0,0.0],"body_yaw":-0.032853,"check_collision":false},{"head":[[0.996919,-0.078093,0.007413,-0.011248],[0.07841,0.989253,-0.123409,0.003214],[0.002304,0.12361,0.992328,0.004276],[0.0,0.0,0.0,1.0]],"antennas":[0.0,0.0],"body_yaw":-0.032853,"check_collision":false},{"head":[[0.996777,-0.080051,0.005228,-0.01109],[0.080068,0.988729,-0.126503,0.003212],[0.004958,0.126514,0.991952,0.004105],[0.0,0.0,0.0,1.0]],"antennas":[0.0,0.0],"body_yaw":-0.032853,"check_collision":false},{"head":[[0.996604,-0.082333,0.001186,-0.010847],[0.081769,0.987878,-0.131953,0.00317],[0.009693,0.131602,0.991255,0.003943],[0.0,0.0,0.0,1.0]],"antennas":[0.0,0.0],"body_yaw":-0.032853,"check_collision":false},{"head":[[0.996266,-0.086209,-0.004599,-0.010411],[0.084658,0.986003,-0.143637,0.003164],[0.016917,0.142711,0.98962,0.003608],[0.0,0.0,0.0,1.0]],"antennas":[0.0,0.0],"body_yaw":-0.032853,"check_collision":false},{"head":[[0.995712,-0.091961,-0.010052,-0.009838],[0.089142,0.982846,-0.161453,0.003178],[0.024727,0.159865,0.986829,0.003193],[0.0,0.0,0.0,1.0]],"antennas":[0.0,0.0],"body_yaw":-0.032853,"check_collision":false},{"head":[[0.994921,-0.099333,-0.016301,-0.009227],[0.09468,0.978442,-0.183538,0.00325],[0.034181,0.181062,0.982877,0.002796],[0.0,0.0,0.0,1.0]],"antennas":[0.0,0.0],"body_yaw":-0.032853,"check_collision":false},{"head":[[0.994175,-0.105655,-0.021305,-0.008749],[0.099131,0.973933,-0.204029,0.003431],[0.042307,0.200728,0.978733,0.002375],[0.0,0.0,0.0,1.0]],"antennas":[0.0,0.0],"body_yaw":-0.032853,"check_collision":false},{"head":[[0.993863,-0.108153,-0.023212,-0.008425],[0.100331,0.969745,-0.22255,0.00362],[0.046579,0.218855,0.974645,0.002106],[0.0,0.0,0.0,1.0]],"antennas":[0.0,0.0],"body_yaw":-0.032853,"check_collision":false},{"head":[[0.993604,-0.109924,-0.025837,-0.008079],[0.100707,0.966133,-0.237582,0.003877],[0.051078,0.23346,0.971024,0.001794],[0.0,0.0,0.0,1.0]],"antennas":[0.0,0.0],"body_yaw":-0.0354,"check_collision":false},{"head":[[0.993218,-0.112719,-0.02851,-0.00782],[0.101842,0.961721,-0.254404,0.004038],[0.056095,0.249775,0.966678,0.001556],[0.0,0.0,0.0,1.0]],"antennas":[0.0,0.0],"body_yaw":-0.048942,"check_collision":false},{"head":[[0.993185,-0.112859,-0.029082,-0.007778],[0.101067,0.958299,-0.267299,0.004059],[0.058036,0.262539,0.963175,0.001431],[0.0,0.0,0.0,1.0]],"antennas":[0.0,0.0],"body_yaw":-0.081186,"check_collision":false},{"head":[[0.993316,-0.111669,-0.029197,-0.007757],[0.099589,0.957049,-0.272284,0.003967],[0.058349,0.267557,0.961774,0.00135],[0.0,0.0,0.0,1.0]],"antennas":[0.0,0.0],"body_yaw":-0.132842,"check_collision":false},{"head":[[0.993511,-0.110514,-0.02689,-0.007722],[0.098947,0.956391,-0.274821,0.003902],[0.056089,0.270377,0.961119,0.001176],[0.0,0.0,0.0,1.0]],"antennas":[0.0,0.0],"body_yaw":-0.187808,"check_collision":false},{"head":[[0.993719,-0.10957,-0.022747,-0.007764],[0.0991,0.956051,-0.275946,0.00389],[0.051983,0.271958,0.960904,0.00105],[0.0,0.0,0.0,1.0]],"antennas":[0.0,0.0],"body_yaw":-0.243826,"check_collision":false},{"head":[[0.993824,-0.109039,-0.020621,-0.007817],[0.099202,0.956229,-0.275293,0.003896],[0.049736,0.271547,0.961139,0.001098],[0.0,0.0,0.0,1.0]],"antennas":[0.0,0.0],"body_yaw":-0.299326,"check_collision":false},{"head":[[0.993816,-0.109151,-0.02038,-0.007865],[0.099393,0.956305,-0.274958,0.004002],[0.049501,0.271232,0.96124,0.00117],[0.0,0.0,0.0,1.0]],"antennas":[0.0,0.0],"body_yaw":-0.35477,"check_collision":false},{"head":[[0.993834,-0.109006,-0.020275,-0.007896],[0.099274,0.956275,-0.275104,0.004064],[0.049377,0.271395,0.961201,0.001126],[0.0,0.0,0.0,1.0]],"antennas":[0.0,0.0],"body_yaw":-0.410186,"check_collision":false},{"head":[[0.993899,-0.108637,-0.019039,-0.007871],[0.099242,0.9562,-0.275378,0.003902],[0.048121,0.271808,0.961148,0.001108],[0.0,0.0,0.0,1.0]],"antennas":[0.0,0.0],"body_yaw":-0.465779,"check_collision":false},{"head":[[0.993953,-0.108324,-0.017968,-0.007884],[0.099243,0.956267,-0.275143,0.003803],[0.046986,0.271696,0.961236,0.001237],[0.0,0.0,0.0,1.0]],"antennas":[0.0,0.0],"body_yaw":-0.52137,"check_collision":false},{"head":[[0.993975,-0.108195,-0.017559,-0.007944],[0.099228,0.956254,-0.275196,0.003895],[0.046565,0.271796,0.961228,0.001315],[0.0,0.0,0.0,1.0]],"antennas":[0.0,0.0],"body_yaw":-0.576877,"check_collision":false},{"head":[[0.993977,-0.10821,-0.017331,-0.007963],[0.099319,0.956332,-0.274892,0.003929],[0.04632,0.271515,0.961319,0.001291],[0.0,0.0,0.0,1.0]],"antennas":[0.0,0.0],"body_yaw":-0.632331,"check_collision":false},{"head":[[0.993961,-0.108458,-0.0167,-0.007912],[0.099781,0.956596,-0.273801,0.003838],[0.045671,0.270481,0.961641,0.001205],[0.0,0.0,0.0,1.0]],"antennas":[0.0,0.0],"body_yaw":-0.687984,"check_collision":false},{"head":[[0.993942,-0.108697,-0.016248,-0.007857],[0.100184,0.956866,-0.27271,0.003678],[0.04519,0.26943,0.961959,0.00124],[0.0,0.0,0.0,1.0]],"antennas":[0.0,0.0],"body_yaw":-0.732571,"check_collision":false},{"head":[[0.993973,-0.108441,-0.016048,-0.007975],[0.100054,0.957263,-0.271362,0.003652],[0.044789,0.268121,0.962344,0.00135],[0.0,0.0,0.0,1.0]],"antennas":[0.0,0.0],"body_yaw":-0.741377,"check_collision":false},{"head":[[0.99398,-0.108419,-0.015775,-0.008101],[0.100124,0.95736,-0.270994,0.003804],[0.044483,0.267784,0.962452,0.001479],[0.0,0.0,0.0,1.0]],"antennas":[0.0,0.0],"body_yaw":-0.741377,"check_collision":false},{"head":[[0.99393,-0.108816,-0.016168,-0.008126],[0.100396,0.957302,-0.271098,0.003948],[0.044977,0.267829,0.962416,0.001643],[0.0,0.0,0.0,1.0]],"antennas":[0.0,0.0],"body_yaw":-0.741377,"check_collision":false},{"head":[[0.993873,-0.109246,-0.016759,-0.008095],[0.100623,0.957108,-0.271696,0.004028],[0.045721,0.268345,0.962237,0.001735],[0.0,0.0,0.0,1.0]],"antennas":[0.0,0.0],"body_yaw":-0.741377,"check_collision":false},{"head":[[0.993865,-0.109288,-0.016998,-0.008078],[0.100575,0.956972,-0.272193,0.003954],[0.046014,0.268814,0.962092,0.001631],[0.0,0.0,0.0,1.0]],"antennas":[0.0,0.0],"body_yaw":-0.741377,"check_collision":false},{"head":[[0.993884,-0.109069,-0.017281,-0.008182],[0.100296,0.957042,-0.272049,0.004029],[0.046211,0.268652,0.962128,0.001427],[0.0,0.0,0.0,1.0]],"antennas":[0.0,0.0],"body_yaw":-0.741377,"check_collision":false},{"head":[[0.993944,-0.108399,-0.018021,-0.008231],[0.099523,0.957543,-0.270567,0.004011],[0.046585,0.267135,0.962533,0.001459],[0.0,0.0,0.0,1.0]],"antennas":[0.0,0.0],"body_yaw":-0.741377,"check_collision":false},{"head":[[0.994007,-0.107657,-0.018993,-0.008383],[0.098662,0.958278,-0.268272,0.004084],[0.047082,0.26479,0.963156,0.001656],[0.0,0.0,0.0,1.0]],"antennas":[0.0,0.0],"body_yaw":-0.741377,"check_collision":false},{"head":[[0.994185,-0.105977,-0.019089,-0.008524],[0.097213,0.959556,-0.264201,0.004105],[0.046316,0.260809,0.964279,0.001863],[0.0,0.0,0.0,1.0]],"antennas":[0.0,0.0],"body_yaw":-0.741377,"check_collision":false},{"head":[[0.994485,-0.103184,-0.018783,-0.008559],[0.094946,0.961818,-0.256694,0.004063],[0.044552,0.253495,0.96631,0.001969],[0.0,0.0,0.0,1.0]],"antennas":[0.0,0.0],"body_yaw":-0.741377,"check_collision":false},{"head":[[0.995089,-0.097253,-0.018452,-0.008337],[0.090366,0.968581,-0.2317,0.003732],[0.040406,0.228895,0.972612,0.001856],[0.0,0.0,0.0,1.0]],"antennas":[0.0,0.0],"body_yaw":-0.741377,"check_collision":false},{"head":[[0.995952,-0.088812,-0.013852,-0.007984],[0.084946,0.980356,-0.178008,0.00344],[0.02939,0.176111,0.983932,0.001934],[0.0,0.0,0.0,1.0]],"antennas":[0.0,0.0],"body_yaw":-0.729367,"check_collision":false},{"head":[[0.99645,-0.083716,-0.008847,-0.007805],[0.082351,0.991175,-0.103876,0.003252],[0.017465,0.102779,0.994551,0.002175],[0.0,0.0,0.0,1.0]],"antennas":[0.0,0.0],"body_yaw":-0.696361,"check_collision":false},{"head":[[0.996293,-0.085798,-0.006297,-0.007713],[0.085592,0.995939,-0.027917,0.003088],[0.008666,0.027275,0.99959,0.00223],[0.0,0.0,0.0,1.0]],"antennas":[0.0,0.0],"body_yaw":-0.646664,"check_collision":false},{"head":[[0.99575,-0.091665,-0.008867,-0.007495],[0.091963,0.994835,0.042974,0.002774],[0.004882,-0.043607,0.999037,0.002104],[0.0,0.0,0.0,1.0]],"antennas":[0.0,0.0],"body_yaw":-0.591401,"check_collision":false},{"head":[[0.996082,-0.0873,-0.01414,-0.007215],[0.088318,0.990249,0.107736,0.002267],[0.004597,-0.108562,0.994079,0.001995],[0.0,0.0,0.0,1.0]],"antennas":[0.0,0.0],"body_yaw":-0.535594,"check_collision":false},{"head":[[0.996205,-0.0865,-0.009652,-0.007096],[0.086942,0.983811,0.156708,0.00195],[-0.00406,-0.156953,0.987598,0.001753],[0.0,0.0,0.0,1.0]],"antennas":[0.0,0.0],"body_yaw":-0.480184,"check_collision":false},{"head":[[0.996489,-0.083706,-0.001645,-0.007118],[0.082429,0.977465,0.194338,0.001528],[-0.01466,-0.193791,0.980933,0.001551],[0.0,0.0,0.0,1.0]],"antennas":[0.0,0.0],"body_yaw":-0.424986,"check_collision":false},{"head":[[0.996517,-0.08337,0.001867,-0.007258],[0.080933,0.972293,0.219311,0.001479],[-0.0201,-0.218396,0.975653,0.001339],[0.0,0.0,0.0,1.0]],"antennas":[0.0,0.0],"body_yaw":-0.368893,"check_collision":false},{"head":[[0.996529,-0.083231,-0.001425,-0.007351],[0.081143,0.967433,0.239767,0.001587],[-0.018578,-0.23905,0.970829,0.001487],[0.0,0.0,0.0,1.0]],"antennas":[0.0,0.0],"body_yaw":-0.313912,"check_collision":false},{"head":[[0.996498,-0.083585,-0.002251,-0.007388],[0.081388,0.963424,0.255324,0.001889],[-0.019173,-0.254613,0.966853,0.001533],[0.0,0.0,0.0,1.0]],"antennas":[0.0,0.0],"body_yaw":-0.258024,"check_collision":false},{"head":[[0.996522,-0.08332,-0.001158,-0.00748],[0.080515,0.959205,0.271003,0.002098],[-0.021469,-0.270154,0.962578,0.001158],[0.0,0.0,0.0,1.0]],"antennas":[0.0,0.0],"body_yaw":-0.202456,"check_collision":false},{"head":[[0.996552,-0.08296,0.001143,-0.007591],[0.079301,0.956464,0.280869,0.002214],[-0.024394,-0.27981,0.959745,0.001064],[0.0,0.0,0.0,1.0]],"antennas":[0.0,0.0],"body_yaw":-0.146945,"check_collision":false},{"head":[[0.996583,-0.082519,0.003567,-0.007799],[0.077993,0.954377,0.288238,0.002293],[-0.027189,-0.286975,0.957552,0.001031],[0.0,0.0,0.0,1.0]],"antennas":[0.0,0.0],"body_yaw":-0.091435,"check_collision":false},{"head":[[0.996616,-0.082045,0.00496,-0.007994],[0.076837,0.95139,0.29825,0.00241],[-0.029189,-0.29686,0.954475,0.000844],[0.0,0.0,0.0,1.0]],"antennas":[0.0,0.0],"body_yaw":-0.035982,"check_collision":false},{"head":[[0.996623,-0.081967,0.004984,-0.008141],[0.076536,0.949162,0.305341,0.002656],[-0.029758,-0.303928,0.95223,0.00086],[0.0,0.0,0.0,1.0]],"antennas":[0.0,0.0],"body_yaw":0.019755,"check_collision":false},{"head":[[0.996625,-0.081948,0.004749,-0.008148],[0.076478,0.948006,0.308927,0.00295],[-0.029819,-0.307521,0.951074,0.000736],[0.0,0.0,0.0,1.0]],"antennas":[0.0,0.0],"body_yaw":0.075311,"check_collision":false},{"head":[[0.996575,-0.082559,0.004705,-0.008173],[0.077045,0.947671,0.309813,0.003311],[-0.030037,-0.308389,0.950786,0.000519],[0.0,0.0,0.0,1.0]],"antennas":[0.0,0.0],"body_yaw":0.130836,"check_collision":false},{"head":[[0.996481,-0.083526,0.00701,-0.008169],[0.077238,0.947507,0.310265,0.003158],[-0.032557,-0.308631,0.950624,0.000557],[0.0,0.0,0.0,1.0]],"antennas":[0.0,0.0],"body_yaw":0.185927,"check_collision":false},{"head":[[0.996468,-0.083455,0.00928,-0.008163],[0.076387,0.946833,0.312526,0.002978],[-0.034868,-0.310713,0.949864,0.000782],[0.0,0.0,0.0,1.0]],"antennas":[0.0,0.0],"body_yaw":0.227497,"check_collision":false},{"head":[[0.996496,-0.083048,0.009903,-0.008075],[0.075726,0.946168,0.314694,0.002936],[-0.035505,-0.312842,0.949141,0.00066],[0.0,0.0,0.0,1.0]],"antennas":[0.0,0.0],"body_yaw":0.256833,"check_collision":false},{"head":[[0.996518,-0.082807,0.009774,-0.008052],[0.075421,0.945148,0.317815,0.002808],[-0.035556,-0.315971,0.948102,0.000506],[0.0,0.0,0.0,1.0]],"antennas":[0.0,0.0],"body_yaw":0.282059,"check_collision":false},{"head":[[0.996555,-0.082453,0.00896,-0.008033],[0.075231,0.94413,0.320871,0.002609],[-0.034916,-0.319091,0.94708,0.000607],[0.0,0.0,0.0,1.0]],"antennas":[0.0,0.0],"body_yaw":0.299508,"check_collision":false},{"head":[[0.996581,-0.082204,0.008284,-0.007949],[0.075157,0.943633,0.322348,0.002582],[-0.034316,-0.320623,0.946585,0.000816],[0.0,0.0,0.0,1.0]],"antennas":[0.0,0.0],"body_yaw":0.299508,"check_collision":false},{"head":[[0.996539,-0.082611,0.009218,-0.007904],[0.075309,0.944223,0.32058,0.002682],[-0.035187,-0.318777,0.947176,0.000684],[0.0,0.0,0.0,1.0]],"antennas":[0.0,0.0],"body_yaw":0.299508,"check_collision":false},{"head":[[0.996498,-0.083068,0.00961,-0.007903],[0.075729,0.945194,0.317605,0.002635],[-0.035466,-0.315765,0.948174,0.000578],[0.0,0.0,0.0,1.0]],"antennas":[0.0,0.0],"body_yaw":0.299508,"check_collision":false},{"head":[[0.996499,-0.08313,0.008857,-0.007835],[0.076098,0.945831,0.315614,0.002565],[-0.034614,-0.313836,0.948846,0.000797],[0.0,0.0,0.0,1.0]],"antennas":[0.0,0.0],"body_yaw":0.299508,"check_collision":false},{"head":[[0.996483,-0.083479,0.00726,-0.007862],[0.076949,0.945934,0.315101,0.002399],[-0.033172,-0.313434,0.949031,0.000959],[0.0,0.0,0.0,1.0]],"antennas":[0.0,0.0],"body_yaw":0.299508,"check_collision":false},{"head":[[0.99645,-0.083946,0.006366,-0.007898],[0.07771,0.946237,0.314001,0.002576],[-0.032383,-0.312391,0.949401,0.000869],[0.0,0.0,0.0,1.0]],"antennas":[0.0,0.0],"body_yaw":0.299508,"check_collision":false},{"head":[[0.996442,-0.08408,0.005855,-0.007839],[0.078047,0.94671,0.312489,0.002398],[-0.031817,-0.31092,0.949903,0.001137],[0.0,0.0,0.0,1.0]],"antennas":[0.0,0.0],"body_yaw":0.292999,"check_collision":false},{"head":[[0.99629,-0.085801,0.006684,-0.00757],[0.079539,0.947669,0.309187,0.002433],[-0.032862,-0.307508,0.950978,0.001298],[0.0,0.0,0.0,1.0]],"antennas":[0.0,0.0],"body_yaw":0.262041,"check_collision":false},{"head":[[0.995834,-0.090824,0.008083,-0.007184],[0.084317,0.95097,0.297568,0.002421],[-0.034713,-0.295646,0.954667,0.001086],[0.0,0.0,0.0,1.0]],"antennas":[0.0,0.0],"body_yaw":0.20903,"check_collision":false},{"head":[[0.995288,-0.09696,0.001063,-0.006662],[0.093245,0.960045,0.263854,0.002625],[-0.026604,-0.262511,0.964562,0.000964],[0.0,0.0,0.0,1.0]],"antennas":[0.0,0.0],"body_yaw":0.153551,"check_collision":false},{"head":[[0.994443,-0.104671,-0.011253,-0.006238],[0.10476,0.973355,0.203974,0.003088],[-0.010397,-0.20402,0.978912,0.001197],[0.0,0.0,0.0,1.0]],"antennas":[0.0,0.0],"body_yaw":0.098085,"check_collision":false},{"head":[[0.993433,-0.112835,-0.018929,-0.005985],[0.114381,0.983302,0.141544,0.003541],[0.002642,-0.14278,0.989751,0.001396],[0.0,0.0,0.0,1.0]],"antennas":[0.0,0.0],"body_yaw":0.042555,"check_collision":false},{"head":[[0.99244,-0.120306,-0.024292,-0.005697],[0.122038,0.988339,0.091065,0.003812],[0.013053,-0.093341,0.995549,0.001475],[0.0,0.0,0.0,1.0]],"antennas":[0.0,0.0],"body_yaw":-0.013008,"check_collision":false},{"head":[[0.991934,-0.124476,-0.023939,-0.005511],[0.125602,0.990643,0.053386,0.004382],[0.017069,-0.055962,0.998287,0.001546],[0.0,0.0,0.0,1.0]],"antennas":[0.0,0.0],"body_yaw":-0.068306,"check_collision":false},{"head":[[0.990915,-0.131237,-0.029386,-0.005146],[0.131445,0.991309,0.005273,0.004612],[0.028438,-0.009087,0.999554,0.001524],[0.0,0.0,0.0,1.0]],"antennas":[0.0,0.0],"body_yaw":-0.124008,"check_collision":false},{"head":[[0.989501,-0.140999,-0.031733,-0.004902],[0.138818,0.988326,-0.062782,0.004896],[0.040214,0.057718,0.997523,0.001479],[0.0,0.0,0.0,1.0]],"antennas":[0.0,0.0],"body_yaw":-0.178537,"check_collision":false},{"head":[[0.989058,-0.143941,-0.032347,-0.004892],[0.139323,0.983417,-0.116103,0.004808],[0.048523,0.110326,0.99271,0.001461],[0.0,0.0,0.0,1.0]],"antennas":[0.0,0.0],"body_yaw":-0.234425,"check_collision":false},{"head":[[0.98866,-0.145026,-0.038981,-0.004799],[0.138242,0.980311,-0.140994,0.004574],[0.058662,0.134007,0.989243,0.00137],[0.0,0.0,0.0,1.0]],"antennas":[0.0,0.0],"body_yaw":-0.290427,"check_collision":false},{"head":[[0.988838,-0.143299,-0.040808,-0.004745],[0.135725,0.979313,-0.150086,0.004303],[0.061471,0.142872,0.98783,0.001092],[0.0,0.0,0.0,1.0]],"antennas":[0.0,0.0],"body_yaw":-0.345898,"check_collision":false},{"head":[[0.989091,-0.142348,-0.037892,-0.004696],[0.134681,0.978083,-0.158794,0.003998],[0.059666,0.151959,0.986584,0.000897],[0.0,0.0,0.0,1.0]],"antennas":[0.0,0.0],"body_yaw":-0.400423,"check_collision":false},{"head":[[0.989052,-0.143013,-0.03637,-0.004747],[0.134911,0.976202,-0.16979,0.003997],[0.059787,0.163024,0.984809,0.00093],[0.0,0.0,0.0,1.0]],"antennas":[0.0,0.0],"body_yaw":-0.432428,"check_collision":false},{"head":[[0.988376,-0.147014,-0.038718,-0.004869],[0.137421,0.972883,-0.186049,0.004063],[0.06502,0.178565,0.981777,0.001117],[0.0,0.0,0.0,1.0]],"antennas":[0.0,0.0],"body_yaw":-0.434751,"check_collision":false},{"head":[[0.988184,-0.148291,-0.03877,-0.004925],[0.137641,0.969826,-0.201225,0.00417],[0.06744,0.193511,0.978777,0.001052],[0.0,0.0,0.0,1.0]],"antennas":[0.0,0.0],"body_yaw":-0.434751,"check_collision":false},{"head":[[0.988282,-0.148536,-0.035165,-0.004883],[0.137839,0.967405,-0.212433,0.004096],[0.065573,0.205097,0.976543,0.000777],[0.0,0.0,0.0,1.0]],"antennas":[0.0,0.0],"body_yaw":-0.434751,"check_collision":false},{"head":[[0.988364,-0.148376,-0.033475,-0.004842],[0.137437,0.965449,-0.221401,0.00407],[0.065169,0.214224,0.974608,0.0005],[0.0,0.0,0.0,1.0]],"antennas":[0.0,0.0],"body_yaw":-0.434751,"check_collision":false},{"head":[[0.988594,-0.147338,-0.031187,-0.004873],[0.13666,0.964648,-0.225342,0.004225],[0.063286,0.218509,0.973781,0.000337],[0.0,0.0,0.0,1.0]],"antennas":[0.0,0.0],"body_yaw":-0.434751,"check_collision":false},{"head":[[0.988754,-0.146722,-0.02895,-0.00496],[0.136433,0.964242,-0.227208,0.004574],[0.061251,0.220703,0.973416,0.000277],[0.0,0.0,0.0,1.0]],"antennas":[0.0,0.0],"body_yaw":-0.434751,"check_collision":false},{"head":[[0.988914,-0.146203,-0.025936,-0.005073],[0.136453,0.963686,-0.229543,0.004868],[0.058555,0.22346,0.972953,0.000361],[0.0,0.0,0.0,1.0]],"antennas":[0.0,0.0],"body_yaw":-0.434751,"check_collision":false},{"head":[[0.989121,-0.145382,-0.022443,-0.005091],[0.136349,0.963335,-0.231071,0.005031],[0.055213,0.225497,0.972678,0.000297],[0.0,0.0,0.0,1.0]],"antennas":[0.0,0.0],"body_yaw":-0.434751,"check_collision":false},{"head":[[0.9894,-0.143931,-0.019257,-0.004991],[0.135661,0.963455,-0.230979,0.004969],[0.051798,0.225918,0.972768,0.000106],[0.0,0.0,0.0,1.0]],"antennas":[0.0,0.0],"body_yaw":-0.434751,"check_collision":false},{"head":[[0.989618,-0.14269,-0.017215,-0.004995],[0.134938,0.963662,-0.230537,0.004882],[0.049484,0.225821,0.972911,2.8e-05],[0.0,0.0,0.0,1.0]],"antennas":[0.0,0.0],"body_yaw":-0.434751,"check_collision":false},{"head":[[0.989812,-0.141457,-0.016161,-0.005069],[0.134024,0.964024,-0.229556,0.004846],[0.048052,0.225052,0.973161,0.000116],[0.0,0.0,0.0,1.0]],"antennas":[0.0,0.0],"body_yaw":-0.434751,"check_collision":false},{"head":[[0.989939,-0.140665,-0.01528,-0.005049],[0.133512,0.964399,-0.228273,0.004838],[0.046846,0.223936,0.973477,0.00027],[0.0,0.0,0.0,1.0]],"antennas":[0.0,0.0],"body_yaw":-0.434751,"check_collision":false},{"head":[[0.98999,-0.140414,-0.014296,-0.004999],[0.133555,0.964725,-0.226869,0.004913],[0.045648,0.222689,0.97382,0.00029],[0.0,0.0,0.0,1.0]],"antennas":[0.0,0.0],"body_yaw":-0.434751,"check_collision":false},{"head":[[0.989994,-0.140475,-0.013344,-0.005018],[0.133941,0.965263,-0.224336,0.005095],[0.044394,0.220304,0.97442,0.000228],[0.0,0.0,0.0,1.0]],"antennas":[0.0,0.0],"body_yaw":-0.434751,"check_collision":false},{"head":[[0.990099,-0.139841,-0.012223,-0.005081],[0.13372,0.966077,-0.220938,0.00526],[0.042705,0.217116,0.975211,0.000187],[0.0,0.0,0.0,1.0]],"antennas":[0.0,0.0],"body_yaw":-0.42658,"check_collision":false},{"head":[[0.990202,-0.139246,-0.010554,-0.005117],[0.133635,0.966808,-0.217772,0.005306],[0.040528,0.214227,0.975943,0.000282],[0.0,0.0,0.0,1.0]],"antennas":[0.0,0.0],"body_yaw":-0.406192,"check_collision":false},{"head":[[0.99016,-0.139534,-0.010674,-0.005246],[0.133977,0.967226,-0.215694,0.00539],[0.040421,0.212142,0.976403,0.000553],[0.0,0.0,0.0,1.0]],"antennas":[0.0,0.0],"body_yaw":-0.366848,"check_collision":false},{"head":[[0.989892,-0.141326,-0.011901,-0.005302],[0.13559,0.967637,-0.212826,0.005349],[0.041593,0.209061,0.977018,0.00086],[0.0,0.0,0.0,1.0]],"antennas":[0.0,0.0],"body_yaw":-0.312507,"check_collision":false},{"head":[[0.99,-0.140585,-0.011659,-0.005146],[0.134782,0.96705,-0.21598,0.005213],[0.041639,0.212249,0.976328,0.001093],[0.0,0.0,0.0,1.0]],"antennas":[0.0,0.0],"body_yaw":-0.257029,"check_collision":false},{"head":[[0.990474,-0.137476,-0.007864,-0.005114],[0.131646,0.962127,-0.238705,0.00524],[0.040382,0.235396,0.97106,0.001052],[0.0,0.0,0.0,1.0]],"antennas":[0.0,0.0],"body_yaw":-0.201411,"check_collision":false},{"head":[[0.990596,-0.136695,-0.005851,-0.005146],[0.130862,0.959077,-0.251089,0.005153],[0.039934,0.247962,0.967946,0.001013],[0.0,0.0,0.0,1.0]],"antennas":[0.0,0.0],"body_yaw":-0.146279,"check_collision":false},{"head":[[0.990879,-0.134654,-0.005171,-0.005124],[0.129047,0.959265,-0.251313,0.00505],[0.0388,0.248354,0.967892,0.001061],[0.0,0.0,0.0,1.0]],"antennas":[0.0,0.0],"body_yaw":-0.090728,"check_collision":false},{"head":[[0.990964,-0.134085,-0.003327,-0.005151],[0.128913,0.959001,-0.252386,0.004971],[0.037032,0.249677,0.967621,0.001138],[0.0,0.0,0.0,1.0]],"antennas":[0.0,0.0],"body_yaw":-0.034905,"check_collision":false},{"head":[[0.991154,-0.132688,-0.002683,-0.005244],[0.127681,0.958883,-0.253459,0.005085],[0.036204,0.250875,0.967342,0.001142],[0.0,0.0,0.0,1.0]],"antennas":[0.0,0.0],"body_yaw":0.020697,"check_collision":false},{"head":[[0.991272,-0.131761,-0.004307,-0.005488],[0.126643,0.960823,-0.246539,0.005022],[0.036622,0.243842,0.969123,0.001357],[0.0,0.0,0.0,1.0]],"antennas":[0.0,0.0],"body_yaw":0.074959,"check_collision":false},{"head":[[0.991166,-0.132463,-0.00654,-0.005734],[0.127348,0.964347,-0.231985,0.004891],[0.037036,0.229103,0.972697,0.001605],[0.0,0.0,0.0,1.0]],"antennas":[0.0,0.0],"body_yaw":0.110492,"check_collision":false},{"head":[[0.990273,-0.138373,-0.014588,-0.005896],[0.132703,0.970775,-0.199964,0.00449],[0.041831,0.196083,0.979695,0.001834],[0.0,0.0,0.0,1.0]],"antennas":[0.0,0.0],"body_yaw":0.115094,"check_collision":false},{"head":[[0.988995,-0.145396,-0.027374,-0.005994],[0.140015,0.979572,-0.144344,0.003779],[0.047801,0.138922,0.989149,0.002141],[0.0,0.0,0.0,1.0]],"antennas":[0.0,0.0],"body_yaw":0.115094,"check_collision":false},{"head":[[0.988015,-0.149616,-0.037956,-0.006195],[0.146018,0.985673,-0.084423,0.003224],[0.050044,0.077869,0.995707,0.002363],[0.0,0.0,0.0,1.0]],"antennas":[0.0,0.0],"body_yaw":0.115094,"check_collision":false},{"head":[[0.987449,-0.152002,-0.042896,-0.006567],[0.150396,0.987876,-0.038494,0.00282],[0.048228,0.031559,0.998338,0.002603],[0.0,0.0,0.0,1.0]],"antennas":[0.0,0.0],"body_yaw":0.115094,"check_collision":false},{"head":[[0.98705,-0.154465,-0.043276,-0.006674],[0.154016,0.987975,-0.013558,0.002574],[0.04485,0.006717,0.998971,0.002686],[0.0,0.0,0.0,1.0]],"antennas":[0.0,0.0],"body_yaw":0.115094,"check_collision":false},{"head":[[0.986778,-0.156592,-0.041815,-0.006734],[0.156576,0.987659,-0.003665,0.002471],[0.041873,-0.002931,0.999119,0.00274],[0.0,0.0,0.0,1.0]],"antennas":[0.0,0.0],"body_yaw":0.115094,"check_collision":false},{"head":[[0.986388,-0.158989,-0.041977,-0.006845],[0.159584,0.987121,0.011211,0.002374],[0.039654,-0.017757,0.999056,0.002891],[0.0,0.0,0.0,1.0]],"antennas":[0.0,0.0],"body_yaw":0.115094,"check_collision":false},{"head":[[0.985554,-0.163681,-0.043499,-0.006914],[0.164928,0.985942,0.026792,0.002115],[0.038502,-0.03358,0.998694,0.003025],[0.0,0.0,0.0,1.0]],"antennas":[0.0,0.0],"body_yaw":0.115094,"check_collision":false},{"head":[[0.984299,-0.170086,-0.047191,-0.007062],[0.172065,0.984206,0.041612,0.002179],[0.039368,-0.049078,0.998019,0.003128],[0.0,0.0,0.0,1.0]],"antennas":[0.0,0.0],"body_yaw":0.115094,"check_collision":false},{"head":[[0.983383,-0.173828,-0.052368,-0.007198],[0.176486,0.982965,0.051307,0.002062],[0.042557,-0.059696,0.997309,0.003448],[0.0,0.0,0.0,1.0]],"antennas":[0.0,0.0],"body_yaw":0.115094,"check_collision":false},{"head":[[0.982475,-0.178055,-0.05514,-0.007269],[0.180912,0.98212,0.052066,0.002036],[0.044883,-0.061129,0.99712,0.003629],[0.0,0.0,0.0,1.0]],"antennas":[0.0,0.0],"body_yaw":0.115094,"check_collision":false},{"head":[[0.981904,-0.180883,-0.056087,-0.0073],[0.183649,0.981779,0.048812,0.001944],[0.046236,-0.058229,0.997232,0.003725],[0.0,0.0,0.0,1.0]],"antennas":[0.0,0.0],"body_yaw":0.115094,"check_collision":false},{"head":[[0.981735,-0.182032,-0.055317,-0.007386],[0.184648,0.981702,0.046545,0.001851],[0.045832,-0.055909,0.997383,0.003614],[0.0,0.0,0.0,1.0]],"antennas":[0.0,0.0],"body_yaw":0.115094,"check_collision":false},{"head":[[0.98157,-0.182759,-0.055845,-0.007478],[0.185355,0.98162,0.045458,0.0018],[0.046511,-0.054971,0.997404,0.003757],[0.0,0.0,0.0,1.0]],"antennas":[0.0,0.0],"body_yaw":0.115094,"check_collision":false},{"head":[[0.981615,-0.182498,-0.055912,-0.007644],[0.18514,0.981618,0.046361,0.001778],[0.046423,-0.05586,0.997359,0.003958],[0.0,0.0,0.0,1.0]],"antennas":[0.0,0.0],"body_yaw":0.115094,"check_collision":false},{"head":[[0.981692,-0.182171,-0.055635,-0.007722],[0.18489,0.981567,0.048388,0.001638],[0.045795,-0.057789,0.997278,0.004248],[0.0,0.0,0.0,1.0]],"antennas":[0.0,0.0],"body_yaw":0.115094,"check_collision":false},{"head":[[0.98163,-0.182572,-0.055399,-0.007646],[0.185361,0.981387,0.050209,0.001377],[0.045201,-0.059556,0.997201,0.004501],[0.0,0.0,0.0,1.0]],"antennas":[0.0,0.0],"body_yaw":0.115094,"check_collision":false},{"head":[[0.981646,-0.18282,-0.05429,-0.007505],[0.185637,0.981222,0.052374,0.001231],[0.043696,-0.061491,0.997151,0.004742],[0.0,0.0,0.0,1.0]],"antennas":[0.0,0.0],"body_yaw":0.115094,"check_collision":false},{"head":[[0.981666,-0.18292,-0.053597,-0.007351],[0.185764,0.98111,0.053982,0.001033],[0.04271,-0.062949,0.997102,0.004882],[0.0,0.0,0.0,1.0]],"antennas":[0.0,0.0],"body_yaw":0.115094,"check_collision":false},{"head":[[0.981817,-0.182702,-0.051523,-0.007166],[0.185447,0.981127,0.054772,0.000992],[0.040544,-0.063331,0.997169,0.004906],[0.0,0.0,0.0,1.0]],"antennas":[0.0,0.0],"body_yaw":0.115094,"check_collision":false},{"head":[[0.982057,-0.182096,-0.049033,-0.006957],[0.184729,0.981198,0.055908,0.000914],[0.037931,-0.063962,0.997231,0.004951],[0.0,0.0,0.0,1.0]],"antennas":[0.0,0.0],"body_yaw":0.115094,"check_collision":false},{"head":[[0.982353,-0.180908,-0.047495,-0.006696],[0.183514,0.981312,0.057871,0.000763],[0.036138,-0.065566,0.997194,0.005078],[0.0,0.0,0.0,1.0]],"antennas":[0.0,0.0],"body_yaw":0.115094,"check_collision":false},{"head":[[0.982333,-0.181239,-0.046637,-0.006456],[0.183765,0.981304,0.057212,0.000453],[0.035396,-0.064771,0.997272,0.005289],[0.0,0.0,0.0,1.0]],"antennas":[0.0,0.0],"body_yaw":0.115094,"check_collision":false},{"head":[[0.982376,-0.181339,-0.045305,-0.006283],[0.183772,0.981315,0.056997,0.000379],[0.034122,-0.064318,0.997346,0.005494],[0.0,0.0,0.0,1.0]],"antennas":[0.0,0.0],"body_yaw":0.115094,"check_collision":false},{"head":[[0.982338,-0.181442,-0.045717,-0.006152],[0.183875,0.98134,0.056234,0.000521],[0.034661,-0.063647,0.99737,0.005513],[0.0,0.0,0.0,1.0]],"antennas":[0.0,0.0],"body_yaw":0.115094,"check_collision":false},{"head":[[0.982202,-0.182409,-0.044788,-0.005991],[0.184727,0.98127,0.05463,0.000648],[0.033984,-0.061932,0.997502,0.00556],[0.0,0.0,0.0,1.0]],"antennas":[0.0,0.0],"body_yaw":0.115094,"check_collision":false},{"head":[[0.981877,-0.184098,-0.045011,-0.005968],[0.186392,0.981015,0.053549,0.000798],[0.034298,-0.060968,0.99755,0.005548],[0.0,0.0,0.0,1.0]],"antennas":[0.0,0.0],"body_yaw":0.115094,"check_collision":false},{"head":[[0.981424,-0.186333,-0.04568,-0.005994],[0.188589,0.980711,0.051375,0.001015],[0.035226,-0.059036,0.997634,0.005534],[0.0,0.0,0.0,1.0]],"antennas":[0.0,0.0],"body_yaw":0.115094,"check_collision":false},{"head":[[0.980888,-0.189173,-0.045524,-0.006038],[0.191306,0.980345,0.048234,0.001325],[0.035505,-0.056021,0.997798,0.005533],[0.0,0.0,0.0,1.0]],"antennas":[0.0,0.0],"body_yaw":0.115094,"check_collision":false},{"head":[[0.98069,-0.190539,-0.04406,-0.006037],[0.192502,0.980233,0.045666,0.001559],[0.034488,-0.053266,0.997985,0.005529],[0.0,0.0,0.0,1.0]],"antennas":[0.0,0.0],"body_yaw":0.115094,"check_collision":false},{"head":[[0.980686,-0.190897,-0.04259,-0.006077],[0.192695,0.980313,0.043075,0.00173],[0.033528,-0.05045,0.998164,0.005538],[0.0,0.0,0.0,1.0]],"antennas":[0.0,0.0],"body_yaw":0.115094,"check_collision":false},{"head":[[0.980627,-0.191268,-0.042282,-0.006123],[0.193035,0.980266,0.042609,0.001787],[0.033298,-0.049946,0.998197,0.005543],[0.0,0.0,0.0,1.0]],"antennas":[0.0,0.0],"body_yaw":0.115094,"check_collision":false},{"head":[[0.980388,-0.192419,-0.042601,-0.006041],[0.194193,0.980049,0.042347,0.00178],[0.033603,-0.049789,0.998194,0.005627],[0.0,0.0,0.0,1.0]],"antennas":[0.0,0.0],"body_yaw":0.115094,"check_collision":false},{"head":[[0.979804,-0.195262,-0.04308,-0.005828],[0.196922,0.979669,0.038356,0.00179],[0.034715,-0.046065,0.998335,0.00571],[0.0,0.0,0.0,1.0]],"antennas":[0.0,0.0],"body_yaw":0.115094,"check_collision":false},{"head":[[0.97935,-0.197646,-0.042547,-0.005637],[0.1991,0.979418,0.03315,0.002103],[0.035119,-0.040937,0.998544,0.005723],[0.0,0.0,0.0,1.0]],"antennas":[0.0,0.0],"body_yaw":0.115094,"check_collision":false},{"head":[[0.97913,-0.19876,-0.042417,-0.005551],[0.200111,0.979303,0.030365,0.002358],[0.035504,-0.038219,0.998638,0.005751],[0.0,0.0,0.0,1.0]],"antennas":[0.0,0.0],"body_yaw":0.115094,"check_collision":false},{"head":[[0.978802,-0.20043,-0.042131,-0.00547],[0.201652,0.979084,0.02704,0.002588],[0.035831,-0.034962,0.998746,0.005735],[0.0,0.0,0.0,1.0]],"antennas":[0.0,0.0],"body_yaw":0.115094,"check_collision":false},{"head":[[0.978332,-0.202632,-0.042511,-0.005373],[0.203731,0.97875,0.023296,0.002764],[0.036887,-0.031452,0.998824,0.005713],[0.0,0.0,0.0,1.0]],"antennas":[0.0,0.0],"body_yaw":0.115094,"check_collision":false},{"head":[[0.978085,-0.203801,-0.042595,-0.005382],[0.204825,0.978569,0.021185,0.00307],[0.037364,-0.029445,0.998868,0.005689],[0.0,0.0,0.0,1.0]],"antennas":[0.0,0.0],"body_yaw":0.115094,"check_collision":false},{"head":[[0.978002,-0.20419,-0.042637,-0.005511],[0.205118,0.97856,0.018626,0.003199],[0.037919,-0.026962,0.998917,0.005667],[0.0,0.0,0.0,1.0]],"antennas":[0.0,0.0],"body_yaw":0.115094,"check_collision":false},{"head":[[0.977912,-0.2046,-0.04275,-0.005651],[0.205435,0.978538,0.016103,0.003304],[0.038538,-0.02453,0.998956,0.005693],[0.0,0.0,0.0,1.0]],"antennas":[0.0,0.0],"body_yaw":0.115094,"check_collision":false},{"head":[[0.977942,-0.20452,-0.042446,-0.005765],[0.205322,0.978572,0.015449,0.00318],[0.038377,-0.023823,0.998979,0.005753],[0.0,0.0,0.0,1.0]],"antennas":[0.0,0.0],"body_yaw":0.115094,"check_collision":false},{"head":[[0.977847,-0.205018,-0.042226,-0.005942],[0.205776,0.978493,0.014415,0.003161],[0.038362,-0.022784,0.999004,0.005625],[0.0,0.0,0.0,1.0]],"antennas":[0.0,0.0],"body_yaw":0.115094,"check_collision":false},{"head":[[0.977729,-0.205666,-0.0418,-0.006034],[0.206397,0.978369,0.013948,0.002908],[0.038027,-0.022265,0.999029,0.005574],[0.0,0.0,0.0,1.0]],"antennas":[0.0,0.0],"body_yaw":0.115094,"check_collision":false},{"head":[[0.977564,-0.206511,-0.041495,-0.005992],[0.207183,0.978222,0.012542,0.002795],[0.038001,-0.020857,0.99906,0.00549],[0.0,0.0,0.0,1.0]],"antennas":[0.0,0.0],"body_yaw":0.115094,"check_collision":false},{"head":[[0.977336,-0.207733,-0.040762,-0.005951],[0.208295,0.978015,0.010012,0.002879],[0.037786,-0.018275,0.999119,0.005392],[0.0,0.0,0.0,1.0]],"antennas":[0.0,0.0],"body_yaw":0.115094,"check_collision":false},{"head":[[0.977079,-0.209112,-0.039866,-0.00585],[0.209595,0.977753,0.008307,0.002986],[0.037242,-0.016472,0.999171,0.005446],[0.0,0.0,0.0,1.0]],"antennas":[0.0,0.0],"body_yaw":0.115094,"check_collision":false},{"head":[[0.976805,-0.210662,-0.038387,-0.005629],[0.211079,0.977443,0.007113,0.00309],[0.036023,-0.015051,0.999238,0.005485],[0.0,0.0,0.0,1.0]],"antennas":[0.0,0.0],"body_yaw":0.115094,"check_collision":false},{"head":[[0.976385,-0.212818,-0.037164,-0.005407],[0.213108,0.977021,0.003961,0.003321],[0.035467,-0.011788,0.999301,0.005547],[0.0,0.0,0.0,1.0]],"antennas":[0.0,0.0],"body_yaw":0.115094,"check_collision":false},{"head":[[0.976105,-0.214016,-0.03763,-0.005376],[0.214292,0.976764,0.003436,0.003531],[0.036021,-0.011417,0.999286,0.005606],[0.0,0.0,0.0,1.0]],"antennas":[0.0,0.0],"body_yaw":0.115094,"check_collision":false},{"head":[[0.975919,-0.214725,-0.038408,-0.005348],[0.214943,0.976625,0.001596,0.003763],[0.037167,-0.009813,0.999261,0.005554],[0.0,0.0,0.0,1.0]],"antennas":[0.0,0.0],"body_yaw":0.115094,"check_collision":false},{"head":[[0.975794,-0.21533,-0.038195,-0.005365],[0.215454,0.976514,-0.000899,0.003859],[0.037492,-0.007352,0.99927,0.005462],[0.0,0.0,0.0,1.0]],"antennas":[0.0,0.0],"body_yaw":0.115094,"check_collision":false},{"head":[[0.975644,-0.215916,-0.038715,-0.005514],[0.215954,0.976398,-0.003241,0.003828],[0.038501,-0.005198,0.999245,0.005379],[0.0,0.0,0.0,1.0]],"antennas":[0.0,0.0],"body_yaw":0.115094,"check_collision":false},{