{"description":"A gesture to say thank you.","time":[0.0,0.02,0.04,0.06,0.08,0.1,0.12,0.14,0.16,0.18,0.2,0.22,0.24,0.26,0.28,0.3,0.32,0.34,0.36,0.38,0.4,0.42,0.44,0.46,0.48,0.5,0.52,0.54,0.56,0.58,0.6,0.62,0.64,0.66,0.68,0.7,0.72,0.74,0.76,0.78,0.8,0.82,0.84,0.86,0.88,0.9,0.92,0.94,0.96,0.98,1.0,1.02,1.04,1.06,1.08,1.1,1.12,1.14,1.16,1.18,1.2,1.22,1.24,1.26,1.28,1.3,1.32,1.34,1.36,1.38,1.4,1.42,1.44,1.46,1.48,1.5,1.52,1.54,1.56,1.58,1.6,1.62,1.64,1.66,1.68,1.7,1.72,1.74,1.76,1.78,1.8,1.82,1.84,1.86,1.88,1.9,1.92,1.94,1.96,1.98,2.0,2.02,2.04,2.06,2.08,2.1,2.12,2.14,2.16,2.18,2.2,2.22,2.24,2.26,2.28,2.3,2.32,2.34,2.36,2.38,2.4,2.42,2.44,2.46,2.48,2.5,2.52,2.54,2.56,2.58,2.6,2.62,2.64,2.66,2.68,2.7,2.72,2.74,2.76,2.78,2.8,2.82,2.84,2.86,2.88,2.9,2.92,2.94,2.96,2.98,3.0,3.02,3.04,3.06,3.08,3.1,3.12,3.14,3.16,3.18,3.2,3.22,3.24,3.26,3.28,3.3,3.32,3.34,3.36,3.38,3.4,3.42,3.44,3.46,3.48,3.5,3.52,3.54,3.56,3.58,3.6,3.62,3.64,3.66,3.68,3.7,3.72,3.74,3.76,3.78,3.8,3.82,3.84],"set_target_data":[{"head":[[0.997986,-0.018268,0.060753,-0.012166],[0.019641,0.999563,-0.02208,0.00331],[-0.060323,0.023229,0.997909,0.006771],[0.0,0.0,0.0,1.0]],"antennas":[-0.089672,0.296138],"body_yaw":0.0,"check_collision":false},{"head":[[0.998047,-0.019114,0.059464,-0.01233],[0.020437,0.999555,-0.021712,0.003207],[-0.059023,0.022885,0.997994,0.006819],[0.0,0.0,0.0,1.0]],"antennas":[-0.089672,0.296138],"body_yaw":0.0,"check_collision":false},{"head":[[0.998043,-0.01956,0.059388,-0.012378],[0.020872,0.99955,-0.021541,0.003184],[-0.05894,0.022738,0.998003,0.006675],[0.0,0.0,0.0,1.0]],"antennas":[-0.089672,0.296138],"body_yaw":0.0,"check_collision":false},{"head":[[0.997942,-0.019374,0.061131,-0.012476],[0.020735,0.99955,-0.021698,0.003144],[-0.060683,0.022921,0.997894,0.006562],[0.0,0.0,0.0,1.0]],"antennas":[-0.089672,0.296138],"body_yaw":0.0,"check_collision":false},{"head":[[0.997419,-0.019114,0.069214,-0.012676],[0.020676,0.999546,-0.021926,0.003138],[-0.068763,0.023301,0.997361,0.00628],[0.0,0.0,0.0,1.0]],"antennas":[-0.089672,0.296138],"body_yaw":0.0,"check_collision":false},{"head":[[0.996394,-0.019684,0.08253,-0.012937],[0.021599,0.999516,-0.022371,0.00317],[-0.082049,0.024073,0.996337,0.005829],[0.0,0.0,0.0,1.0]],"antennas":[-0.089672,0.296138],"body_yaw":0.0,"check_collision":false},{"head":[[0.995505,-0.021537,0.092231,-0.013078],[0.023653,0.99948,-0.021911,0.002836],[-0.091711,0.023994,0.995497,0.005721],[0.0,0.0,0.0,1.0]],"antennas":[-0.089672,0.296138],"body_yaw":0.0,"check_collision":false},{"head":[[0.99512,-0.022858,0.095989,-0.013167],[0.025023,0.999458,-0.021411,0.002492],[-0.095448,0.023709,0.995152,0.005768],[0.0,0.0,0.0,1.0]],"antennas":[-0.089672,0.296138],"body_yaw":0.0,"check_collision":false},{"head":[[0.99527,-0.024051,0.094118,-0.013099],[0.026233,0.999413,-0.022014,0.002142],[-0.093533,0.024379,0.995318,0.005984],[0.0,0.0,0.0,1.0]],"antennas":[-0.089672,0.296138],"body_yaw":0.0,"check_collision":false},{"head":[[0.995575,-0.024277,0.09078,-0.013013],[0.026397,0.999404,-0.022226,0.002047],[-0.090186,0.024524,0.995623,0.006022],[0.0,0.0,0.0,1.0]],"antennas":[-0.089672,0.296138],"body_yaw":0.0,"check_collision":false},{"head":[[0.995768,-0.023798,0.08877,-0.013125],[0.025767,0.999445,-0.021101,0.002117],[-0.088218,0.023299,0.995829,0.006102],[0.0,0.0,0.0,1.0]],"antennas":[-0.089672,0.296138],"body_yaw":0.0,"check_collision":false},{"head":[[0.995848,-0.024335,0.087718,-0.013058],[0.026287,0.999431,-0.021158,0.001759],[-0.087154,0.023376,0.995921,0.006343],[0.0,0.0,0.0,1.0]],"antennas":[-0.089672,0.296138],"body_yaw":0.0,"check_collision":false},{"head":[[0.996088,-0.024614,0.084872,-0.013038],[0.026388,0.999455,-0.019842,0.001426],[-0.084337,0.022004,0.996194,0.006636],[0.0,0.0,0.0,1.0]],"antennas":[-0.089672,0.296138],"body_yaw":0.0,"check_collision":false},{"head":[[0.996429,-0.024493,0.0808,-0.013173],[0.026091,0.999483,-0.018787,0.001293],[-0.080298,0.020829,0.996553,0.006862],[0.0,0.0,0.0,1.0]],"antennas":[-0.089672,0.296138],"body_yaw":0.0,"check_collision":false},{"head":[[0.996788,-0.025246,0.075998,-0.013077],[0.026714,0.999474,-0.018367,0.000815],[-0.075494,0.020339,0.996939,0.007171],[0.0,0.0,0.0,1.0]],"antennas":[-0.089672,0.296138],"body_yaw":0.0,"check_collision":false},{"head":[[0.996859,-0.025261,0.075063,-0.013093],[0.026674,0.999484,-0.017888,0.000862],[-0.074573,0.019834,0.997018,0.007116],[0.0,0.0,0.0,1.0]],"antennas":[-0.089672,0.296138],"body_yaw":0.0,"check_collision":false},{"head":[[0.996857,-0.025119,0.075134,-0.013013],[0.026559,0.999481,-0.018233,0.000814],[-0.074637,0.020171,0.997007,0.00705],[0.0,0.0,0.0,1.0]],"antennas":[-0.089672,0.296138],"body_yaw":0.0,"check_collision":false},{"head":[[0.99694,-0.024853,0.074117,-0.01316],[0.02629,0.999484,-0.01848,0.000851],[-0.073619,0.020372,0.997078,0.007235],[0.0,0.0,0.0,1.0]],"antennas":[-0.089672,0.296138],"body_yaw":0.0,"check_collision":false},{"head":[[0.996958,-0.024678,0.073928,-0.013046],[0.026144,0.999479,-0.018926,0.000769],[-0.073422,0.020801,0.997084,0.007265],[0.0,0.0,0.0,1.0]],"antennas":[-0.105524,0.296138],"body_yaw":0.0,"check_collision":false},{"head":[[0.99694,-0.02456,0.074209,-0.013011],[0.026042,0.999479,-0.019071,0.000765],[-0.073702,0.020945,0.99706,0.007274],[0.0,0.0,0.0,1.0]],"antennas":[-0.137545,0.296138],"body_yaw":0.0,"check_collision":false},{"head":[[0.996896,-0.024624,0.074786,-0.013026],[0.026111,0.999479,-0.018971,0.000744],[-0.07428,0.020865,0.997019,0.007286],[0.0,0.0,0.0,1.0]],"antennas":[-0.181511,0.314241],"body_yaw":0.0,"check_collision":false},{"head":[[0.996759,-0.024786,0.076536,-0.013084],[0.026291,0.999479,-0.018711,0.000708],[-0.076032,0.020663,0.996891,0.007274],[0.0,0.0,0.0,1.0]],"antennas":[-0.232044,0.352084],"body_yaw":0.0,"check_collision":false},{"head":[[0.996555,-0.024868,0.079114,-0.013033],[0.026411,0.99948,-0.01852,0.000766],[-0.078613,0.020545,0.996694,0.007135],[0.0,0.0,0.0,1.0]],"antennas":[-0.293402,0.412122],"body_yaw":0.0,"check_collision":false},{"head":[[0.996216,-0.025115,0.083209,-0.013018],[0.026779,0.999462,-0.018949,0.000718],[-0.082689,0.021106,0.996352,0.006978],[0.0,0.0,0.0,1.0]],"antennas":[-0.363475,0.491804],"body_yaw":0.0,"check_collision":false},{"head":[[0.995593,-0.025606,0.090221,-0.013171],[0.027696,0.999375,-0.021982,0.001284],[-0.089602,0.024384,0.995679,0.006569],[0.0,0.0,0.0,1.0]],"antennas":[-0.444334,0.588823],"body_yaw":0.0,"check_collision":false},{"head":[[0.994844,-0.026202,0.097975,-0.013141],[0.028717,0.999291,-0.024352,0.001345],[-0.097267,0.02704,0.994891,0.006245],[0.0,0.0,0.0,1.0]],"antennas":[-0.534648,0.693164],"body_yaw":0.0,"check_collision":false},{"head":[[0.993991,-0.026929,0.106099,-0.013176],[0.029932,0.999192,-0.026817,0.001398],[-0.105291,0.029832,0.993994,0.005936],[0.0,0.0,0.0,1.0]],"antennas":[-0.632436,0.796871],"body_yaw":0.0,"check_collision":false},{"head":[[0.993036,-0.027957,0.11445,-0.013236],[0.031429,0.999095,-0.028646,0.0015],[-0.113546,0.032043,0.993016,0.005619],[0.0,0.0,0.0,1.0]],"antennas":[-0.732276,0.901638],"body_yaw":0.0,"check_collision":false},{"head":[[0.991867,-0.029024,0.123926,-0.013223],[0.033022,0.998994,-0.030331,0.001851],[-0.122921,0.034177,0.991828,0.005284],[0.0,0.0,0.0,1.0]],"antennas":[-0.831303,1.005552],"body_yaw":0.0,"check_collision":false},{"head":[[0.990587,-0.029964,0.133562,-0.013266],[0.034508,0.998897,-0.031836,0.001865],[-0.132461,0.036145,0.990529,0.005042],[0.0,0.0,0.0,1.0]],"antennas":[-0.929915,1.109031],"body_yaw":0.0,"check_collision":false},{"head":[[0.989165,-0.030627,0.14358,-0.013402],[0.035734,0.998812,-0.033128,0.00165],[-0.142395,0.0379,0.989084,0.004994],[0.0,0.0,0.0,1.0]],"antennas":[-1.029537,1.213569],"body_yaw":0.0,"check_collision":false},{"head":[[0.987434,-0.031531,0.154856,-0.013528],[0.037335,0.9987,-0.034715,0.001792],[-0.15356,0.040061,0.987327,0.004601],[0.0,0.0,0.0,1.0]],"antennas":[-1.128274,1.317179],"body_yaw":0.0,"check_collision":false},{"head":[[0.985378,-0.032683,0.16722,-0.013356],[0.039329,0.998556,-0.03659,0.001528],[-0.165782,0.042632,0.98524,0.004527],[0.0,0.0,0.0,1.0]],"antennas":[-1.227882,1.421702],"body_yaw":0.0,"check_collision":false},{"head":[[0.983112,-0.034083,0.179803,-0.01326],[0.041368,0.998462,-0.036922,0.000874],[-0.178268,0.043736,0.98301,0.004319],[0.0,0.0,0.0,1.0]],"antennas":[-1.326985,1.525696],"body_yaw":0.0,"check_collision":false},{"head":[[0.980291,-0.034899,0.194452,-0.013329],[0.043165,0.998329,-0.038432,0.001143],[-0.192785,0.046068,0.980159,0.003552],[0.0,0.0,0.0,1.0]],"antennas":[-1.426444,1.630064],"body_yaw":0.0,"check_collision":false},{"head":[[0.976879,-0.034812,0.210939,-0.013311],[0.04435,0.998189,-0.040654,0.0014],[-0.209142,0.049069,0.976653,0.002593],[0.0,0.0,0.0,1.0]],"antennas":[-1.525707,1.734224],"body_yaw":0.0,"check_collision":false},{"head":[[0.973715,-0.033829,0.225242,-0.013377],[0.044459,0.998116,-0.042288,0.001802],[-0.223387,0.05119,0.973385,0.00256],[0.0,0.0,0.0,1.0]],"antennas":[-1.624828,1.838238],"body_yaw":0.0,"check_collision":false},{"head":[[0.97101,-0.033327,0.236703,-0.013103],[0.04467,0.998088,-0.042718,0.001255],[-0.234827,0.052053,0.970642,0.002261],[0.0,0.0,0.0,1.0]],"antennas":[-1.724225,1.940897],"body_yaw":0.0,"check_collision":false},{"head":[[0.968496,-0.03409,0.246684,-0.01287],[0.046016,0.998026,-0.04274,0.001308],[-0.24474,0.052745,0.968153,0.001869],[0.0,0.0,0.0,1.0]],"antennas":[-1.823061,2.033895],"body_yaw":0.0,"check_collision":false},{"head":[[0.966031,-0.034624,0.256098,-0.012743],[0.047103,0.997975,-0.042751,0.001418],[-0.254099,0.053362,0.965705,0.001449],[0.0,0.0,0.0,1.0]],"antennas":[-1.922437,2.108631],"body_yaw":0.0,"check_collision":false},{"head":[[0.96268,-0.034901,0.268382,-0.012623],[0.048467,0.997851,-0.044087,0.000934],[-0.266267,0.055449,0.962303,0.001174],[0.0,0.0,0.0,1.0]],"antennas":[-2.018366,2.124773],"body_yaw":0.0,"check_collision":false},{"head":[[0.958532,-0.034157,0.282932,-0.012491],[0.048848,0.99779,-0.045033,0.00104],[-0.280768,0.056986,0.958082,0.000651],[0.0,0.0,0.0,1.0]],"antennas":[-2.057795,2.124773],"body_yaw":0.0,"check_collision":false},{"head":[[0.955741,-0.033706,0.292271,-0.012285],[0.048791,0.997818,-0.044474,0.000196],[-0.290134,0.056765,0.955301,0.000566],[0.0,0.0,0.0,1.0]],"antennas":[-2.057795,2.124773],"body_yaw":0.0,"check_collision":false},{"head":[[0.955757,-0.034459,0.292131,-0.012318],[0.049302,0.997832,-0.043598,-0.000296],[-0.289995,0.056072,0.955384,0.000941],[0.0,0.0,0.0,1.0]],"antennas":[-2.057795,2.124773],"body_yaw":0.0,"check_collision":false},{"head":[[0.958063,-0.035941,0.284295,-0.012382],[0.050061,0.997839,-0.042556,-0.000565],[-0.282151,0.055003,0.957792,0.001471],[0.0,0.0,0.0,1.0]],"antennas":[-2.057795,2.124773],"body_yaw":0.0,"check_collision":false},{"head":[[0.961936,-0.036842,0.27078,-0.012395],[0.049762,0.997919,-0.041003,-0.000721],[-0.268706,0.052916,0.961768,0.001886],[0.0,0.0,0.0,1.0]],"antennas":[-2.057795,2.124773],"body_yaw":0.0,"check_collision":false},{"head":[[0.964013,-0.036653,0.263316,-0.012233],[0.048823,0.998013,-0.039821,-0.000864],[-0.261333,0.051243,0.963888,0.002035],[0.0,0.0,0.0,1.0]],"antennas":[-2.057795,2.124773],"body_yaw":0.0,"check_collision":false},{"head":[[0.964303,-0.036016,0.262339,-0.011959],[0.047873,0.998094,-0.038943,-0.000963],[-0.260436,0.050112,0.96419,0.00196],[0.0,0.0,0.0,1.0]],"antennas":[-2.057795,2.124773],"body_yaw":0.0,"check_collision":false},{"head":[[0.965492,-0.036146,0.25791,-0.011749],[0.046472,0.998339,-0.034052,-0.001098],[-0.256251,0.044862,0.965569,0.002071],[0.0,0.0,0.0,1.0]],"antennas":[-2.057795,2.124773],"body_yaw":0.0,"check_collision":false},{"head":[[0.970434,-0.037084,0.238499,-0.011707],[0.04373,0.998787,-0.022632,-0.001273],[-0.23737,0.032393,0.970879,0.002707],[0.0,0.0,0.0,1.0]],"antennas":[-2.057795,2.124773],"body_yaw":0.0,"check_collision":false},{"head":[[0.976054,-0.03792,0.214199,-0.011725],[0.041563,0.999057,-0.012524,-0.001539],[-0.213523,0.021127,0.97671,0.003448],[0.0,0.0,0.0,1.0]],"antennas":[-2.057795,2.124773],"body_yaw":0.0,"check_collision":false},{"head":[[0.9789,-0.038384,0.200704,-0.011725],[0.040863,0.999131,-0.008224,-0.001728],[-0.200214,0.016252,0.979617,0.003753],[0.0,0.0,0.0,1.0]],"antennas":[-2.057795,2.124773],"body_yaw":0.0,"check_collision":false},{"head":[[0.978021,-0.038602,0.204904,-0.011696],[0.041278,0.999109,-0.008799,-0.001807],[-0.204382,0.017064,0.978743,0.003387],[0.0,0.0,0.0,1.0]],"antennas":[-2.057795,2.124773],"body_yaw":0.0,"check_collision":false},{"head":[[0.974241,-0.03877,0.222152,-0.012327],[0.042697,0.999005,-0.012903,-0.000379],[-0.22143,0.022056,0.974927,0.002455],[0.0,0.0,0.0,1.0]],"antennas":[-2.057795,2.124773],"body_yaw":0.0,"check_collision":false},{"head":[[0.969802,-0.038788,0.240789,-0.012281],[0.044659,0.998822,-0.018972,-9e-05],[-0.23977,0.029152,0.970392,0.001607],[0.0,0.0,0.0,1.0]],"antennas":[-2.057795,2.124773],"body_yaw":0.0,"check_collision":false},{"head":[[0.966165,-0.039244,0.254923,-0.012432],[0.04808,0.998436,-0.028518,0.000141],[-0.253405,0.03981,0.966541,0.001028],[0.0,0.0,0.0,1.0]],"antennas":[-2.057795,2.124773],"body_yaw":0.0,"check_collision":false},{"head":[[0.96431,-0.03916,0.261863,-0.012686],[0.050017,0.998138,-0.034921,0.000295],[-0.260008,0.046772,0.964473,0.000813],[0.0,0.0,0.0,1.0]],"antennas":[-2.057795,2.124773],"body_yaw":0.0,"check_collision":false},{"head":[[0.962567,-0.038635,0.268275,-0.012858],[0.050698,0.997984,-0.038182,0.000392],[-0.266259,0.050354,0.962585,0.000646],[0.0,0.0,0.0,1.0]],"antennas":[-2.057795,2.124773],"body_yaw":0.0,"check_collision":false},{"head":[[0.960999,-0.038687,0.273833,-0.012689],[0.051434,0.997894,-0.039521,0.000318],[-0.271727,0.052064,0.960965,0.000537],[0.0,0.0,0.0,1.0]],"antennas":[-2.057795,2.124773],"body_yaw":0.0,"check_collision":false},{"head":[[0.960873,-0.039624,0.274141,-0.012375],[0.052224,0.997881,-0.038816,-9.3e-05],[-0.272022,0.051614,0.960906,0.000905],[0.0,0.0,0.0,1.0]],"antennas":[-2.057795,2.124773],"body_yaw":0.0,"check_collision":false},{"head":[[0.962071,-0.040214,0.269818,-0.012429],[0.052067,0.997961,-0.036914,-4.4e-05],[-0.267784,0.049562,0.962203,0.00108],[0.0,0.0,0.0,1.0]],"antennas":[-2.057795,2.124773],"body_yaw":0.0,"check_collision":false},{"head":[[0.963781,-0.040646,0.26358,-0.012414],[0.050933,0.998179,-0.032311,-7.9e-05],[-0.261786,0.044566,0.964096,0.001274],[0.0,0.0,0.0,1.0]],"antennas":[-2.057795,2.124773],"body_yaw":0.0,"check_collision":false},{"head":[[0.965462,-0.039722,0.257498,-0.01226],[0.047892,0.998526,-0.025532,-0.000139],[-0.256104,0.036982,0.965942,0.001364],[0.0,0.0,0.0,1.0]],"antennas":[-2.057795,2.124773],"body_yaw":0.0,"check_collision":false},{"head":[[0.96661,-0.038159,0.253395,-0.012017],[0.044958,0.998766,-0.021093,-0.000154],[-0.252278,0.031781,0.967133,0.001359],[0.0,0.0,0.0,1.0]],"antennas":[-2.057795,2.124773],"body_yaw":0.0,"check_collision":false},{"head":[[0.966391,-0.037674,0.254299,-0.011907],[0.044405,0.998797,-0.02078,-6.1e-05],[-0.253211,0.031373,0.966902,0.001154],[0.0,0.0,0.0,1.0]],"antennas":[-2.057795,2.124773],"body_yaw":0.0,"check_collision":false},{"head":[[0.962972,-0.037461,0.266985,-0.012096],[0.046339,0.99856,-0.027028,0.000182],[-0.265589,0.038399,0.963321,0.000643],[0.0,0.0,0.0,1.0]],"antennas":[-2.057795,2.124773],"body_yaw":0.0,"check_collision":false},{"head":[[0.955151,-0.036663,0.29384,-0.012507],[0.049847,0.998052,-0.037504,0.000524],[-0.291893,0.050469,0.955119,-0.00022],[0.0,0.0,0.0,1.0]],"antennas":[-2.057795,2.124773],"body_yaw":0.0,"check_collision":false},{"head":[[0.947829,-0.035651,0.316779,-0.012918],[0.051184,0.997854,-0.040846,0.000802],[-0.314643,0.054929,0.947619,-0.001057],[0.0,0.0,0.0,1.0]],"antennas":[-2.057795,2.124773],"body_yaw":0.0,"check_collision":false},{"head":[[0.944672,-0.033955,0.326253,-0.013234],[0.05068,0.997793,-0.042898,0.001017],[-0.324077,0.057059,0.944309,-0.00143],[0.0,0.0,0.0,1.0]],"antennas":[-2.057795,2.124773],"body_yaw":0.0,"check_collision":false},{"head":[[0.943805,-0.03356,0.328793,-0.013219],[0.051178,0.997672,-0.045074,0.001186],[-0.326515,0.059368,0.943326,-0.001382],[0.0,0.0,0.0,1.0]],"antennas":[-2.057795,2.124773],"body_yaw":0.0,"check_collision":false},{"head":[[0.942762,-0.032721,0.331858,-0.013306],[0.051139,0.997589,-0.046919,0.001416],[-0.329523,0.061204,0.942162,-0.001564],[0.0,0.0,0.0,1.0]],"antennas":[-2.057795,2.124773],"body_yaw":0.0,"check_collision":false},{"head":[[0.941386,-0.031964,0.335813,-0.013372],[0.050951,0.997553,-0.047881,0.001649],[-0.333461,0.062184,0.940711,-0.001797],[0.0,0.0,0.0,1.0]],"antennas":[-2.057795,2.124773],"body_yaw":0.0,"check_collision":false},{"head":[[0.937023,-0.032424,0.347759,-0.013508],[0.051342,0.997652,-0.045322,-0.00084],[-0.345473,0.060322,0.936488,-0.00068],[0.0,0.0,0.0,1.0]],"antennas":[-2.057795,2.124773],"body_yaw":0.0,"check_collision":false},{"head":[[0.932571,-0.03355,0.359424,-0.014053],[0.052298,0.997724,-0.042563,-0.000769],[-0.357178,0.05849,0.932203,-0.000915],[0.0,0.0,0.0,1.0]],"antennas":[-2.057795,2.124773],"body_yaw":0.0,"check_collision":false},{"head":[[0.930525,-0.03519,0.364534,-0.014488],[0.054162,0.997651,-0.04195,-0.000671],[-0.362201,0.05878,0.930245,-0.001054],[0.0,0.0,0.0,1.0]],"antennas":[-2.057795,2.124773],"body_yaw":0.0,"check_collision":false},{"head":[[0.930247,-0.036096,0.365154,-0.014771],[0.055109,0.997606,-0.041779,-0.000557],[-0.362771,0.058988,0.930009,-0.001128],[0.0,0.0,0.0,1.0]],"antennas":[-2.057795,2.124773],"body_yaw":0.0,"check_collision":false},{"head":[[0.929936,-0.036261,0.365928,-0.014868],[0.055324,0.997596,-0.041741,-0.000466],[-0.363535,0.059061,0.929706,-0.001252],[0.0,0.0,0.0,1.0]],"antennas":[-2.057795,2.124773],"body_yaw":0.0,"check_collision":false},{"head":[[0.929515,-0.037415,0.366881,-0.014118],[0.056163,0.997597,-0.040558,-0.001924],[-0.364482,0.058304,0.929383,-0.000104],[0.0,0.0,0.0,1.0]],"antennas":[-2.057795,2.124773],"body_yaw":0.0,"check_collision":false},{"head":[[0.931179,-0.037629,0.362615,-0.014002],[0.055778,0.997653,-0.039709,-0.002417],[-0.360269,0.057202,0.931093,0.000255],[0.0,0.0,0.0,1.0]],"antennas":[-2.057795,2.124773],"body_yaw":0.0,"check_collision":false},{"head":[[0.933827,-0.037162,0.355791,-0.013906],[0.054935,0.997689,-0.039977,-0.00233],[-0.353483,0.056877,0.93371,0.000387],[0.0,0.0,0.0,1.0]],"antennas":[-2.057795,2.124773],"body_yaw":0.0,"check_collision":false},{"head":[[0.934626,-0.036884,0.353714,-0.013888],[0.054642,0.997691,-0.040346,-0.002253],[-0.351409,0.057036,0.934483,0.000426],[0.0,0.0,0.0,1.0]],"antennas":[-2.057795,2.124773],"body_yaw":0.0,"check_collision":false},{"head":[[0.934352,-0.036404,0.354486,-0.013896],[0.054054,0.997736,-0.040012,-0.002174],[-0.352227,0.056547,0.934205,0.000362],[0.0,0.0,0.0,1.0]],"antennas":[-2.057795,2.124773],"body_yaw":0.0,"check_collision":false},{"head":[[0.935133,-0.036342,0.352427,-0.013938],[0.053518,0.997801,-0.039113,-0.002098],[-0.350231,0.055437,0.935021,0.000339],[0.0,0.0,0.0,1.0]],"antennas":[-2.057795,2.124773],"body_yaw":0.0,"check_collision":false},{"head":[[0.937708,-0.037457,0.3454,-0.014018],[0.053108,0.997941,-0.035959,-0.002055],[-0.343342,0.052063,0.937767,0.00043],[0.0,0.0,0.0,1.0]],"antennas":[-2.057795,2.124773],"body_yaw":0.0,"check_collision":false},{"head":[[0.94178,-0.039553,0.333896,-0.014075],[0.05383,0.997984,-0.033612,-0.002009],[-0.331894,0.049629,0.94201,0.000613],[0.0,0.0,0.0,1.0]],"antennas":[-2.057795,2.124773],"body_yaw":0.0,"check_collision":false},{"head":[[0.945263,-0.040433,0.323795,-0.014101],[0.054112,0.997978,-0.033352,-0.001918],[-0.321792,0.049048,0.945539,0.000722],[0.0,0.0,0.0,1.0]],"antennas":[-2.057795,2.124773],"body_yaw":0.0,"check_collision":false},{"head":[[0.946352,-0.040499,0.320588,-0.014089],[0.05404,0.997978,-0.03345,-0.001791],[-0.318586,0.04898,0.946628,0.000664],[0.0,0.0,0.0,1.0]],"antennas":[-2.057795,2.124773],"body_yaw":0.0,"check_collision":false},{"head":[[0.947269,-0.040257,0.3179,-0.013997],[0.05343,0.998032,-0.032823,-0.00164],[-0.315953,0.048077,0.947556,0.000571],[0.0,0.0,0.0,1.0]],"antennas":[-2.057795,2.124773],"body_yaw":0.0,"check_collision":false},{"head":[[0.949251,-0.040334,0.311924,-0.013929],[0.052805,0.998104,-0.031635,-0.001486],[-0.310056,0.046501,0.94958,0.000606],[0.0,0.0,0.0,1.0]],"antennas":[-2.057795,2.124773],"body_yaw":0.0,"check_collision":false},{"head":[[0.952362,-0.040892,0.302216,-0.013903],[0.052553,0.998151,-0.030552,-0.001345],[-0.300408,0.044978,0.95275,0.000773],[0.0,0.0,0.0,1.0]],"antennas":[-2.057795,2.124773],"body_yaw":0.0,"check_collision":false},{"head":[[0.955146,-0.041254,0.293247,-0.014086],[0.052169,0.998203,-0.029494,-0.001188],[-0.291503,0.04347,0.955582,0.000926],[0.0,0.0,0.0,1.0]],"antennas":[-2.057795,2.124773],"body_yaw":0.0,"check_collision":false},{"head":[[0.956768,-0.041195,0.287919,-0.014166],[0.051475,0.998275,-0.028222,-0.001044],[-0.28626,0.041823,0.957239,0.000991],[0.0,0.0,0.0,1.0]],"antennas":[-2.057795,2.124773],"body_yaw":0.0,"check_collision":false},{"head":[[0.958131,-0.041106,0.283366,-0.014213],[0.050848,0.998339,-0.027105,-0.000871],[-0.281781,0.040379,0.958629,0.001012],[0.0,0.0,0.0,1.0]],"antennas":[-2.057795,2.124773],"body_yaw":0.0,"check_collision":false},{"head":[[0.959911,-0.040989,0.277293,-0.01424],[0.050047,0.998417,-0.025664,-0.000685],[-0.275802,0.038513,0.960443,0.001097],[0.0,0.0,0.0,1.0]],"antennas":[-2.057795,2.124773],"body_yaw":0.0,"check_collision":false},{"head":[[0.96278,-0.041612,0.267063,-0.014276],[0.049914,0.998456,-0.02437,-0.000486],[-0.265636,0.036793,0.963371,0.001272],[0.0,0.0,0.0,1.0]],"antennas":[-2.057795,2.124773],"body_yaw":0.0,"check_collision":false},{"head":[[0.965412,-0.042703,0.257209,-0.014359],[0.050547,0.998434,-0.023958,-0.000264],[-0.255783,0.036131,0.966059,0.001494],[0.0,0.0,0.0,1.0]],"antennas":[-2.057795,2.124773],"body_yaw":0.0,"check_collision":false},{"head":[[0.967183,-0.043598,0.250312,-0.014515],[0.051109,0.998415,-0.023584,-3.7e-05],[-0.248886,0.035603,0.967878,0.001619],[0.0,0.0,0.0,1.0]],"antennas":[-2.057795,2.124773],"body_yaw":0.0,"check_collision":false},{"head":[[0.96818,-0.044183,0.246323,-0.014548],[0.051356,0.998421,-0.02277,0.000185],[-0.244928,0.034696,0.96892,0.001628],[0.0,0.0,0.0,1.0]],"antennas":[-2.057795,2.124773],"body_yaw":0.0,"check_collision":false},{"head":[[0.969507,-0.044762,0.240942,-0.014539],[0.051552,0.998429,-0.021948,0.000414],[-0.239581,0.0337,0.970291,0.001652],[0.0,0.0,0.0,1.0]],"antennas":[-2.057795,2.124773],"body_yaw":0.0,"check_collision":false},{"head":[[0.971353,-0.045763,0.233191,-0.014427],[0.052152,0.998412,-0.0213,-0.001181],[-0.231846,0.032851,0.972198,0.003746],[0.0,0.0,0.0,1.0]],"antennas":[-2.057795,2.124773],"body_yaw":0.0,"check_collision":false},{"head":[[0.973178,-0.04674,0.225254,-0.014448],[0.052798,0.998386,-0.020942,-0.001701],[-0.223911,0.032273,0.974075,0.004311],[0.0,0.0,0.0,1.0]],"antennas":[-2.057795,2.124773],"body_yaw":0.0,"check_collision":false},{"head":[[0.974633,-0.047333,0.218748,-0.014475],[0.052886,0.998408,-0.019593,-0.002032],[-0.217472,0.030664,0.975585,0.004748],[0.0,0.0,0.0,1.0]],"antennas":[-2.057795,2.124773],"body_yaw":0.0,"check_collision":false},{"head":[[0.975841,-0.047823,0.213184,-0.014455],[0.052943,0.998429,-0.018367,-0.002302],[-0.21197,0.02921,0.97684,0.00518],[0.0,0.0,0.0,1.0]],"antennas":[-2.057795,2.124773],"body_yaw":0.0,"check_collision":false},{"head":[[0.97702,-0.048706,0.207508,-0.014422],[0.053278,0.998443,-0.016496,-0.002404],[-0.206382,0.027172,0.978094,0.005561],[0.0,0.0,0.0,1.0]],"antennas":[-2.057795,2.124773],"body_yaw":0.0,"check_collision":false},{"head":[[0.97839,-0.050228,0.200576,-0.014451],[0.05444,0.998396,-0.015537,-0.002245],[-0.199474,0.02612,0.979555,0.005786],[0.0,0.0,0.0,1.0]],"antennas":[-2.057795,2.124773],"body_yaw":0.0,"check_collision":false},{"head":[[0.979951,-0.051883,0.192365,-0.01448],[0.055888,0.998317,-0.015449,-0.002142],[-0.19124,0.02589,0.981202,0.006031],[0.0,0.0,0.0,1.0]],"antennas":[-2.057795,2.124773],"body_yaw":0.0,"check_collision":false},{"head":[[0.981613,-0.053085,0.18335,-0.014465],[0.056702,0.998285,-0.014535,-0.002025],[-0.182264,0.024664,0.98294,0.006318],[0.0,0.0,0.0,1.0]],"antennas":[-2.057795,2.124773],"body_yaw":0.0,"check_collision":false},{"head":[[0.983645,-0.054814,0.171574,-0.014322],[0.05788,0.99824,-0.012911,-0.001967],[-0.170565,0.02263,0.985087,0.006689],[0.0,0.0,0.0,1.0]],"antennas":[-2.057795,2.124773],"body_yaw":0.0,"check_collision":false},{"head":[[0.985854,-0.056706,0.157724,-0.014223],[0.059264,0.998175,-0.011562,-0.00197],[-0.156781,0.020746,0.987416,0.007117],[0.0,0.0,0.0,1.0]],"antennas":[-2.057795,2.124773],"body_yaw":0.0,"check_collision":false},{"head":[[0.987528,-0.058493,0.146171,-0.01426],[0.060882,0.998074,-0.01192,-0.001817],[-0.145193,0.02067,0.989187,0.007299],[0.0,0.0,0.0,1.0]],"antennas":[-2.057795,2.124773],"body_yaw":0.0,"check_collision":false},{"head":[[0.988693,-0.058881,0.137913,-0.014176],[0.061064,0.998066,-0.011648,-0.001666],[-0.136961,0.019938,0.990376,0.007487],[0.0,0.0,0.0,1.0]],"antennas":[-2.057795,2.117938],"body_yaw":0.0,"check_collision":false},{"head":[[0.989882,-0.057898,0.129539,-0.014071],[0.059646,0.998173,-0.00965,-0.001567],[-0.128744,0.017279,0.991527,0.007558],[0.0,0.0,0.0,1.0]],"antennas":[-2.054425,2.074517],"body_yaw":0.0,"check_collision":false},{"head":[[0.990927,-0.057282,0.121581,-0.014075],[0.058683,0.998245,-0.007973,-0.001321],[-0.120911,0.015036,0.992549,0.007637],[0.0,0.0,0.0,1.0]],"antennas":[-2.026292,1.98307],"body_yaw":0.0,"check_collision":false},{"head":[[0.992037,-0.057874,0.111863,-0.014135],[0.059005,0.998234,-0.006823,-0.001244],[-0.111271,0.013369,0.9937,0.00802],[0.0,0.0,0.0,1.0]],"antennas":[-1.956368,1.879386],"body_yaw":0.0,"check_collision":false},{"head":[[0.993193,-0.059154,0.100339,-0.014038],[0.060055,0.998177,-0.00598,-0.001041],[-0.099802,0.011965,0.994935,0.008337],[0.0,0.0,0.0,1.0]],"antennas":[-1.855728,1.775267],"body_yaw":0.0,"check_collision":false},{"head":[[0.99387,-0.060123,0.092777,-0.013843],[0.060843,0.998135,-0.004948,-0.00097],[-0.092307,0.010563,0.995675,0.008431],[0.0,0.0,0.0,1.0]],"antennas":[-1.751431,1.670966],"body_yaw":0.0,"check_collision":false},{"head":[[0.994397,-0.060238,0.086866,-0.013744],[0.06077,0.998146,-0.003485,-0.000727],[-0.086495,0.008745,0.996214,0.008553],[0.0,0.0,0.0,1.0]],"antennas":[-1.648237,1.567769],"body_yaw":0.0,"check_collision":false},{"head":[[0.994928,-0.060375,0.080459,-0.013668],[0.060723,0.998153,-0.001875,-0.000491],[-0.080197,0.006751,0.996756,0.008732],[0.0,0.0,0.0,1.0]],"antennas":[-1.544807,1.464336],"body_yaw":0.0,"check_collision":false},{"head":[[0.995566,-0.060808,0.071773,-0.013881],[0.061008,0.998137,-0.000587,0.000284],[-0.071603,0.004963,0.997421,0.008597],[0.0,0.0,0.0,1.0]],"antennas":[-1.44029,1.359816],"body_yaw":0.0,"check_collision":false},{"head":[[0.996186,-0.060825,0.062563,-0.014134],[0.060894,0.998144,0.000816,0.001123],[-0.062496,0.002997,0.998041,0.008467],[0.0,0.0,0.0,1.0]],"antennas":[-1.335874,1.255397],"body_yaw":0.0,"check_collision":false},{"head":[[0.996842,-0.061133,0.050676,-0.014081],[0.061123,0.998129,0.001763,0.001507],[-0.050689,0.00134,0.998714,0.00891],[0.0,0.0,0.0,1.0]],"antennas":[-1.231754,1.151274],"body_yaw":0.0,"check_collision":false},{"head":[[0.997407,-0.062035,0.036472,-0.013998],[0.061994,0.998074,0.002267,0.001882],[-0.036542,-0.0,0.999332,0.009244],[0.0,0.0,0.0,1.0]],"antennas":[-1.127674,1.04719],"body_yaw":0.0,"check_collision":false},{"head":[[0.9978,-0.062273,0.022737,-0.013912],[0.062233,0.998059,0.002486,0.002281],[-0.022847,-0.001066,0.999738,0.009593],[0.0,0.0,0.0,1.0]],"antennas":[-1.023393,0.942907],"body_yaw":0.0,"check_collision":false},{"head":[[0.998099,-0.061391,0.005381,-0.013889],[0.061374,0.99811,0.003135,0.00276],[-0.005564,-0.002799,0.999981,0.009917],[0.0,0.0,0.0,1.0]],"antennas":[-0.919432,0.838942],"body_yaw":0.0,"check_collision":false},{"head":[[0.998073,-0.060967,-0.011559,-0.013812],[0.061022,0.998126,0.004486,0.003008],[0.011263,-0.005183,0.999923,0.010309],[0.0,0.0,0.0,1.0]],"antennas":[-0.816044,0.735551],"body_yaw":0.0,"check_collision":false},{"head":[[0.997822,-0.060972,-0.025179,-0.01376],[0.061126,0.998116,0.00538,0.003214],[0.024803,-0.006907,0.999668,0.010606],[0.0,0.0,0.0,1.0]],"antennas":[-0.711393,0.630897],"body_yaw":0.0,"check_collision":false},{"head":[[0.997458,-0.060723,-0.037294,-0.013621],[0.060991,0.99812,0.006078,0.003577],[0.036855,-0.008337,0.999286,0.010757],[0.0,0.0,0.0,1.0]],"antennas":[-0.608089,0.52856],"body_yaw":0.0,"check_collision":false},{"head":[[0.997028,-0.060288,-0.04797,-0.013619],[0.060668,0.998137,0.0065,0.003755],[0.047489,-0.00939,0.998828,0.010849],[0.0,0.0,0.0,1.0]],"antennas":[-0.50381,0.474716],"body_yaw":0.0,"check_collision":false},{"head":[[0.99665,-0.059584,-0.05603,-0.013537],[0.060071,0.998169,0.00705,0.003721],[0.055508,-0.010392,0.998404,0.010949],[0.0,0.0,0.0,1.0]],"antennas":[-0.399874,0.474716],"body_yaw":0.0,"check_collision":false},{"head":[[0.99628,-0.05829,-0.063474,-0.013451],[0.058948,0.998225,0.008529,0.003501],[0.062864,-0.012239,0.997947,0.011161],[0.0,0.0,0.0,1.0]],"antennas":[-0.307847,0.474716],"body_yaw":0.0,"check_collision":false},{"head":[[0.995835,-0.057711,-0.070588,-0.013493],[0.058496,0.998246,0.009099,0.00361],[0.069939,-0.01319,0.997464,0.011404],[0.0,0.0,0.0,1.0]],"antennas":[-0.24731,0.474716],"body_yaw":0.0,"check_collision":false},{"head":[[0.995335,-0.057376,-0.077566,-0.013528],[0.058298,0.998252,0.009664,0.003534],[0.076876,-0.014141,0.99694,0.011681],[0.0,0.0,0.0,1.0]],"antennas":[-0.237578,0.474716],"body_yaw":0.0,"check_collision":false},{"head":[[0.994913,-0.056196,-0.083603,-0.013462],[0.057358,0.998287,0.011558,0.003778],[0.08281,-0.016295,0.996432,0.01168],[0.0,0.0,0.0,1.0]],"antennas":[-0.237578,0.474716],"body_yaw":0.0,"check_collision":false},{"head":[[0.994512,-0.05486,-0.089087,-0.013387],[0.05628,0.998324,0.013513,0.004021],[0.088197,-0.018453,0.995932,0.011649],[0.0,0.0,0.0,1.0]],"antennas":[-0.237578,0.474716],"body_yaw":0.0,"check_collision":false},{"head":[[0.994068,-0.054282,-0.094243,-0.013427],[0.055906,0.998328,0.014669,0.0043],[0.093289,-0.01985,0.995441,0.011662],[0.0,0.0,0.0,1.0]],"antennas":[-0.237578,0.474716],"body_yaw":0.0,"check_collision":false},{"head":[[0.993619,-0.054867,-0.09854,-0.013479],[0.056565,0.998293,0.01452,0.004631],[0.097575,-0.020001,0.995027,0.011695],[0.0,0.0,0.0,1.0]],"antennas":[-0.237578,0.474716],"body_yaw":0.0,"check_collision":false},{"head":[[0.993242,-0.055094,-0.102156,-0.013566],[0.056853,0.998279,0.014383,0.004726],[0.101188,-0.020094,0.994664,0.011772],[0.0,0.0,0.0,1.0]],"antennas":[-0.237578,0.474716],"body_yaw":0.0,"check_collision":false},{"head":[[0.992658,-0.054929,-0.107763,-0.013671],[0.056793,0.998284,0.014302,0.004341],[0.106792,-0.020317,0.994074,0.011926],[0.0,0.0,0.0,1.0]],"antennas":[-0.237578,0.474716],"body_yaw":0.0,"check_collision":false},{"head":[[0.99204,-0.055256,-0.113152,-0.013472],[0.057252,0.998255,0.014469,0.004049],[0.112155,-0.020832,0.993472,0.012158],[0.0,0.0,0.0,1.0]],"antennas":[-0.237578,0.474716],"body_yaw":0.0,"check_collision":false},{"head":[[0.991458,-0.055236,-0.118148,-0.013322],[0.057526,0.998215,0.016059,0.004256],[0.11705,-0.022718,0.992866,0.012074],[0.0,0.0,0.0,1.0]],"antennas":[-0.237578,0.474716],"body_yaw":0.0,"check_collision":false},{"head":[[0.99079,-0.054714,-0.123862,-0.013262],[0.057333,0.998199,0.017682,0.004503],[0.122672,-0.02462,0.992142,0.012073],[0.0,0.0,0.0,1.0]],"antennas":[-0.237578,0.474716],"body_yaw":0.0,"check_collision":false},{"head":[[0.990269,-0.055086,-0.127802,-0.013268],[0.057885,0.998156,0.018289,0.00477],[0.126558,-0.025509,0.991631,0.012044],[0.0,0.0,0.0,1.0]],"antennas":[-0.237578,0.474716],"body_yaw":0.0,"check_collision":false},{"head":[[0.990083,-0.055836,-0.128907,-0.013165],[0.058673,0.998109,0.018315,0.005063],[0.127641,-0.025696,0.991487,0.011842],[0.0,0.0,0.0,1.0]],"antennas":[-0.237578,0.474716],"body_yaw":0.0,"check_collision":false},{"head":[[0.990211,-0.055769,-0.127956,-0.013054],[0.058605,0.99811,0.018498,0.005256],[0.126683,-0.025816,0.991607,0.011582],[0.0,0.0,0.0,1.0]],"antennas":[-0.237578,0.474716],"body_yaw":0.0,"check_collision":false},{"head":[[0.99027,-0.055356,-0.127673,-0.013175],[0.058141,0.998143,0.018191,0.005074],[0.126429,-0.025437,0.991649,0.011511],[0.0,0.0,0.0,1.0]],"antennas":[-0.237578,0.474716],"body_yaw":0.0,"check_collision":false},{"head":[[0.990419,-0.055505,-0.126453,-0.013108],[0.058218,0.998144,0.017856,0.005265],[0.125227,-0.025046,0.991812,0.01132],[0.0,0.0,0.0,1.0]],"antennas":[-0.237578,0.474716],"body_yaw":0.0,"check_collision":false},{"head":[[0.990626,-0.055345,-0.124887,-0.013114],[0.058102,0.998138,0.018543,0.005111],[0.123628,-0.025625,0.991998,0.011423],[0.0,0.0,0.0,1.0]],"antennas":[-0.237578,0.474716],"body_yaw":0.0,"check_collision":false},{"head":[[0.9907,-0.055629,-0.124176,-0.013211],[0.058427,0.998111,0.019007,0.004844],[0.122884,-0.026085,0.992078,0.01155],[0.0,0.0,0.0,1.0]],"antennas":[-0.237578,0.474716],"body_yaw":0.0,"check_collision":false},{"head":[[0.990763,-0.056347,-0.123346,-0.013224],[0.059139,0.998067,0.019088,0.005045],[0.122032,-0.026206,0.99218,0.011383],[0.0,0.0,0.0,1.0]],"antennas":[-0.237578,0.474716],"body_yaw":0.0,"check_collision":false},{"head":[[0.990942,-0.057153,-0.121518,-0.013176],[0.059859,0.998031,0.018735,0.005251],[0.120208,-0.025839,0.992412,0.011169],[0.0,0.0,0.0,1.0]],"antennas":[-0.237578,0.474716],"body_yaw":0.0,"check_collision":false},{"head":[[0.99115,-0.057668,-0.119567,-0.013154],[0.060246,0.99802,0.018053,0.005466],[0.118289,-0.025096,0.992662,0.010975],[0.0,0.0,0.0,1.0]],"antennas":[-0.237578,0.474716],"body_yaw":0.0,"check_collision":false},{"head":[[0.991349,-0.058005,-0.117736,-0.013178],[0.06045,0.998021,0.017295,0.00568],[0.1165,-0.024263,0.992894,0.010839],[0.0,0.0,0.0,1.0]],"antennas":[-0.237578,0.474716],"body_yaw":0.0,"check_collision":false},{"head":[[0.991572,-0.058262,-0.11572,-0.013226],[0.060612,0.998018,0.016897,0.005902],[0.114506,-0.023768,0.993138,0.010733],[0.0,0.0,0.0,1.0]],"antennas":[-0.237578,0.474716],"body_yaw":0.0,"check_collision":false},{"head":[[0.991788,-0.058746,-0.113602,-0.013244],[0.060984,0.998005,0.016327,0.006139],[0.112416,-0.02312,0.993392,0.010603],[0.0,0.0,0.0,1.0]],"antennas":[-0.237578,0.474716],"body_yaw":0.0,"check_collision":false},{"head":[[0.992036,-0.059175,-0.111185,-0.013243],[0.06132,0.99799,0.015973,0.006397],[0.110016,-0.022664,0.993671,0.010437],[0.0,0.0,0.0,1.0]],"antennas":[-0.237578,0.474716],"body_yaw":0.0,"check_collision":false},{"head":[[0.992339,-0.059788,-0.108116,-0.013243],[0.061834,0.997963,0.015671,0.006565],[0.106958,-0.022236,0.994015,0.0103],[0.0,0.0,0.0,1.0]],"antennas":[-0.237578,0.474716],"body_yaw":0.0,"check_collision":false},{"head":[[0.992686,-0.060303,-0.104587,-0.013129],[0.062184,0.997955,0.014809,0.005311],[0.10348,-0.021204,0.994405,0.010794],[0.0,0.0,0.0,1.0]],"antennas":[-0.237578,0.474716],"body_yaw":0.0,"check_collision":false},{"head":[[0.99291,-0.061477,-0.101732,-0.013162],[0.063195,0.997906,0.013753,0.005447],[0.100674,-0.020084,0.994717,0.010662],[0.0,0.0,0.0,1.0]],"antennas":[-0.237578,0.474716],"body_yaw":0.0,"check_collision":false},{"head":[[0.993022,-0.062237,-0.100171,-0.01321],[0.063837,0.997878,0.012844,0.005626],[0.099159,-0.019149,0.994887,0.01057],[0.0,0.0,0.0,1.0]],"antennas":[-0.237578,0.474716],"body_yaw":0.0,"check_collision":false},{"head":[[0.993175,-0.06224,-0.098635,-0.013071],[0.063697,0.997901,0.011695,0.004865],[0.0977,-0.017898,0.995055,0.010767],[0.0,0.0,0.0,1.0]],"antennas":[-0.237578,0.474716],"body_yaw":0.0,"check_collision":false},{"head":[[0.993358,-0.062288,-0.096749,-0.012994],[0.063536,0.997931,0.00987,0.00402],[0.095934,-0.015952,0.99526,0.011128],[0.0,0.0,0.0,1.0]],"antennas":[-0.237578,0.474716],"body_yaw":0.0,"check_collision":false},{"head":[[0.993517,-0.062159,-0.095182,-0.012972],[0.063294,0.997955,0.008949,0.004103],[0.094431,-0.014916,0.99542,0.011001],[0.0,0.0,0.0,1.0]],"antennas":[-0.237578,0.474716],"body_yaw":0.0,"check_collision":false},{"head":[[0.993657,-0.062035,-0.093798,-0.01298],[0.063103,0.997971,0.008459,0.004185],[0.093082,-0.014325,0.995555,0.010894],[0.0,0.0,0.0,1.0]],"antennas":[-0.237578,0.474716],"body_yaw":0.0,"check_collision":false},{"head":[[0.993767,-0.062191,-0.092521,-0.01299],[0.063183,0.997971,0.007835,0.004264],[0.091846,-0.013632,0.99568,0.010796],[0.0,0.0,0.0,1.0]],"antennas":[-0.237578,0.474716],"body_yaw":0.0,"check_collision":false},{"head":[[0.99388,-0.062203,-0.091285,-0.012931],[0.06314,0.997977,0.00742,0.00392],[0.090639,-0.013138,0.995797,0.011293],[0.0,0.0,0.0,1.0]],"antennas":[-0.237578,0.474716],"body_yaw":0.0,"check_collision":false},{"head":[[0.993971,-0.062483,-0.090101,-0.012901],[0.063338,0.99797,0.006657,0.003779],[0.089502,-0.012324,0.99591,0.011308],[0.0,0.0,0.0,1.0]],"antennas":[-0.237578,0.474716],"body_yaw":0.0,"check_collision":false},{"head":[[0.994073,-0.062373,-0.089041,-0.012893],[0.06318,0.997982,0.00627,0.003598],[0.08847,-0.011859,0.996008,0.011426],[0.0,0.0,0.0,1.0]],"antennas":[-0.237578,0.474716],"body_yaw":0.0,"check_collision":false},{"head":[[0.994098,-0.062587,-0.088609,-0.012878],[0.063322,0.997978,0.00551,0.003651],[0.088085,-0.011088,0.996051,0.01141],[0.0,0.0,0.0,1.0]],"antennas":[-0.237578,0.474716],"body_yaw":0.0,"check_collision":false},{"head":[[0.994155,-0.062762,-0.087848,-0.012856],[0.063436,0.997974,0.004894,0.003706],[0.087363,-0.010438,0.996122,0.011384],[0.0,0.0,0.0,1.0]],"antennas":[-0.237578,0.474716],"body_yaw":0.0,"check_collision":false},{"head":[[0.994226,-0.062988,-0.086872,-0.012833],[0.063603,0.997966,0.00433,0.003756],[0.086422,-0.009831,0.99621,0.011351],[0.0,0.0,0.0,1.0]],"antennas":[-0.237578,0.474716],"body_yaw":0.0,"check_collision":false},{"head":[[0.994323,-0.063072,-0.085697,-0.012844],[0.063639,0.997965,0.003908,0.003804],[0.085276,-0.00934,0.996314,0.011328],[0.0,0.0,0.0,1.0]],"antennas":[-0.237578,0.474716],"body_yaw":0.0,"check_collision":false},{"head":[[0.994442,-0.062787,-0.084511,-0.01282],[0.063324,0.997986,0.00368,0.003726],[0.084109,-0.009011,0.996416,0.011295],[0.0,0.0,0.0,1.0]],"antennas":[-0.237578,0.474716],"body_yaw":0.0,"check_collision":false},{"head":[[0.994497,-0.062904,-0.083775,-0.012793],[0.063415,0.997981,0.003452,0.003759],[0.083389,-0.008745,0.996479,0.011232],[0.0,0.0,0.0,1.0]],"antennas":[-0.237578,0.474716],"body_yaw":0.0,"check_collision":false},{"head":[[0.994533,-0.062945,-0.083322,-0.012827],[0.063447,0.997979,0.003393,0.003827],[0.08294,-0.008661,0.996517,0.011214],[0.0,0.0,0.0,1.0]],"antennas":[-0.237578,0.474716],"body_yaw":0.0,"check_collision":false},{"head":[[0.99457,-0.063032,-0.082807,-0.01281],[0.06352,0.997975,0.003272,0.003869],[0.082434,-0.008514,0.99656,0.011175],[0.0,0.0,0.0,1.0]],"antennas":[-0.237578,0.474716],"body_yaw":0.0,"check_collision":false},{"head":[[0.994639,-0.063176,-0.081861,-0.012797],[0.063623,0.99797,0.00286,0.003767],[0.081514,-0.008053,0.99664,0.011132],[0.0,0.0,0.0,1.0]],"antennas":[-0.237578,0.474716],"body_yaw":0.0,"check_collision":false},{"head":[[0.99468,-0.06361,-0.081034,-0.012758],[0.063985,0.997949,0.002043,0.003794],[0.080738,-0.007217,0.996709,0.011076],[0.0,0.0,0.0,1.0]],"antennas":[-0.237578,0.474716],"body_yaw":0.0,"check_collision":false},{"head":[[0.994723,-0.064013,-0.080174,-0.012718],[0.064323,0.997928,0.001278,0.003836],[0.079926,-0.006428,0.99678,0.011023],[0.0,0.0,0.0,1.0]],"antennas":[-0.237578,0.474716],"body_yaw":0.0,"check_collision":false},{"head":[[0.994803,-0.064218,-0.079011,-0.012676],[0.064479,0.997919,0.000747,0.003875],[0.078798,-0.005838,0.996873,0.010977],[0.0,0.0,0.0,1.0]],"antennas":[-0.237578,0.474716],"body_yaw":0.0,"check_collision":false},{"head":[[0.994881,-0.064406,-0.077872,-0.012632],[0.064627,0.997909,0.00033,0.003911],[0.077688,-0.005361,0.996963,0.010939],[0.0,0.0,0.0,1.0]],"antennas":[-0.237578,0.474