{"description":"An impatient movement used when you want things to move faster, like when someone says a demo is coming but it never starts.","time":[0.0,0.02,0.04,0.06,0.08,0.1,0.12,0.14,0.16,0.18,0.2,0.22,0.24,0.26,0.28,0.3,0.32,0.34,0.36,0.38,0.4,0.42,0.44,0.46,0.48,0.5,0.52,0.54,0.56,0.58,0.6,0.62,0.64,0.66,0.68,0.7,0.72,0.74,0.76,0.78,0.8,0.82,0.84,0.86,0.88,0.9,0.92,0.94,0.96,0.98,1.0,1.02,1.04,1.06,1.08,1.1,1.12,1.14,1.16,1.18,1.2,1.22,1.24,1.26,1.28,1.3,1.32,1.34,1.36,1.38,1.4,1.42,1.44,1.46,1.48,1.5,1.52,1.54,1.56,1.58,1.6,1.62,1.64,1.66,1.68,1.7,1.72,1.74,1.76,1.78,1.8,1.82,1.84,1.86,1.88,1.9,1.92,1.94,1.96,1.98,2.0,2.02,2.04,2.06,2.08,2.1,2.12,2.14,2.16,2.18,2.2,2.22,2.24,2.26,2.28,2.3,2.32,2.34,2.36,2.38,2.4,2.42,2.44,2.46,2.48,2.5,2.52,2.54,2.56,2.58,2.6,2.62,2.64,2.66,2.68,2.7,2.72,2.74,2.76,2.78,2.8,2.82,2.84,2.86,2.88,2.9,2.92,2.94,2.96,2.98,3.0,3.02,3.04,3.06,3.08,3.1,3.12,3.14,3.16,3.18,3.2,3.22,3.24,3.26,3.28,3.3,3.32,3.34,3.36,3.38,3.4,3.42,3.44,3.46,3.48,3.5,3.52,3.54,3.56,3.58,3.6,3.62,3.64,3.66,3.68,3.7,3.72,3.74,3.76,3.78,3.8,3.82,3.84,3.86,3.88,3.9,3.92,3.94,3.96,3.98,4.0,4.02],"set_target_data":[{"head":[[0.995465,0.045717,0.08342,-0.003717],[-0.045863,0.998948,-0.000174,0.005729],[-0.08334,-0.003653,0.996514,0.012785],[0.0,0.0,0.0,1.0]],"antennas":[0.059186,0.425905],"body_yaw":0.103267,"check_collision":false},{"head":[[0.995453,0.045853,0.083486,-0.003687],[-0.046003,0.998941,-0.000122,0.00557],[-0.083403,-0.00372,0.996509,0.012844],[0.0,0.0,0.0,1.0]],"antennas":[0.059186,0.425905],"body_yaw":0.103267,"check_collision":false},{"head":[[0.995448,0.045931,0.083506,-0.003687],[-0.046084,0.998938,-9.3e-05,0.005637],[-0.083422,-0.003756,0.996507,0.012799],[0.0,0.0,0.0,1.0]],"antennas":[0.059186,0.425905],"body_yaw":0.103267,"check_collision":false},{"head":[[0.995445,0.045997,0.083502,-0.003674],[-0.046147,0.998935,-0.000137,0.005715],[-0.08342,-0.003717,0.996508,0.012742],[0.0,0.0,0.0,1.0]],"antennas":[0.059186,0.425905],"body_yaw":0.103267,"check_collision":false},{"head":[[0.995444,0.046016,0.083514,-0.003686],[-0.04617,0.998934,-9.3e-05,0.005894],[-0.083429,-0.003763,0.996507,0.012587],[0.0,0.0,0.0,1.0]],"antennas":[0.059186,0.425905],"body_yaw":0.103267,"check_collision":false},{"head":[[0.995442,0.045943,0.083577,-0.003686],[-0.046086,0.998937,-0.000221,0.005747],[-0.083498,-0.003631,0.996501,0.012698],[0.0,0.0,0.0,1.0]],"antennas":[0.059186,0.425905],"body_yaw":0.103267,"check_collision":false},{"head":[[0.995444,0.045966,0.083534,-0.003713],[-0.046113,0.998936,-0.00016,0.005777],[-0.083452,-0.003693,0.996505,0.012766],[0.0,0.0,0.0,1.0]],"antennas":[0.059186,0.425905],"body_yaw":0.103267,"check_collision":false},{"head":[[0.995438,0.045968,0.08361,-0.003666],[-0.046118,0.998936,-0.000136,0.005764],[-0.083528,-0.00372,0.996499,0.012762],[0.0,0.0,0.0,1.0]],"antennas":[0.059186,0.425905],"body_yaw":0.103267,"check_collision":false},{"head":[[0.995444,0.045925,0.083554,-0.003648],[-0.046077,0.998938,-0.000109,0.00582],[-0.083471,-0.003741,0.996503,0.012742],[0.0,0.0,0.0,1.0]],"antennas":[0.059186,0.425905],"body_yaw":0.103267,"check_collision":false},{"head":[[0.995441,0.045967,0.083571,-0.003639],[-0.046111,0.998936,-0.000202,0.005804],[-0.083491,-0.003652,0.996502,0.012722],[0.0,0.0,0.0,1.0]],"antennas":[0.059186,0.425905],"body_yaw":0.103267,"check_collision":false},{"head":[[0.995441,0.045981,0.083563,-0.003619],[-0.046125,0.998936,-0.000206,0.005868],[-0.083484,-0.00365,0.996502,0.01268],[0.0,0.0,0.0,1.0]],"antennas":[0.059186,0.425905],"body_yaw":0.103267,"check_collision":false},{"head":[[0.995433,0.045958,0.083666,-0.003644],[-0.046082,0.998938,-0.000447,0.005943],[-0.083598,-0.00341,0.996494,0.012644],[0.0,0.0,0.0,1.0]],"antennas":[0.059186,0.425905],"body_yaw":0.103267,"check_collision":false},{"head":[[0.995436,0.045746,0.083754,-0.003649],[-0.045859,0.998948,-0.000578,0.005846],[-0.083692,-0.003266,0.996486,0.012728],[0.0,0.0,0.0,1.0]],"antennas":[0.059186,0.434316],"body_yaw":0.103267,"check_collision":false},{"head":[[0.995449,0.045623,0.08367,-0.003648],[-0.045727,0.998954,-0.000675,0.005685],[-0.083613,-0.003154,0.996493,0.012819],[0.0,0.0,0.0,1.0]],"antennas":[0.038985,0.465917],"body_yaw":0.103267,"check_collision":false},{"head":[[0.995448,0.045629,0.083678,-0.003649],[-0.045736,0.998953,-0.000646,0.005646],[-0.083619,-0.003184,0.996493,0.012809],[0.0,0.0,0.0,1.0]],"antennas":[-0.000277,0.520509],"body_yaw":0.103267,"check_collision":false},{"head":[[0.995434,0.045653,0.083831,-0.003641],[-0.045753,0.998953,-0.000728,0.005703],[-0.083776,-0.003111,0.99648,0.01279],[0.0,0.0,0.0,1.0]],"antennas":[-0.0567,0.597831],"body_yaw":0.103267,"check_collision":false},{"head":[[0.995437,0.045524,0.083866,-0.003629],[-0.045613,0.998959,-0.000853,0.00576],[-0.083817,-0.002976,0.996477,0.012777],[0.0,0.0,0.0,1.0]],"antennas":[-0.130721,0.695473],"body_yaw":0.103267,"check_collision":false},{"head":[[0.995435,0.045606,0.083841,-0.003658],[-0.045698,0.998955,-0.000821,0.005875],[-0.083791,-0.003014,0.996479,0.01276],[0.0,0.0,0.0,1.0]],"antennas":[-0.223117,0.799436],"body_yaw":0.103267,"check_collision":false},{"head":[[0.995438,0.045558,0.083832,-0.003631],[-0.045656,0.998957,-0.000744,0.005764],[-0.083779,-0.003087,0.99648,0.012837],[0.0,0.0,0.0,1.0]],"antennas":[-0.320397,0.903225],"body_yaw":0.103267,"check_collision":false},{"head":[[0.995445,0.045481,0.083788,-0.003608],[-0.045578,0.99896,-0.000751,0.005823],[-0.083735,-0.003072,0.996483,0.012826],[0.0,0.0,0.0,1.0]],"antennas":[-0.418236,1.00761],"body_yaw":0.103267,"check_collision":false},{"head":[[0.995453,0.045381,0.083744,-0.003585],[-0.04547,0.998965,-0.000845,0.00588],[-0.083696,-0.002967,0.996487,0.012827],[0.0,0.0,0.0,1.0]],"antennas":[-0.51519,1.111052],"body_yaw":0.103267,"check_collision":false},{"head":[[0.995468,0.045344,0.083593,-0.003563],[-0.045428,0.998967,-0.000899,0.005949],[-0.083547,-0.002903,0.9965,0.012829],[0.0,0.0,0.0,1.0]],"antennas":[-0.613316,1.215744],"body_yaw":0.103267,"check_collision":false},{"head":[[0.995469,0.045099,0.083706,-0.003613],[-0.045171,0.998979,-0.001029,0.00575],[-0.083667,-0.002757,0.99649,0.01276],[0.0,0.0,0.0,1.0]],"antennas":[-0.710744,1.31969],"body_yaw":0.103267,"check_collision":false},{"head":[[0.995442,0.045001,0.08409,-0.003586],[-0.045067,0.998983,-0.001122,0.00582],[-0.084055,-0.002673,0.996458,0.012726],[0.0,0.0,0.0,1.0]],"antennas":[-0.807968,1.42342],"body_yaw":0.103267,"check_collision":false},{"head":[[0.995439,0.044835,0.084211,-0.003591],[-0.044896,0.998991,-0.001168,0.005891],[-0.084178,-0.002618,0.996447,0.012716],[0.0,0.0,0.0,1.0]],"antennas":[-0.906195,1.528219],"body_yaw":0.103267,"check_collision":false},{"head":[[0.995444,0.04472,0.084211,-0.003605],[-0.044771,0.998996,-0.001293,0.005951],[-0.084184,-0.002483,0.996447,0.012701],[0.0,0.0,0.0,1.0]],"antennas":[-1.003609,1.632152],"body_yaw":0.103267,"check_collision":false},{"head":[[0.995378,0.044749,0.084967,-0.003593],[-0.044797,0.998995,-0.00135,0.00601],[-0.084942,-0.002462,0.996383,0.012657],[0.0,0.0,0.0,1.0]],"antennas":[-1.10118,1.736251],"body_yaw":0.103267,"check_collision":false},{"head":[[0.995311,0.044668,0.085799,-0.00374],[-0.044697,0.998999,-0.00159,0.006226],[-0.085784,-0.002252,0.996311,0.012535],[0.0,0.0,0.0,1.0]],"antennas":[-1.1988,1.840403],"body_yaw":0.103267,"check_collision":false},{"head":[[0.995207,0.044779,0.08694,-0.003599],[-0.04478,0.998995,-0.001943,0.006],[-0.08694,-0.001959,0.996212,0.012537],[0.0,0.0,0.0,1.0]],"antennas":[-1.29618,1.944299],"body_yaw":0.103267,"check_collision":false},{"head":[[0.995157,0.044692,0.087556,-0.003575],[-0.044682,0.998999,-0.002073,0.005764],[-0.087561,-0.001849,0.996157,0.012672],[0.0,0.0,0.0,1.0]],"antennas":[-1.39412,2.048792],"body_yaw":0.103267,"check_collision":false},{"head":[[0.995139,0.044537,0.087831,-0.003562],[-0.044525,0.999006,-0.002093,0.005825],[-0.087837,-0.001828,0.996133,0.012651],[0.0,0.0,0.0,1.0]],"antennas":[-1.491289,2.152463],"body_yaw":0.103267,"check_collision":false},{"head":[[0.995133,0.044453,0.087947,-0.003535],[-0.04444,0.99901,-0.002105,0.005892],[-0.087953,-0.001813,0.996123,0.012629],[0.0,0.0,0.0,1.0]],"antennas":[-1.588975,2.256686],"body_yaw":0.103267,"check_collision":false},{"head":[[0.995115,0.044425,0.088166,-0.003521],[-0.04441,0.999011,-0.002136,0.00596],[-0.088174,-0.00179,0.996104,0.012608],[0.0,0.0,0.0,1.0]],"antennas":[-1.686643,2.360889],"body_yaw":0.103267,"check_collision":false},{"head":[[0.99516,0.044497,0.087617,-0.003544],[-0.044498,0.999008,-0.001942,0.00603],[-0.087616,-0.001966,0.996152,0.012607],[0.0,0.0,0.0,1.0]],"antennas":[-1.783867,2.464618],"body_yaw":0.103267,"check_collision":false},{"head":[[0.99521,0.044565,0.087012,-0.003579],[-0.044631,0.999003,-0.001178,0.006095],[-0.086978,-0.002711,0.996207,0.012618],[0.0,0.0,0.0,1.0]],"antennas":[-1.881476,2.568759],"body_yaw":0.103267,"check_collision":false},{"head":[[0.995292,0.044474,0.086119,-0.003856],[-0.044602,0.999005,-0.000445,0.005928],[-0.086053,-0.003398,0.996285,0.012517],[0.0,0.0,0.0,1.0]],"antennas":[-1.978803,2.672598],"body_yaw":0.103267,"check_collision":false},{"head":[[0.995319,0.044503,0.085783,-0.00386],[-0.044681,0.999001,0.000158,0.00599],[-0.085691,-0.00399,0.996314,0.012472],[0.0,0.0,0.0,1.0]],"antennas":[-2.07646,2.77679],"body_yaw":0.103267,"check_collision":false},{"head":[[0.99537,0.044401,0.085243,-0.003846],[-0.044625,0.999004,0.000714,0.006066],[-0.085126,-0.004515,0.99636,0.012471],[0.0,0.0,0.0,1.0]],"antennas":[-2.173567,2.881177],"body_yaw":0.103267,"check_collision":false},{"head":[[0.99543,0.044318,0.084582,-0.003858],[-0.044585,0.999005,0.001266,0.006142],[-0.084442,-0.005031,0.996416,0.01246],[0.0,0.0,0.0,1.0]],"antennas":[-2.235414,2.979446],"body_yaw":0.103267,"check_collision":false},{"head":[[0.995486,0.044272,0.083956,-0.003849],[-0.044577,0.999004,0.001757,0.006221],[-0.083794,-0.005491,0.996468,0.012427],[0.0,0.0,0.0,1.0]],"antennas":[-2.240959,3.025336],"body_yaw":0.103267,"check_collision":false},{"head":[[0.995515,0.044172,0.083657,-0.003836],[-0.04449,0.999008,0.001943,0.006287],[-0.083488,-0.005656,0.996493,0.012384],[0.0,0.0,0.0,1.0]],"antennas":[-2.240959,3.025336],"body_yaw":0.103267,"check_collision":false},{"head":[[0.995548,0.044336,0.083175,-0.003925],[-0.044665,0.999,0.002104,0.005815],[-0.082999,-0.00581,0.996533,0.012717],[0.0,0.0,0.0,1.0]],"antennas":[-2.240959,3.025336],"body_yaw":0.103267,"check_collision":false},{"head":[[0.995626,0.044217,0.082302,-0.003978],[-0.044554,0.999004,0.002267,0.005874],[-0.08212,-0.005924,0.996605,0.012729],[0.0,0.0,0.0,1.0]],"antennas":[-2.240959,3.025336],"body_yaw":0.103267,"check_collision":false},{"head":[[0.995711,0.044336,0.081199,-0.004008],[-0.044705,0.998996,0.002736,0.005645],[-0.080996,-0.006354,0.996694,0.012898],[0.0,0.0,0.0,1.0]],"antennas":[-2.240959,3.025336],"body_yaw":0.103267,"check_collision":false},{"head":[[0.995752,0.044327,0.080701,-0.003996],[-0.04471,0.998996,0.002938,0.005392],[-0.08049,-0.006534,0.996734,0.013049],[0.0,0.0,0.0,1.0]],"antennas":[-2.240959,3.025336],"body_yaw":0.103267,"check_collision":false},{"head":[[0.995733,0.044247,0.080978,-0.003927],[-0.04462,0.999,0.002805,0.004786],[-0.080773,-0.006406,0.996712,0.013247],[0.0,0.0,0.0,1.0]],"antennas":[-2.240959,3.025336],"body_yaw":0.103267,"check_collision":false},{"head":[[0.99566,0.044128,0.081936,-0.00386],[-0.044502,0.999006,0.002739,0.004728],[-0.081734,-0.006373,0.996634,0.013224],[0.0,0.0,0.0,1.0]],"antennas":[-2.240959,3.025336],"body_yaw":0.103267,"check_collision":false},{"head":[[0.995569,0.043938,0.083138,-0.003765],[-0.044314,0.999014,0.002687,0.004665],[-0.082938,-0.00636,0.996534,0.013173],[0.0,0.0,0.0,1.0]],"antennas":[-2.240959,3.025336],"body_yaw":0.103267,"check_collision":false},{"head":[[0.995449,0.043517,0.084774,-0.00375],[-0.043868,0.999035,0.002282,0.004576],[-0.084593,-0.005991,0.996398,0.013247],[0.0,0.0,0.0,1.0]],"antennas":[-2.240959,3.025336],"body_yaw":0.103267,"check_collision":false},{"head":[[0.995359,0.043266,0.085952,-0.003745],[-0.043602,0.999047,0.002036,0.004568],[-0.085782,-0.005774,0.996297,0.013231],[0.0,0.0,0.0,1.0]],"antennas":[-2.240959,3.025336],"body_yaw":0.103267,"check_collision":false},{"head":[[0.995298,0.043213,0.086692,-0.003751],[-0.043549,0.999049,0.001983,0.004677],[-0.086524,-0.005749,0.996233,0.013193],[0.0,0.0,0.0,1.0]],"antennas":[-2.240959,3.025336],"body_yaw":0.103267,"check_collision":false},{"head":[[0.995278,0.043124,0.086963,-0.003725],[-0.043456,0.999053,0.001931,0.004843],[-0.086797,-0.005701,0.99621,0.01314],[0.0,0.0,0.0,1.0]],"antennas":[-2.240959,3.025336],"body_yaw":0.103267,"check_collision":false},{"head":[[0.995195,0.043073,0.087934,-0.003736],[-0.043439,0.999054,0.002253,0.004848],[-0.087754,-0.006061,0.996124,0.01315],[0.0,0.0,0.0,1.0]],"antennas":[-2.240959,3.025336],"body_yaw":0.103267,"check_collision":false},{"head":[[0.995118,0.042855,0.088902,-0.003745],[-0.043216,0.999063,0.002141,0.00503],[-0.088727,-0.005972,0.996038,0.012907],[0.0,0.0,0.0,1.0]],"antennas":[-2.240959,3.025336],"body_yaw":0.103267,"check_collision":false},{"head":[[0.995065,0.042703,0.089569,-0.003721],[-0.043065,0.99907,0.00212,0.005057],[-0.089395,-0.005967,0.995978,0.012881],[0.0,0.0,0.0,1.0]],"antennas":[-2.240959,3.025336],"body_yaw":0.103267,"check_collision":false},{"head":[[0.995089,0.042677,0.089308,-0.003722],[-0.043063,0.999069,0.002402,0.005101],[-0.089123,-0.006236,0.996001,0.012866],[0.0,0.0,0.0,1.0]],"antennas":[-2.240959,3.025336],"body_yaw":0.100676,"check_collision":false},{"head":[[0.995102,0.04266,0.089177,-0.003778],[-0.043065,0.999069,0.002625,0.005204],[-0.088982,-0.006452,0.996012,0.012839],[0.0,0.0,0.0,1.0]],"antennas":[-2.240959,3.025336],"body_yaw":0.063233,"check_collision":false},{"head":[[0.995084,0.042519,0.089439,-0.003784],[-0.042946,0.999073,0.002857,0.005375],[-0.089235,-0.006684,0.995988,0.012715],[0.0,0.0,0.0,1.0]],"antennas":[-2.240959,3.025336],"body_yaw":0.007841,"check_collision":false},{"head":[[0.995056,0.041961,0.090014,-0.003772],[-0.042395,0.999097,0.002909,0.005427],[-0.089811,-0.00671,0.995936,0.012686],[0.0,0.0,0.0,1.0]],"antennas":[-2.240959,3.025336],"body_yaw":-0.047649,"check_collision":false},{"head":[[0.995074,0.041406,0.090079,-0.003808],[-0.041842,0.99912,0.00295,0.005711],[-0.089877,-0.006705,0.99593,0.012426],[0.0,0.0,0.0,1.0]],"antennas":[-2.240959,3.025336],"body_yaw":-0.103425,"check_collision":false},{"head":[[0.995096,0.040968,0.090035,-0.003884],[-0.04137,0.999141,0.0026,0.00627],[-0.089851,-0.006312,0.995935,0.011878],[0.0,0.0,0.0,1.0]],"antennas":[-2.240959,3.025336],"body_yaw":-0.158834,"check_collision":false},{"head":[[0.995126,0.040123,0.090078,-0.003764],[-0.040551,0.999173,0.002934,0.006006],[-0.089886,-0.006572,0.99593,0.012161],[0.0,0.0,0.0,1.0]],"antennas":[-2.240959,3.025336],"body_yaw":-0.214288,"check_collision":false},{"head":[[0.99522,0.039374,0.089367,-0.003737],[-0.039786,0.999204,0.002827,0.005711],[-0.089185,-0.006369,0.995995,0.012359],[0.0,0.0,0.0,1.0]],"antennas":[-2.240959,3.025336],"body_yaw":-0.269798,"check_collision":false},{"head":[[0.995253,0.039307,0.089026,-0.003731],[-0.039738,0.999205,0.003075,0.005756],[-0.088834,-0.006598,0.996025,0.012376],[0.0,0.0,0.0,1.0]],"antennas":[-2.240959,3.025336],"body_yaw":-0.325359,"check_collision":false},{"head":[[0.995275,0.039248,0.08881,-0.003699],[-0.039682,0.999207,0.003133,0.005586],[-0.088617,-0.006642,0.996044,0.012475],[0.0,0.0,0.0,1.0]],"antennas":[-2.240959,3.025336],"body_yaw":-0.380779,"check_collision":false},{"head":[[0.995319,0.039039,0.088403,-0.003707],[-0.039469,0.999216,0.00312,0.005442],[-0.088212,-0.006594,0.99608,0.012387],[0.0,0.0,0.0,1.0]],"antennas":[-2.240959,3.025336],"body_yaw":-0.42999,"check_collision":false},{"head":[[0.995333,0.038931,0.088297,-0.0037],[-0.039358,0.99922,0.003105,0.005453],[-0.088107,-0.006566,0.996089,0.01237],[0.0,0.0,0.0,1.0]],"antennas":[-2.240959,3.025336],"body_yaw":-0.442746,"check_collision":false},{"head":[[0.995362,0.038944,0.087963,-0.003699],[-0.039371,0.99922,0.003123,0.005476],[-0.087773,-0.006572,0.996119,0.012362],[0.0,0.0,0.0,1.0]],"antennas":[-2.240959,3.025336],"body_yaw":-0.442746,"check_collision":false},{"head":[[0.995356,0.039071,0.087974,-0.003691],[-0.03949,0.999215,0.003036,0.005472],[-0.087786,-0.006496,0.996118,0.012353],[0.0,0.0,0.0,1.0]],"antennas":[-2.240959,3.025336],"body_yaw":-0.442746,"check_collision":false},{"head":[[0.995363,0.039259,0.087818,-0.003655],[-0.039683,0.999208,0.003088,0.005329],[-0.087627,-0.006558,0.996132,0.012381],[0.0,0.0,0.0,1.0]],"antennas":[-2.240959,3.025336],"body_yaw":-0.442746,"check_collision":false},{"head":[[0.995345,0.03931,0.087989,-0.003641],[-0.03973,0.999206,0.00302,0.005352],[-0.087801,-0.006502,0.996117,0.012357],[0.0,0.0,0.0,1.0]],"antennas":[-2.240959,3.025336],"body_yaw":-0.442746,"check_collision":false},{"head":[[0.995342,0.039309,0.08803,-0.003629],[-0.039718,0.999207,0.002902,0.005393],[-0.087846,-0.006385,0.996114,0.01233],[0.0,0.0,0.0,1.0]],"antennas":[-2.240959,3.025336],"body_yaw":-0.442746,"check_collision":false},{"head":[[0.995339,0.039418,0.088014,-0.00362],[-0.039824,0.999203,0.002864,0.00543],[-0.087831,-0.006356,0.996115,0.012311],[0.0,0.0,0.0,1.0]],"antennas":[-2.240959,3.025336],"body_yaw":-0.442746,"check_collision":false},{"head":[[0.995312,0.039544,0.088262,-0.003609],[-0.03995,0.999198,0.002838,0.005454],[-0.088079,-0.006351,0.996093,0.012302],[0.0,0.0,0.0,1.0]],"antennas":[-2.240959,3.025336],"body_yaw":-0.442746,"check_collision":false},{"head":[[0.995264,0.039764,0.088705,-0.0037],[-0.040192,0.999187,0.003053,0.005495],[-0.088512,-0.006604,0.996053,0.01246],[0.0,0.0,0.0,1.0]],"antennas":[-2.240959,3.025336],"body_yaw":-0.442309,"check_collision":false},{"head":[[0.995227,0.039834,0.089092,-0.003753],[-0.040257,0.999185,0.002959,0.005835],[-0.088902,-0.006532,0.996019,0.012224],[0.0,0.0,0.0,1.0]],"antennas":[-2.240959,3.025336],"body_yaw":-0.425513,"check_collision":false},{"head":[[0.995161,0.040039,0.08973,-0.003755],[-0.040442,0.999178,0.002683,0.005942],[-0.089548,-0.006299,0.995963,0.012209],[0.0,0.0,0.0,1.0]],"antennas":[-2.240959,3.025336],"body_yaw":-0.378311,"check_collision":false},{"head":[[0.99507,0.040215,0.090655,-0.003748],[-0.040568,0.999175,0.002056,0.006052],[-0.090497,-0.005724,0.99588,0.012167],[0.0,0.0,0.0,1.0]],"antennas":[-2.240959,3.025336],"body_yaw":-0.322617,"check_collision":false},{"head":[[0.994904,0.040326,0.092406,-0.003734],[-0.040591,0.999175,0.000988,0.00615],[-0.09229,-0.004734,0.995721,0.012081],[0.0,0.0,0.0,1.0]],"antennas":[-2.240959,3.025336],"body_yaw":-0.267285,"check_collision":false},{"head":[[0.994783,0.040215,0.093749,-0.00371],[-0.040392,0.999184,-9e-06,0.006246],[-0.093673,-0.003778,0.995596,0.011995],[0.0,0.0,0.0,1.0]],"antennas":[-2.240959,3.025336],"body_yaw":-0.211508,"check_collision":false},{"head":[[0.994618,0.040336,0.095437,-0.003805],[-0.040412,0.999182,-0.00114,0.006298],[-0.095404,-0.002723,0.995435,0.011931],[0.0,0.0,0.0,1.0]],"antennas":[-2.240959,3.025336],"body_yaw":-0.156113,"check_collision":false},{"head":[[0.994439,0.04037,0.097269,-0.003602],[-0.040349,0.999183,-0.002177,0.005187],[-0.097277,-0.00176,0.995256,0.012225],[0.0,0.0,0.0,1.0]],"antennas":[-2.240959,3.025336],"body_yaw":-0.10092,"check_collision":false},{"head":[[0.994336,0.040687,0.098188,-0.0036],[-0.04061,0.999171,-0.002789,0.00522],[-0.09822,-0.001214,0.995164,0.012176],[0.0,0.0,0.0,1.0]],"antennas":[-2.240959,3.025336],"body_yaw":-0.045081,"check_collision":false},{"head":[[0.99423,0.041128,0.099067,-0.003591],[-0.041055,0.999153,-0.00277,0.005246],[-0.099097,-0.001314,0.995077,0.012139],[0.0,0.0,0.0,1.0]],"antennas":[-2.240959,3.025336],"body_yaw":0.010303,"check_collision":false},{"head":[[0.994027,0.041445,0.10096,-0.003618],[-0.041313,0.99914,-0.003395,0.005309],[-0.101014,-0.000796,0.994885,0.012096],[0.0,0.0,0.0,1.0]],"antennas":[-2.240959,3.025336],"body_yaw":0.065939,"check_collision":false},{"head":[[0.993759,0.041445,0.103562,-0.003624],[-0.041293,0.999141,-0.003614,0.005532],[-0.103622,-0.000685,0.994616,0.01192],[0.0,0.0,0.0,1.0]],"antennas":[-2.240959,3.025336],"body_yaw":0.121334,"check_collision":false},{"head":[[0.993474,0.041108,0.106392,-0.003628],[-0.040992,0.999154,-0.003275,0.005162],[-0.106437,-0.001108,0.994319,0.012051],[0.0,0.0,0.0,1.0]],"antennas":[-2.240959,3.025336],"body_yaw":0.177019,"check_collision":false},{"head":[[0.993307,0.041061,0.107957,-0.003572],[-0.040969,0.999156,-0.003068,0.005242],[-0.107992,-0.001375,0.994151,0.011955],[0.0,0.0,0.0,1.0]],"antennas":[-2.240959,3.025336],"body_yaw":0.208675,"check_collision":false},{"head":[[0.993005,0.041075,0.110696,-0.00353],[-0.041061,0.999154,-0.002408,0.005172],[-0.110702,-0.002154,0.993851,0.011836],[0.0,0.0,0.0,1.0]],"antennas":[-2.240959,3.025336],"body_yaw":0.209163,"check_collision":false},{"head":[[0.992635,0.040504,0.114172,-0.003455],[-0.040453,0.999178,-0.00277,0.005223],[-0.11419,-0.001869,0.993457,0.011674],[0.0,0.0,0.0,1.0]],"antennas":[-2.240959,3.025336],"body_yaw":0.209163,"check_collision":false},{"head":[[0.992319,0.039917,0.117089,-0.003508],[-0.039872,0.999201,-0.002732,0.005348],[-0.117105,-0.001958,0.993118,0.011638],[0.0,0.0,0.0,1.0]],"antennas":[-2.240959,3.025336],"body_yaw":0.209163,"check_collision":false},{"head":[[0.992116,0.039562,0.118915,-0.003528],[-0.039503,0.999215,-0.002854,0.005137],[-0.118935,-0.001866,0.9929,0.011672],[0.0,0.0,0.0,1.0]],"antennas":[-2.240959,3.025336],"body_yaw":0.209163,"check_collision":false},{"head":[[0.991858,0.038938,0.12125,-0.003454],[-0.038867,0.99924,-0.002951,0.005343],[-0.121273,-0.001785,0.992618,0.011528],[0.0,0.0,0.0,1.0]],"antennas":[-2.240959,3.025336],"body_yaw":0.209163,"check_collision":false},{"head":[[0.991437,0.037583,0.125059,-0.003373],[-0.037483,0.999292,-0.003148,0.005402],[-0.125089,-0.001566,0.992144,0.01134],[0.0,0.0,0.0,1.0]],"antennas":[-2.240959,3.025336],"body_yaw":0.209163,"check_collision":false},{"head":[[0.990765,0.035895,0.130751,-0.003296],[-0.035735,0.999355,-0.003576,0.005479],[-0.130795,-0.001129,0.991409,0.011092],[0.0,0.0,0.0,1.0]],"antennas":[-2.240959,3.025336],"body_yaw":0.209163,"check_collision":false},{"head":[[0.99018,0.034373,0.135504,-0.003283],[-0.034097,0.999409,-0.004358,0.00558],[-0.135573,-0.000305,0.990767,0.010915],[0.0,0.0,0.0,1.0]],"antennas":[-2.240959,3.025336],"body_yaw":0.209163,"check_collision":false},{"head":[[0.990033,0.034065,0.136656,-0.00343],[-0.033779,0.99942,-0.004415,0.005906],[-0.136727,-0.000245,0.990609,0.01077],[0.0,0.0,0.0,1.0]],"antennas":[-2.240959,3.025336],"body_yaw":0.209163,"check_collision":false},{"head":[[0.990006,0.033852,0.136902,-0.003507],[-0.033654,0.999426,-0.003762,0.006081],[-0.13695,-0.000883,0.990578,0.010698],[0.0,0.0,0.0,1.0]],"antennas":[-2.240959,3.025336],"body_yaw":0.209163,"check_collision":false},{"head":[[0.989984,0.033716,0.137096,-0.00354],[-0.033575,0.999431,-0.003343,0.006227],[-0.13713,-0.001293,0.990552,0.010635],[0.0,0.0,0.0,1.0]],"antennas":[-2.240959,3.025336],"body_yaw":0.209163,"check_collision":false},{"head":[[0.989902,0.033484,0.137742,-0.003454],[-0.03329,0.999439,-0.003716,0.005756],[-0.137789,-0.000907,0.990461,0.010812],[0.0,0.0,0.0,1.0]],"antennas":[-2.240959,3.025336],"body_yaw":0.209163,"check_collision":false},{"head":[[0.98986,0.033099,0.138138,-0.003452],[-0.032935,0.999451,-0.003476,0.005872],[-0.138178,-0.001109,0.990407,0.01074],[0.0,0.0,0.0,1.0]],"antennas":[-2.240959,3.025336],"body_yaw":0.209163,"check_collision":false},{"head":[[0.990039,0.033024,0.136862,-0.003507],[-0.032943,0.999453,-0.002862,0.005831],[-0.136882,-0.001675,0.990586,0.010768],[0.0,0.0,0.0,1.0]],"antennas":[-2.240959,3.025336],"body_yaw":0.209163,"check_collision":false},{"head":[[0.990268,0.032808,0.135249,-0.003533],[-0.032823,0.999459,-0.00212,0.005797],[-0.135245,-0.00234,0.990809,0.010719],[0.0,0.0,0.0,1.0]],"antennas":[-2.240959,3.025336],"body_yaw":0.209163,"check_collision":false},{"head":[[0.990421,0.032334,0.134238,-0.003513],[-0.032414,0.999473,-0.001594,0.005847],[-0.134219,-0.002772,0.990948,0.010632],[0.0,0.0,0.0,1.0]],"antennas":[-2.240959,3.025336],"body_yaw":0.209163,"check_collision":false},{"head":[[0.990868,0.030613,0.131311,-0.003403],[-0.030699,0.999528,-0.00137,0.005869],[-0.131291,-0.002673,0.99134,0.010494],[0.0,0.0,0.0,1.0]],"antennas":[-2.240959,3.025336],"body_yaw":0.209163,"check_collision":false},{"head":[[0.991956,0.02593,0.123897,-0.003169],[-0.025996,0.999661,-0.001085,0.005802],[-0.123883,-0.002145,0.992294,0.010281],[0.0,0.0,0.0,1.0]],"antennas":[-2.240959,3.025336],"body_yaw":0.209163,"check_collision":false},{"head":[[0.993199,0.020149,0.114672,-0.003243],[-0.020232,0.999795,-0.000433,0.006342],[-0.114658,-0.00189,0.993403,0.010041],[0.0,0.0,0.0,1.0]],"antennas":[-2.240959,3.025336],"body_yaw":0.209163,"check_collision":false},{"head":[[0.994327,0.01507,0.105289,-0.003049],[-0.015127,0.999886,-0.000258,0.005804],[-0.105281,-0.001336,0.994442,0.0101],[0.0,0.0,0.0,1.0]],"antennas":[-2.240959,3.025336],"body_yaw":0.209163,"check_collision":false},{"head":[[0.995182,0.010598,0.097471,-0.002781],[-0.010603,0.999944,-0.000462,0.005446],[-0.097471,-0.000573,0.995238,0.009994],[0.0,0.0,0.0,1.0]],"antennas":[-2.240959,3.025336],"body_yaw":0.209163,"check_collision":false},{"head":[[0.995962,0.005422,0.089615,-0.002581],[-0.005492,0.999985,0.000534,0.005355],[-0.089611,-0.001024,0.995976,0.009797],[0.0,0.0,0.0,1.0]],"antennas":[-2.240959,3.025336],"body_yaw":0.209163,"check_collision":false},{"head":[[0.996515,-0.000292,0.083419,-0.00241],[0.000212,1.0,0.000968,0.005118],[-0.083419,-0.000947,0.996514,0.009739],[0.0,0.0,0.0,1.0]],"antennas":[-2.240959,3.025336],"body_yaw":0.209163,"check_collision":false},{"head":[[0.996921,-0.00597,0.078179,-0.002266],[0.005882,0.999982,0.001351,0.004989],[-0.078186,-0.000887,0.996938,0.00964],[0.0,0.0,0.0,1.0]],"antennas":[-2.240959,3.025336],"body_yaw":0.209163,"check_collision":false},{"head":[[0.997258,-0.011852,0.073054,-0.002099],[0.011713,0.999929,0.002326,0.004652],[-0.073076,-0.001464,0.997325,0.009715],[0.0,0.0,0.0,1.0]],"antennas":[-2.240959,3.025336],"body_yaw":0.209163,"check_collision":false},{"head":[[0.997458,-0.015842,0.069468,-0.001991],[0.015641,0.999872,0.003438,0.004369],[-0.069514,-0.002342,0.997578,0.009749],[0.0,0.0,0.0,1.0]],"antennas":[-2.240959,3.025336],"body_yaw":0.209163,"check_collision":false},{"head":[[0.997558,-0.018462,0.067357,-0.001823],[0.018236,0.999826,0.003967,0.003897],[-0.067419,-0.002729,0.997721,0.009752],[0.0,0.0,0.0,1.0]],"antennas":[-2.240959,3.025336],"body_yaw":0.209163,"check_collision":false},{"head":[[0.997627,-0.02119,0.065508,-0.001737],[0.020943,0.999771,0.004453,0.00383],[-0.065588,-0.003071,0.997842,0.009671],[0.0,0.0,0.0,1.0]],"antennas":[-2.240959,3.025336],"body_yaw":0.209163,"check_collision":false},{"head":[[0.997667,-0.024578,0.063684,-0.00162],[0.024314,0.999692,0.004919,0.003562],[-0.063785,-0.003359,0.997958,0.009638],[0.0,0.0,0.0,1.0]],"antennas":[-2.240959,3.025336],"body_yaw":0.209163,"check_collision":false},{"head":[[0.99767,-0.026071,0.063051,-0.001562],[0.025774,0.999653,0.005514,0.003652],[-0.063173,-0.003876,0.997995,0.009572],[0.0,0.0,0.0,1.0]],"antennas":[-2.240959,3.025336],"body_yaw":0.209163,"check_collision":false},{"head":[[0.997675,-0.026119,0.062954,-0.001607],[0.025797,0.99965,0.005924,0.003433],[-0.063087,-0.004286,0.997999,0.009705],[0.0,0.0,0.0,1.0]],"antennas":[-2.240959,3.025336],"body_yaw":0.209163,"check_collision":false},{"head":[[0.997603,-0.024463,0.064727,-0.001627],[0.024162,0.999693,0.005441,0.003512],[-0.064841,-0.003864,0.997888,0.009683],[0.0,0.0,0.0,1.0]],"antennas":[-2.240959,3.025336],"body_yaw":0.209163,"check_collision":false},{"head":[[0.997511,-0.019118,0.067865,-0.001569],[0.018903,0.999814,0.00381,0.003187],[-0.067926,-0.002518,0.997687,0.009855],[0.0,0.0,0.0,1.0]],"antennas":[-2.237708,3.022308],"body_yaw":0.209163,"check_collision":false},{"head":[[0.997371,-0.006506,0.072178,-0.001522],[0.00656,0.999978,-0.000501,0.003357],[-0.072174,0.000974,0.997392,0.010006],[0.0,0.0,0.0,1.0]],"antennas":[-2.218855,3.003077],"body_yaw":0.209163,"check_collision":false},{"head":[[0.997044,0.008253,0.076391,-0.001487],[-0.007756,0.999947,-0.006798,0.003539],[-0.076443,0.006186,0.997055,0.010258],[0.0,0.0,0.0,1.0]],"antennas":[-2.183921,2.946917],"body_yaw":0.209163,"check_collision":false},{"head":[[0.996765,0.017035,0.078542,-0.001356],[-0.016164,0.999801,-0.011719,0.003488],[-0.078726,0.010412,0.996842,0.010437],[0.0,0.0,0.0,1.0]],"antennas":[-2.122164,2.847201],"body_yaw":0.209163,"check_collision":false},{"head":[[0.996439,0.026822,0.079942,-0.001316],[-0.025586,0.999537,-0.016451,0.003687],[-0.080346,0.014347,0.996664,0.010589],[0.0,0.0,0.0,1.0]],"antennas":[-2.024131,2.7432],"body_yaw":0.209163,"check_collision":false},{"head":[[0.995978,0.037904,0.081183,-0.001324],[-0.036343,0.999126,-0.02063,0.003908],[-0.081894,0.017596,0.996486,0.010787],[0.0,0.0,0.0,1.0]],"antennas":[-1.920176,2.639241],"body_yaw":0.209163,"check_collision":false},{"head":[[0.995454,0.046853,0.082918,-0.001252],[-0.045008,0.998699,-0.023976,0.003882],[-0.083933,0.020135,0.996268,0.010905],[0.0,0.0,0.0,1.0]],"antennas":[-1.816333,2.535395],"body_yaw":0.209163,"check_collision":false},{"head":[[0.995108,0.051894,0.084062,-0.001262],[-0.049936,0.998433,-0.02524,0.004145],[-0.08524,0.020919,0.996141,0.010866],[0.0,0.0,0.0,1.0]],"antennas":[-1.711822,2.430882],"body_yaw":0.209163,"check_collision":false},{"head":[[0.994903,0.054171,0.085046,-0.001297],[-0.052208,0.99832,-0.025146,0.004192],[-0.086265,0.020577,0.99606,0.010887],[0.0,0.0,0.0,1.0]],"antennas":[-1.607959,2.327014],"body_yaw":0.209163,"check_collision":false},{"head":[[0.994799,0.055622,0.085329,-0.001319],[-0.053676,0.998247,-0.024934,0.004225],[-0.086566,0.020225,0.996041,0.01094],[0.0,0.0,0.0,1.0]],"antennas":[-1.503335,2.222388],"body_yaw":0.209163,"check_collision":false},{"head":[[0.994626,0.058541,0.085399,-0.001291],[-0.056583,0.99808,-0.025178,0.0043],[-0.086709,0.020211,0.996029,0.011061],[0.0,0.0,0.0,1.0]],"antennas":[-1.399346,2.118396],"body_yaw":0.209163,"check_collision":false},{"head":[[0.99468,0.058731,0.084631,-0.00124],[-0.056786,0.998068,-0.025206,0.004289],[-0.085948,0.020266,0.996094,0.011145],[0.0,0.0,0.0,1.0]],"antennas":[-1.295328,2.014375],"body_yaw":0.209163,"check_collision":false},{"head":[[0.995176,0.05543,0.080949,-0.001116],[-0.053586,0.998256,-0.024785,0.004127],[-0.082181,0.020328,0.99641,0.011082],[0.0,0.0,0.0,1.0]],"antennas":[-1.192202,1.911245],"body_yaw":0.209163,"check_collision":false},{"head":[[0.995901,0.048346,0.076447,-0.000885],[-0.046717,0.998645,-0.022946,0.003887],[-0.077453,0.019281,0.99681,0.010985],[0.0,0.0,0.0,1.0]],"antennas":[-1.087441,1.806481],"body_yaw":0.209163,"check_collision":false},{"head":[[0.996894,0.036397,0.069845,-0.00063],[-0.035026,0.999171,-0.020754,0.003563],[-0.070543,0.018243,0.997342,0.010886],[0.0,0.0,0.0,1.0]],"antennas":[-0.983775,1.702812],"body_yaw":0.209163,"check_collision":false},{"head":[[0.997898,0.020354,0.061526,-0.000345],[-0.019342,0.999668,-0.017002,0.003151],[-0.061852,0.015776,0.997961,0.010726],[0.0,0.0,0.0,1.0]],"antennas":[-0.87918,1.598214],"body_yaw":0.209163,"check_collision":false},{"head":[[0.998463,0.007152,0.054957,-0.000113],[-0.006404,0.999885,-0.013767,0.00284],[-0.055049,0.013394,0.998394,0.010613],[0.0,0.0,0.0,1.0]],"antennas":[-0.774903,1.493934],"body_yaw":0.209163,"check_collision":false},{"head":[[0.998678,-0.002137,0.051366,5e-06],[0.002721,0.999932,-0.011309,0.002633],[-0.051339,0.011434,0.998616,0.010548],[0.0,0.0,0.0,1.0]],"antennas":[-0.670638,1.389665],"body_yaw":0.209163,"check_collision":false},{"head":[[0.998708,-0.011627,0.049475,0.000164],[0.012096,0.999885,-0.009201,0.002443],[-0.049363,0.009788,0.998733,0.010468],[0.0,0.0,0.0,1.0]],"antennas":[-0.5665,1.285524],"body_yaw":0.209163,"check_collision":false},{"head":[[0.998588,-0.02019,0.049145,0.000243],[0.020595,0.999758,-0.007757,0.002301],[-0.048976,0.008758,0.998762,0.010344],[0.0,0.0,0.0,1.0]],"antennas":[-0.462763,1.181784],"body_yaw":0.209163,"check_collision":false},{"head":[[0.998458,-0.025421,0.049348,0.000206],[0.025764,0.999648,-0.00633,0.002223],[-0.04917,0.007592,0.998762,0.010342],[0.0,0.0,0.0,1.0]],"antennas":[-0.358827,1.077844],"body_yaw":0.209163,"check_collision":false},{"head":[[0.998376,-0.027729,0.049766,9.2e-05],[0.027989,0.999598,-0.00454,0.002166],[-0.04962,0.005926,0.998751,0.010416],[0.0,0.0,0.0,1.0]],"antennas":[-0.255396,0.973417],"body_yaw":0.209163,"check_collision":false},{"head":[[0.998313,-0.027569,0.0511,-4.4e-05],[0.027782,0.999608,-0.003458,0.002127],[-0.050985,0.004872,0.998688,0.010486],[0.0,0.0,0.0,1.0]],"antennas":[-0.169221,0.86916],"body_yaw":0.209163,"check_collision":false},{"head":[[0.998208,-0.026073,0.053854,-0.000201],[0.026285,0.999649,-0.003234,0.001913],[-0.053751,0.004644,0.998544,0.010329],[0.0,0.0,0.0,1.0]],"antennas":[-0.141705,0.765074],"body_yaw":0.209163,"check_collision":false},{"head":[[0.99806,-0.022275,0.058135,-0.000428],[0.02252,0.99974,-0.003566,0.001952],[-0.05804,0.004868,0.998302,0.01047],[0.0,0.0,0.0,1.0]],"antennas":[-0.141705,0.66521],"body_yaw":0.209163,"check_collision":false},{"head":[[0.99786,-0.017595,0.062973,-0.000693],[0.017857,0.999834,-0.003602,0.002026],[-0.0629,0.004719,0.998009,0.010633],[0.0,0.0,0.0,1.0]],"antennas":[-0.141705,0.589322],"body_yaw":0.209163,"check_collision":false},{"head":[[0.997666,-0.013054,0.067018,-0.001009],[0.013332,0.999904,-0.003698,0.002109],[-0.066964,0.004583,0.997745,0.01084],[0.0,0.0,0.0,1.0]],"antennas":[-0.141705,0.570168],"body_yaw":0.209163,"check_collision":false},{"head":[[0.997446,-0.008154,0.070954,-0.00135],[0.008356,0.999962,-0.002556,0.00235],[-0.070931,0.003143,0.997476,0.011042],[0.0,0.0,0.0,1.0]],"antennas":[-0.141705,0.570168],"body_yaw":0.209163,"check_collision":false},{"head":[[0.997163,-0.003105,0.075205,-0.001555],[0.003211,0.999994,-0.0013,0.00296],[-0.075201,0.001538,0.997167,0.010988],[0.0,0.0,0.0,1.0]],"antennas":[-0.141705,0.570168],"body_yaw":0.209163,"check_collision":false},{"head":[[0.996877,0.001593,0.07895,-0.001781],[-0.001519,0.999998,-0.000989,0.003381],[-0.078951,0.000866,0.996878,0.011065],[0.0,0.0,0.0,1.0]],"antennas":[-0.141705,0.570168],"body_yaw":0.209163,"check_collision":false},{"head":[[0.996631,0.006172,0.081786,-0.002022],[-0.006082,0.999981,-0.001349,0.00347],[-0.081793,0.000847,0.996649,0.011377],[0.0,0.0,0.0,1.0]],"antennas":[-0.141705,0.570168],"body_yaw":0.209163,"check_collision":false},{"head":[[0.996497,0.011396,0.082849,-0.002336],[-0.011307,0.999935,-0.001543,0.003619],[-0.082862,0.000601,0.996561,0.011755],[0.0,0.0,0.0,1.0]],"antennas":[-0.141705,0.570168],"body_yaw":0.209163,"check_collision":false},{"head":[[0.996484,0.014859,0.082455,-0.002556],[-0.014769,0.999889,-0.001695,0.003877],[-0.082471,0.000472,0.996593,0.01184],[0.0,0.0,0.0,1.0]],"antennas":[-0.141705,0.570168],"body_yaw":0.209163,"check_collision":false},{"head":[[0.996566,0.016953,0.081054,-0.002706],[-0.016846,0.999856,-0.002007,0.003793],[-0.081076,0.000635,0.996708,0.012133],[0.0,0.0,0.0,1.0]],"antennas":[-0.141705,0.570168],"body_yaw":0.209163,"check_collision":false},{"head":[[0.996852,0.019022,0.076974,-0.002981],[-0.018906,0.999819,-0.002239,0.004132],[-0.077003,0.000777,0.997031,0.012589],[0.0,0.0,0.0,1.0]],"antennas":[-0.141705,0.570168],"body_yaw":0.209163,"check_collision":false},{"head":[[0.997329,0.020586,0.070086,-0.003257],[-0.020453,0.999787,-0.002606,0.004113],[-0.070125,0.001165,0.997538,0.013205],[0.0,0.0,0.0,1.0]],"antennas":[-0.141705,0.570168],"body_yaw":0.209163,"check_collision":false},{"head":[[0.997723,0.021553,0.063909,-0.00337],[-0.021435,0.999767,-0.002524,0.004115],[-0.063949,0.001149,0.997953,0.013645],[0.0,0.0,0.0,1.0]],"antennas":[-0.141705,0.570168],"body_yaw":0.209163,"check_collision":false},{"head":[[0.998028,0.023429,0.058232,-0.003494],[-0.023402,0.999725,-0.001133,0.004112],[-0.058242,-0.000232,0.998302,0.014071],[0.0,0.0,0.0,1.0]],"antennas":[-0.141705,0.570168],"body_yaw":0.209163,"check_collision":false},{"head":[[0.998368,0.025446,0.051121,-0.003476],[-0.025472,0.999676,-0.000132,0.00395],[-0.051107,-0.001171,0.998692,0.014332],[0.0,0.0,0.0,1.0]],"antennas":[-0.141705,0.570168],"body_yaw":0.209163,"check_collision":false},{"head":[[0.998697,0.025956,0.043935,-0.003584],[-0.026046,0.99966,0.001467,0.003872],[-0.043882,-0.002609,0.999033,0.014727],[0.0,0.0,0.0,1.0]],"antennas":[-0.141705,0.570168],"body_yaw":0.209163,"check_collision":false},{"head":[[0.998884,0.025781,0.039567,-0.003651],[-0.025911,0.99966,0.002776,0.00382],[-0.039482,-0.003798,0.999213,0.014983],[0.0,0.0,0.0,1.0]],"antennas":[-0.141705,0.570168],"body_yaw":0.209163,"check_collision":false},{"head":[[0.999048,0.024931,0.035798,-0.00366],[-0.025039,0.999683,0.00257,0.003956],[-0.035722,-0.003464,0.999356,0.015148],[0.0,0.0,0.0,1.0]],"antennas":[-0.141705,0.570168],"body_yaw":0.209163,"check_collision":false},{"head":[[0.999139,0.024164,0.033731,-0.003622],[-0.024249,0.999704,0.00211,0.004007],[-0.03367,-0.002927,0.999429,0.015306],[0.0,0.0,0.0,1.0]],"antennas":[-0.141705,0.570168],"body_yaw":0.209163,"check_collision":false},{"head":[[0.999223,0.024142,0.031142,-0.003604],[-0.024183,0.999707,0.000955,0.004],[-0.031109,-0.001707,0.999515,0.015349],[0.0,0.0,0.0,1.0]],"antennas":[-0.141705,0.570168],"body_yaw":0.209163,"check_collision":false},{"head":[[0.999328,0.024594,0.02718,-0.003542],[-0.024592,0.999697,-0.000405,0.003861],[-0.027181,-0.000264,0.99963,0.015532],[0.0,0.0,0.0,1.0]],"antennas":[-0.141705,0.570168],"body_yaw":0.209163,"check_collision":false},{"head":[[0.999387,0.024899,0.024622,-0.003528],[-0.024883,0.99969,-0.000975,0.00385],[-0.024638,0.000362,0.999696,0.015649],[0.0,0.0,0.0,1.0]],"antennas":[-0.141705,0.570168],"body_yaw":0.209163,"check_collision":false},{"head":[[0.999452,0.025311,0.021332,-0.003634],[-0.025284,0.999679,-0.001504,0.00428],[-0.021364,0.000964,0.999771,0.01544],[0.0,0.0,0.0,1.0]],"antennas":[-0.141705,0.570168],"body_yaw":0.209163,"check_collision":false},{"head":[[0.999493,0.025913,0.018503,-0.003639],[-0.025885,0.999663,-0.001748,0.004253],[-0.018543,0.001268,0.999827,0.015597],[0.0,0.0,0.0,1.0]],"antennas":[-0.141705,0.570168],"body_yaw":0.209163,"check_collision":false},{"head":[[0.99952,0.026581,0.015908,-0.003613],[-0.026555,0.999646,-0.001857,0.00421],[-0.015952,0.001433,0.999872,0.015699],[0.0,0.0,0.0,1.0]],"antennas":[-0.141705,0.570168],"body_yaw":0.209163,"check_collision":false},{"head":[[0.999532,0.027416,0.013562,-0.003516],[-0.027396,0.999623,-0.001702,0.00446],[-0.013603,0.00133,0.999907,0.015719],[0.0,0.0,0.0,1.0]],"antennas":[-0.141705,0.570168],"body_yaw":0.209163,"check_collision":false},{"head":[[0.999544,0.028233,0.010666,-0.003536],[-0.028213,0.9996,-0.001978,0.004527],[-0.010718,0.001676,0.999941,0.015516],[0.0,0.0,0.0,1.0]],"antennas":[-0.141705,0.570168],"body_yaw":0.209163,"check_collision":false},{"head":[[0.999545,0.029275,0.007228,-0.003466],[-0.029254,0.999568,-0.002975,0.004678],[-0.007312,0.002762,0.999969,0.015572],[0.0,0.0,0.0,1.0]],"antennas":[-0.141705,0.570168],"body_yaw":0.209163,"check_collision":false},{"head":[[0.999514,0.030922,0.003955,-0.003394],[-0.030905,0.999513,-0.004201,0.004647],[-0.004083,0.004077,0.999983,0.015643],[0.0,0.0,0.0,1.0]],"antennas":[-0.141705,0.570168],"body_yaw":0.209163,"check_collision":false},{"head":[[0.99947,0.03255,0.000969,-0.003419],[-0.032544,0.999457,-0.005186,0.004772],[-0.001137,0.005152,0.999986,0.015693],[0.0,0.0,0.0,1.0]],"antennas":[-0.141705,0.570168],"body_yaw":0.209163,"check_collision":false},{"head":[[0.999408,0.034357,-0.001742,-0.003354],[-0.034366,0.999394,-0.005565,0.004688],[0.00155,0.005621,0.999983,0.01576],[0.0,0.0,0.0,1.0]],"antennas":[-0.141705,0.570168],"body_yaw":0.209163,"check_collision":false},{"head":[[0.999322,0.036517,-0.