{"description":"Another impatient movement. Can also be used when you disagree or feel someone is stalling.","time":[0.0,0.02,0.04,0.06,0.08,0.1,0.12,0.14,0.16,0.18,0.2,0.22,0.24,0.26,0.28,0.3,0.32,0.34,0.36,0.38,0.4,0.42,0.44,0.46,0.48,0.5,0.52,0.54,0.56,0.58,0.6,0.62,0.64,0.66,0.68,0.7,0.72,0.74,0.76,0.78,0.8,0.82,0.84,0.86,0.88,0.9,0.92,0.94,0.96,0.98,1.0,1.02,1.04,1.06,1.08,1.1,1.12,1.14,1.16,1.18,1.2,1.22,1.24,1.26,1.28,1.3,1.32,1.34,1.36,1.38,1.4,1.42,1.44,1.46,1.48,1.5,1.52,1.54,1.56,1.58,1.6,1.62,1.64,1.66,1.68,1.7,1.72,1.74,1.76,1.78,1.8,1.82,1.84,1.86,1.88,1.9,1.92,1.94,1.96,1.98,2.0,2.02,2.04,2.06,2.08,2.1,2.12,2.14,2.16,2.18,2.2,2.22,2.24,2.26,2.28,2.3,2.32,2.34,2.36,2.38,2.4,2.42,2.44,2.46,2.48,2.5,2.52,2.54,2.56,2.58,2.6,2.62,2.64,2.66,2.68,2.7,2.72,2.74,2.76,2.78,2.8,2.82,2.84,2.86,2.88,2.9,2.92,2.94,2.96,2.98,3.0,3.02,3.04,3.06,3.08,3.1,3.12,3.14,3.16,3.18,3.2,3.22,3.24,3.26,3.28,3.3,3.32,3.34,3.36,3.38,3.4,3.42,3.44,3.46,3.48,3.5,3.52,3.54,3.56,3.58,3.6,3.62,3.64,3.66,3.68,3.7,3.72,3.74,3.76,3.78,3.8,3.82,3.84,3.86,3.88,3.9],"set_target_data":[{"head":[[0.996699,0.061417,-0.053098,-0.00901],[-0.063822,0.996953,-0.044859,-0.002171],[0.050181,0.048099,0.997581,0.013384],[0.0,0.0,0.0,1.0]],"antennas":[-0.225404,0.729491],"body_yaw":0.048075,"check_collision":false},{"head":[[0.996646,0.060729,-0.054851,-0.009048],[-0.063199,0.997009,-0.044485,-0.00231],[0.051985,0.047802,0.997503,0.013538],[0.0,0.0,0.0,1.0]],"antennas":[-0.225404,0.729491],"body_yaw":0.048075,"check_collision":false},{"head":[[0.996572,0.060224,-0.05673,-0.009108],[-0.062751,0.997064,-0.043877,-0.002356],[0.053921,0.047286,0.997425,0.013609],[0.0,0.0,0.0,1.0]],"antennas":[-0.225404,0.729491],"body_yaw":0.048075,"check_collision":false},{"head":[[0.996509,0.060147,-0.0579,-0.009136],[-0.062688,0.997102,-0.043102,-0.002128],[0.05514,0.046581,0.997391,0.013481],[0.0,0.0,0.0,1.0]],"antennas":[-0.225404,0.729491],"body_yaw":0.048075,"check_collision":false},{"head":[[0.996466,0.059857,-0.058937,-0.009165],[-0.062409,0.997147,-0.042456,-0.002127],[0.056227,0.045984,0.997359,0.013486],[0.0,0.0,0.0,1.0]],"antennas":[-0.225404,0.729491],"body_yaw":0.048075,"check_collision":false},{"head":[[0.996388,0.059513,-0.060568,-0.009261],[-0.062113,0.997186,-0.041985,-0.002377],[0.057899,0.045595,0.997281,0.013713],[0.0,0.0,0.0,1.0]],"antennas":[-0.225404,0.729491],"body_yaw":0.048075,"check_collision":false},{"head":[[0.996267,0.059294,-0.062732,-0.009344],[-0.06194,0.997233,-0.041111,-0.00229],[0.060121,0.044843,0.997183,0.013684],[0.0,0.0,0.0,1.0]],"antennas":[-0.225404,0.729491],"body_yaw":0.048075,"check_collision":false},{"head":[[0.99615,0.05916,-0.064698,-0.009451],[-0.061847,0.99727,-0.040347,-0.002314],[0.062134,0.044193,0.997089,0.013731],[0.0,0.0,0.0,1.0]],"antennas":[-0.225404,0.729491],"body_yaw":0.048075,"check_collision":false},{"head":[[0.9961,0.059329,-0.065301,-0.009481],[-0.062017,0.997275,-0.039945,-0.002094],[0.062753,0.043839,0.997066,0.013644],[0.0,0.0,0.0,1.0]],"antennas":[-0.225404,0.729491],"body_yaw":0.048075,"check_collision":false},{"head":[[0.99607,0.05947,-0.065637,-0.009496],[-0.062143,0.997287,-0.039463,-0.002111],[0.063112,0.043387,0.997063,0.013629],[0.0,0.0,0.0,1.0]],"antennas":[-0.225404,0.729491],"body_yaw":0.048075,"check_collision":false},{"head":[[0.996027,0.059748,-0.066033,-0.009496],[-0.062399,0.997296,-0.038826,-0.001955],[0.063535,0.042792,0.997062,0.013561],[0.0,0.0,0.0,1.0]],"antennas":[-0.225404,0.729491],"body_yaw":0.048075,"check_collision":false},{"head":[[0.995955,0.060073,-0.066812,-0.009594],[-0.062695,0.997314,-0.037858,-0.001852],[0.064358,0.041893,0.997047,0.013589],[0.0,0.0,0.0,1.0]],"antennas":[-0.225404,0.729491],"body_yaw":0.048075,"check_collision":false},{"head":[[0.99586,0.060417,-0.067917,-0.009599],[-0.06301,0.997338,-0.036701,-0.001975],[0.065519,0.040828,0.997016,0.013657],[0.0,0.0,0.0,1.0]],"antennas":[-0.225404,0.729491],"body_yaw":0.048075,"check_collision":false},{"head":[[0.995844,0.060607,-0.067987,-0.009579],[-0.063158,0.997353,-0.036019,-0.002011],[0.065624,0.040163,0.997036,0.013629],[0.0,0.0,0.0,1.0]],"antennas":[-0.225404,0.729491],"body_yaw":0.048075,"check_collision":false},{"head":[[0.995829,0.061033,-0.067823,-0.009464],[-0.063554,0.997341,-0.035662,-0.002175],[0.065466,0.039824,0.99706,0.01374],[0.0,0.0,0.0,1.0]],"antennas":[-0.225404,0.729491],"body_yaw":0.048075,"check_collision":false},{"head":[[0.995769,0.061349,-0.068417,-0.009475],[-0.063854,0.997344,-0.035042,-0.002189],[0.066086,0.039262,0.997041,0.0138],[0.0,0.0,0.0,1.0]],"antennas":[-0.225404,0.729491],"body_yaw":0.048075,"check_collision":false},{"head":[[0.995718,0.061715,-0.068821,-0.009536],[-0.064186,0.997349,-0.034288,-0.001841],[0.066523,0.038558,0.99704,0.013688],[0.0,0.0,0.0,1.0]],"antennas":[-0.225404,0.729491],"body_yaw":0.048075,"check_collision":false},{"head":[[0.995637,0.062299,-0.069473,-0.009588],[-0.064722,0.997352,-0.033181,-0.00197],[0.067221,0.037533,0.997032,0.01379],[0.0,0.0,0.0,1.0]],"antennas":[-0.225404,0.729491],"body_yaw":0.048075,"check_collision":false},{"head":[[0.995506,0.062869,-0.070813,-0.009715],[-0.065224,0.997375,-0.031456,-0.001991],[0.068649,0.035933,0.996994,0.013882],[0.0,0.0,0.0,1.0]],"antennas":[-0.225404,0.729491],"body_yaw":0.048075,"check_collision":false},{"head":[[0.995451,0.062947,-0.07152,-0.009726],[-0.065231,0.997418,-0.03005,-0.001886],[0.069444,0.034579,0.996986,0.013819],[0.0,0.0,0.0,1.0]],"antennas":[-0.225404,0.729491],"body_yaw":0.048075,"check_collision":false},{"head":[[0.995469,0.06322,-0.071025,-0.009667],[-0.065425,0.997432,-0.029152,-0.001917],[0.068999,0.033667,0.997048,0.013771],[0.0,0.0,0.0,1.0]],"antennas":[-0.225404,0.729491],"body_yaw":0.048075,"check_collision":false},{"head":[[0.995432,0.063719,-0.071102,-0.009676],[-0.06588,0.997421,-0.028469,-0.001984],[0.069105,0.033024,0.997063,0.013819],[0.0,0.0,0.0,1.0]],"antennas":[-0.225404,0.729491],"body_yaw":0.048075,"check_collision":false},{"head":[[0.995366,0.06434,-0.071467,-0.009724],[-0.066451,0.997409,-0.027555,-0.001986],[0.069509,0.032176,0.997062,0.013902],[0.0,0.0,0.0,1.0]],"antennas":[-0.225404,0.729491],"body_yaw":0.048075,"check_collision":false},{"head":[[0.995341,0.06491,-0.071298,-0.009717],[-0.066947,0.997403,-0.026552,-0.001963],[0.069389,0.031202,0.997102,0.013901],[0.0,0.0,0.0,1.0]],"antennas":[-0.225404,0.729491],"body_yaw":0.048075,"check_collision":false},{"head":[[0.995372,0.065513,-0.070307,-0.009691],[-0.067489,0.997379,-0.026103,-0.0019],[0.068412,0.030727,0.997184,0.013927],[0.0,0.0,0.0,1.0]],"antennas":[-0.225404,0.729491],"body_yaw":0.048075,"check_collision":false},{"head":[[0.995331,0.065733,-0.070679,-0.009773],[-0.067672,0.997384,-0.025408,-0.001902],[0.068824,0.030072,0.997176,0.014017],[0.0,0.0,0.0,1.0]],"antennas":[-0.225404,0.729491],"body_yaw":0.03611,"check_collision":false},{"head":[[0.995296,0.066026,-0.070898,-0.009795],[-0.067908,0.997391,-0.024476,-0.00187],[0.069097,0.029175,0.997183,0.014066],[0.0,0.0,0.0,1.0]],"antennas":[-0.225404,0.729491],"body_yaw":-0.006327,"check_collision":false},{"head":[[0.995303,0.066169,-0.070663,-0.009807],[-0.067997,0.997402,-0.023786,-0.001859],[0.068905,0.028479,0.997217,0.014079],[0.0,0.0,0.0,1.0]],"antennas":[-0.225404,0.729491],"body_yaw":-0.061798,"check_collision":false},{"head":[[0.995343,0.066439,-0.069844,-0.009792],[-0.068229,0.997391,-0.023562,-0.00194],[0.068096,0.028218,0.99728,0.014125],[0.0,0.0,0.0,1.0]],"antennas":[-0.225404,0.729491],"body_yaw":-0.117328,"check_collision":false},{"head":[[0.995375,0.066766,-0.06907,-0.009806],[-0.068517,0.997378,-0.0233,-0.001831],[0.067333,0.027925,0.99734,0.014073],[0.0,0.0,0.0,1.0]],"antennas":[-0.225404,0.729491],"body_yaw":-0.172854,"check_collision":false},{"head":[[0.995435,0.067056,-0.067917,-0.009756],[-0.068776,0.99736,-0.023305,-0.001928],[0.066175,0.027869,0.997419,0.014061],[0.0,0.0,0.0,1.0]],"antennas":[-0.225404,0.729491],"body_yaw":-0.228231,"check_collision":false},{"head":[[0.995503,0.067306,-0.066656,-0.009711],[-0.069002,0.99734,-0.02348,-0.001925],[0.064898,0.027974,0.9975,0.013979],[0.0,0.0,0.0,1.0]],"antennas":[-0.225404,0.729491],"body_yaw":-0.283728,"check_collision":false},{"head":[[0.995577,0.067599,-0.065251,-0.009741],[-0.069274,0.997314,-0.023767,-0.001981],[0.063469,0.028182,0.997586,0.013974],[0.0,0.0,0.0,1.0]],"antennas":[-0.225404,0.729491],"body_yaw":-0.33921,"check_collision":false},{"head":[[0.995645,0.068068,-0.063706,-0.009756],[-0.069703,0.997284,-0.0238,-0.001972],[0.061913,0.028137,0.997685,0.013913],[0.0,0.0,0.0,1.0]],"antennas":[-0.225404,0.729491],"body_yaw":-0.394732,"check_collision":false},{"head":[[0.995682,0.06831,-0.062865,-0.009801],[-0.06992,0.99727,-0.023765,-0.001959],[0.06107,0.028058,0.997739,0.013876],[0.0,0.0,0.0,1.0]],"antennas":[-0.225404,0.729491],"body_yaw":-0.450344,"check_collision":false},{"head":[[0.995743,0.068527,-0.061638,-0.009853],[-0.070113,0.997251,-0.023951,-0.001942],[0.059827,0.028171,0.997811,0.013824],[0.0,0.0,0.0,1.0]],"antennas":[-0.225404,0.729491],"body_yaw":-0.505602,"check_collision":false},{"head":[[0.995916,0.06923,-0.057951,-0.009847],[-0.070762,0.997185,-0.024813,-0.00192],[0.05607,0.028812,0.998011,0.013684],[0.0,0.0,0.0,1.0]],"antennas":[-0.225404,0.729491],"body_yaw":-0.543615,"check_collision":false},{"head":[[0.996131,0.070065,-0.053049,-0.009694],[-0.071496,0.997113,-0.025561,-0.001838],[0.051105,0.029255,0.998265,0.013534],[0.0,0.0,0.0,1.0]],"antennas":[-0.225404,0.729491],"body_yaw":-0.505612,"check_collision":false},{"head":[[0.996281,0.070579,-0.049416,-0.009573],[-0.071921,0.997073,-0.025942,-0.001779],[0.047441,0.029399,0.998441,0.013528],[0.0,0.0,0.0,1.0]],"antennas":[-0.225404,0.729491],"body_yaw":-0.450123,"check_collision":false},{"head":[[0.996391,0.07096,-0.046582,-0.009563],[-0.072234,0.997042,-0.026258,-0.001781],[0.04458,0.029528,0.998569,0.013546],[0.0,0.0,0.0,1.0]],"antennas":[-0.225404,0.729491],"body_yaw":-0.394528,"check_collision":false},{"head":[[0.996517,0.07134,-0.04317,-0.009445],[-0.072525,0.997014,-0.026533,-0.001782],[0.041148,0.029572,0.998715,0.013427],[0.0,0.0,0.0,1.0]],"antennas":[-0.225404,0.729491],"body_yaw":-0.339063,"check_collision":false},{"head":[[0.996683,0.071618,-0.038644,-0.009249],[-0.072671,0.997002,-0.026558,-0.001631],[0.036626,0.029278,0.9989,0.013156],[0.0,0.0,0.0,1.0]],"antennas":[-0.225404,0.729491],"body_yaw":-0.283411,"check_collision":false},{"head":[[0.996886,0.071423,-0.033438,-0.008999],[-0.072347,0.997006,-0.027284,-0.001583],[0.031389,0.029619,0.999068,0.012869],[0.0,0.0,0.0,1.0]],"antennas":[-0.225404,0.729491],"body_yaw":-0.227838,"check_collision":false},{"head":[[0.996995,0.07113,-0.03067,-0.009065],[-0.071985,0.99702,-0.027741,-0.001582],[0.028605,0.029865,0.999145,0.01283],[0.0,0.0,0.0,1.0]],"antennas":[-0.225404,0.729491],"body_yaw":-0.172334,"check_collision":false},{"head":[[0.997011,0.070913,-0.030667,-0.009272],[-0.071752,0.997052,-0.027198,-0.001568],[0.028648,0.029317,0.99916,0.012888],[0.0,0.0,0.0,1.0]],"antennas":[-0.225404,0.729491],"body_yaw":-0.116918,"check_collision":false},{"head":[[0.997002,0.07077,-0.031286,-0.009444],[-0.071593,0.997094,-0.026028,-0.001578],[0.029353,0.02819,0.999172,0.012934],[0.0,0.0,0.0,1.0]],"antennas":[-0.225404,0.729491],"body_yaw":-0.061484,"check_collision":false},{"head":[[0.997019,0.070593,-0.031154,-0.009564],[-0.071393,0.997126,-0.025358,-0.001567],[0.029275,0.027507,0.999193,0.012934],[0.0,0.0,0.0,1.0]],"antennas":[-0.225404,0.729491],"body_yaw":-0.005882,"check_collision":false},{"head":[[0.997052,0.070563,-0.030137,-0.009466],[-0.071317,0.997148,-0.024699,-0.001761],[0.028308,0.026775,0.999241,0.012922],[0.0,0.0,0.0,1.0]],"antennas":[-0.225404,0.729491],"body_yaw":0.04959,"check_collision":false},{"head":[[0.997083,0.070534,-0.029175,-0.009195],[-0.071229,0.997184,-0.023485,-0.00213],[0.027436,0.025494,0.999298,0.012896],[0.0,0.0,0.0,1.0]],"antennas":[-0.225404,0.729491],"body_yaw":0.096396,"check_collision":false},{"head":[[0.997093,0.07071,-0.028388,-0.009213],[-0.071346,0.997208,-0.022064,-0.002197],[0.026748,0.024026,0.999353,0.012861],[0.0,0.0,0.0,1.0]],"antennas":[-0.225404,0.729491],"body_yaw":0.114109,"check_collision":false},{"head":[[0.997122,0.071014,-0.026555,-0.009162],[-0.071597,0.997198,-0.021673,-0.00226],[0.024941,0.023511,0.999412,0.012793],[0.0,0.0,0.0,1.0]],"antennas":[-0.225404,0.729491],"body_yaw":0.106428,"check_collision":false},{"head":[[0.997189,0.071766,-0.021536,-0.00903],[-0.072249,0.997131,-0.022563,-0.00228],[0.019855,0.024056,0.999513,0.012595],[0.0,0.0,0.0,1.0]],"antennas":[-0.225404,0.729491],"body_yaw":0.087302,"check_collision":false},{"head":[[0.997256,0.073114,-0.011576,-0.008834],[-0.073384,0.996994,-0.024874,-0.002264],[0.009722,0.025655,0.999624,0.012207],[0.0,0.0,0.0,1.0]],"antennas":[-0.225404,0.729491],"body_yaw":0.063131,"check_collision":false},{"head":[[0.997223,0.074474,0.000676,-0.008658],[-0.074431,0.996878,-0.026365,-0.002178],[-0.002638,0.026242,0.999652,0.011859],[0.0,0.0,0.0,1.0]],"antennas":[-0.225404,0.729491],"body_yaw":0.02549,"check_collision":false},{"head":[[0.99715,0.074809,0.009798,-0.008638],[-0.074501,0.996807,-0.028732,-0.00211],[-0.011917,0.02792,0.999539,0.011618],[0.0,0.0,0.0,1.0]],"antennas":[-0.225404,0.729491],"body_yaw":-0.02882,"check_collision":false},{"head":[[0.997097,0.0747,0.014773,-0.008727],[-0.074227,0.996779,-0.030353,-0.002032],[-0.016992,0.029168,0.99943,0.011504],[0.0,0.0,0.0,1.0]],"antennas":[-0.225404,0.729491],"body_yaw":-0.083955,"check_collision":false},{"head":[[0.996937,0.075603,0.020023,-0.00847],[-0.074968,0.996711,-0.030771,-0.00202],[-0.022284,0.029176,0.999326,0.01144],[0.0,0.0,0.0,1.0]],"antennas":[-0.225404,0.729491],"body_yaw":-0.139745,"check_collision":false},{"head":[[0.99672,0.076671,0.025904,-0.00842],[-0.075882,0.996659,-0.030197,-0.002035],[-0.028133,0.028132,0.999208,0.011265],[0.0,0.0,0.0,1.0]],"antennas":[-0.225404,0.729491],"body_yaw":-0.195201,"check_collision":false},{"head":[[0.996436,0.07776,0.032699,-0.008329],[-0.076815,0.996617,-0.029214,-0.002049],[-0.03486,0.026598,0.999038,0.011051],[0.0,0.0,0.0,1.0]],"antennas":[-0.225404,0.729491],"body_yaw":-0.250784,"check_collision":false},{"head":[[0.996268,0.077824,0.037339,-0.008322],[-0.076785,0.99664,-0.028505,-0.002044],[-0.039432,0.025531,0.998896,0.010907],[0.0,0.0,0.0,1.0]],"antennas":[-0.225404,0.729491],"body_yaw":-0.300057,"check_collision":false},{"head":[[0.996286,0.077494,0.037522,-0.008452],[-0.076509,0.996702,-0.02703,-0.002022],[-0.039493,0.024059,0.99893,0.010934],[0.0,0.0,0.0,1.0]],"antennas":[-0.225404,0.729491],"body_yaw":-0.312349,"check_collision":false},{"head":[[0.996288,0.077589,0.03728,-0.008472],[-0.076696,0.996746,-0.02482,-0.002023],[-0.039085,0.021869,0.998997,0.010942],[0.0,0.0,0.0,1.0]],"antennas":[-0.225404,0.729491],"body_yaw":-0.256499,"check_collision":false},{"head":[[0.996165,0.078422,0.038808,-0.008527],[-0.077609,0.99674,-0.022033,-0.002142],[-0.04041,0.018937,0.999004,0.0109],[0.0,0.0,0.0,1.0]],"antennas":[-0.225404,0.729491],"body_yaw":-0.201085,"check_collision":false},{"head":[[0.995683,0.080231,0.046664,-0.008497],[-0.07942,0.99666,-0.018989,-0.002113],[-0.048032,0.015201,0.99873,0.010616],[0.0,0.0,0.0,1.0]],"antennas":[-0.225404,0.729491],"body_yaw":-0.145807,"check_collision":false},{"head":[[0.994779,0.082151,0.060544,-0.008368],[-0.08125,0.996546,-0.017189,-0.002108],[-0.061747,0.01218,0.998018,0.010236],[0.0,0.0,0.0,1.0]],"antennas":[-0.225404,0.729491],"body_yaw":-0.090376,"check_collision":false},{"head":[[0.994052,0.082317,0.071307,-0.008259],[-0.081244,0.996535,-0.017824,-0.00197],[-0.072527,0.011925,0.997295,0.00991],[0.0,0.0,0.0,1.0]],"antennas":[-0.225404,0.729491],"body_yaw":-0.035595,"check_collision":false},{"head":[[0.993621,0.081833,0.077588,-0.008332],[-0.080664,0.996577,-0.018096,-0.001784],[-0.078803,0.011722,0.996821,0.009741],[0.0,0.0,0.0,1.0]],"antennas":[-0.225404,0.729491],"body_yaw":0.020894,"check_collision":false},{"head":[[0.993053,0.081608,0.084768,-0.008098],[-0.080294,0.996594,-0.018807,-0.001472],[-0.086014,0.01187,0.996223,0.009349],[0.0,0.0,0.0,1.0]],"antennas":[-0.225404,0.729491],"body_yaw":0.076322,"check_collision":false},{"head":[[0.992045,0.081534,0.095915,-0.007939],[-0.079995,0.996599,-0.019786,-0.001526],[-0.097202,0.011956,0.995193,0.009045],[0.0,0.0,0.0,1.0]],"antennas":[-0.225404,0.729491],"body_yaw":0.115427,"check_collision":false},{"head":[[0.990758,0.082141,0.107946,-0.00775],[-0.080515,0.996566,-0.019349,-0.00167],[-0.109164,0.010479,0.993968,0.008757],[0.0,0.0,0.0,1.0]],"antennas":[-0.225404,0.729491],"body_yaw":0.079422,"check_collision":false},{"head":[[0.989535,0.082144,0.118632,-0.007625],[-0.080442,0.996577,-0.019081,-0.001661],[-0.119793,0.009338,0.992755,0.008523],[0.0,0.0,0.0,1.0]],"antennas":[-0.225404,0.729491],"body_yaw":0.023893,"check_collision":false},{"head":[[0.98924,0.081207,0.121698,-0.007462],[-0.079467,0.996655,-0.019091,-0.001796],[-0.122841,0.009214,0.992384,0.008523],[0.0,0.0,0.0,1.0]],"antennas":[-0.225404,0.729491],"body_yaw":-0.031757,"check_collision":false},{"head":[[0.990549,0.077248,0.113338,-0.007443],[-0.075928,0.996986,-0.015923,-0.002276],[-0.114226,0.007167,0.993429,0.008775],[0.0,0.0,0.0,1.0]],"antennas":[-0.225404,0.729491],"body_yaw":-0.087184,"check_collision":false},{"head":[[0.992178,0.073761,0.100706,-0.007599],[-0.073582,0.997274,-0.005501,-0.002572],[-0.100837,-0.001952,0.994901,0.009229],[0.0,0.0,0.0,1.0]],"antennas":[-0.225404,0.729491],"body_yaw":-0.14268,"check_collision":false},{"head":[[0.993066,0.071401,0.093391,-0.007558],[-0.072188,0.997378,0.005081,-0.002857],[-0.092784,-0.011787,0.995617,0.009371],[0.0,0.0,0.0,1.0]],"antennas":[-0.225404,0.729491],"body_yaw":-0.197972,"check_collision":false},{"head":[[0.993537,0.068302,0.090665,-0.007336],[-0.069558,0.99752,0.010765,-0.003174],[-0.089705,-0.017002,0.995823,0.009407],[0.0,0.0,0.0,1.0]],"antennas":[-0.225404,0.729491],"body_yaw":-0.253281,"check_collision":false},{"head":[[0.993861,0.06557,0.089115,-0.007148],[-0.066907,0.997686,0.012099,-0.003279],[-0.088116,-0.017987,0.995948,0.009383],[0.0,0.0,0.0,1.0]],"antennas":[-0.225404,0.729491],"body_yaw":-0.292013,"check_collision":false},{"head":[[0.993917,0.06313,0.090245,-0.006973],[-0.064426,0.997856,0.011523,-0.003154],[-0.089324,-0.017267,0.995853,0.009159],[0.0,0.0,0.0,1.0]],"antennas":[-0.225404,0.729491],"body_yaw":-0.28616,"check_collision":false},{"head":[[0.993669,0.061751,0.093852,-0.006797],[-0.06309,0.997943,0.011365,-0.003152],[-0.092957,-0.017214,0.995521,0.009009],[0.0,0.0,0.0,1.0]],"antennas":[-0.225404,0.729491],"body_yaw":-0.25314,"check_collision":false},{"head":[[0.993017,0.060902,0.101038,-0.006527],[-0.062194,0.998017,0.009685,-0.003353],[-0.100248,-0.015901,0.994835,0.008911],[0.0,0.0,0.0,1.0]],"antennas":[-0.225404,0.729491],"body_yaw":-0.201802,"check_collision":false},{"head":[[0.992123,0.060221,0.109846,-0.006369],[-0.06118,0.998112,0.005379,-0.003338],[-0.109315,-0.012057,0.993934,0.008746],[0.0,0.0,0.0,1.0]],"antennas":[-0.225404,0.729491],"body_yaw":-0.146297,"check_collision":false},{"head":[[0.99078,0.059599,0.121665,-0.006386],[-0.060187,0.998186,0.001159,-0.003198],[-0.121375,-0.008471,0.992571,0.008621],[0.0,0.0,0.0,1.0]],"antennas":[-0.225404,0.729491],"body_yaw":-0.090771,"check_collision":false},{"head":[[0.989098,0.057989,0.13536,-0.006489],[-0.058101,0.998306,-0.003126,-0.003179],[-0.135312,-0.004773,0.990792,0.008396],[0.0,0.0,0.0,1.0]],"antennas":[-0.225404,0.729491],"body_yaw":-0.035452,"check_collision":false},{"head":[[0.987448,0.056831,0.147364,-0.006148],[-0.056361,0.998383,-0.007367,-0.003148],[-0.147545,-0.001031,0.989055,0.00788],[0.0,0.0,0.0,1.0]],"antennas":[-0.225404,0.729491],"body_yaw":0.019843,"check_collision":false},{"head":[[0.986449,0.057085,0.153815,-0.0062],[-0.0565,0.998369,-0.008178,-0.003184],[-0.154031,-0.000623,0.988066,0.007808],[0.0,0.0,0.0,1.0]],"antennas":[-0.225404,0.729491],"body_yaw":0.075717,"check_collision":false},{"head":[[0.985662,0.05851,0.158261,-0.006329],[-0.05819,0.998283,-0.006656,-0.00327],[-0.158378,-0.002648,0.987375,0.007788],[0.0,0.0,0.0,1.0]],"antennas":[-0.225404,0.729491],"body_yaw":0.131307,"check_collision":false},{"head":[[0.984664,0.059459,0.164017,-0.006634],[-0.059296,0.998223,-0.005894,-0.003494],[-0.164076,-0.003922,0.98644,0.00785],[0.0,0.0,0.0,1.0]],"antennas":[-0.225404,0.729491],"body_yaw":0.187011,"check_collision":false},{"head":[[0.983945,0.060515,0.167901,-0.006851],[-0.060519,0.998154,-0.005099,-0.003611],[-0.1679,-0.005144,0.985791,0.007842],[0.0,0.0,0.0,1.0]],"antennas":[-0.225404,0.729491],"body_yaw":0.242368,"check_collision":false},{"head":[[0.982376,0.062871,0.176024,-0.007052],[-0.062998,0.998002,-0.004868,-0.003675],[-0.175978,-0.006307,0.984374,0.008006],[0.0,0.0,0.0,1.0]],"antennas":[-0.225404,0.729491],"body_yaw":0.264826,"check_collision":false},{"head":[[0.979926,0.06574,0.188211,-0.007107],[-0.065826,0.997814,-0.005797,-0.00367],[-0.188181,-0.006708,0.982111,0.007638],[0.0,0.0,0.0,1.0]],"antennas":[-0.225404,0.729491],"body_yaw":0.236079,"check_collision":false},{"head":[[0.977489,0.067987,0.199733,-0.007142],[-0.067805,0.997668,-0.007758,-0.003731],[-0.199795,-0.00596,0.97982,0.00745],[0.0,0.0,0.0,1.0]],"antennas":[-0.225404,0.729491],"body_yaw":0.182438,"check_collision":false},{"head":[[0.97677,0.067709,0.20331,-0.007123],[-0.06729,0.997693,-0.008983,-0.003709],[-0.203449,-0.004907,0.979073,0.007293],[0.0,0.0,0.0,1.0]],"antennas":[-0.225404,0.729491],"body_yaw":0.127184,"check_collision":false},{"head":[[0.975999,0.068117,0.206847,-0.007035],[-0.067874,0.99766,-0.008279,-0.003607],[-0.206927,-0.005959,0.978338,0.007303],[0.0,0.0,0.0,1.0]],"antennas":[-0.225404,0.729491],"body_yaw":0.071728,"check_collision":false},{"head":[[0.975672,0.067922,0.208448,-0.007047],[-0.067774,0.99767,-0.007859,-0.003691],[-0.208496,-0.00646,0.978002,0.007267],[0.0,0.0,0.0,1.0]],"antennas":[-0.225404,0.729491],"body_yaw":0.016156,"check_collision":false},{"head":[[0.976977,0.06692,0.202576,-0.007024],[-0.06718,0.997725,-0.005603,-0.003857],[-0.20249,-0.008135,0.979251,0.007375],[0.0,0.0,0.0,1.0]],"antennas":[-0.225404,0.729491],"body_yaw":-0.039389,"check_collision":false},{"head":[[0.979715,0.066717,0.188962,-0.006751],[-0.068017,0.997684,0.000398,-0.003945],[-0.188498,-0.013243,0.981984,0.007698],[0.0,0.0,0.0,1.0]],"antennas":[-0.225404,0.729491],"body_yaw":-0.095174,"check_collision":false},{"head":[[0.982973,0.067227,0.171013,-0.006557],[-0.069673,0.997535,0.008333,-0.00402],[-0.170031,-0.020106,0.985234,0.007903],[0.0,0.0,0.0,1.0]],"antennas":[-0.225404,0.729491],"body_yaw":-0.150632,"check_collision":false},{"head":[[0.984508,0.067578,0.161791,-0.006593],[-0.070729,0.9974,0.013792,-0.00424],[-0.160438,-0.025022,0.986729,0.008139],[0.0,0.0,0.0,1.0]],"antennas":[-0.225404,0.729491],"body_yaw":-0.206047,"check_collision":false},{"head":[[0.983803,0.067828,0.165927,-0.006467],[-0.071007,0.997387,0.013296,-0.004279],[-0.164592,-0.024863,0.986048,0.007955],[0.0,0.0,0.0,1.0]],"antennas":[-0.225404,0.729491],"body_yaw":-0.261554,"check_collision":false},{"head":[[0.982066,0.067643,0.175985,-0.006175],[-0.070592,0.99745,0.010545,-0.004246],[-0.174823,-0.022779,0.984336,0.007603],[0.0,0.0,0.0,1.0]],"antennas":[-0.225404,0.729491],"body_yaw":-0.316957,"check_collision":false},{"head":[[0.981396,0.06672,0.180027,-0.006071],[-0.069329,0.99756,0.008233,-0.004286],[-0.179039,-0.020561,0.983627,0.007626],[0.0,0.0,0.0,1.0]],"antennas":[-0.225404,0.729491],"body_yaw":-0.372553,"check_collision":false},{"head":[[0.982761,0.063482,0.173638,-0.006116],[-0.065935,0.997789,0.00839,-0.00426],[-0.172722,-0.019695,0.984774,0.007585],[0.0,0.0,0.0,1.0]],"antennas":[-0.225404,0.729491],"body_yaw":-0.428078,"check_collision":false},{"head":[[0.983683,0.060436,0.169453,-0.005901],[-0.062735,0.997996,0.008241,-0.00461],[-0.168616,-0.018737,0.985504,0.007575],[0.0,0.0,0.0,1.0]],"antennas":[-0.225404,0.729491],"body_yaw":-0.483464,"check_collision":false},{"head":[[0.983845,0.058114,0.16933,-0.005563],[-0.060099,0.998171,0.006615,-0.005331],[-0.168636,-0.016685,0.985537,0.007559],[0.0,0.0,0.0,1.0]],"antennas":[-0.225404,0.729491],"body_yaw":-0.533344,"check_collision":false},{"head":[[0.984112,0.056575,0.168293,-0.005286],[-0.058294,0.998285,0.005289,-0.005748],[-0.167705,-0.015016,0.985723,0.007575],[0.0,0.0,0.0,1.0]],"antennas":[-0.225404,0.729491],"body_yaw":-0.545343,"check_collision":false},{"head":[[0.984842,0.055958,0.164177,-0.005309],[-0.057641,0.998322,0.0055,-0.005717],[-0.163594,-0.01488,0.986416,0.007602],[0.0,0.0,0.0,1.0]],"antennas":[-0.225404,0.729491],"body_yaw":-0.513601,"check_collision":false},{"head":[[0.985201,0.05673,0.161745,-0.005185],[-0.058779,0.99824,0.007904,-0.005728],[-0.161012,-0.017294,0.986801,0.007617],[0.0,0.0,0.0,1.0]],"antennas":[-0.225404,0.729491],"body_yaw":-0.460694,"check_collision":false},{"head":[[0.984651,0.057708,0.164717,-0.005022],[-0.060088,0.998148,0.009504,-0.00573],[-0.163864,-0.019256,0.986295,0.007487],[0.0,0.0,0.0,1.0]],"antennas":[-0.225404,0.729491],"body_yaw":-0.404266,"check_collision":false},{"head":[[0.982539,0.059017,0.176447,-0.005018],[-0.061279,0.998093,0.007396,-0.005673],[-0.175674,-0.018079,0.984282,0.007267],[0.0,0.0,0.0,1.0]],"antennas":[-0.225404,0.729491],"body_yaw":-0.348187,"check_collision":false},{"head":[[0.979774,0.061188,0.190525,-0.00508],[-0.063049,0.998004,0.003715,-0.005783],[-0.189917,-0.015652,0.981675,0.007172],[0.0,0.0,0.0,1.0]],"antennas":[-0.225404,0.729491],"body_yaw":-0.292855,"check_collision":false},{"head":[[0.977231,0.063593,0.202424,-0.005095],[-0.065076,0.99788,0.00067,-0.005448],[-0.201952,-0.013828,0.979298,0.006917],[0.0,0.0,0.0,1.0]],"antennas":[-0.225404,0.729491],"body_yaw":-0.237463,"check_collision":false},{"head":[[0.974655,0.065387,0.213946,-0.004982],[-0.06641,0.99779,-0.002408,-0.004994],[-0.213631,-0.011862,0.976842,0.006536],[0.0,0.0,0.0,1.0]],"antennas":[-0.225404,0.729491],"body_yaw":-0.181628,"check_collision":false},{"head":[[0.973503,0.065829,0.218996,-0.004873],[-0.066616,0.997771,-0.003794,-0.004904],[-0.218758,-0.010895,0.975718,0.006434],[0.0,0.0,0.0,1.0]],"antennas":[-0.225404,0.729491],"body_yaw":-0.126252,"check_collision":false},{"head":[[0.973766,0.066146,0.217726,-0.004887],[-0.067216,0.997735,-0.002499,-0.004942],[-0.217398,-0.012201,0.976007,0.006613],[0.0,0.0,0.0,1.0]],"antennas":[-0.225404,0.729491],"body_yaw":-0.070772,"check_collision":false},{"head":[[0.973309,0.06704,0.219488,-0.00488],[-0.068423,0.997656,-0.001302,-0.004884],[-0.219061,-0.013751,0.975614,0.006426],[0.0,0.0,0.0,1.0]],"antennas":[-0.225404,0.729491],"body_yaw":-0.015168,"check_collision":false},{"head":[[0.972418,0.067636,0.223224,-0.004699],[-0.069182,0.997604,-0.000896,-0.004773],[-0.22275,-0.014571,0.974767,0.006265],[0.0,0.0,0.0,1.0]],"antennas":[-0.225404,0.729491],"body_yaw":0.040394,"check_collision":false},{"head":[[0.971709,0.068057,0.226163,-0.004525],[-0.069731,0.997566,-0.000585,-0.004726],[-0.225652,-0.015203,0.974089,0.006138],[0.0,0.0,0.0,1.0]],"antennas":[-0.225404,0.729491],"body_yaw":0.094496,"check_collision":false},{"head":[[0.971062,0.068645,0.228749,-0.004428],[-0.070307,0.997525,-0.000886,-0.00447],[-0.228244,-0.015222,0.973485,0.005757],[0.0,0.0,0.0,1.0]],"antennas":[-0.225404,0.729491],"body_yaw":0.121099,"check_collision":false},{"head":[[0.969999,0.069296,0.233023,-0.00438],[-0.070797,0.997489,-0.001927,-0.004277],[-0.232571,-0.014628,0.972469,0.005426],[0.0,0.0,0.0,1.0]],"antennas":[-0.225404,0.729491],"body_yaw":0.095821,"check_collision":false},{"head":[[0.96985,0.069051,0.233714,-0.004286],[-0.070489,0.99751,-0.002205,-0.004353],[-0.233285,-0.014336,0.972303,0.005347],[0.0,0.0,0.0,1.0]],"antennas":[-0.225404,0.729491],"body_yaw":0.042691,"check_collision":false},{"head":[[0.969957,0.068802,0.233343,-0.004341],[-0.07033,0.997522,-0.001776,-0.004218],[-0.232887,-0.014688,0.972393,0.005404],[0.0,0.0,0.0,1.0]],"antennas":[-0.225404,0.729491],"body_yaw":-0.012801,"check_collision":false},{"head":[[0.969862,0.068861,0.23372,-0.004392],[-0.070528,0.997509,-0.001231,-0.004038],[-0.233223,-0.01529,0.972303,0.005437],[0.0,0.0,0.0,1.0]],"antennas":[-0.225404,0.729491],"body_yaw":-0.068461,"check_collision":false},{"head":[[0.969775,0.068965,0.234053,-0.004264],[-0.070733,0.997495,-0.000845,-0.003875],[-0.233525,-0.015735,0.972224,0.005218],[0.0,0.0,0.0,1.0]],"antennas":[-0.225404,0.729491],"body_yaw":-0.123866,"check_collision":false},{"head":[[0.969716,0.069232,0.234217,-0.004055],[-0.07111,0.997468,-0.00043,-0.003836],[-0.233654,-0.016238,0.972184,0.005019],[0.0,0.0,0.0,1.0]],"antennas":[-0.225404,0.729491],"body_yaw":-0.179417,"check_collision":false},{"head":[[0.969053,0.069607,0.236837,-0.00403],[-0.071385,0.997448,-0.001067,-0.004071],[-0.236307,-0.015873,0.971549,0.005016],[0.0,0.0,0.0,1.0]],"antennas":[-0.225404,0.729491],"body_yaw":-0.235019,"check_collision":false},{"head":[[0.968201,0.069895,0.240213,-0.00405],[-0.071593,0.997433,-0.001664,-0.004183],[-0.239712,-0.015586,0.970719,0.004991],[0.0,0.0,0.0,1.0]],"antennas":[-0.225404,0.729491],"body_yaw":-0.281827,"check_collision":false},{"head":[[0.96775,0.069686,0.24208,-0.003957],[-0.071413,0.997445,-0.001647,-0.004139],[-0.241577,-0.015694,0.970255,0.005026],[0.0,0.0,0.0,1.0]],"antennas":[-0.225404,0.729491],"body_yaw":-0.273254,"check_collision":false},{"head":[[0.967037,0.06978,0.244888,-0.003825],[-0.071666,0.997428,-0.00121,-0.003963],[-0.244343,-0.01638,0.969551,0.00488],[0.0,0.0,0.0,1.0]],"antennas":[-0.225404,0.729491],"body_yaw":-0.223488,"check_collision":false},{"head":[[0.96602,0.070169,0.24876,-0.003648],[-0.072241,0.997387,-0.000803,-0.003861],[-0.248166,-0.017195,0.968565,0.00464],[0.0,0.0,0.0,1.0]],"antennas":[-0.225404,0.729491],"body_yaw":-0.167605,"check_collision":false},{"head":[[0.965445,0.070729,0.250824,-0.003528],[-0.073055,0.997328,-3.6e-05,-0.003911],[-0.250156,-0.018289,0.968033,0.004506],[0.0,0.0,0.0,1.0]],"antennas":[-0.225404,0.729491],"body_yaw":-0.11228,"check_collision":false},{"head":[[0.96523,0.071217,0.251515,-0.003495],[-0.073744,0.997277,0.000625,-0.003809],[-0.250786,-0.019151,0.967853,0.004385],[0.0,0.0,0.0,1.0]],"antennas":[-0.225404,0.729491],"body_yaw":-0.057058,"check_collision":false},{"head":[[0.965587,0.071182,0.250148,-0.00349],[-0.073872,0.997267,0.001368,-0.003838],[-0.249367,-0.0198,0.968207,0.004396],[0.0,0.0,0.0,1.0]],"antennas":[-0.225404,0.729491],"body_yaw":-0.001417,"check_collision":false},{"head":[[0.966367,0.071321,0.247078,-0.003503],[-0.074362,0.997227,0.002987,-0.003838],[-0.24618,-0.02126,0.968991,0.004351],[0.0,0.0,0.0,1.0]],"antennas":[-0.225404,0.729491],"body_yaw":0.054199,"check_collision":false},{"head":[[0.966616,0.071639,0.24601,-0.003522],[-0.074966,0.997177,0.004173,-0.003747],[-0.245017,-0.022476,0.969258,0.004124],[0.0,0.0,0.0,1.0]],"antennas":[-0.225404,0.729491],"body_yaw":0.106577,"check_collision":false},{"head":[[0.966143,0.071913,0.247783,-0.003446],[-0.075265,0.997155,0.004069,-0.003718],[-0.246786,-0.022581,0.968807,0.003873],[0.0,0.0,0.0,1.0]],"antennas":[-0.225404,0.729491],"body_yaw":0.138988,"check_collision":false},{"head":[[0.965624,0.072129,0.249734,-0.00351],[-0.075317,0.997154,0.00322,-0.003663],[-0.248791,-0.021919,0.968309,0.003715],[0.0,0.0,0.0,1.0]],"antennas":[-0.225404,0.729491],"body_yaw":0.145647,"check_collision":false},{"head":[[0.965463,0.072351,0.250294,-0.003607],[-0.07531,0.997158,0.002249,-0.003268],[-0.24942,-0.021021,0.968167,0.003626],[0.0,0.0,0.0,1.0]],"antennas":[-0.225404,0.729491],"body_yaw":0.145647,"check_collision":false},{"head":[[0.966034,0.072859,0.247932,-0.003805],[-0.075934,0.997109,0.002851,-0.003196],[-0.247008,-0.02158,0.968773,0.003976],[0.0,0.0,0.0,1.0]],"antennas":[-0.225404,0.729491],"body_yaw":0.145647,"check_collision":false},{"head":[[0.96701,0.073486,0.24391,-0.003923],[-0.07674,0.997044,0.003852,-0.003224],[-0.242906,-0.022442,0.96979,0.004059],[0.0,0.0,0.0,1.0]],"antennas":[-0.225404,0.729491],"body_yaw":0.145647,"check_collision":false},{"head":[[0.968039,0.073684,0.239731,-0.003898],[-0.077102,0.997011,0.004897,-0.003498],[-0.238654,-0.023224,0.970827,0.004155],[0.0,0.0,0.0,1.0]],"antennas":[-0.225404,0.729491],"body_yaw":0.144265,"check_collision":false},{"head":[[0.96845,0.073997,0.23797,-0.003869],[-0.077493,0.996979,0.005357,-0.003903],[-0.236854,-0.023629,0.971258,0.004325],[0.0,0.0,0.0,1.0]],"antennas":[-0.225404,0.729491],"body_yaw":0.131013,"check_collision":false},{"head":[[0.968476,0.074937,0.237569,-0.003924],[-0.078372,0.996912,0.005031,-0.003936],[-0.236458,-0.023491,0.971358,0.004429],[0.0,0.0,0.0,1.0]],"antennas":[-0.225404,0.729491],"body_yaw":0.113004,"check_collision":false},{"head":[[0.969094,0.076041,0.234681,-0.004122],[-0.079619,0.996809,0.005795,-0.003961],[-0.233491,-0.024301,0.972055,0.004912],[0.0,0.0,0.0,1.0]],"antennas":[-0.225404,0.729491],"body_yaw":0.093696,"check_collision":false},{"head":[[0.970054,0.077039,0.23035,-0.004107],[-0.080769,0.99671,0.006792,-0.004056],[-0.229069,-0.025194,0.973084,0.00542],[0.0,0.0,0.0,1.0]],"antennas":[-0.225404,0.729491],"body_yaw":0.077212,"check_collision":false},{"head":[[0.971539,0.077442,0.223862,-0.004269],[-0.081337,0.996653,0.008217,-0.004279],[-0.222477,-0.026192,0.974586,0.005735],[0.0,0.0,0.0,1.0]],"antennas":[-0.225404,0.729491],"body_yaw":0.074685,"check_collision":false},{"head":[[0.973628,0.077172,0.214694,-0.00463],[-0.081242,0.996642,0.010182,-0.004278],[-0.213187,-0.027356,0.976628,0.006141],[0.0,0.0,0.0,1.0]],"antennas":[-0.225404,0.729491],"body_yaw":0.074685,"check_collision":false},{"head":[[0.974738,0.077223,0.209578,-0.004888],[-0.081388,0.996618,0.011312,-0.00458],[-0.207995,-0.028083,0.977727,0.006429],[0.0,0.0,0.0,1.0]],"antennas":[-0.225404,0.729491],"body_yaw":0.074685,"check_collision":false},{"head":[[0.974786,0.077095,0.209399,-0.00506],[-0.081247,0.99663,0.011285,-0.004775],[-0.207823,-0.028014,0.977765,0.006703],[0.0,0.0,0.0,1.0]],"antennas":[-0.225404,0.729491],"body_yaw":0.074685,"check_collision":false},{"head":[[0.974681,0.077245,0.209835,-0.005186],[-0.081386,0.99662,0.011158,-0.00469],[-0.208264,-0.027953,0.977673,0.006757],[0.0,0.0,0.0,1.0]],"antennas":[-0.225404,0.729491],"body_yaw":0.074685,"check_collision":false},{"head":[[0.976075,0.078841,0.202636,-0.005476],[-0.083224,0.996444,0.013189,-0.004698],[-0.200875,-0.029738,0.979165,0.00716],[0.0,0.0,0.0,1.0]],"antennas":[-0.225404,0.729491],"body_yaw":0.074685,"check_collision":false},{"head":[[0.979342,0.080923,0.185315,-0.005877],[-0.085619,0.996175,0.017468,-0.004669],[-0.183192,-0.032974,0.982524,0.007818],[0.0,0.0,0.0,1.0]],"antennas":[-0.225404,0.729491],"body_yaw":0.074685,"check_collision":false},{"head":[[0.982564,0.081226,0.167246,-0.006119],[-0.086097,0.996042,0.022072,-0.004551],[-0.164791,-0.036086,0.985668,0.008447],[0.0,0.0,0.0,1.0]],"antennas":[-0.225404,0.729491],"body_yaw":0.074685,"check_collision":false},{"head":[[0.985075,0.081353,0.151688,-0.006455],[-0.086245,0.995936,0.025947,-0.004116],[-0.148961,-0.038643,0.988088,0.008525],[0.0,0.0,0.0,1.0]],"antennas":[-0.225404,0.729491],"body_yaw":0.074685,"check_collision":false},{"head":[[0.986988,0.081832,0.138414,-0.006527],[-0.086677,0.995804,0.02934,-0.004075],[-0.135432,-0.040955,0.98994,0.008992],[0.0,0.0,0.0,1.0]],"antennas":[-0.225404,0.729491],"body_yaw":0.074685,"check_collision":false},{"head":[[0.988776,0.083294,0.12403,-0.006782],[-0.087847,0.99563,0.031689,-0.003981],[-0.120849,-0.042229,0.991772,0.009632],[0.0,0.0,0.0,1.0]],"antennas":[-0.225404,0.729491],"body_yaw":0.074685,"check_collision":false},{"head":[[0.990757,0.084084,0.106445,-0.00692],[-0.088272,0.995473,0.035247,-0.003709],[-0.103,-0.044317,0.993694,0.010086],[0.0,0.0,0.0,1.0]],"antennas":[-0.225404,0.729491],"body_yaw":0.074685,"check_collision":false},{"head":[[0.992064,0.084498,0.093111,-0.006972],[-0.088454,0.995308,0.039211,-0.00366],[-0.089361,-0.047136,0.994883,0.010472],[0.0,0.0,0.0,1.0]],"antennas":[-0.225404,0.729491],"body_yaw":0.074685,"check_collision":false},{"head":[[0.992555,0.08551,0.086728,-0.006863],[-0.089322,0.995156,0.041059,-0.003194],[-0.082797,-0.0485,0.995386,0.010215],[0.0,0.0,0.0,1.0]],"antennas":[-0.225404,0.729491],"body_yaw":0.074685,"check_collision":false},{"head":[[0.993099,0.086859,0.078806,-0.006891],[-0.090435,0.994974,0.042986,-0.002988],[-0.074677,-0.049816,0.995963,0.010488],[0.0,0.0,0.0,1.0]],"antennas":[-0.225404,0.729491],"body_yaw":0.074685,"check_collision":false},{"head":[[0.993856,0.088516,0.066454,-0.007115],[-0.091683,0.994715,0.046227,-0.002669],[-0.062011,-0.052036,0.996718,0.010952],[0.0,0.0,0.0,1.0]],"antennas":[-0.225404,0.729491],"body_yaw":0.074685,"check_collision":false},{"head":[[0.994474,0.089416,0.055019,-0.007301],[-0.092137,0.994535,0.04909,-0.002689],[-0.050329,-0.053888,0.997278,0.011517],[0.0,0.0,0.0,1.0]],"antennas":[-0.225404,0.729491],"body_yaw":0.074685,"check_collision":false},{"head":[[0.994817,0.089937,0.047447,-0.007243],[-0.092316,0.994444,0.050582,-0.002358],[-0.042635,-0.0547,0.997592,0.01153],[0.0,0.0,0.0,1.0]],"antennas":[-0.225404,0.729491],"body_yaw":0.074685,"check_collision":false},{"head":[[0.995057,0.089858,0.042284,-0.007139],[-0.091953,0.99448,0.050533,-0.002195],[-0.03751,-0.054172,0.997827,0.011436],[0.0,0.0,0.0,1.0]],"antennas":[-0.225404,0.729491],"body_yaw":0.074685,"check_collision":false},{"head":[[0.995208,0.08994,0.038377,-0.007187],[-0.091832,0.994479,0.050783,-0.002087],[-0.033598,-0.054064,0.997972,0.011373],[0.0,0.0,0.0,1.0]],"antennas":[-0.225404,0.729491],"body_yaw":0.074685,"check_collision":false},{"head":[[0.995188,0.090475,0.037608,-0.007157],[-0.09234,0.99441,0.051201,-0.00201],[-0.032765,-0.054427,0.99798,0.01131],[0.0,0.0,0.0,1.0]],"antennas":[-0.225404,0.729491],"body_yaw":0.074685,"check_collision":false},{"head":[[0.995219,0.090638,0.036398,-0.007192],[-0.092452,0.994374,0.051703,-0.002051],[-0.031507,-0.054821,0.997999,0.011265],[0.0,0.0,0.0,1.0]],"antennas":[-0.225404,0.729491],"body_yaw":0.074685,"check_collision":false},{"head":[[0.995372,0.090363,0.032706,-0.00738],[-0.092011,0.994348,0.052973,-0.001889],[-0.027735,-0.055737,0.99806,0.011611],[0.0,0.0,0.0,1.0]],"antennas":[-0.225404,0.729491],"body_yaw":0.074685,"check_collision":false},{"head":[[0.995539,0.089878,0.028693,-0.007491],[-0.091331,0.994347,0.05416,-0.001832],[-0.023663,-0.056539,0.99812,0.01184],[0.0,0.0,0.0,1.0]],"antennas":[-0.225404,0.729491],"body_yaw":0.074685,"check_collision":false},{"head":[[0.995632,0.089445,0.026784,-0.007441],[-0.090797,0.994383,0.0544,-0.001724],[-0.021768,-0.056594,0.99816,0.011859],[0.0,0.0,0.0,1.0]],"antennas":[-0.225404,0.729491],"body_yaw":0.074685,"check_collision":false},{"head":[[0.995633,0.089566,0.026334,-0.007374],[-0.090884,0.994392,0.054074,-0.001585],[-0.021344,-0.056231,0.99819,0.011869],[0.0,0.0,0.0,1.0]],"antennas":[-0.225404,0.729491],"body_yaw":0.074685,"check_collision":false},{"head":[[0.995654,0.089404,0.026089,-0.007156],[-0.090705,0.99442,0.053861,-0.001713],[-0.021128,-0.055993,0.998208,0.011748],[0.0,0.0,0.0,1.0]],"antennas":[-0.225404,0.729491],"body_yaw":0.074685,"check_collision":false},{"head":[[0.995673,0.089684,0.024314,-0.007084],[-0.090885,0.994403,0.053872,-0.001797],[-0.019346,-0.055849,0.998252,0.011855],[0.0,0.0,0.0,1.0]],"antennas":[-0.225404,0.729491],"body_yaw":0.074685,"check_collision":false},{"head":[[0.995698,0.090239,0.021039,-0.007127],[-0.09127,0.994324,0.054677,-0.001863],[-0.015986,-0.056363,0.998282,0.012008],[0.0,0.0,0.0,1.0]],"antennas":[-0.225404,0.729491],"body_yaw":0.074685,"check_collision":false},{"head":[[0.995748,0.090302,0.018192,-0.007123],[-0.091178,0.994311,0.055061,-0.001922],[-0.013116,-0.056486,0.998317,0.012093],[0.0,0.0,0.0,1.0]],"antennas":[-0.225404,0.729491],"body_yaw":0.074685,"check_collision":false},{"head":[[0.995802,0.090331,0.014764,-0.007147],[-0.091015,0.994319,0.055184,-0.001833],[-0