{"description":"A short movement to say you don\u2019t understand the instruction or what\u2019s being said.","time":[0.0,0.02,0.04,0.06,0.08,0.1,0.12,0.14,0.16,0.18,0.2,0.22,0.24,0.26,0.28,0.3,0.32,0.34,0.36,0.38,0.4,0.42,0.44,0.46,0.48,0.5,0.52,0.54,0.56,0.58,0.6,0.62,0.64,0.66,0.68,0.7,0.72,0.74,0.76,0.78,0.8,0.82,0.84,0.86,0.88,0.9,0.92,0.94,0.96,0.98,1.0,1.02,1.04,1.06,1.08,1.1,1.12,1.14,1.16,1.18,1.2,1.22,1.24,1.26,1.28,1.3,1.32,1.34,1.36,1.38,1.4,1.42,1.44,1.46,1.48,1.5,1.52,1.54,1.56,1.58,1.6,1.62,1.64,1.66,1.68,1.7,1.72,1.74,1.76,1.78,1.8,1.82,1.84,1.86,1.88,1.9,1.92,1.94,1.96,1.98,2.0,2.02,2.04,2.06,2.08,2.1,2.12,2.14,2.16,2.18,2.2,2.22,2.24,2.26,2.28,2.3,2.32,2.34,2.36,2.38,2.4,2.42,2.44,2.46,2.48,2.5,2.52,2.54,2.56,2.58,2.6,2.62,2.64,2.66,2.68,2.7,2.72,2.74,2.76,2.78,2.8,2.82,2.84,2.86,2.88,2.9,2.92,2.94,2.96,2.98,3.0,3.02,3.04,3.06,3.08,3.1,3.12,3.14,3.16,3.18,3.2,3.22,3.24,3.26,3.28,3.3,3.32,3.34,3.36,3.38,3.4,3.42,3.44],"set_target_data":[{"head":[[0.995585,-0.09057,-0.024661,-0.007516],[0.091203,0.995496,0.025872,-0.006166],[0.022206,-0.028007,0.999361,0.005533],[0.0,0.0,0.0,1.0]],"antennas":[-0.317941,0.386931],"body_yaw":0.074685,"check_collision":false},{"head":[[0.995582,-0.090586,-0.024726,-0.007534],[0.091218,0.995498,0.025757,-0.006129],[0.022282,-0.027899,0.999362,0.005442],[0.0,0.0,0.0,1.0]],"antennas":[-0.317941,0.386931],"body_yaw":0.074685,"check_collision":false},{"head":[[0.995548,-0.090846,-0.02512,-0.007453],[0.091487,0.995476,0.025653,-0.006092],[0.022676,-0.027837,0.999355,0.005423],[0.0,0.0,0.0,1.0]],"antennas":[-0.317941,0.386931],"body_yaw":0.074685,"check_collision":false},{"head":[[0.995555,-0.090752,-0.025182,-0.007473],[0.0914,0.995478,0.025889,-0.005863],[0.022719,-0.028076,0.999348,0.005408],[0.0,0.0,0.0,1.0]],"antennas":[-0.317941,0.386931],"body_yaw":0.074685,"check_collision":false},{"head":[[0.995549,-0.090798,-0.025265,-0.0076],[0.091445,0.995477,0.025748,-0.005848],[0.022812,-0.027944,0.999349,0.005344],[0.0,0.0,0.0,1.0]],"antennas":[-0.317941,0.386931],"body_yaw":0.074685,"check_collision":false},{"head":[[0.995546,-0.090869,-0.025115,-0.00756],[0.091512,0.995471,0.025733,-0.006208],[0.022663,-0.027917,0.999353,0.005597],[0.0,0.0,0.0,1.0]],"antennas":[-0.317941,0.386931],"body_yaw":0.074685,"check_collision":false},{"head":[[0.995541,-0.091009,-0.024817,-0.007509],[0.091642,0.995461,0.025679,-0.005882],[0.022368,-0.027839,0.999362,0.005445],[0.0,0.0,0.0,1.0]],"antennas":[-0.317941,0.386931],"body_yaw":0.074685,"check_collision":false},{"head":[[0.995536,-0.090999,-0.02504,-0.007574],[0.091634,0.995466,0.025515,-0.005891],[0.022604,-0.027695,0.999361,0.005453],[0.0,0.0,0.0,1.0]],"antennas":[-0.317941,0.386931],"body_yaw":0.074685,"check_collision":false},{"head":[[0.995536,-0.091053,-0.024845,-0.007552],[0.091678,0.995467,0.0253,-0.005952],[0.022428,-0.027465,0.999371,0.005429],[0.0,0.0,0.0,1.0]],"antennas":[-0.317941,0.386931],"body_yaw":0.074685,"check_collision":false},{"head":[[0.995544,-0.09103,-0.024601,-0.007578],[0.091645,0.995475,0.025129,-0.005951],[0.022203,-0.027271,0.999381,0.005342],[0.0,0.0,0.0,1.0]],"antennas":[-0.317941,0.386931],"body_yaw":0.074685,"check_collision":false},{"head":[[0.995537,-0.091068,-0.024742,-0.007577],[0.091686,0.995471,0.025134,-0.006007],[0.022341,-0.02729,0.999378,0.005414],[0.0,0.0,0.0,1.0]],"antennas":[-0.317941,0.386931],"body_yaw":0.074685,"check_collision":false},{"head":[[0.995528,-0.091107,-0.024954,-0.007532],[0.091731,0.995467,0.025104,-0.006034],[0.022553,-0.027281,0.999373,0.005416],[0.0,0.0,0.0,1.0]],"antennas":[-0.317941,0.386931],"body_yaw":0.074685,"check_collision":false},{"head":[[0.995541,-0.091024,-0.024769,-0.007482],[0.091644,0.995475,0.025127,-0.005962],[0.02237,-0.027284,0.999377,0.005411],[0.0,0.0,0.0,1.0]],"antennas":[-0.317941,0.386931],"body_yaw":0.074685,"check_collision":false},{"head":[[0.995557,-0.091011,-0.024143,-0.007438],[0.091611,0.995481,0.02501,-0.005892],[0.021758,-0.027111,0.999396,0.005268],[0.0,0.0,0.0,1.0]],"antennas":[-0.317941,0.386931],"body_yaw":0.074685,"check_collision":false},{"head":[[0.995567,-0.091003,-0.023782,-0.007432],[0.091593,0.995483,0.024997,-0.005814],[0.0214,-0.027064,0.999405,0.005272],[0.0,0.0,0.0,1.0]],"antennas":[-0.317941,0.386931],"body_yaw":0.074685,"check_collision":false},{"head":[[0.995572,-0.090866,-0.024076,-0.007472],[0.091464,0.995494,0.025038,-0.005727],[0.021692,-0.027129,0.999397,0.005202],[0.0,0.0,0.0,1.0]],"antennas":[-0.317941,0.386931],"body_yaw":0.074685,"check_collision":false},{"head":[[0.995567,-0.090801,-0.024546,-0.007532],[0.091414,0.995495,0.025158,-0.005628],[0.022151,-0.02729,0.999382,0.005188],[0.0,0.0,0.0,1.0]],"antennas":[-0.317941,0.386931],"body_yaw":0.074685,"check_collision":false},{"head":[[0.995559,-0.090893,-0.024501,-0.00754],[0.091507,0.995485,0.025223,-0.005606],[0.022098,-0.027353,0.999382,0.005177],[0.0,0.0,0.0,1.0]],"antennas":[-0.317941,0.386931],"body_yaw":0.074685,"check_collision":false},{"head":[[0.99557,-0.090833,-0.024276,-0.007511],[0.09144,0.995492,0.025184,-0.005515],[0.021879,-0.027292,0.999388,0.005081],[0.0,0.0,0.0,1.0]],"antennas":[-0.317941,0.386931],"body_yaw":0.074685,"check_collision":false},{"head":[[0.995579,-0.090717,-0.024351,-0.007527],[0.091326,0.995502,0.025191,-0.005451],[0.021956,-0.027303,0.999386,0.005093],[0.0,0.0,0.0,1.0]],"antennas":[-0.317941,0.386931],"body_yaw":0.074685,"check_collision":false},{"head":[[0.995569,-0.09081,-0.024401,-0.00755],[0.091421,0.995493,0.025207,-0.005674],[0.022002,-0.027326,0.999384,0.005252],[0.0,0.0,0.0,1.0]],"antennas":[-0.317941,0.386931],"body_yaw":0.074685,"check_collision":false},{"head":[[0.995546,-0.091047,-0.024452,-0.007517],[0.091658,0.995472,0.025185,-0.005882],[0.022049,-0.027314,0.999384,0.005353],[0.0,0.0,0.0,1.0]],"antennas":[-0.317941,0.386931],"body_yaw":0.074685,"check_collision":false},{"head":[[0.995532,-0.091234,-0.024356,-0.007588],[0.09184,0.995459,0.025055,-0.005707],[0.021959,-0.02718,0.999389,0.005213],[0.0,0.0,0.0,1.0]],"antennas":[-0.317941,0.386931],"body_yaw":0.074685,"check_collision":false},{"head":[[0.995516,-0.091383,-0.024428,-0.00763],[0.091993,0.995442,0.025133,-0.005553],[0.022019,-0.027267,0.999386,0.005095],[0.0,0.0,0.0,1.0]],"antennas":[-0.317941,0.386931],"body_yaw":0.074685,"check_collision":false},{"head":[[0.995515,-0.091434,-0.0243,-0.007611],[0.092041,0.995437,0.025172,-0.005604],[0.021887,-0.027295,0.999388,0.005106],[0.0,0.0,0.0,1.0]],"antennas":[-0.317941,0.386931],"body_yaw":0.074685,"check_collision":false},{"head":[[0.99552,-0.091371,-0.024299,-0.007574],[0.091977,0.995444,0.025126,-0.005607],[0.021893,-0.027248,0.999389,0.005172],[0.0,0.0,0.0,1.0]],"antennas":[-0.317941,0.386931],"body_yaw":0.074685,"check_collision":false},{"head":[[0.995525,-0.091356,-0.024168,-0.007589],[0.091957,0.995448,0.025046,-0.005577],[0.02177,-0.027156,0.999394,0.005112],[0.0,0.0,0.0,1.0]],"antennas":[-0.317941,0.386931],"body_yaw":0.074685,"check_collision":false},{"head":[[0.995527,-0.091357,-0.024089,-0.007572],[0.091953,0.995452,0.024904,-0.005577],[0.021705,-0.027007,0.9994,0.005153],[0.0,0.0,0.0,1.0]],"antennas":[-0.317941,0.386931],"body_yaw":0.074685,"check_collision":false},{"head":[[0.995531,-0.09129,-0.024173,-0.007569],[0.091886,0.99546,0.024827,-0.005569],[0.021796,-0.026937,0.999399,0.005197],[0.0,0.0,0.0,1.0]],"antennas":[-0.317941,0.386931],"body_yaw":0.074685,"check_collision":false},{"head":[[0.995515,-0.09141,-0.024352,-0.007621],[0.092008,0.995452,0.024683,-0.005651],[0.021985,-0.026813,0.999399,0.005192],[0.0,0.0,0.0,1.0]],"antennas":[-0.317941,0.386931],"body_yaw":0.074685,"check_collision":false},{"head":[[0.995514,-0.091424,-0.024357,-0.007598],[0.092025,0.995447,0.024814,-0.005771],[0.021978,-0.026944,0.999395,0.005367],[0.0,0.0,0.0,1.0]],"antennas":[-0.317941,0.386931],"body_yaw":0.074685,"check_collision":false},{"head":[[0.995515,-0.091393,-0.024453,-0.007608],[0.091997,0.99545,0.024835,-0.005929],[0.022072,-0.026973,0.999392,0.005406],[0.0,0.0,0.0,1.0]],"antennas":[-0.317941,0.386931],"body_yaw":0.074685,"check_collision":false},{"head":[[0.995533,-0.091248,-0.024262,-0.007596],[0.091844,0.995467,0.024699,-0.006283],[0.021898,-0.026817,0.9994,0.005674],[0.0,0.0,0.0,1.0]],"antennas":[-0.317941,0.386931],"body_yaw":0.074685,"check_collision":false},{"head":[[0.995539,-0.091265,-0.02395,-0.007597],[0.09185,0.99547,0.024566,-0.006161],[0.021599,-0.026657,0.999411,0.005557],[0.0,0.0,0.0,1.0]],"antennas":[-0.317941,0.386931],"body_yaw":0.074685,"check_collision":false},{"head":[[0.995521,-0.091424,-0.024069,-0.007563],[0.092009,0.995458,0.02443,-0.006278],[0.021726,-0.026535,0.999412,0.00567],[0.0,0.0,0.0,1.0]],"antennas":[-0.317941,0.386931],"body_yaw":0.074685,"check_collision":false},{"head":[[0.995521,-0.09132,-0.02446,-0.007529],[0.091922,0.995459,0.024735,-0.0064],[0.02209,-0.026873,0.999395,0.005783],[0.0,0.0,0.0,1.0]],"antennas":[-0.317941,0.386931],"body_yaw":0.074685,"check_collision":false},{"head":[[0.995504,-0.091381,-0.024909,-0.007541],[0.092001,0.995444,0.025024,-0.006446],[0.022509,-0.027203,0.999376,0.00569],[0.0,0.0,0.0,1.0]],"antennas":[-0.317941,0.386931],"body_yaw":0.074685,"check_collision":false},{"head":[[0.995505,-0.091294,-0.025186,-0.007556],[0.09193,0.995442,0.025375,-0.006477],[0.022755,-0.027577,0.999361,0.005712],[0.0,0.0,0.0,1.0]],"antennas":[-0.317941,0.386931],"body_yaw":0.074685,"check_collision":false},{"head":[[0.995502,-0.091121,-0.025956,-0.007596],[0.091819,0.995406,0.027131,-0.006574],[0.023365,-0.029392,0.999295,0.005819],[0.0,0.0,0.0,1.0]],"antennas":[-0.317941,0.386931],"body_yaw":0.074685,"check_collision":false},{"head":[[0.995591,-0.089525,-0.027997,-0.007733],[0.090493,0.995266,0.035441,-0.00661],[0.024692,-0.037818,0.99898,0.005894],[0.0,0.0,0.0,1.0]],"antennas":[-0.317941,0.386931],"body_yaw":0.074685,"check_collision":false},{"head":[[0.99576,-0.087163,-0.029395,-0.007822],[0.088624,0.994669,0.052719,-0.007499],[0.024644,-0.055101,0.998177,0.006389],[0.0,0.0,0.0,1.0]],"antennas":[-0.317941,0.386931],"body_yaw":0.074685,"check_collision":false},{"head":[[0.995899,-0.085348,-0.030004,-0.007591],[0.08749,0.993001,0.079336,-0.008148],[0.023023,-0.081636,0.996396,0.00639],[0.0,0.0,0.0,1.0]],"antennas":[-0.317941,0.386931],"body_yaw":0.074685,"check_collision":false},{"head":[[0.996262,-0.082655,-0.025102,-0.007255],[0.08513,0.988755,0.122951,-0.009254],[0.014657,-0.124628,0.992095,0.006033],[0.0,0.0,0.0,1.0]],"antennas":[-0.317941,0.386931],"body_yaw":0.074685,"check_collision":false},{"head":[[0.996518,-0.080784,-0.020617,-0.006946],[0.083166,0.980596,0.177523,-0.010596],[0.005876,-0.178619,0.983901,0.005797],[0.0,0.0,0.0,1.0]],"antennas":[-0.317941,0.386931],"body_yaw":0.074685,"check_collision":false},{"head":[[0.996522,-0.080418,-0.021819,-0.006564],[0.08328,0.969902,0.228811,-0.011667],[0.002762,-0.229833,0.973226,0.005681],[0.0,0.0,0.0,1.0]],"antennas":[-0.317941,0.386931],"body_yaw":0.074685,"check_collision":false},{"head":[[0.99629,-0.082596,-0.02417,-0.006187],[0.086058,0.957998,0.273556,-0.013148],[0.00056,-0.274621,0.961552,0.0059],[0.0,0.0,0.0,1.0]],"antennas":[-0.317941,0.386931],"body_yaw":0.074685,"check_collision":false},{"head":[[0.995907,-0.085733,-0.02862,-0.005799],[0.090382,0.946606,0.309463,-0.014401],[0.00056,-0.310784,0.950481,0.006103],[0.0,0.0,0.0,1.0]],"antennas":[-0.317941,0.386931],"body_yaw":0.074685,"check_collision":false},{"head":[[0.995514,-0.089251,-0.031393,-0.005611],[0.094606,0.935742,0.339759,-0.015277],[-0.000948,-0.341205,0.939988,0.006361],[0.0,0.0,0.0,1.0]],"antennas":[-0.317941,0.389065],"body_yaw":0.074685,"check_collision":false},{"head":[[0.995324,-0.089721,-0.035773,-0.005405],[0.096584,0.928619,0.358243,-0.016169],[0.001078,-0.360024,0.932943,0.006391],[0.0,0.0,0.0,1.0]],"antennas":[-0.317941,0.408839],"body_yaw":0.074685,"check_collision":false},{"head":[[0.994976,-0.091047,-0.041631,-0.005175],[0.100006,0.923159,0.371183,-0.016789],[0.004637,-0.373481,0.927626,0.00652],[0.0,0.0,0.0,1.0]],"antennas":[-0.317941,0.453185],"body_yaw":0.074685,"check_collision":false},{"head":[[0.994592,-0.09233,-0.047556,-0.004975],[0.103502,0.91902,0.380381,-0.017371],[0.008585,-0.383246,0.923606,0.006701],[0.0,0.0,0.0,1.0]],"antennas":[-0.317941,0.52548],"body_yaw":0.074685,"check_collision":false},{"head":[[0.994029,-0.094843,-0.053956,-0.004769],[0.108406,0.914706,0.389309,-0.01796],[0.012431,-0.392834,0.919526,0.006938],[0.0,0.0,0.0,1.0]],"antennas":[-0.317941,0.621349],"body_yaw":0.074685,"check_collision":false},{"head":[[0.993495,-0.098116,-0.057808,-0.004613],[0.113088,0.909778,0.399394,-0.018555],[0.013406,-0.403333,0.914955,0.007076],[0.0,0.0,0.0,1.0]],"antennas":[-0.317941,0.725478],"body_yaw":0.074685,"check_collision":false},{"head":[[0.99302,-0.101131,-0.060687,-0.004592],[0.117091,0.907041,0.404432,-0.018383],[0.014145,-0.408715,0.912552,0.007106],[0.0,0.0,0.0,1.0]],"antennas":[-0.317941,0.82962],"body_yaw":0.074685,"check_collision":false},{"head":[[0.99285,-0.102817,-0.060635,-0.004594],[0.118627,0.906304,0.405636,-0.018785],[0.013248,-0.409929,0.912021,0.007199],[0.0,0.0,0.0,1.0]],"antennas":[-0.317941,0.933664],"body_yaw":0.074685,"check_collision":false},{"head":[[0.992817,-0.10338,-0.06023,-0.004659],[0.118997,0.905535,0.407241,-0.019263],[0.01244,-0.411483,0.911332,0.007291],[0.0,0.0,0.0,1.0]],"antennas":[-0.317941,1.037434],"body_yaw":0.074685,"check_collision":false},{"head":[[0.992641,-0.10494,-0.060419,-0.004959],[0.120533,0.904112,0.409943,-0.018399],[0.011607,-0.414209,0.910108,0.006796],[0.0,0.0,0.0,1.0]],"antennas":[-0.317941,1.141555],"body_yaw":0.074685,"check_collision":false},{"head":[[0.992519,-0.106586,-0.059544,-0.005216],[0.121706,0.902382,0.413393,-0.017867],[0.009669,-0.417547,0.908604,0.006518],[0.0,0.0,0.0,1.0]],"antennas":[-0.317941,1.245951],"body_yaw":0.074685,"check_collision":false},{"head":[[0.992555,-0.107563,-0.057133,-0.005354],[0.121618,0.900544,0.417408,-0.017698],[0.006554,-0.421249,0.906921,0.006305],[0.0,0.0,0.0,1.0]],"antennas":[-0.317941,1.349669],"body_yaw":0.074685,"check_collision":false},{"head":[[0.992538,-0.108873,-0.054901,-0.005413],[0.121872,0.899951,0.418611,-0.017987],[0.003833,-0.422178,0.906505,0.006246],[0.0,0.0,0.0,1.0]],"antennas":[-0.317941,1.452387],"body_yaw":0.074685,"check_collision":false},{"head":[[0.992506,-0.110019,-0.053166,-0.005327],[0.12218,0.899622,0.419228,-0.017449],[0.001706,-0.422583,0.906323,0.005863],[0.0,0.0,0.0,1.0]],"antennas":[-0.317941,1.512938],"body_yaw":0.074685,"check_collision":false},{"head":[[0.992341,-0.111628,-0.052903,-0.00553],[0.123527,0.899671,0.418729,-0.016537],[0.000854,-0.422056,0.906569,0.005696],[0.0,0.0,0.0,1.0]],"antennas":[-0.317941,1.512938],"body_yaw":0.074685,"check_collision":false},{"head":[[0.992219,-0.112595,-0.053132,-0.00578],[0.1245,0.899837,0.418083,-0.01616],[0.000736,-0.421445,0.906854,0.005543],[0.0,0.0,0.0,1.0]],"antennas":[-0.317941,1.512938],"body_yaw":0.074685,"check_collision":false},{"head":[[0.992197,-0.112763,-0.053202,-0.00585],[0.12468,0.900083,0.417499,-0.016274],[0.000808,-0.420874,0.907119,0.005607],[0.0,0.0,0.0,1.0]],"antennas":[-0.317941,1.512938],"body_yaw":0.074685,"check_collision":false},{"head":[[0.992142,-0.113528,-0.052584,-0.005918],[0.125114,0.900471,0.416532,-0.015941],[6.2e-05,-0.419838,0.907599,0.005192],[0.0,0.0,0.0,1.0]],"antennas":[-0.317941,1.512938],"body_yaw":0.074685,"check_collision":false},{"head":[[0.992184,-0.113608,-0.051624,-0.00599],[0.124784,0.9006,0.416351,-0.016059],[-0.000808,-0.419539,0.907737,0.005121],[0.0,0.0,0.0,1.0]],"antennas":[-0.317941,1.512938],"body_yaw":0.074685,"check_collision":false},{"head":[[0.992221,-0.113567,-0.050991,-0.006085],[0.124483,0.900777,0.416059,-0.016078],[-0.001319,-0.41917,0.907907,0.005092],[0.0,0.0,0.0,1.0]],"antennas":[-0.317941,1.512938],"body_yaw":0.074685,"check_collision":false},{"head":[[0.992142,-0.114358,-0.050765,-0.006111],[0.125107,0.900951,0.415495,-0.015616],[-0.001778,-0.418581,0.908178,0.005157],[0.0,0.0,0.0,1.0]],"antennas":[-0.317941,1.512938],"body_yaw":0.074685,"check_collision":false},{"head":[[0.992177,-0.114423,-0.049912,-0.006173],[0.124811,0.90136,0.414695,-0.015679],[-0.002462,-0.417681,0.908591,0.005091],[0.0,0.0,0.0,1.0]],"antennas":[-0.317941,1.512938],"body_yaw":0.074685,"check_collision":false},{"head":[[0.992171,-0.114972,-0.048773,-0.006066],[0.124836,0.901617,0.414129,-0.015353],[-0.003639,-0.416976,0.90891,0.00496],[0.0,0.0,0.0,1.0]],"antennas":[-0.317941,1.512938],"body_yaw":0.074685,"check_collision":false},{"head":[[0.992208,-0.11509,-0.047715,-0.006089],[0.124506,0.901982,0.413433,-0.01488],[-0.004544,-0.416152,0.909284,0.004596],[0.0,0.0,0.0,1.0]],"antennas":[-0.317941,1.512938],"body_yaw":0.074685,"check_collision":false},{"head":[[0.992233,-0.115251,-0.046801,-0.006089],[0.124273,0.902104,0.413237,-0.014595],[-0.005407,-0.415844,0.90942,0.004328],[0.0,0.0,0.0,1.0]],"antennas":[-0.317941,1.512938],"body_yaw":0.074685,"check_collision":false},{"head":[[0.992303,-0.115059,-0.045793,-0.006111],[0.123681,0.902265,0.413063,-0.014741],[-0.006209,-0.415547,0.90955,0.004212],[0.0,0.0,0.0,1.0]],"antennas":[-0.317941,1.512938],"body_yaw":0.074685,"check_collision":false},{"head":[[0.992355,-0.115076,-0.044604,-0.006095],[0.123204,0.902376,0.412963,-0.014299],[-0.007272,-0.415301,0.909655,0.004077],[0.0,0.0,0.0,1.0]],"antennas":[-0.317941,1.512938],"body_yaw":0.074685,"check_collision":false},{"head":[[0.992418,-0.114919,-0.043581,-0.006175],[0.12264,0.902654,0.412524,-0.013979],[-0.008069,-0.414741,0.909904,0.003943],[0.0,0.0,0.0,1.0]],"antennas":[-0.317941,1.512938],"body_yaw":0.074685,"check_collision":false},{"head":[[0.992434,-0.115006,-0.042989,-0.006142],[0.122481,0.903022,0.411764,-0.014017],[-0.008536,-0.413914,0.910276,0.003945],[0.0,0.0,0.0,1.0]],"antennas":[-0.317941,1.512938],"body_yaw":0.074685,"check_collision":false},{"head":[[0.992466,-0.114916,-0.042494,-0.006121],[0.122203,0.903464,0.410876,-0.014086],[-0.008824,-0.412973,0.9107,0.00385],[0.0,0.0,0.0,1.0]],"antennas":[-0.317941,1.512938],"body_yaw":0.074685,"check_collision":false},{"head":[[0.99253,-0.11464,-0.041738,-0.006092],[0.121646,0.903795,0.410313,-0.014309],[-0.009315,-0.412325,0.910989,0.004111],[0.0,0.0,0.0,1.0]],"antennas":[-0.317941,1.512938],"body_yaw":0.074685,"check_collision":false},{"head":[[0.992552,-0.114612,-0.041297,-0.006067],[0.121445,0.904109,0.409681,-0.014415],[-0.009617,-0.411644,0.911294,0.004162],[0.0,0.0,0.0,1.0]],"antennas":[-0.317941,1.512938],"body_yaw":0.074685,"check_collision":false},{"head":[[0.992616,-0.114277,-0.040668,-0.006039],[0.120886,0.904383,0.409241,-0.01452],[-0.009987,-0.411136,0.911519,0.004195],[0.0,0.0,0.0,1.0]],"antennas":[-0.317941,1.512938],"body_yaw":0.074685,"check_collision":false},{"head":[[0.992703,-0.11376,-0.04,-0.00599],[0.120143,0.904609,0.408959,-0.014602],[-0.010338,-0.41078,0.911676,0.004224],[0.0,0.0,0.0,1.0]],"antennas":[-0.317941,1.512938],"body_yaw":0.074685,"check_collision":false},{"head":[[0.99275,-0.113433,-0.03975,-0.006006],[0.119749,0.904923,0.40838,-0.014644],[-0.010353,-0.41018,0.911946,0.004257],[0.0,0.0,0.0,1.0]],"antennas":[-0.317941,1.512938],"body_yaw":0.074685,"check_collision":false},{"head":[[0.992821,-0.112903,-0.039476,-0.006047],[0.119157,0.905102,0.408157,-0.014665],[-0.010352,-0.409931,0.912058,0.004291],[0.0,0.0,0.0,1.0]],"antennas":[-0.317941,1.512938],"body_yaw":0.074685,"check_collision":false},{"head":[[0.992889,-0.112468,-0.03901,-0.006054],[0.118568,0.905147,0.408228,-0.014839],[-0.010603,-0.409951,0.912046,0.004267],[0.0,0.0,0.0,1.0]],"antennas":[-0.317941,1.512938],"body_yaw":0.074685,"check_collision":false},{"head":[[0.992954,-0.112142,-0.038296,-0.005947],[0.117978,0.905222,0.408233,-0.014844],[-0.011113,-0.409875,0.912074,0.004352],[0.0,0.0,0.0,1.0]],"antennas":[-0.317941,1.512938],"body_yaw":0.074685,"check_collision":false},{"head":[[0.993011,-0.111764,-0.03792,-0.005932],[0.117482,0.90536,0.408069,-0.014882],[-0.011276,-0.409672,0.912163,0.004356],[0.0,0.0,0.0,1.0]],"antennas":[-0.317941,1.512938],"body_yaw":0.074685,"check_collision":false},{"head":[[0.993068,-0.111379,-0.037555,-0.005884],[0.116983,0.905479,0.407949,-0.015057],[-0.011431,-0.409514,0.912232,0.00449],[0.0,0.0,0.0,1.0]],"antennas":[-0.317941,1.512938],"body_yaw":0.074685,"check_collision":false},{"head":[[0.993138,-0.110857,-0.037258,-0.00586],[0.116389,0.905699,0.407632,-0.015064],[-0.011444,-0.409171,0.912386,0.004447],[0.0,0.0,0.0,1.0]],"antennas":[-0.317941,1.512938],"body_yaw":0.074685,"check_collision":false},{"head":[[0.993221,-0.110181,-0.037053,-0.005815],[0.115693,0.905942,0.407289,-0.015239],[-0.011308,-0.408814,0.912548,0.004717],[0.0,0.0,0.0,1.0]],"antennas":[-0.317941,1.512938],"body_yaw":0.074685,"check_collision":false},{"head":[[0.993265,-0.109813,-0.036943,-0.005817],[0.11532,0.906233,0.406746,-0.015392],[-0.011187,-0.408267,0.912794,0.004724],[0.0,0.0,0.0,1.0]],"antennas":[-0.317941,1.512938],"body_yaw":0.074685,"check_collision":false},{"head":[[0.993312,-0.109398,-0.036936,-0.005846],[0.114946,0.906588,0.40606,-0.015353],[-0.010937,-0.40759,0.9131,0.004746],[0.0,0.0,0.0,1.0]],"antennas":[-0.317941,1.512938],"body_yaw":0.074685,"check_collision":false},{"head":[[0.993333,-0.109229,-0.036871,-0.005859],[0.114777,0.907054,0.405068,-0.015495],[-0.010802,-0.406599,0.913543,0.004719],[0.0,0.0,0.0,1.0]],"antennas":[-0.317941,1.512938],"body_yaw":0.074685,"check_collision":false},{"head":[[0.993446,-0.10837,-0.036358,-0.005738],[0.113793,0.907506,0.404332,-0.015555],[-0.010822,-0.40582,0.913889,0.004936],[0.0,0.0,0.0,1.0]],"antennas":[-0.317941,1.512938],"body_yaw":0.074685,"check_collision":false},{"head":[[0.993537,-0.107654,-0.035984,-0.005687],[0.112998,0.908028,0.403381,-0.015707],[-0.010751,-0.40484,0.914324,0.005002],[0.0,0.0,0.0,1.0]],"antennas":[-0.317941,1.512938],"body_yaw":0.074685,"check_collision":false},{"head":[[0.993627,-0.106728,-0.036258,-0.005618],[0.112276,0.908641,0.402201,-0.016132],[-0.009981,-0.403708,0.914833,0.005295],[0.0,0.0,0.0,1.0]],"antennas":[-0.317941,1.512938],"body_yaw":0.074685,"check_collision":false},{"head":[[0.9937,-0.106064,-0.036197,-0.005569],[0.111654,0.909111,0.401312,-0.016534],[-0.009657,-0.402825,0.915226,0.005557],[0.0,0.0,0.0,1.0]],"antennas":[-0.317941,1.512938],"body_yaw":0.074685,"check_collision":false},{"head":[[0.993828,-0.104884,-0.036118,-0.005621],[0.110545,0.909374,0.401023,-0.016491],[-0.009216,-0.40254,0.915356,0.005572],[0.0,0.0,0.0,1.0]],"antennas":[-0.317941,1.512938],"body_yaw":0.074685,"check_collision":false},{"head":[[0.993929,-0.104029,-0.03583,-0.005642],[0.109656,0.909876,0.400127,-0.016501],[-0.009024,-0.401627,0.915759,0.00559],[0.0,0.0,0.0,1.0]],"antennas":[-0.317941,1.512938],"body_yaw":0.074685,"check_collision":false},{"head":[[0.99403,-0.103104,-0.035696,-0.00566],[0.108767,0.910535,0.398868,-0.016479],[-0.008622,-0.400369,0.916314,0.00558],[0.0,0.0,0.0,1.0]],"antennas":[-0.317941,1.512938],"body_yaw":0.074685,"check_collision":false},{"head":[[0.994123,-0.102395,-0.035133,-0.005695],[0.107909,0.911405,0.397111,-0.016596],[-0.008642,-0.398568,0.917098,0.005596],[0.0,0.0,0.0,1.0]],"antennas":[-0.317941,1.512938],"body_yaw":0.074685,"check_collision":false},{"head":[[0.994234,-0.101455,-0.03473,-0.005748],[0.1069,0.912152,0.395665,-0.016799],[-0.008463,-0.397096,0.917738,0.005642],[0.0,0.0,0.0,1.0]],"antennas":[-0.317941,1.512938],"body_yaw":0.074685,"check_collision":false},{"head":[[0.994371,-0.100289,-0.034188,-0.005688],[0.105627,0.912861,0.394371,-0.016863],[-0.008342,-0.395762,0.918315,0.005815],[0.0,0.0,0.0,1.0]],"antennas":[-0.317941,1.512938],"body_yaw":0.074685,"check_collision":false},{"head":[[0.99448,-0.099176,-0.034265,-0.005653],[0.104658,0.91409,0.391774,-0.016899],[-0.007533,-0.393198,0.919423,0.006018],[0.0,0.0,0.0,1.0]],"antennas":[-0.317941,1.512938],"body_yaw":0.074685,"check_collision":false},{"head":[[0.994444,-0.098788,-0.036353,-0.005698],[0.105155,0.916604,0.38572,-0.01694],[-0.004783,-0.3874,0.921899,0.006277],[0.0,0.0,0.0,1.0]],"antennas":[-0.317941,1.507001],"body_yaw":0.074685,"check_collision":false},{"head":[[0.994108,-0.099861,-0.042154,-0.005847],[0.10838,0.922047,0.371596,-0.016643],[0.00176,-0.373975,0.927437,0.006704],[0.0,0.0,0.0,1.0]],"antennas":[-0.317941,1.483519],"body_yaw":0.074685,"check_collision":false},{"head":[[0.9933,-0.103215,-0.051976,-0.006042],[0.114884,0.930646,0.34742,-0.016023],[0.012512,-0.351063,0.936268,0.007213],[0.0,0.0,0.0,1.0]],"antennas":[-0.317941,1.447333],"body_yaw":0.074685,"check_collision":false},{"head":[[0.992066,-0.108129,-0.064135,-0.006168],[0.123039,0.939851,0.318655,-0.015256],[0.025822,-0.324018,0.945698,0.007708],[0.0,0.0,0.0,1.0]],"antennas":[-0.317941,1.394655],"body_yaw":0.074685,"check_collision":false},{"head":[[0.990747,-0.112272,-0.076263,-0.006144],[0.129768,0.94821,0.289927,-0.014424],[0.039763,-0.297141,0.954005,0.008136],[0.0,0.0,0.0,1.0]],"antennas":[-0.317941,1.319888],"body_yaw":0.074685,"check_collision":false},{"head":[[0.989226,-0.116283,-0.088942,-0.006097],[0.135949,0.955063,0.263386,-0.013711],[0.054318,-0.27264,0.960582,0.008538],[0.0,0.0,0.0,1.0]],"antennas":[-0.317941,1.230721],"body_yaw":0.074685,"check_collision":false},{"head":[[0.9878,-0.119958,-0.099308,-0.006093],[0.14069,0.960822,0.238806,-0.013077],[0.06677,-0.249864,0.965976,0.008891],[0.0,0.0,0.0,1.0]],"antennas":[-0.317941,1.129993],"body_yaw":0.074685,"check_collision":false},{"head":[[0.986488,-0.124204,-0.10684,-0.006053],[0.144851,0.965911,0.214555,-0.012462],[0.07655,-0.227132,0.970851,0.009131],[0.0,0.0,0.0,1.0]],"antennas":[-0.317941,1.02761],"body_yaw":0.074685,"check_collision":false},{"head":[[0.985286,-0.128712,-0.112448,-0.006125],[0.148741,0.969819,0.193203,-0.011513],[0.084187,-0.207085,0.974694,0.009063],[0.0,0.0,0.0,1.0]],"antennas":[-0.317941,0.925158],"body_yaw":0.074685,"check_collision":false},{"head":[[0.984084,-0.133296,-0.117522,-0.006258],[0.152671,0.972614,0.175251,-0.010765],[0.090944,-0.190404,0.977484,0.009127],[0.0,0.0,0.0,1.0]],"antennas":[-0.317941,0.8225],"body_yaw":0.074685,"check_collision":false},{"head":[[0.983363,-0.136415,-0.119954,-0.006436],[0.154782,0.974869,0.160226,-0.009901],[0.095082,-0.176127,0.979765,0.009115],[0.0,0.0,0.0,1.0]],"antennas":[-0.317941,0.720281],"body_yaw":0.074685,"check_collision":false},{"head":[[0.982961,-0.138877,-0.120422,-0.006637],[0.156242,0.97636,0.149361,-0.00934],[0.096833,-0.165631,0.981422,0.009093],[0.0,0.0,0.0,1.0]],"antennas":[-0.317941,0.617888],"body_yaw":0.074685,"check_collision":false},{"head":[[0.982507,-0.141758,-0.12077,-0.006621],[0.158061,0.977699,0.138279,-0.009151],[0.098475,-0.154949,0.983002,0.009193],[0.0,0.0,0.0,1.0]],"antennas":[-0.317941,0.515404],"body_yaw":0.074685,"check_collision":false},{"head":[[0.981974,-0.144951,-0.121307,-0.006638],[0.160119,0.978976,0.126365,-0.008913],[0.10044,-0.143511,0.984539,0.009361],[0.0,0.0,0.0,1.0]],"antennas":[-0.317941,0.413197],"body_yaw":0.074685,"check_collision":false},{"head":[[0.981194,-0.148995,-0.122717,-0.006624],[0.162942,0.980171,0.112756,-0.008556],[0.103484,-0.130631,0.986016,0.009383],[0.0,0.0,0.0,1.0]],"antennas":[-0.317941,0.310349],"body_yaw":0.074685,"check_collision":false},{"head":[[0.97973,-0.155734,-0.125998,-0.006727],[0.167905,0.981453,0.092511,-0.008024],[0.109253,-0.111792,0.987708,0.009507],[0.0,0.0,0.0,1.0]],"antennas":[-0.317941,0.20801],"body_yaw":0.074685,"check_collision":false},{"head":[[0.977483,-0.166112,-0.13013,-0.006894],[0.175813,0.982147,0.066913,-0.007328],[0.116692,-0.088285,0.989236,0.009759],[0.0,0.0,0.0,1.0]],"antennas":[-0.317941,0.124212],"body_yaw":0.074685,"check_collision":false},{"head":[[0.97559,-0.175502,-0.131993,-0.007073],[0.182839,0.982085,0.045591,-0.006707],[0.121627,-0.068612,0.990202,0.009804],[0.0,0.0,0.0,1.0]],"antennas":[-0.317941,0.109072],"body_yaw":0.074685,"check_collision":false},{"head":[[0.97409,-0.183441,-0.13228,-0.007193],[0.188564,0.981684,0.027199,-0.006218],[0.124868,-0.051437,0.990839,0.00986],[0.0,0.0,0.0,1.0]],"antennas":[-0.317941,0.109072],"body_yaw":0.074685,"check_collision":false},{"head":[[0.972438,-0.192331,-0.131807,-0.00736],[0.194804,0.980824,0.006014,-0.005632],[0.128123,-0.031525,0.991257,0.009709],[0.0,0.0,0.0,1.0]],"antennas":[-0.317941,0.109072],"body_yaw":0.074685,"check_collision":false},{"head":[[0.971234,-0.199865,-0.129454,-0.007477],[0.199948,0.979727,-0.012485,-0.005135],[0.129325,-0.013758,0.991507,0.00969],[0.0,0.0,0.0,1.0]],"antennas":[-0.317941,0.109072],"body_yaw":0.074685,"check_collision":false},{"head":[[0.970155,-0.20616,-0.127657,-0.007579],[0.20439,0.978518,-0.026953,-0.004663],[0.130472,5.7e-05,0.991452,0.009704],[0.0,0.0,0.0,1.0]],"antennas":[-0.317941,0.109072],"body_yaw":0.074685,"check_collision":false},{"head":[[0.968857,-0.212676,-0.126828,-0.007712],[0.209183,0.977041,-0.040408,-0.004201],[0.13251,0.01262,0.991101,0.009765],[0.0,0.0,0.0,1.0]],"antennas":[-0.317941,0.109072],"body_yaw":0.074685,"check_collision":false},{"head":[[0.967522,-0.219644,-0.125129,-0.007813],[0.214418,0.97525,-0.05397,-0.004146],[0.133886,0.025387,0.990672,0.009838],[0.0,0.0,0.0,1.0]],"antennas":[-0.317941,0.109072],"body_yaw":0.074685,"check_collision":false},{"head":[[0.966698,-0.224426,-0.122999,-0.007892],[0.2179,0.973848,-0.064338,-0.004141],[0.134221,0.035394,0.990319,0.00992],[0.0,0.0,0.0,1.0]],"antennas":[-0.317941,0.109072],"body_yaw":0.074685,"check_collision":false},{"head":[[0.966307,-0.227341,-0.120693,-0.007944],[0.219934,0.972878,-0.071679,-0.003998],[0.133715,0.042719,0.990099,0.009863],[0.0,0.0,0.0,1.0]],"antennas":[-0.317941,0.109072],"body_yaw":0.074685,"check_collision":false},{"head":[[0.965953,-0.230393,-0.117703,-0.008],[0.222227,0.971828,-0.078516,-0.003743],[0.132477,0.049686,0.98994,0.009728],[0.0,0.0,0.0,1.0]],"antennas":[-0.317941,0.109072],"body_yaw":0.074685,"check_collision":false},{"head":[[0.96559,-0.233393,-0.114736,-0.007957],[0.224565,0.970761,-0.084817,-0.003663],[0.131177,0.056133,0.989768,0.009617],[0.0,0.0,0.0,1.0]],"antennas":[-0.317941,0.109072],"body_yaw":0.074685,"check_collision":false},{"head":[[0.965448,-0.234965,-0.112701,-0.007999],[0.225717,0.970122,-0.088967,-0.003488],[0.130238,0.060454,0.989638,0.009507],[0.0,0.0,0.0,1.0]],"antennas":[-0.317941,0.109072],"body_yaw":0.074685,"check_collision":false},{"head":[[0.965317,-0.236103,-0.11144,-0.008062],[0.226629,0.96969,-0.091328,-0.003654],[0.129624,0.062905,0.989566,0.009691],[0.0,0.0,0.0,1.0]],"antennas":[-0.317941,0.109072],"body_yaw":0.074685,"check_collision":false},{"head":[[0.965392,-0.23679,-0.109312,-0.00807],[0.227391,0.969464,-0.091826,-0.003532],[0.127717,0.063792,0.989757,0.009577],[0.0,0.0,0.0,1.0]],"antennas":[-0.317941,0.109072],"body_yaw":0.074685,"check_collision":false},{"head":[[0.965644,-0.236807,-0.107021,-0.00799],[0.227624,0.969459,-0.091299,-0.003489],[0.125373,0.063802,0.990056,0.009418],[0.0,0.0,0.0,1.0]],"antennas":[-0.317941,0.109072],"body_yaw":0.074685,"check_collision":false},{"head":[[0.965988,-0.236507,-0.104551,-0.007895],[0.227532,0.969518,-0.090905,-0.003775],[0.122864,0.064024,0.990356,0.009468],[0.0,0.0,0.0,1.0]],"antennas":[-0.317941,0.109072],"body_yaw":0.074685,"check_collision":false},{"head":[[0.966119,-0.236796,-0.10267,-0.007883],[0.227964,0.969431,-0.090751,-0.003934],[0.121021,0.064271,0.990567,0.00949],[0.0,0.0,0.0,1.0]],"antennas":[-0.317941,0.109072],"body_yaw":0.074685,"check_collision":false},{"head":[[0.966191,-0.236736,-0.102132,-0.007854],[0.227956,0.969446,-0.090611,-0.003944],[0.120463,0.064266,0.990635,0.009525],[0.0,0.0,0.0,1.0]],"antennas":[-0.317941,0.109072],"body_yaw":0.074685,"check_collision":false},{"head":[[0.966351,-0.236072,-0.102155,-0.007795],[0.227303,0.969611,-0.090483,-0.00402],[0.120412,0.064218,0.990645,0.009591],[0.0,0.0,0.0,1.0]],"antennas":[-0.317941,0.109072],"body_yaw":0.074685,"check_collision":false},{"head":[[0.966919,-0.233982,-0.101584,-0.007748],[0.22534,0.970144,-0.089682,-0.004136],[0.119535,0.063824,0.990776,0.009558],[0.0,0.0,0.0,1.0]],"antennas":[-0.317941,0.109072],"body_yaw":0.074685,"check_collision":false},{"head":[[0.967775,-0.231056,-0.100123,-0.007685],[0.222671,0.970892,-0.088243,-0.004266],[0.117598,0.063105,0.991054,0.009474],[0.0,0.0,0.0,1.0]],"antennas":[-0.317941,0.109072],"body_yaw":0.074685,"check_collision":false},{"head":[[0.968523,-0.228347,-0.099096,-0.007649],[0.220193,0.971591,-0.086757,-0.004461],[0.116092,0.062206,0.991289,0.009476],[0.0,0.0,0.0,1.0]],"antennas":[-0.317941,0.109072],"body_yaw":0.074685,"check_collision":false},{"head":[[0.969436,-0.224889,-0.09808,-0.007658],[0.217025,0.972483,-0.084715,-0.004654],[0.114432,0.06084,0.991566,0.00962],[0.0,0.0,0.0,1.0]],"antennas":[-0.317941,0.109072],"body_yaw":0.074685,"check_collision":false},{"head":[[0.970643,-0.220066,-0.09707,-0.007655],[0.212529,0.973686,-0.082265,-0.00473],[0.11262,0.05922,0.991872,0.009605],[0.0,0.0,0.0,1.0]],"antennas":[-0.317941,0.109072],"body_yaw":0.074685,"check_collision":false},{"head":[[0.971877,-0.214365,-0.097486,-0.007548],[0.207019,0.975044,-0.080199,-0.004822],[0.112245,0.057762,0.992,0.009606],[0.0,0.0,0.0,1.0]],"antennas":[-0.317941,0.109072],"body_yaw":0.074685,"check_collision":false},{"head":[[0.97287,-0.209185,-0.098816,-0.007461],[0.201968,0.976262,-0.078236,-0.004785],[0.112836,0.056156,0.992026,0.009612],[0.0,0.0,0.0,1.0]],"antennas":[-0.317941,0.109072],"body_yaw":0.074685,"check_collision":false},{"head":[[0.974775,-0.200774,-0.097486,-0.007723],[0.193748,0.978028,-0.076954,-0.004079],[0.110795,0.056125,0.992257,0.009409],[0.0,0.0,0.0,1.0]],"antennas":[-0.317941,0.109072],"body_yaw":0.074685,"check_collision":false},{"head":[[0.976454,-0.192796,-0.096787,-0.007667],[0.185725,0.979542,-0.077488,-0.003788],[0.109747,0.057688,0.992284,0.009353],[0.0,0.0,0.0,1.0]],"antennas":[-0.317941,0.109072],"body_yaw":0.074685,"check_collision":false},{"head":[[0.977978,-0.184813,-0.096967,-0.007699],[0.177747,0.981049,-0.077128,-0.003309],[0.109384,0.058194,0.992295,0.009135],[0.0,0.0,0.0,1.0]],"antennas":[-0.317941,0.109072],"body_yaw":0.074685,"check_collision":false},{"head":[[0.979307,-0.177196,-0.097772,-0.007542],[0.170066,0.982416,-0.077045,-0.003429],[0.109705,0.058823,0.992222,0.008921],[0.0,0.0,0.0,1.0]],"antennas":[-0.317941,0.109072],"body_yaw":0.074685,"check_collision":false},{"head":[[0.980695,-0.169094,-0.098205,-0.007657],[0.161974,0.983826,-0.076492,-0.003538],[0.109551,0.059109,0.992222,0.009204],[0.0,0.0,0.0,1.0]],"antennas":[-0.317941,0.109072],"body_yaw":0.074685,"check_collision":false},{"head":[[0.982097,-0.160256,-0.099012,-0.007649],[0.153119,0.985285,-0.075947,-0.003855],[0.109726,0.059427,0.992184,0.009626],[0.0,0.0,0.0,1.0]],"antennas":[-0.317941,0.109072],"body_yaw":0.074685,"check_collision":false},{"head":[[0.983138,-0.152994,-0.100162,-0.007357],[0.145854,0.986448,-0.075147,-0.004398],[0.110302,0.059271,0.992129,0.009986],[0.0,0.0,0.0,1.0]],"antennas":[-0.317941,0.109072],"body_yaw":0.074685,"check_collision":false},{"head":[[0.984306,-0.144985,-0.100599,-0.007301],[0.137849,0.987638,-0.074627,-0.004309],[0.110175,0.059588,0.992124,0.009694],[0.0,0.0,0.0,1.0]],"antennas":[-0.317941,0.109072],"body_yaw":0.074685,"check_collision":false},{"head":[[0.985794,-0.135456,-0.099309,-0.00748],[0.128436,0.988954,-0.073989,-0.004457],[0.108234,0.060183,0.992302,0.009688],[0.0,0.0,0.0,1.0]],"antennas":[-0.317941,0.109072],"body_yaw":0.074685,"check_collision":false},{"head":[[0.987172,-0.126061,-0.097982,-0.007537],[0.119359,0.990273,-0.07151,-0.004385],[0.106044,0.058897,0.992616,0.009597],[0.0,0.0,0.0,1.0]],"antennas":[-0.317941,0.109072],"body_yaw":0.074685,"check_collision":false},{"head":[[0.988428,-0.116103,-0.097618,-0.007515],[0.109608,0.991545,-0.069466,-0.003914],[0.104858,0.057962,0.992797,0.009308],[0.0,0.0,0.0,1.0]],"antennas":[-0.317941,0.109072],"body_yaw":0.074685,"check_collision":false},{"head":[[0.989264,-0.107527,-0.098966,-0.007383],[0.101122,0.992574,-0.067614,-0.003472],[0.105501,0.056881,0.992791,0.008934],[0.0,0.0,0.0,1.0]],"antennas":[-0.317941,0.109072],"body_yaw":0.074685,"check_collision":false},{"head":[[0.989693,-0.101516,-0.101005,-0.007212],[0.095162,0.99328,-0.06587,-0.003214],[0.107013,0.05558,0.992703,0.008624],[0.0,0.0,0.0,1.0]],"antennas":[-0.317941,0.109072],"body_yaw":0.074685,"check_collision":false},{"head":[[0.990065,-0.096103,-0.102643,-0.007052],[0.089911,0.993933,-0.063352,-0.003096],[0.108109,0.053494,0.992699,0.008431],[0.0,0.0,0.0,1.0]],"antennas":[-0.317941,0.109072],"body_yaw":0.074685,"check_collision":false},{"head":[[0.99035,-0.092241,-0.103436,-0.006929],[0.086222,0.994392,-0.061237,-0.003034],[0.108504,0.051728,0.992749,0.008305],[0.0,0.0,0.0,1.0]],"antennas":[-0.317941,0.109072],"body_yaw":0.074685,"check_collision":false},{"head":[[0.99065,-0.088968,-0.103426,-0.006854],[0.083124,0.994761,-0.059511,-0.00283],[0.108178,0.050358,0.992855,0.008196],[0.0,0.0,0.0,1.0]],"antennas":[-0.317941,0.109072],"body_yaw":0.074685,"check_collision":false},{"head":[[0.990897,-0.08561,-0.103891,-0.00676],[0.079782,0.995064,-0.05902,-0.002572],[0.108431,0.050194,0.992836,0.008057],[0.0,0.0,0.0,1.0]],"antennas":[-0.317941,0.109072],"body_yaw":0.074685,"check_collision":false},{"head":[[0.991246,-0.081618,-0.103776,-0.006702],[0.07578,0.995377,-0.059006,-0.002407],[0.108113,0.050625,0.992849,0.007996],[0.0,0.0,0.0,1.0]],"antennas":[-0.317941,0.109072],"body_yaw":0.074685,"check_collision":false},{"head":[[0.991595,-0.077413,-0.103666,-0.006699],[0.071588,0.9957,-0.058787,-0.002328],[0.107771,0.050871,0.992873,0.007979],[0.0,0.0,0.0,1.0]],"antennas":[-0.317941,0.109072],"body_yaw":0.074685,"check_collision":false},{"head":[[0.991898,-0.074181,-0.103129,-0.006699],[0.068494,0.995985,-0.057636,-0.002055],[0.10699,0.050105,0.992997,0.007744],[0.0,0.0,0.0,1.0]],"antennas":[-0.317941,0.109072],"body_yaw":0.074685,"check_collision":false},{"head":[[0.99212,-0.071689,-0.102752,-0.006598],[0.066135,0.996211,-0.056473,-0.001962],[0.106412,0.049233,0.993103,0.007631],[0.0,0.0,0.0,1.0]],"antennas":[-0.317941,0.109072],"body_yaw":0.074685,"check_collision":false},{"head":[[0.992302,-0.068147,-0.103406,-0.006459],[0.062692,0.99651,-0.055118,-0.001845],[0.106801,0.048211,0.993111,0.007578],[0.0,0.0,0.0,1.0]],"antennas":[-0.317941,0.109072],"body_yaw":0.074685,"check_collision":false},{"head":[[0.992486,-0.064056,-0.104251,-0.006417],[0.058595,0.996786,-0.054632,-0.001835],[0.107416,0.048113,0.993049,0.007592],[0.0,0.0,0.0,1.0]],"antennas":[-0.317941,0.109072],"body_yaw":0.074685,"check_collision":false},{"head":[[0.992663,-0.061419,-0.104156,-0.006444],[0.055978,0.99695,-0.05438,-0.001809],[0.107179,0.048151,0.993073,0.007495],[0.0,0.0,0.0,1.0]],"antennas":[-0.317941,0.109072],"body_yaw":0.074685,"check_collision":false},{"head":[[0.992801,-0.059858,-0.103743,-0.006399],[0.054469,0.997053,-0.054025,-0.00179],[0.106671,0.047985,0.993136,0.007358],[0.0,0.0,0.0,1.0]],"antennas":[-0.317941,0.109072],"body_yaw":0.074685,"check_collision":false},{"head":[[0.992879,-0.058959,-0.103512,-0.006278],[0.053521,0.997076,-0.054544,-0.001827],[0.106425,0.048615,0.993132,0.007172],[0.0,0.0,0.0,1.0]],"antennas":[-0.317941,0.109072],"body_yaw":0.074685,"check_collision":false},{"head":[[0.993025,-0.057665,-0.102843,-0.006372],[0.052248,0.99714,-0.054616,-0.001866],[0.105698,0.048862,0.993197,0.007436],[0.0,0.0,0.0,1.0]],"antennas":[-0.317941,0.109072],"body_yaw":0.074685,"check_collision":false}]}