{"description":"Like a light-hearted \u201coh well\u201d, can also mean \u201cwe\u2019ll see.\u201d Funny in some situations.","time":[0.0,0.02,0.04,0.06,0.08,0.1,0.12,0.14,0.16,0.18,0.2,0.22,0.24,0.26,0.28,0.3,0.32,0.34,0.36,0.38,0.4,0.42,0.44,0.46,0.48,0.5,0.52,0.54,0.56,0.58,0.6,0.62,0.64,0.66,0.68,0.7,0.72,0.74,0.76,0.78,0.8,0.82,0.84,0.86,0.88,0.9,0.92,0.94,0.96,0.98,1.0,1.02,1.04,1.06,1.08,1.1,1.12,1.14,1.16,1.18,1.2,1.22,1.24,1.26,1.28,1.3,1.32,1.34,1.36,1.38,1.4,1.42,1.44,1.46,1.48,1.5,1.52,1.54,1.56,1.58,1.6,1.62,1.64,1.66,1.68,1.7,1.72,1.74,1.76,1.78,1.8,1.82,1.84,1.86,1.88,1.9,1.92,1.94,1.96,1.98,2.0,2.02,2.04,2.06,2.08,2.1,2.12,2.14,2.16,2.18,2.2,2.22,2.24,2.26,2.28,2.3,2.32,2.34,2.36,2.38,2.4,2.42,2.44,2.46,2.48,2.5,2.52,2.54,2.56],"set_target_data":[{"head":[[0.999002,0.011868,-0.043067,-0.006495],[-0.01587,0.995464,-0.093805,-0.000896],[0.041759,0.094395,0.994659,0.000704],[0.0,0.0,0.0,1.0]],"antennas":[0.0,0.227497],"body_yaw":0.121008,"check_collision":false},{"head":[[0.999015,0.011698,-0.042799,-0.006555],[-0.015685,0.995446,-0.094027,-0.00096],[0.041504,0.094606,0.994649,0.000796],[0.0,0.0,0.0,1.0]],"antennas":[0.0,0.227497],"body_yaw":0.121008,"check_collision":false},{"head":[[0.999035,0.011747,-0.042329,-0.006544],[-0.01569,0.995445,-0.094043,-0.000947],[0.041031,0.094616,0.994668,0.000757],[0.0,0.0,0.0,1.0]],"antennas":[0.0,0.227497],"body_yaw":0.121008,"check_collision":false},{"head":[[0.999069,0.011791,-0.041504,-0.006472],[-0.015654,0.995449,-0.094003,-0.000992],[0.040207,0.094566,0.994706,0.000699],[0.0,0.0,0.0,1.0]],"antennas":[0.0,0.227497],"body_yaw":0.121008,"check_collision":false},{"head":[[0.999101,0.01194,-0.040681,-0.006409],[-0.015721,0.995455,-0.093921,-0.001017],[0.039374,0.094476,0.994748,0.000698],[0.0,0.0,0.0,1.0]],"antennas":[0.0,0.227497],"body_yaw":0.121008,"check_collision":false},{"head":[[0.999126,0.011759,-0.040114,-0.006393],[-0.015505,0.995414,-0.094396,-0.001003],[0.03882,0.094936,0.994726,0.000681],[0.0,0.0,0.0,1.0]],"antennas":[0.0,0.227497],"body_yaw":0.121008,"check_collision":false},{"head":[[0.999137,0.011498,-0.039924,-0.006373],[-0.015256,0.995346,-0.095146,-0.001013],[0.038645,0.095673,0.994662,0.000624],[0.0,0.0,0.0,1.0]],"antennas":[0.0,0.227497],"body_yaw":0.121008,"check_collision":false},{"head":[[0.999159,0.01152,-0.03935,-0.006349],[-0.015246,0.99529,-0.095741,-0.001067],[0.038062,0.09626,0.994628,0.000652],[0.0,0.0,0.0,1.0]],"antennas":[0.0,0.227497],"body_yaw":0.121008,"check_collision":false},{"head":[[0.99917,0.011563,-0.039069,-0.006386],[-0.015268,0.995274,-0.095903,-0.001153],[0.037776,0.09642,0.994624,0.000801],[0.0,0.0,0.0,1.0]],"antennas":[0.0,0.227497],"body_yaw":0.121008,"check_collision":false},{"head":[[0.99918,0.011788,-0.038741,-0.006378],[-0.01546,0.99527,-0.095905,-0.001314],[0.037427,0.096425,0.994636,0.000935],[0.0,0.0,0.0,1.0]],"antennas":[0.0,0.227497],"body_yaw":0.121008,"check_collision":false},{"head":[[0.999195,0.011965,-0.03828,-0.006361],[-0.015592,0.995268,-0.095904,-0.001331],[0.036952,0.096423,0.994654,0.000884],[0.0,0.0,0.0,1.0]],"antennas":[0.0,0.227497],"body_yaw":0.121008,"check_collision":false},{"head":[[0.999224,0.012419,-0.037386,-0.006268],[-0.015935,0.995323,-0.095282,-0.001364],[0.036028,0.095804,0.994748,0.00084],[0.0,0.0,0.0,1.0]],"antennas":[0.0,0.227497],"body_yaw":0.121008,"check_collision":false},{"head":[[0.999233,0.012961,-0.036942,-0.006266],[-0.016399,0.995406,-0.09433,-0.001461],[0.035549,0.094863,0.994855,0.000917],[0.0,0.0,0.0,1.0]],"antennas":[0.0,0.227497],"body_yaw":0.121008,"check_collision":false},{"head":[[0.999241,0.012988,-0.036739,-0.006267],[-0.016395,0.995435,-0.094019,-0.001579],[0.03535,0.09455,0.994892,0.000918],[0.0,0.0,0.0,1.0]],"antennas":[0.0,0.227497],"body_yaw":0.121008,"check_collision":false},{"head":[[0.999249,0.012897,-0.036531,-0.006276],[-0.01628,0.995449,-0.093898,-0.001643],[0.035154,0.094422,0.994911,0.000896],[0.0,0.0,0.0,1.0]],"antennas":[0.0,0.227497],"body_yaw":0.121008,"check_collision":false},{"head":[[0.999264,0.012954,-0.036103,-0.006236],[-0.01629,0.995467,-0.093699,-0.00163],[0.034726,0.094218,0.994946,0.000846],[0.0,0.0,0.0,1.0]],"antennas":[0.0,0.227497],"body_yaw":0.121008,"check_collision":false},{"head":[[0.999269,0.013013,-0.035951,-0.006265],[-0.016328,0.995483,-0.093524,-0.001569],[0.034572,0.094042,0.994968,0.000861],[0.0,0.0,0.0,1.0]],"antennas":[0.0,0.227497],"body_yaw":0.121008,"check_collision":false},{"head":[[0.999273,0.013075,-0.03582,-0.00627],[-0.016372,0.995498,-0.093359,-0.001626],[0.034438,0.093878,0.994988,0.000925],[0.0,0.0,0.0,1.0]],"antennas":[0.0,0.227497],"body_yaw":0.121008,"check_collision":false},{"head":[[0.999286,0.013027,-0.035465,-0.006237],[-0.016297,0.995482,-0.093536,-0.001712],[0.034087,0.094048,0.994984,0.000973],[0.0,0.0,0.0,1.0]],"antennas":[0.0,0.227497],"body_yaw":0.121008,"check_collision":false},{"head":[[0.999299,0.012875,-0.035162,-0.006224],[-0.016129,0.995452,-0.093887,-0.001657],[0.033793,0.094388,0.994962,0.000965],[0.0,0.0,0.0,1.0]],"antennas":[0.0,0.227497],"body_yaw":0.121008,"check_collision":false},{"head":[[0.999303,0.012798,-0.035062,-0.006246],[-0.016042,0.995455,-0.093868,-0.001638],[0.033701,0.094365,0.994967,0.000928],[0.0,0.0,0.0,1.0]],"antennas":[0.0,0.227497],"body_yaw":0.121008,"check_collision":false},{"head":[[0.999307,0.012859,-0.034944,-0.006223],[-0.016094,0.995451,-0.093905,-0.001654],[0.033578,0.094402,0.994968,0.000843],[0.0,0.0,0.0,1.0]],"antennas":[0.0,0.227497],"body_yaw":0.121008,"check_collision":false},{"head":[[0.999314,0.012931,-0.034702,-0.006178],[-0.016141,0.995454,-0.09387,-0.001688],[0.033331,0.094366,0.994979,0.000938],[0.0,0.0,0.0,1.0]],"antennas":[0.0,0.227497],"body_yaw":0.121008,"check_collision":false},{"head":[[0.999321,0.012774,-0.034561,-0.00614],[-0.015961,0.995484,-0.093576,-0.001573],[0.03321,0.094065,0.995012,0.000885],[0.0,0.0,0.0,1.0]],"antennas":[0.0,0.227497],"body_yaw":0.121008,"check_collision":false},{"head":[[0.999326,0.012852,-0.0344,-0.006193],[-0.016019,0.995497,-0.093431,-0.001583],[0.033044,0.093919,0.995031,0.000864],[0.0,0.0,0.0,1.0]],"antennas":[0.0,0.227497],"body_yaw":0.121008,"check_collision":false},{"head":[[0.999339,0.012899,-0.033998,-0.00617],[-0.016021,0.995516,-0.093227,-0.001635],[0.032643,0.09371,0.995064,0.00089],[0.0,0.0,0.0,1.0]],"antennas":[0.0,0.227497],"body_yaw":0.121008,"check_collision":false},{"head":[[0.999358,0.012683,-0.033513,-0.006174],[-0.01575,0.995552,-0.09289,-0.001588],[0.032185,0.093358,0.995112,0.000895],[0.0,0.0,0.0,1.0]],"antennas":[0.0,0.227497],"body_yaw":0.121008,"check_collision":false},{"head":[[0.99938,0.012703,-0.032846,-0.006154],[-0.015702,0.995568,-0.092723,-0.001554],[0.031523,0.093181,0.99515,0.000865],[0.0,0.0,0.0,1.0]],"antennas":[0.0,0.227497],"body_yaw":0.121008,"check_collision":false},{"head":[[0.999392,0.012528,-0.032544,-0.006196],[-0.015489,0.995604,-0.092369,-0.001508],[0.031243,0.092817,0.995193,0.000761],[0.0,0.0,0.0,1.0]],"antennas":[0.0,0.227497],"body_yaw":0.121008,"check_collision":false},{"head":[[0.999404,0.012568,-0.032151,-0.00621],[-0.01548,0.995638,-0.09201,-0.001542],[0.030855,0.092453,0.995239,0.000742],[0.0,0.0,0.0,1.0]],"antennas":[0.0,0.227497],"body_yaw":0.121008,"check_collision":false},{"head":[[0.999414,0.012721,-0.031769,-0.006149],[-0.015577,0.9957,-0.091319,-0.001583],[0.03047,0.09176,0.995315,0.000771],[0.0,0.0,0.0,1.0]],"antennas":[0.0,0.227497],"body_yaw":0.121008,"check_collision":false},{"head":[[0.999425,0.012978,-0.031327,-0.00622],[-0.015761,0.995789,-0.090309,-0.001497],[0.030023,0.090751,0.995421,0.000675],[0.0,0.0,0.0,1.0]],"antennas":[-0.003157,0.227497],"body_yaw":0.121008,"check_collision":false},{"head":[[0.999435,0.013482,-0.030788,-0.006257],[-0.016148,0.995983,-0.088078,-0.001467],[0.029477,0.088525,0.995638,0.000614],[0.0,0.0,0.0,1.0]],"antennas":[-0.020365,0.227497],"body_yaw":0.121008,"check_collision":false},{"head":[[0.999432,0.014577,-0.030387,-0.006297],[-0.017014,0.996523,-0.081559,-0.001475],[0.029092,0.08203,0.996205,0.000706],[0.0,0.0,0.0,1.0]],"antennas":[-0.050839,0.227497],"body_yaw":0.121008,"check_collision":false},{"head":[[0.999437,0.015004,-0.030017,-0.006277],[-0.017236,0.996996,-0.075515,-0.001534],[0.028794,0.07599,0.996693,0.000726],[0.0,0.0,0.0,1.0]],"antennas":[-0.100967,0.246713],"body_yaw":0.121008,"check_collision":false},{"head":[[0.999457,0.015063,-0.0293,-0.006249],[-0.017158,0.997214,-0.072599,-0.001506],[0.028124,0.073063,0.996931,0.000661],[0.0,0.0,0.0,1.0]],"antennas":[-0.175907,0.295015],"body_yaw":0.121008,"check_collision":false},{"head":[[0.999482,0.01519,-0.028359,-0.006236],[-0.017154,0.997375,-0.070349,-0.001526],[0.027216,0.070799,0.997119,0.000645],[0.0,0.0,0.0,1.0]],"antennas":[-0.271937,0.366856],"body_yaw":0.121008,"check_collision":false},{"head":[[0.999502,0.015413,-0.027536,-0.006243],[-0.017215,0.997641,-0.06645,-0.001541],[0.026447,0.066891,0.99741,0.000682],[0.0,0.0,0.0,1.0]],"antennas":[-0.376214,0.461402],"body_yaw":0.121008,"check_collision":false},{"head":[[0.999513,0.016029,-0.026785,-0.006284],[-0.017637,0.997986,-0.060936,-0.001566],[0.025754,0.061379,0.997782,0.000767],[0.0,0.0,0.0,1.0]],"antennas":[-0.478864,0.564049],"body_yaw":0.121008,"check_collision":false},{"head":[[0.999545,0.016446,-0.025303,-0.006297],[-0.017813,0.998338,-0.054803,-0.001519],[0.024359,0.055229,0.998177,0.000716],[0.0,0.0,0.0,1.0]],"antennas":[-0.583994,0.669175],"body_yaw":0.121008,"check_collision":false},{"head":[[0.999598,0.016933,-0.022723,-0.006251],[-0.018038,0.998618,-0.049354,-0.001488],[0.021856,0.049744,0.998523,0.000707],[0.0,0.0,0.0,1.0]],"antennas":[-0.688039,0.773217],"body_yaw":0.121008,"check_collision":false},{"head":[[0.999663,0.017018,-0.019603,-0.006188],[-0.017863,0.998882,-0.043758,-0.001384],[0.018836,0.044094,0.99885,0.00047],[0.0,0.0,0.0,1.0]],"antennas":[-0.792236,0.877597],"body_yaw":0.121008,"check_collision":false},{"head":[[0.999707,0.017682,-0.016537,-0.006122],[-0.018215,0.999302,-0.032612,-0.001478],[0.015949,0.032904,0.999331,0.000332],[0.0,0.0,0.0,1.0]],"antennas":[-0.896285,0.981868],"body_yaw":0.121008,"check_collision":false},{"head":[[0.999653,0.02169,-0.014959,-0.005783],[-0.021816,0.999727,-0.008317,-0.001933],[0.014775,0.008641,0.999854,0.00046],[0.0,0.0,0.0,1.0]],"antennas":[-1.000475,1.086055],"body_yaw":0.121008,"check_collision":false},{"head":[[0.999467,0.028795,-0.015388,-0.005352],[-0.028465,0.99937,0.021217,-0.00245],[0.01599,-0.020768,0.999656,0.000613],[0.0,0.0,0.0,1.0]],"antennas":[-1.102959,1.188946],"body_yaw":0.121008,"check_collision":false},{"head":[[0.999194,0.037058,-0.015459,-0.005019],[-0.036199,0.997962,0.052554,-0.003057],[0.017375,-0.051952,0.998498,0.000611],[0.0,0.0,0.0,1.0]],"antennas":[-1.20776,1.294323],"body_yaw":0.121008,"check_collision":false},{"head":[[0.998813,0.047236,-0.011913,-0.004562],[-0.046088,0.99548,0.083034,-0.003391],[0.015782,-0.082387,0.996475,0.000359],[0.0,0.0,0.0,1.0]],"antennas":[-1.310873,1.398414],"body_yaw":0.121008,"check_collision":false},{"head":[[0.998086,0.061835,-0.00029,-0.004104],[-0.061399,0.991585,0.113972,-0.003983],[0.007335,-0.113736,0.993484,0.00017],[0.0,0.0,0.0,1.0]],"antennas":[-1.401662,1.50192],"body_yaw":0.121008,"check_collision":false},{"head":[[0.996976,0.076616,0.013025,-0.003678],[-0.077697,0.986291,0.145578,-0.004406],[-0.001693,-0.14615,0.989261,-2.5e-05],[0.0,0.0,0.0,1.0]],"antennas":[-1.436514,1.573821],"body_yaw":0.121008,"check_collision":false},{"head":[[0.99617,0.08481,0.021256,-0.003344],[-0.087219,0.980924,0.173728,-0.004974],[-0.006117,-0.174916,0.984564,-0.000187],[0.0,0.0,0.0,1.0]],"antennas":[-1.436514,1.573821],"body_yaw":0.121008,"check_collision":false},{"head":[[0.99567,0.08963,0.024672,-0.00314],[-0.092749,0.975782,0.19811,-0.005344],[-0.006318,-0.199541,0.979869,-0.000334],[0.0,0.0,0.0,1.0]],"antennas":[-1.436514,1.573821],"body_yaw":0.121008,"check_collision":false},{"head":[[0.995498,0.091453,0.024881,-0.002957],[-0.094678,0.9716,0.216863,-0.005601],[-0.004341,-0.218243,0.975885,-0.000435],[0.0,0.0,0.0,1.0]],"antennas":[-1.436514,1.573821],"body_yaw":0.121008,"check_collision":false},{"head":[[0.995168,0.094448,0.026839,-0.002641],[-0.098093,0.968365,0.22945,-0.005738],[-0.004319,-0.230974,0.97295,-0.000737],[0.0,0.0,0.0,1.0]],"antennas":[-1.436514,1.573821],"body_yaw":0.121008,"check_collision":false},{"head":[[0.99467,0.09862,0.030108,-0.002302],[-0.102952,0.966147,0.236559,-0.005796],[-0.005759,-0.238398,0.97115,-0.001064],[0.0,0.0,0.0,1.0]],"antennas":[-1.436514,1.573821],"body_yaw":0.121008,"check_collision":false},{"head":[[0.994287,0.102095,0.031136,-0.002144],[-0.106598,0.964731,0.240689,-0.005715],[-0.005465,-0.242633,0.970103,-0.001119],[0.0,0.0,0.0,1.0]],"antennas":[-1.436514,1.573821],"body_yaw":0.121008,"check_collision":false},{"head":[[0.994087,0.104267,0.030323,-0.00203],[-0.108514,0.964145,0.242177,-0.005597],[-0.003984,-0.244035,0.969758,-0.001057],[0.0,0.0,0.0,1.0]],"antennas":[-1.436514,1.573821],"body_yaw":0.121008,"check_collision":false},{"head":[[0.99411,0.104755,0.027795,-0.00184],[-0.108369,0.964393,0.241251,-0.005369],[-0.001533,-0.242842,0.970065,-0.001175],[0.0,0.0,0.0,1.0]],"antennas":[-1.436514,1.573821],"body_yaw":0.121008,"check_collision":false},{"head":[[0.994157,0.104642,0.02649,-0.001663],[-0.107941,0.964828,0.239699,-0.005168],[-0.000476,-0.241158,0.970486,-0.001245],[0.0,0.0,0.0,1.0]],"antennas":[-1.436514,1.573821],"body_yaw":0.121008,"check_collision":false},{"head":[[0.994157,0.104886,0.025497,-0.001537],[-0.10794,0.965282,0.237864,-0.004974],[0.000336,-0.239226,0.970964,-0.001271],[0.0,0.0,0.0,1.0]],"antennas":[-1.436514,1.573821],"body_yaw":0.121008,"check_collision":false},{"head":[[0.994068,0.105939,0.02463,-0.001351],[-0.108759,0.965909,0.234929,-0.004865],[0.001098,-0.236214,0.9717,-0.001369],[0.0,0.0,0.0,1.0]],"antennas":[-1.436514,1.573821],"body_yaw":0.121008,"check_collision":false},{"head":[[0.993937,0.107161,0.024599,-0.001137],[-0.109943,0.966553,0.231707,-0.004933],[0.001054,-0.233007,0.972475,-0.001469],[0.0,0.0,0.0,1.0]],"antennas":[-1.436514,1.573821],"body_yaw":0.121008,"check_collision":false},{"head":[[0.993874,0.107838,0.024181,-0.001009],[-0.110508,0.967027,0.229451,-0.004894],[0.00136,-0.230717,0.97302,-0.001491],[0.0,0.0,0.0,1.0]],"antennas":[-1.436514,1.573821],"body_yaw":0.121008,"check_collision":false},{"head":[[0.993832,0.108308,0.023839,-0.000965],[-0.110888,0.967277,0.228208,-0.004909],[0.001658,-0.229444,0.973321,-0.001395],[0.0,0.0,0.0,1.0]],"antennas":[-1.436514,1.573821],"body_yaw":0.121008,"check_collision":false},{"head":[[0.993792,0.108499,0.024616,-0.000982],[-0.111252,0.966994,0.22923,-0.00497],[0.001067,-0.230545,0.973061,-0.001379],[0.0,0.0,0.0,1.0]],"antennas":[-1.436514,1.573821],"body_yaw":0.121008,"check_collision":false},{"head":[[0.993731,0.108501,0.026946,-0.000968],[-0.111793,0.966516,0.230973,-0.004802],[-0.000983,-0.232537,0.972587,-0.001511],[0.0,0.0,0.0,1.0]],"antennas":[-1.436514,1.573821],"body_yaw":0.121008,"check_collision":false},{"head":[[0.993443,0.108506,0.036025,-0.001108],[-0.113973,0.964773,0.237114,-0.004927],[-0.009028,-0.239665,0.970814,-0.001534],[0.0,0.0,0.0,1.0]],"antennas":[-1.436514,1.573821],"body_yaw":0.121008,"check_collision":false},{"head":[[0.992672,0.11015,0.049696,-0.001393],[-0.119039,0.962115,0.245283,-0.00508],[-0.020795,-0.249401,0.968177,-0.00163],[0.0,0.0,0.0,1.0]],"antennas":[-1.436514,1.573821],"body_yaw":0.121008,"check_collision":false},{"head":[[0.992189,0.109629,0.059516,-0.001586],[-0.121231,0.959841,0.253,-0.005278],[-0.02939,-0.258239,0.965634,-0.001717],[0.0,0.0,0.0,1.0]],"antennas":[-1.436514,1.573821],"body_yaw":0.121008,"check_collision":false},{"head":[[0.991764,0.111132,0.063668,-0.001721],[-0.124102,0.956729,0.263188,-0.005862],[-0.031664,-0.268922,0.962641,-0.001625],[0.0,0.0,0.0,1.0]],"antennas":[-1.436514,1.573821],"body_yaw":0.121008,"check_collision":false},{"head":[[0.991245,0.113113,0.068104,-0.001915],[-0.12764,0.952897,0.27513,-0.006298],[-0.033776,-0.281414,0.958992,-0.001589],[0.0,0.0,0.0,1.0]],"antennas":[-1.436514,1.562287],"body_yaw":0.121008,"check_collision":false},{"head":[[0.991251,0.112629,0.068814,-0.002079],[-0.127648,0.950646,0.282803,-0.006722],[-0.033566,-0.289113,0.956706,-0.001628],[0.0,0.0,0.0,1.0]],"antennas":[-1.430072,1.513871],"body_yaw":0.121008,"check_collision":false},{"head":[[0.991893,0.1104,0.062924,-0.002097],[-0.123709,0.952117,0.279588,-0.007046],[-0.029044,-0.285106,0.958056,-0.00141],[0.0,0.0,0.0,1.0]],"antennas":[-1.404334,1.42935],"body_yaw":0.121008,"check_collision":false},{"head":[[0.993052,0.106696,0.049626,-0.001739],[-0.116061,0.957653,0.263498,-0.006602],[-0.01941,-0.267426,0.963383,-0.001287],[0.0,0.0,0.0,1.0]],"antennas":[-1.334947,1.340265],"body_yaw":0.121008,"check_collision":false},{"head":[[0.994209,0.103744,0.02802,-0.000989],[-0.107411,0.967388,0.229398,-0.00581],[-0.003308,-0.231079,0.972929,-0.001164],[0.0,0.0,0.0,1.0]],"antennas":[-1.230949,1.251762],"body_yaw":0.121008,"check_collision":false},{"head":[[0.995077,0.099109,-1.3e-05,-4.2e-05],[-0.097431,0.978257,0.183086,-0.005084],[0.018158,-0.182183,0.983097,-0.001112],[0.0,0.0,0.0,1.0]],"antennas":[-1.129082,1.165072],"body_yaw":0.121008,"check_collision":false},{"head":[[0.995373,0.091686,-0.028744,0.000855],[-0.087096,0.987268,0.133101,-0.004211],[0.040582,-0.129982,0.990686,-0.001516],[0.0,0.0,0.0,1.0]],"antennas":[-1.02452,1.076088],"body_yaw":0.121008,"check_collision":false},{"head":[[0.994945,0.086349,-0.051269,0.001886],[-0.081756,0.992953,0.085792,-0.003531],[0.058316,-0.081167,0.994993,-0.00209],[0.0,0.0,0.0,1.0]],"antennas":[-0.920485,0.987554],"body_yaw":0.121008,"check_collision":false},{"head":[[0.994463,0.082474,-0.065118,0.002623],[-0.079504,0.995727,0.04697,-0.003101],[0.068713,-0.041533,0.996772,-0.00236],[0.0,0.0,0.0,1.0]],"antennas":[-0.816674,0.89921],"body_yaw":0.121008,"check_collision":false},{"head":[[0.994074,0.07932,-0.074327,0.00304],[-0.078371,0.996802,0.015599,-0.002352],[0.075327,-0.009682,0.997112,-0.002714],[0.0,0.0,0.0,1.0]],"antennas":[-0.712518,0.810572],"body_yaw":0.121008,"check_collision":false},{"head":[[0.993769,0.076527,-0.08104,0.00327],[-0.077782,0.996893,-0.012443,-0.001824],[0.079836,0.018669,0.996633,-0.002679],[0.0,0.0,0.0,1.0]],"antennas":[-0.624092,0.722175],"body_yaw":0.121008,"check_collision":false},{"head":[[0.993428,0.074286,-0.087076,0.003426],[-0.077531,0.996393,-0.034493,-0.001363],[0.0842,0.041017,0.995604,-0.002659],[0.0,0.0,0.0,1.0]],"antennas":[-0.572697,0.632983],"body_yaw":0.121008,"check_collision":false},{"head":[[0.993182,0.072367,-0.091391,0.003545],[-0.077266,0.995692,-0.051252,-0.000956],[0.087288,0.057964,0.994495,-0.002678],[0.0,0.0,0.0,1.0]],"antennas":[-0.560184,0.544521],"body_yaw":0.121008,"check_collision":false},{"head":[[0.993021,0.07033,-0.09467,0.003755],[-0.076673,0.994927,-0.065122,-0.000904],[0.089609,0.071926,0.993376,-0.002649],[0.0,0.0,0.0,1.0]],"antennas":[-0.560184,0.479695],"body_yaw":0.121008,"check_collision":false},{"head":[[0.992963,0.068205,-0.096815,0.003987],[-0.076011,0.993943,-0.079366,-0.000885],[0.090815,0.086166,0.992133,-0.00285],[0.0,0.0,0.0,1.0]],"antennas":[-0.560184,0.477955],"body_yaw":0.121008,"check_collision":false},{"head":[[0.992752,0.067391,-0.099504,0.004172],[-0.076466,0.992966,-0.090394,-0.000691],[0.092712,0.097347,0.990923,-0.002901],[0.0,0.0,0.0,1.0]],"antennas":[-0.560184,0.477955],"body_yaw":0.121008,"check_collision":false},{"head":[[0.992602,0.066792,-0.10139,0.004137],[-0.076733,0.992269,-0.097542,-0.000719],[0.094091,0.104601,0.990053,-0.002792],[0.0,0.0,0.0,1.0]],"antennas":[-0.560184,0.477955],"body_yaw":0.121008,"check_collision":false},{"head":[[0.992481,0.065645,-0.103306,0.004125],[-0.07643,0.991619,-0.104161,-0.000693],[0.095603,0.111274,0.989181,-0.003003],[0.0,0.0,0.0,1.0]],"antennas":[-0.560184,0.477955],"body_yaw":0.121008,"check_collision":false},{"head":[[0.992524,0.064934,-0.103341,0.004127],[-0.076227,0.991074,-0.109374,-0.000585],[0.095316,0.116434,0.988614,-0.002895],[0.0,0.0,0.0,1.0]],"antennas":[-0.560184,0.477955],"body_yaw":0.121008,"check_collision":false},{"head":[[0.992681,0.064677,-0.101985,0.004151],[-0.076172,0.990651,-0.113174,-0.000439],[0.093712,0.120114,0.988327,-0.002903],[0.0,0.0,0.0,1.0]],"antennas":[-0.560184,0.477955],"body_yaw":0.121008,"check_collision":false},{"head":[[0.992778,0.065184,-0.100713,0.004025],[-0.07673,0.990353,-0.115385,-0.000371],[0.09222,0.122279,0.988202,-0.002758],[0.0,0.0,0.0,1.0]],"antennas":[-0.560184,0.477955],"body_yaw":0.121008,"check_collision":false},{"head":[[0.992872,0.066078,-0.099188,0.003996],[-0.077557,0.990131,-0.116724,-0.000531],[0.090496,0.123585,0.988199,-0.002769],[0.0,0.0,0.0,1.0]],"antennas":[-0.560184,0.477955],"body_yaw":0.121008,"check_collision":false},{"head":[[0.992951,0.066738,-0.097955,0.004017],[-0.07822,0.98987,-0.118489,-0.000525],[0.089055,0.125316,0.988112,-0.002786],[0.0,0.0,0.0,1.0]],"antennas":[-0.560184,0.477955],"body_yaw":0.121008,"check_collision":false},{"head":[[0.993051,0.066702,-0.096962,0.003967],[-0.078185,0.989701,-0.119912,-0.000393],[0.087965,0.12666,0.988038,-0.002724],[0.0,0.0,0.0,1.0]],"antennas":[-0.560184,0.477955],"body_yaw":0.121008,"check_collision":false},{"head":[[0.993219,0.066384,-0.095441,0.00401],[-0.077746,0.989635,-0.120738,-0.00048],[0.086437,0.12734,0.988086,-0.002816],[0.0,0.0,0.0,1.0]],"antennas":[-0.560184,0.477955],"body_yaw":0.121008,"check_collision":false},{"head":[[0.993373,0.065947,-0.094132,0.004042],[-0.07718,0.989628,-0.121162,-0.000524],[0.085165,0.127625,0.988159,-0.003008],[0.0,0.0,0.0,1.0]],"antennas":[-0.560184,0.477955],"body_yaw":0.121008,"check_collision":false},{"head":[[0.993529,0.065477,-0.092801,0.00404],[-0.076555,0.989654,-0.121341,-0.000344],[0.083896,0.12766,0.988263,-0.002941],[0.0,0.0,0.0,1.0]],"antennas":[-0.560184,0.477955],"body_yaw":0.121008,"check_collision":false},{"head":[[0.993626,0.064999,-0.092097,0.003998],[-0.076049,0.989606,-0.122051,-0.000207],[0.083206,0.128277,0.988242,-0.002859],[0.0,0.0,0.0,1.0]],"antennas":[-0.560184,0.477955],"body_yaw":0.121008,"check_collision":false},{"head":[[0.993672,0.064125,-0.09222,0.003901],[-0.075285,0.989531,-0.123125,-0.000147],[0.083359,0.129289,0.988097,-0.002905],[0.0,0.0,0.0,1.0]],"antennas":[-0.560184,0.477955],"body_yaw":0.121008,"check_collision":false},{"head":[[0.99369,0.062936,-0.092835,0.00387],[-0.074338,0.989372,-0.124968,4.8e-05],[0.083983,0.131081,0.987808,-0.00291],[0.0,0.0,0.0,1.0]],"antennas":[-0.560184,0.477955],"body_yaw":0.121008,"check_collision":false},{"head":[[0.993733,0.061851,-0.093106,0.003725],[-0.073454,0.989197,-0.12686,0.00019],[0.084253,0.132904,0.987541,-0.002796],[0.0,0.0,0.0,1.0]],"antennas":[-0.560184,0.477955],"body_yaw":0.121008,"check_collision":false},{"head":[[0.993826,0.060879,-0.092754,0.003674],[-0.072574,0.989058,-0.128443,0.000304],[0.083919,0.134382,0.98737,-0.002828],[0.0,0.0,0.0,1.0]],"antennas":[-0.560184,0.477955],"body_yaw":0.121008,"check_collision":false},{"head":[[0.993921,0.059261,-0.092788,0.003636],[-0.071063,0.989023,-0.129553,0.000192],[0.084092,0.135359,0.987222,-0.002945],[0.0,0.0,0.0,1.0]],"antennas":[-0.560184,0.477955],"body_yaw":0.121008,"check_collision":false},{"head":[[0.993956,0.057608,-0.093447,0.003436],[-0.069549,0.989069,-0.130024,0.000342],[0.084935,0.135737,0.987098,-0.002655],[0.0,0.0,0.0,1.0]],"antennas":[-0.560184,0.477955],"body_yaw":0.121008,"check_collision":false},{"head":[[0.993952,0.055448,-0.09479,0.003068],[-0.067673,0.989063,-0.131051,0.000567],[0.086487,0.136674,0.986834,-0.002546],[0.0,0.0,0.0,1.0]],"antennas":[-0.560184,0.477955],"body_yaw":0.121008,"check_collision":false},{"head":[[0.993864,0.053447,-0.096837,0.002647],[-0.065923,0.989241,-0.130598,0.000872],[0.088816,0.136181,0.986695,-0.002521],[0.0,0.0,0.0,1.0]],"antennas":[-0.560184,0.477955],"body_yaw":0.121008,"check_collision":false},{"head":[[0.993742,0.052032,-0.098839,0.002249],[-0.064776,0.989338,-0.130443,0.001029],[0.090998,0.136029,0.986517,-0.002419],[0.0,0.0,0.0,1.0]],"antennas":[-0.560184,0.477955],"body_yaw":0.121008,"check_collision":false},{"head":[[0.993659,0.050922,-0.100244,0.001787],[-0.063865,0.989395,-0.13046,0.001218],[0.092537,0.136035,0.986373,-0.002351],[0.0,0.0,0.0,1.0]],"antennas":[-0.560184,0.477955],"body_yaw":0.121008,"check_collision":false},{"head":[[0.993619,0.050233,-0.100988,0.001171],[-0.0632,0.989549,-0.12961,0.001294],[0.093422,0.135165,0.986409,-0.002229],[0.0,0.0,0.0,1.0]],"antennas":[-0.560184,0.477955],"body_yaw":0.121008,"check_collision":false},{"head":[[0.993621,0.050681,-0.100743,0.000564],[-0.063416,0.989807,-0.127516,0.001394],[0.093253,0.133092,0.986707,-0.00205],[0.0,0.0,0.0,1.0]],"antennas":[-0.560184,0.477955],"body_yaw":0.121008,"check_collision":false},{"head":[[0.993748,0.051349,-0.09914,-2.3e-05],[-0.063625,0.990124,-0.124922,0.001508],[0.091747,0.130449,0.987201,-0.001805],[0.0,0.0,0.0,1.0]],"antennas":[-0.560184,0.477955],"body_yaw":0.121008,"check_collision":false},{"head":[[0.993949,0.052776,-0.096328,-0.000595],[-0.064531,0.990269,-0.123302,0.001643],[0.088883,0.128772,0.987683,-0.001543],[0.0,0.0,0.0,1.0]],"antennas":[-0.560184,0.477955],"body_yaw":0.121008,"check_collision":false},{"head":[[0.994182,0.0544,-0.092972,-0.001042],[-0.065679,0.990242,-0.122912,0.001817],[0.085378,0.128303,0.988053,-0.001432],[0.0,0.0,0.0,1.0]],"antennas":[-0.560184,0.477955],"body_yaw":0.121008,"check_collision":false},{"head":[[0.994385,0.055263,-0.090245,-0.001305],[-0.066164,0.990242,-0.122647,0.001865],[0.082587,0.12793,0.988339,-0.001339],[0.0,0.0,0.0,1.0]],"antennas":[-0.560184,0.477955],"body_yaw":0.121008,"check_collision":false},{"head":[[0.994512,0.055664,-0.088588,-0.001549],[-0.066279,0.990341,-0.121788,0.001917],[0.080953,0.126991,0.988595,-0.001109],[0.0,0.0,0.0,1.0]],"antennas":[-0.560184,0.477955],"body_yaw":0.121008,"check_collision":false},{"head":[[0.994624,0.055772,-0.087253,-0.001909],[-0.066137,0.990469,-0.120818,0.002044],[0.079683,0.125939,0.988833,-0.00082],[0.0,0.0,0.0,1.0]],"antennas":[-0.560184,0.477955],"body_yaw":0.121008,"check_collision":false},{"head":[[0.994787,0.056358,-0.084987,-0.002367],[-0.066382,0.990534,-0.120147,0.002137],[0.077411,0.125162,0.989112,-0.000751],[0.0,0.0,0.0,1.0]],"antennas":[-0.560184,0.477955],"body_yaw":0.121008,"check_collision":false},{"head":[[0.994943,0.05775,-0.082175,-0.002718],[-0.067305,0.990646,-0.118702,0.002236],[0.074551,0.123633,0.989524,-0.000683],[0.0,0.0,0.0,1.0]],"antennas":[-0.560184,0.477955],"body_yaw":0.121008,"check_collision":false},{"head":[[0.995018,0.059221,-0.0802,-0.003037],[-0.068296,0.990946,-0.11559,0.002383],[0.072628,0.120492,0.990054,-0.000506],[0.0,0.0,0.0,1.0]],"antennas":[-0.560184,0.477955],"body_yaw":0.121008,"check_collision":false},{"head":[[0.995015,0.060318,-0.079417,-0.003454],[-0.069051,0.991276,-0.112264,0.002565],[0.071953,0.117188,0.9905,-0.000302],[0.0,0.0,0.0,1.0]],"antennas":[-0.560184,0.477955],"body_yaw":0.121008,"check_collision":false},{"head":[[0.994999,0.060916,-0.079165,-0.004043],[-0.069286,0.991768,-0.107685,0.002691],[0.071954,0.112632,0.991028,4.4e-05],[0.0,0.0,0.0,1.0]],"antennas":[-0.560184,0.477955],"body_yaw":0.121008,"check_collision":false},{"head":[[0.994985,0.061215,-0.079101,-0.004606],[-0.069273,0.992214,-0.1035,0.002792],[0.072149,0.10846,0.991479,0.000487],[0.0,0.0,0.0,1.0]],"antennas":[-0.560184,0.477955],"body_yaw":0.121008,"check_collision":false},{"head":[[0.994924,0.061283,-0.079814,-0.005124],[-0.069122,0.992636,-0.09948,0.002925],[0.073129,0.104492,0.991833,0.00085],[0.0,0.0,0.0,1.0]],"antennas":[-0.560184,0.477955],"body_yaw":0.121008,"check_collision":false},{"head":[[0.994814,0.061918,-0.080689,-0.00554],[-0.069639,0.992876,-0.096683,0.003065],[0.074127,0.101801,0.992039,0.001009],[0.0,0.0,0.0,1.0]],"antennas":[-0.560184,0.477955],"body_yaw":0.121008,"check_collision":false},{"head":[[0.994807,0.062836,-0.080063,-0.005775],[-0.0704,0.992942,-0.095449,0.003165],[0.0735,0.10059,0.992209,0.00102],[0.0,0.0,0.0,1.0]],"antennas":[-0.560184,0.477955],"body_yaw":0.121008,"check_collision":false},{"head":[[0.994812,0.063735,-0.079288,-0.005845],[-0.071204,0.992903,-0.095254,0.00327],[0.072654,0.100406,0.99229,0.000993],[0.0,0.0,0.0,1.0]],"antennas":[-0.560184,0.477955],"body_yaw":0.121008,"check_collision":false},{"head":[[0.994787,0.06431,-0.079139,-0.005968],[-0.071756,0.992873,-0.095156,0.003354],[0.072455,0.100338,0.992312,0.001034],[0.0,0.0,0.0,1.0]],"antennas":[-0.560184,0.477955],"body_yaw":0.121008,"check_collision":false},{"head":[[0.994773,0.064111,-0.079482,-0.00613],[-0.071594,0.992883,-0.095174,0.003407],[0.072814,0.100367,0.992282,0.001061],[0.0,0.0,0.0,1.0]],"antennas":[-0.560184,0.477955],"body_yaw":0.121008,"check_collision":false},{"head":[[0.994817,0.063957,-0.079043,-0.006213],[-0.071452,0.992819,-0.095944,0.003538],[0.072339,0.101094,0.992243,0.00098],[0.0,0.0,0.0,1.0]],"antennas":[-0.560184,0.477955],"body_yaw":0.121008,"check_collision":false},{"head":[[0.994867,0.064113,-0.078285,-0.006204],[-0.071636,0.992663,-0.097406,0.003636],[0.071465,0.102514,0.992161,0.000905],[0.0,0.0,0.0,1.0]],"antennas":[-0.560184,0.477955],"body_yaw":0.121008,"check_collision":false}]}