{"description":"A fast movement that lets you ask a question.","time":[0.0,0.02,0.04,0.06,0.08,0.1,0.12,0.14,0.16,0.18,0.2,0.22,0.24,0.26,0.28,0.3,0.32,0.34,0.36,0.38,0.4,0.42,0.44,0.46,0.48,0.5,0.52,0.54,0.56,0.58,0.6,0.62,0.64,0.66,0.68,0.7,0.72,0.74,0.76,0.78,0.8,0.82,0.84,0.86,0.88,0.9,0.92,0.94,0.96,0.98,1.0,1.02,1.04,1.06,1.08,1.1,1.12,1.14,1.16,1.18,1.2,1.22,1.24,1.26,1.28,1.3,1.32,1.34,1.36,1.38,1.4,1.42,1.44,1.46,1.48,1.5,1.52,1.54,1.56,1.58,1.6,1.62,1.64,1.66,1.68,1.7,1.72,1.74,1.76,1.78,1.8,1.82,1.84,1.86,1.88,1.9,1.92,1.94,1.96,1.98,2.0,2.02,2.04,2.06,2.08,2.1,2.12,2.14,2.16,2.18,2.2,2.22,2.24,2.26,2.28,2.3,2.32,2.34,2.36,2.38,2.4,2.42,2.44,2.46,2.48,2.5,2.52,2.54,2.56,2.58,2.6,2.62,2.64,2.66,2.68,2.7,2.72,2.74,2.76,2.78,2.8,2.82,2.84,2.86,2.88,2.9,2.92],"set_target_data":[{"head":[[0.999785,-0.007231,0.019418,-0.006963],[0.008384,0.998165,-0.059968,0.005638],[-0.018948,0.060118,0.998011,0.008306],[0.0,0.0,0.0,1.0]],"antennas":[-0.10699,0.53189],"body_yaw":0.121008,"check_collision":false},{"head":[[0.999829,-0.006053,0.017502,-0.006921],[0.007004,0.998471,-0.054839,0.005259],[-0.017144,0.054952,0.998342,0.008604],[0.0,0.0,0.0,1.0]],"antennas":[-0.10699,0.53189],"body_yaw":0.121008,"check_collision":false},{"head":[[0.999872,-0.004942,0.015224,-0.006978],[0.005678,0.998797,-0.04871,0.005111],[-0.014965,0.04879,0.998697,0.008653],[0.0,0.0,0.0,1.0]],"antennas":[-0.10699,0.53189],"body_yaw":0.121008,"check_collision":false},{"head":[[0.999898,-0.003714,0.01378,-0.006952],[0.004301,0.999074,-0.042818,0.004924],[-0.013609,0.042873,0.998988,0.008679],[0.0,0.0,0.0,1.0]],"antennas":[-0.10699,0.53189],"body_yaw":0.121008,"check_collision":false},{"head":[[0.999922,-0.00245,0.012217,-0.006887],[0.002893,0.999335,-0.036353,0.004771],[-0.01212,0.036386,0.999264,0.008694],[0.0,0.0,0.0,1.0]],"antennas":[-0.10699,0.53189],"body_yaw":0.121008,"check_collision":false},{"head":[[0.999953,-0.001042,0.009682,-0.006957],[0.001323,0.999577,-0.029067,0.005063],[-0.009647,0.029079,0.999531,0.008641],[0.0,0.0,0.0,1.0]],"antennas":[-0.10699,0.53189],"body_yaw":0.121008,"check_collision":false},{"head":[[0.999974,0.000146,0.007185,-0.006857],[1.4e-05,0.999754,-0.022171,0.005104],[-0.007187,0.02217,0.999728,0.00865],[0.0,0.0,0.0,1.0]],"antennas":[-0.10699,0.53189],"body_yaw":0.121008,"check_collision":false},{"head":[[0.999986,0.000756,0.005305,-0.006796],[-0.000658,0.99983,-0.018448,0.005027],[-0.005318,0.018444,0.999816,0.008723],[0.0,0.0,0.0,1.0]],"antennas":[-0.10699,0.53189],"body_yaw":0.121008,"check_collision":false},{"head":[[0.999992,0.000986,0.003951,-0.006847],[-0.00092,0.999863,-0.016498,0.005456],[-0.003967,0.016495,0.999856,0.008378],[0.0,0.0,0.0,1.0]],"antennas":[-0.10699,0.53189],"body_yaw":0.121008,"check_collision":false},{"head":[[0.999992,0.00104,0.003734,-0.006747],[-0.000981,0.999874,-0.015824,0.005163],[-0.00375,0.01582,0.999868,0.008437],[0.0,0.0,0.0,1.0]],"antennas":[-0.10699,0.53189],"body_yaw":0.121008,"check_collision":false},{"head":[[0.999991,0.000537,0.004286,-0.006766],[-0.000467,0.999865,-0.016424,0.005141],[-0.004294,0.016422,0.999856,0.008366],[0.0,0.0,0.0,1.0]],"antennas":[-0.10699,0.53189],"body_yaw":0.121008,"check_collision":false},{"head":[[0.99999,0.000213,0.004534,-0.006827],[-0.000135,0.999852,-0.017217,0.005225],[-0.004537,0.017216,0.999841,0.008389],[0.0,0.0,0.0,1.0]],"antennas":[-0.10699,0.53189],"body_yaw":0.121008,"check_collision":false},{"head":[[0.99999,-0.000143,0.004534,-0.006847],[0.000223,0.999846,-0.017571,0.005238],[-0.004531,0.017572,0.999835,0.008404],[0.0,0.0,0.0,1.0]],"antennas":[-0.10699,0.53189],"body_yaw":0.121008,"check_collision":false},{"head":[[0.999988,-0.000643,0.00483,-0.006932],[0.00073,0.999836,-0.018091,0.005762],[-0.004818,0.018094,0.999825,0.008091],[0.0,0.0,0.0,1.0]],"antennas":[-0.10699,0.53189],"body_yaw":0.121008,"check_collision":false},{"head":[[0.999984,-0.000953,0.005566,-0.006892],[0.001056,0.999827,-0.018571,0.005727],[-0.005547,0.018576,0.999812,0.008071],[0.0,0.0,0.0,1.0]],"antennas":[-0.10699,0.53189],"body_yaw":0.121008,"check_collision":false},{"head":[[0.99998,-0.001317,0.00612,-0.006918],[0.001435,0.999813,-0.019308,0.006031],[-0.006093,0.019317,0.999795,0.007987],[0.0,0.0,0.0,1.0]],"antennas":[-0.10699,0.53189],"body_yaw":0.121008,"check_collision":false},{"head":[[0.999977,-0.001767,0.006514,-0.006788],[0.001895,0.999804,-0.019717,0.005779],[-0.006478,0.019729,0.999784,0.008154],[0.0,0.0,0.0,1.0]],"antennas":[-0.10699,0.53189],"body_yaw":0.121008,"check_collision":false},{"head":[[0.999973,-0.002131,0.007086,-0.006824],[0.002271,0.999802,-0.019755,0.005972],[-0.007043,0.01977,0.99978,0.00798],[0.0,0.0,0.0,1.0]],"antennas":[-0.10699,0.53189],"body_yaw":0.121008,"check_collision":false},{"head":[[0.999968,-0.00245,0.007596,-0.00688],[0.0026,0.999799,-0.01988,0.006231],[-0.007546,0.019899,0.999774,0.007806],[0.0,0.0,0.0,1.0]],"antennas":[-0.10699,0.53189],"body_yaw":0.121008,"check_collision":false},{"head":[[0.999961,-0.002996,0.008341,-0.006861],[0.003162,0.999797,-0.019923,0.006254],[-0.008279,0.019949,0.999767,0.007718],[0.0,0.0,0.0,1.0]],"antennas":[-0.10699,0.53189],"body_yaw":0.121008,"check_collision":false},{"head":[[0.999952,-0.003198,0.009212,-0.006994],[0.003382,0.999795,-0.019988,0.006653],[-0.009146,0.020018,0.999758,0.007605],[0.0,0.0,0.0,1.0]],"antennas":[-0.10699,0.53189],"body_yaw":0.121008,"check_collision":false},{"head":[[0.999955,-0.00256,0.009147,-0.007005],[0.002725,0.999832,-0.018144,0.006169],[-0.009099,0.018168,0.999794,0.007841],[0.0,0.0,0.0,1.0]],"antennas":[-0.10699,0.53189],"body_yaw":0.121008,"check_collision":false},{"head":[[0.999963,-0.001465,0.008519,-0.006951],[0.001589,0.999893,-0.014562,0.005992],[-0.008496,0.014575,0.999858,0.007961],[0.0,0.0,0.0,1.0]],"antennas":[-0.10699,0.53189],"body_yaw":0.121008,"check_collision":false},{"head":[[0.999969,-0.000755,0.007856,-0.006905],[0.000839,0.999943,-0.010655,0.005901],[-0.007847,0.010662,0.999912,0.007966],[0.0,0.0,0.0,1.0]],"antennas":[-0.10699,0.53189],"body_yaw":0.121008,"check_collision":false},{"head":[[0.999974,-0.00013,0.00726,-0.006828],[0.00018,0.999976,-0.006898,0.005754],[-0.007258,0.006899,0.99995,0.007919],[0.0,0.0,0.0,1.0]],"antennas":[-0.10699,0.53189],"body_yaw":0.121008,"check_collision":false},{"head":[[0.999983,0.000654,0.005859,-0.006776],[-0.000645,0.999999,-0.001498,0.005614],[-0.00586,0.001494,0.999982,0.007919],[0.0,0.0,0.0,1.0]],"antennas":[-0.10699,0.53189],"body_yaw":0.121008,"check_collision":false},{"head":[[0.999992,0.002622,0.003009,-0.006747],[-0.002644,0.999968,0.007556,0.005678],[-0.002989,-0.007563,0.999967,0.007903],[0.0,0.0,0.0,1.0]],"antennas":[-0.10699,0.53189],"body_yaw":0.121008,"check_collision":false},{"head":[[0.999989,0.004695,0.000405,-0.006806],[-0.004701,0.999861,0.015983,0.005766],[-0.00033,-0.015985,0.999872,0.007906],[0.0,0.0,0.0,1.0]],"antennas":[-0.10699,0.53189],"body_yaw":0.121008,"check_collision":false},{"head":[[0.999986,0.00525,-0.00059,-0.006756],[-0.005237,0.999774,0.02061,0.005719],[0.000698,-0.020606,0.999787,0.00794],[0.0,0.0,0.0,1.0]],"antennas":[-0.10699,0.53189],"body_yaw":0.121008,"check_collision":false},{"head":[[0.999987,0.005035,-0.000581,-0.006687],[-0.00502,0.999731,0.022661,0.00605],[0.000695,-0.022657,0.999743,0.007473],[0.0,0.0,0.0,1.0]],"antennas":[-0.10699,0.53189],"body_yaw":0.121008,"check_collision":false},{"head":[[0.999992,0.003901,0.000599,-0.006651],[-0.003914,0.999749,0.022037,0.005972],[-0.000513,-0.022039,0.999757,0.007424],[0.0,0.0,0.0,1.0]],"antennas":[-0.10699,0.53189],"body_yaw":0.121008,"check_collision":false},{"head":[[0.999995,0.00198,0.002271,-0.006638],[-0.002025,0.999792,0.020282,0.006046],[-0.00223,-0.020286,0.999792,0.007562],[0.0,0.0,0.0,1.0]],"antennas":[-0.10699,0.53189],"body_yaw":0.121008,"check_collision":false},{"head":[[0.99999,0.000102,0.004358,-0.006576],[-0.000177,0.999852,0.017224,0.006006],[-0.004356,-0.017224,0.999842,0.007673],[0.0,0.0,0.0,1.0]],"antennas":[-0.10699,0.53189],"body_yaw":0.121008,"check_collision":false},{"head":[[0.999978,-0.001587,0.006469,-0.006529],[0.001503,0.999915,0.012962,0.005955],[-0.00649,-0.012952,0.999895,0.007737],[0.0,0.0,0.0,1.0]],"antennas":[-0.10699,0.53189],"body_yaw":0.121008,"check_collision":false},{"head":[[0.999954,-0.003049,0.009096,-0.006557],[0.002985,0.999971,0.007046,0.006093],[-0.009118,-0.007018,0.999934,0.007569],[0.0,0.0,0.0,1.0]],"antennas":[-0.10699,0.53189],"body_yaw":0.121008,"check_collision":false},{"head":[[0.99992,-0.003389,0.012173,-0.006599],[0.0034,0.999994,-0.00085,0.006172],[-0.01217,0.000891,0.999926,0.007468],[0.0,0.0,0.0,1.0]],"antennas":[-0.10699,0.546109],"body_yaw":0.121008,"check_collision":false},{"head":[[0.99986,-0.003419,0.016398,-0.006604],[0.003617,0.999921,-0.012052,0.006148],[-0.016355,0.01211,0.999793,0.007502],[0.0,0.0,0.0,1.0]],"antennas":[-0.10699,0.587252],"body_yaw":0.121008,"check_collision":false},{"head":[[0.999763,-0.00393,0.021424,-0.006581],[0.004454,0.999691,-0.024435,0.006218],[-0.021322,0.024525,0.999472,0.007452],[0.0,0.0,0.0,1.0]],"antennas":[-0.10699,0.655023],"body_yaw":0.121008,"check_collision":false},{"head":[[0.999675,-0.004367,0.025119,-0.006549],[0.005218,0.999412,-0.033899,0.006215],[-0.024956,0.034019,0.99911,0.007489],[0.0,0.0,0.0,1.0]],"antennas":[-0.10699,0.743928],"body_yaw":0.121008,"check_collision":false},{"head":[[0.999611,-0.00458,0.027508,-0.006549],[0.005725,0.999113,-0.041711,0.006323],[-0.027292,0.041852,0.998751,0.007498],[0.0,0.0,0.0,1.0]],"antennas":[-0.10699,0.841233],"body_yaw":0.121008,"check_collision":false},{"head":[[0.999561,-0.004538,0.029275,-0.006516],[0.005965,0.998789,-0.048836,0.006448],[-0.029018,0.048989,0.998378,0.007502],[0.0,0.0,0.0,1.0]],"antennas":[-0.10699,0.938996],"body_yaw":0.121008,"check_collision":false},{"head":[[0.999491,-0.004857,0.031534,-0.006481],[0.006592,0.998455,-0.055171,0.006554],[-0.031217,0.05535,0.997979,0.00746],[0.0,0.0,0.0,1.0]],"antennas":[-0.10699,1.036234],"body_yaw":0.121008,"check_collision":false},{"head":[[0.999231,-0.006985,0.038571,-0.006523],[0.009552,0.997722,-0.066786,0.006621],[-0.038017,0.067103,0.997022,0.007219],[0.0,0.0,0.0,1.0]],"antennas":[-0.10699,1.133856],"body_yaw":0.121008,"check_collision":false},{"head":[[0.998832,-0.009941,0.047293,-0.006473],[0.013835,0.996475,-0.082738,0.006641],[-0.046304,0.083296,0.995449,0.006945],[0.0,0.0,0.0,1.0]],"antennas":[-0.10699,1.231393],"body_yaw":0.121008,"check_collision":false},{"head":[[0.998353,-0.012492,0.055998,-0.006439],[0.018044,0.994847,-0.099768,0.006895],[-0.054463,0.100614,0.993434,0.006771],[0.0,0.0,0.0,1.0]],"antennas":[-0.10699,1.329168],"body_yaw":0.121008,"check_collision":false},{"head":[[0.997959,-0.013797,0.062344,-0.006361],[0.020978,0.993022,-0.116049,0.007096],[-0.060307,0.11712,0.991285,0.006644],[0.0,0.0,0.0,1.0]],"antennas":[-0.10699,1.426656],"body_yaw":0.121008,"check_collision":false},{"head":[[0.997782,-0.01428,0.065013,-0.006158],[0.022638,0.991297,-0.129685,0.006854],[-0.062595,0.13087,0.989422,0.006714],[0.0,0.0,0.0,1.0]],"antennas":[-0.10699,1.52402],"body_yaw":0.121008,"check_collision":false},{"head":[[0.99767,-0.013801,0.066818,-0.005981],[0.023318,0.98933,-0.143815,0.00668],[-0.06412,0.145038,0.987346,0.006775],[0.0,0.0,0.0,1.0]],"antennas":[-0.10699,1.621867],"body_yaw":0.121008,"check_collision":false},{"head":[[0.997435,-0.012843,0.070416,-0.005853],[0.023944,0.986963,-0.159155,0.006785],[-0.067454,0.160432,0.984739,0.006719],[0.0,0.0,0.0,1.0]],"antennas":[-0.10699,1.720736],"body_yaw":0.121008,"check_collision":false},{"head":[[0.997228,-0.011915,0.073443,-0.005835],[0.024416,0.984838,-0.171752,0.00696],[-0.070283,0.17307,0.982399,0.006676],[0.0,0.0,0.0,1.0]],"antennas":[-0.10699,1.820032],"body_yaw":0.121008,"check_collision":false},{"head":[[0.997101,-0.010829,0.075311,-0.005879],[0.024592,0.982561,-0.184307,0.007195],[-0.072002,0.185625,0.979979,0.006661],[0.0,0.0,0.0,1.0]],"antennas":[-0.10699,1.90721],"body_yaw":0.121008,"check_collision":false},{"head":[[0.996985,-0.009475,0.077018,-0.005703],[0.024784,0.979413,-0.20034,0.007358],[-0.073534,0.201645,0.976694,0.006609],[0.0,0.0,0.0,1.0]],"antennas":[-0.10699,1.983742],"body_yaw":0.121008,"check_collision":false},{"head":[[0.996922,-0.008002,0.077996,-0.005497],[0.024783,0.975937,-0.216639,0.007586],[-0.074386,0.217905,0.973131,0.006619],[0.0,0.0,0.0,1.0]],"antennas":[-0.10699,2.058945],"body_yaw":0.121008,"check_collision":false},{"head":[[0.996865,-0.006594,0.078849,-0.005366],[0.024732,0.972556,-0.23135,0.007727],[-0.07516,0.232574,0.96967,0.006619],[0.0,0.0,0.0,1.0]],"antennas":[-0.10699,2.133039],"body_yaw":0.121008,"check_collision":false},{"head":[[0.996823,-0.005439,0.079466,-0.005444],[0.02492,0.968877,-0.246287,0.007955],[-0.075654,0.247485,0.965934,0.006468],[0.0,0.0,0.0,1.0]],"antennas":[-0.10699,2.207674],"body_yaw":0.121008,"check_collision":false},{"head":[[0.996663,-0.004624,0.08149,-0.005408],[0.026033,0.96426,-0.263675,0.008242],[-0.077358,0.264916,0.961163,0.006549],[0.0,0.0,0.0,1.0]],"antennas":[-0.10699,2.267783],"body_yaw":0.121008,"check_collision":false},{"head":[[0.996446,-0.003272,0.084166,-0.005293],[0.026992,0.95895,-0.282288,0.0086],[-0.079788,0.283556,0.955631,0.006785],[0.0,0.0,0.0,1.0]],"antennas":[-0.10699,2.275517],"body_yaw":0.121008,"check_collision":false},{"head":[[0.996308,-0.002071,0.085825,-0.00532],[0.027556,0.954527,-0.296848,0.008928],[-0.081307,0.298117,0.95106,0.006938],[0.0,0.0,0.0,1.0]],"antennas":[-0.10699,2.275517],"body_yaw":0.121008,"check_collision":false},{"head":[[0.996161,-0.001129,0.087532,-0.005106],[0.028254,0.950549,-0.309287,0.008593],[-0.082854,0.310573,0.946932,0.007137],[0.0,0.0,0.0,1.0]],"antennas":[-0.10699,2.275517],"body_yaw":0.121008,"check_collision":false},{"head":[[0.99609,9.1e-05,0.088341,-0.005088],[0.027962,0.94826,-0.316261,0.008668],[-0.083799,0.317495,0.94455,0.007225],[0.0,0.0,0.0,1.0]],"antennas":[-0.10699,2.275517],"body_yaw":0.121008,"check_collision":false},{"head":[[0.99602,0.001096,0.089127,-0.005051],[0.027907,0.945815,-0.323505,0.008637],[-0.084653,0.324705,0.94202,0.00731],[0.0,0.0,0.0,1.0]],"antennas":[-0.10699,2.275517],"body_yaw":0.121008,"check_collision":false},{"head":[[0.995928,0.001935,0.090129,-0.005037],[0.028121,0.943215,-0.330991,0.008597],[-0.085652,0.332177,0.93932,0.007431],[0.0,0.0,0.0,1.0]],"antennas":[-0.10699,2.275517],"body_yaw":0.121008,"check_collision":false},{"head":[[0.995868,0.002813,0.090771,-0.005036],[0.027983,0.941382,-0.336178,0.008567],[-0.086396,0.337329,0.937414,0.007587],[0.0,0.0,0.0,1.0]],"antennas":[-0.10699,2.275517],"body_yaw":0.121008,"check_collision":false},{"head":[[0.995788,0.003622,0.091615,-0.005105],[0.028042,0.939307,-0.341931,0.008826],[-0.087293,0.34306,0.935249,0.007621],[0.0,0.0,0.0,1.0]],"antennas":[-0.10699,2.275517],"body_yaw":0.121008,"check_collision":false},{"head":[[0.995779,0.00466,0.091664,-0.005202],[0.027355,0.938255,-0.344861,0.008982],[-0.087611,0.345913,0.934167,0.007622],[0.0,0.0,0.0,1.0]],"antennas":[-0.10699,2.275517],"body_yaw":0.121008,"check_collision":false},{"head":[[0.995785,0.005532,0.091554,-0.005367],[0.026632,0.937738,-0.346321,0.00917],[-0.08777,0.347299,0.933638,0.007517],[0.0,0.0,0.0,1.0]],"antennas":[-0.10699,2.275517],"body_yaw":0.121008,"check_collision":false},{"head":[[0.995818,0.006147,0.091154,-0.005507],[0.02604,0.937254,-0.347674,0.00939],[-0.087572,0.348593,0.933174,0.007446],[0.0,0.0,0.0,1.0]],"antennas":[-0.10699,2.275517],"body_yaw":0.121008,"check_collision":false},{"head":[[0.995887,0.006491,0.090376,-0.005589],[0.025566,0.936774,-0.349001,0.009552],[-0.086927,0.349876,0.932754,0.007484],[0.0,0.0,0.0,1.0]],"antennas":[-0.10699,2.275517],"body_yaw":0.121008,"check_collision":false},{"head":[[0.995933,0.007059,0.089816,-0.005668],[0.024927,0.936418,-0.350001,0.009539],[-0.086576,0.350816,0.932434,0.007554],[0.0,0.0,0.0,1.0]],"antennas":[-0.10699,2.275517],"body_yaw":0.121008,"check_collision":false},{"head":[[0.995934,0.007601,0.089761,-0.005773],[0.024425,0.936323,-0.35029,0.009685],[-0.086708,0.351058,0.93233,0.007448],[0.0,0.0,0.0,1.0]],"antennas":[-0.10699,2.275517],"body_yaw":0.121008,"check_collision":false},{"head":[[0.995922,0.007918,0.089865,-0.005851],[0.024147,0.936397,-0.35011,0.00986],[-0.086921,0.350852,0.932388,0.007334],[0.0,0.0,0.0,1.0]],"antennas":[-0.10699,2.275517],"body_yaw":0.121008,"check_collision":false},{"head":[[0.995955,0.008069,0.089495,-0.005862],[0.023886,0.936354,-0.350243,0.009836],[-0.086625,0.350964,0.932373,0.007386],[0.0,0.0,0.0,1.0]],"antennas":[-0.10699,2.275517],"body_yaw":0.121008,"check_collision":false},{"head":[[0.995929,0.008141,0.089778,-0.005885],[0.023958,0.936194,-0.350666,0.009988],[-0.086904,0.351389,0.932187,0.007297],[0.0,0.0,0.0,1.0]],"antennas":[-0.10699,2.275517],"body_yaw":0.121008,"check_collision":false},{"head":[[0.995877,0.008473,0.090313,-0.005927],[0.023878,0.936028,-0.351114,0.010254],[-0.08751,0.351823,0.931967,0.007106],[0.0,0.0,0.0,1.0]],"antennas":[-0.10699,2.275517],"body_yaw":0.121008,"check_collision":false},{"head":[[0.995846,0.008977,0.090612,-0.005954],[0.023495,0.936096,-0.350958,0.010461],[-0.087972,0.351629,0.931997,0.006949],[0.0,0.0,0.0,1.0]],"antennas":[-0.10699,2.275517],"body_yaw":0.121008,"check_collision":false},{"head":[[0.995817,0.009281,0.0909,-0.005863],[0.02331,0.936107,-0.350942,0.010235],[-0.088349,0.351592,0.931975,0.007174],[0.0,0.0,0.0,1.0]],"antennas":[-0.10699,2.275517],"body_yaw":0.121008,"check_collision":false},{"head":[[0.995768,0.009435,0.091419,-0.005902],[0.023327,0.936197,-0.350701,0.010477],[-0.088895,0.35135,0.932014,0.007013],[0.0,0.0,0.0,1.0]],"antennas":[-0.10699,2.275517],"body_yaw":0.121008,"check_collision":false},{"head":[[0.995779,0.009731,0.091266,-0.005802],[0.022993,0.936209,-0.35069,0.010445],[-0.088857,0.351308,0.932034,0.007104],[0.0,0.0,0.0,1.0]],"antennas":[-0.10699,2.275517],"body_yaw":0.121008,"check_collision":false},{"head":[[0.9958,0.00963,0.09105,-0.005788],[0.022995,0.936274,-0.350518,0.01041],[-0.088623,0.35114,0.93212,0.007096],[0.0,0.0,0.0,1.0]],"antennas":[-0.10699,2.275517],"body_yaw":0.121008,"check_collision":false},{"head":[[0.995826,0.009661,0.090756,-0.005752],[0.022872,0.936235,-0.35063,0.010271],[-0.088356,0.351243,0.932106,0.007169],[0.0,0.0,0.0,1.0]],"antennas":[-0.10699,2.275517],"body_yaw":0.121008,"check_collision":false},{"head":[[0.995815,0.009802,0.090864,-0.005758],[0.02279,0.936189,-0.350759,0.010213],[-0.088504,0.351362,0.932047,0.007231],[0.0,0.0,0.0,1.0]],"antennas":[-0.10699,2.275517],"body_yaw":0.121008,"check_collision":false},{"head":[[0.995784,0.010051,0.091175,-0.005736],[0.022653,0.936246,-0.350613,0.010209],[-0.088886,0.351201,0.932072,0.007268],[0.0,0.0,0.0,1.0]],"antennas":[-0.10699,2.275517],"body_yaw":0.121008,"check_collision":false},{"head":[[0.995766,0.010116,0.091364,-0.005778],[0.022625,0.936379,-0.350261,0.010436],[-0.089094,0.350845,0.932186,0.007112],[0.0,0.0,0.0,1.0]],"antennas":[-0.10699,2.275517],"body_yaw":0.121008,"check_collision":false},{"head":[[0.995748,0.01012,0.091565,-0.005738],[0.022665,0.936484,-0.349978,0.010229],[-0.089291,0.350565,0.932272,0.00719],[0.0,0.0,0.0,1.0]],"antennas":[-0.10699,2.275517],"body_yaw":0.121008,"check_collision":false},{"head":[[0.995749,0.009932,0.091571,-0.005786],[0.022791,0.936689,-0.34942,0.010426],[-0.089244,0.350021,0.932481,0.007012],[0.0,0.0,0.0,1.0]],"antennas":[-0.10699,2.275517],"body_yaw":0.121008,"check_collision":false},{"head":[[0.995728,0.010021,0.091787,-0.005659],[0.022733,0.936886,-0.348896,0.01025],[-0.08949,0.349493,0.932656,0.007084],[0.0,0.0,0.0,1.0]],"antennas":[-0.10699,2.275517],"body_yaw":0.121008,"check_collision":false},{"head":[[0.995687,0.010335,0.092196,-0.00553],[0.022533,0.937076,-0.348397,0.010129],[-0.089996,0.348972,0.932802,0.007101],[0.0,0.0,0.0,1.0]],"antennas":[-0.10699,2.275517],"body_yaw":0.121008,"check_collision":false},{"head":[[0.995669,0.010732,0.092345,-0.005478],[0.022118,0.937449,-0.347419,0.010125],[-0.090297,0.347957,0.933152,0.00719],[0.0,0.0,0.0,1.0]],"antennas":[-0.10699,2.275517],"body_yaw":0.121008,"check_collision":false},{"head":[[0.995669,0.010923,0.092328,-0.005517],[0.021775,0.938052,-0.34581,0.010313],[-0.090386,0.346322,0.933751,0.007025],[0.0,0.0,0.0,1.0]],"antennas":[-0.10699,2.275517],"body_yaw":0.121008,"check_collision":false},{"head":[[0.995633,0.010679,0.092745,-0.005555],[0.021945,0.938832,-0.343675,0.010371],[-0.090742,0.344209,0.934498,0.006902],[0.0,0.0,0.0,1.0]],"antennas":[-0.10699,2.275517],"body_yaw":0.121008,"check_collision":false},{"head":[[0.995641,0.010641,0.092656,-0.00557],[0.021464,0.94066,-0.338671,0.010153],[-0.090762,0.339184,0.936331,0.006952],[0.0,0.0,0.0,1.0]],"antennas":[-0.10699,2.268055],"body_yaw":0.121008,"check_collision":false},{"head":[[0.995835,0.011462,0.09045,-0.005541],[0.018906,0.944543,-0.327844,0.010169],[-0.089191,0.328188,0.940392,0.006886],[0.0,0.0,0.0,1.0]],"antennas":[-0.10699,2.235943],"body_yaw":0.121008,"check_collision":false},{"head":[[0.99616,0.011593,0.086778,-0.005486],[0.016232,0.949554,-0.313184,0.010183],[-0.086032,0.31339,0.945719,0.006669],[0.0,0.0,0.0,1.0]],"antennas":[-0.10699,2.178111],"body_yaw":0.121008,"check_collision":false},{"head":[[0.996537,0.011028,0.082415,-0.005331],[0.013987,0.954807,-0.296898,0.009984],[-0.081964,0.297022,0.951346,0.006682],[0.0,0.0,0.0,1.0]],"antennas":[-0.10699,2.096491],"body_yaw":0.121008,"check_collision":false},{"head":[[0.996857,0.010287,0.078553,-0.00522],[0.012144,0.959975,-0.279821,0.010015],[-0.078287,0.279895,0.956833,0.00655],[0.0,0.0,0.0,1.0]],"antennas":[-0.10699,2.012687],"body_yaw":0.121008,"check_collision":false},{"head":[[0.997137,0.00969,0.074993,-0.005228],[0.0104,0.964758,-0.262933,0.009973],[-0.074898,0.26296,0.961895,0.006451],[0.0,0.0,0.0,1.0]],"antennas":[-0.10699,1.928871],"body_yaw":0.121008,"check_collision":false},{"head":[[0.997396,0.009768,0.071451,-0.0051],[0.00824,0.968858,-0.24748,0.009776],[-0.071643,0.247424,0.966255,0.006562],[0.0,0.0,0.0,1.0]],"antennas":[-0.10699,1.845457],"body_yaw":0.121008,"check_collision":false},{"head":[[0.997696,0.009506,0.067167,-0.005077],[0.006365,0.97265,-0.232189,0.009936],[-0.067538,0.232081,0.970349,0.006432],[0.0,0.0,0.0,1.0]],"antennas":[-0.10699,1.761533],"body_yaw":0.121008,"check_collision":false},{"head":[[0.997993,0.009535,0.062609,-0.005037],[0.004307,0.976092,-0.217317,0.009989],[-0.063184,0.21715,0.974091,0.006319],[0.0,0.0,0.0,1.0]],"antennas":[-0.10699,1.678307],"body_yaw":0.121008,"check_collision":false},{"head":[[0.998235,0.010364,0.058481,-0.005002],[0.001747,0.979108,-0.203334,0.009998],[-0.059366,0.203078,0.977361,0.006191],[0.0,0.0,0.0,1.0]],"antennas":[-0.10699,1.594311],"body_yaw":0.121008,"check_collision":false},{"head":[[0.998461,0.011229,0.054311,-0.005087],[-0.00075,0.981932,-0.189232,0.010077],[-0.055455,0.1889,0.980429,0.006293],[0.0,0.0,0.0,1.0]],"antennas":[-0.10699,1.510613],"body_yaw":0.121008,"check_collision":false},{"head":[[0.998672,0.01224,0.050036,-0.005193],[-0.003247,0.984383,-0.17601,0.010053],[-0.051409,0.175614,0.983116,0.006412],[0.0,0.0,0.0,1.0]],"antennas":[-0.10699,1.42729],"body_yaw":0.121008,"check_collision":false},{"head":[[0.998811,0.013708,0.046774,-0.00535],[-0.005794,0.986224,-0.165313,0.010156],[-0.048396,0.164845,0.985131,0.006407],[0.0,0.0,0.0,1.0]],"antennas":[-0.10699,1.343073],"body_yaw":0.121008,"check_collision":false},{"head":[[0.998941,0.014762,0.043573,-0.005526],[-0.00776,0.987617,-0.156695,0.010254],[-0.045347,0.156191,0.986685,0.006419],[0.0,0.0,0.0,1.0]],"antennas":[-0.10699,1.260728],"body_yaw":0.121008,"check_collision":false},{"head":[[0.999085,0.016744,0.039367,-0.005791],[-0.010765,0.98901,-0.147458,0.010371],[-0.041403,0.146899,0.988285,0.006494],[0.0,0.0,0.0,1.0]],"antennas":[-0.10699,1.176293],"body_yaw":0.121008,"check_collision":false},{"head":[[0.999262,0.01871,0.033541,-0.006133],[-0.013875,0.990197,-0.138988,0.010476],[-0.035813,0.138421,0.989726,0.006604],[0.0,0.0,0.0,1.0]],"antennas":[-0.10699,1.092511],"body_yaw":0.121008,"check_collision":false},{"head":[[0.999398,0.020074,0.028313,-0.005941],[-0.016189,0.991207,-0.131329,0.009183],[-0.0307,0.130792,0.990934,0.007227],[0.0,0.0,0.0,1.0]],"antennas":[-0.10699,1.008979],"body_yaw":0.121008,"check_collision":false},{"head":[[0.999493,0.022712,0.022299,-0.006227],[-0.019753,0.991961,-0.124993,0.009166],[-0.024959,0.124489,0.991907,0.00739],[0.0,0.0,0.0,1.0]],"antennas":[-0.10699,0.926058],"body_yaw":0.121008,"check_collision":false},{"head":[[0.999563,0.025346,0.01518,-0.006536],[-0.023348,0.992521,-0.119818,0.009136],[-0.018103,0.119411,0.99268,0.007565],[0.0,0.0,0.0,1.0]],"antennas":[-0.10699,0.844278],"body_yaw":0.121008,"check_collision":false},{"head":[[0.999589,0.027778,0.007089,-0.006851],[-0.02679,0.993117,-0.114021,0.009098],[-0.010208,0.113785,0.993453,0.007765],[0.0,0.0,0.0,1.0]],"antennas":[-0.10699,0.760798],"body_yaw":0.121008,"check_collision":false},{"head":[[0.999531,0.030633,-0.000404,-0.007141],[-0.030498,0.993719,-0.107666,0.009064],[-0.002896,0.107628,0.994187,0.007944],[0.0,0.0,0.0,1.0]],"antennas":[-0.10699,0.676662],"body_yaw":0.121008,"check_collision":false},{"head":[[0.999405,0.033648,-0.007564,-0.007529],[-0.034244,0.994209,-0.101858,0.008687],[0.004093,0.102057,0.99477,0.008152],[0.0,0.0,0.0,1.0]],"antennas":[-0.10699,0.593606],"body_yaw":0.121008,"check_collision":false},{"head":[[0.999169,0.037583,-0.015771,-0.007788],[-0.038921,0.994673,-0.095455,0.008579],[0.012099,0.095989,0.995309,0.008308],[0.0,0.0,0.0,1.0]],"antennas":[-0.10699,0.548659],"body_yaw":0.121008,"check_collision":false},{"head":[[0.998806,0.042244,-0.02453,-0.008045],[-0.044237,0.995196,-0.087341,0.008629],[0.020722,0.088321,0.995876,0.008287],[0.0,0.0,0.0,1.0]],"antennas":[-0.10699,0.548659],"body_yaw":0.121008,"check_collision":false},{"head":[[0.998184,0.049581,-0.034213,-0.008056],[-0.052091,0.995679,-0.076881,0.008356],[0.030253,0.078524,0.996453,0.008395],[0.0,0.0,0.0,1.0]],"antennas":[-0.10699,0.548659],"body_yaw":0.121008,"check_collision":false},{"head":[[0.997317,0.058145,-0.044465,-0.008101],[-0.060984,0.995994,-0.065394,0.007466],[0.040485,0.067931,0.996868,0.008987],[0.0,0.0,0.0,1.0]],"antennas":[-0.10699,0.548659],"body_yaw":0.121008,"check_collision":false},{"head":[[0.996378,0.066244,-0.053308,-0.008084],[-0.069059,0.996214,-0.052811,0.007118],[0.049608,0.056301,0.997181,0.009084],[0.0,0.0,0.0,1.0]],"antennas":[-0.10699,0.548659],"body_yaw":0.121008,"check_collision":false},{"head":[[0.995633,0.072617,-0.05867,-0.008106],[-0.07514,0.996287,-0.042017,0.006624],[0.055401,0.046242,0.997393,0.009208],[0.0,0.0,0.0,1.0]],"antennas":[-0.10699,0.548659],"body_yaw":0.121008,"check_collision":false},{"head":[[0.995162,0.077158,-0.060814,-0.008103],[-0.079374,0.996233,-0.034919,0.00619],[0.057891,0.039577,0.997538,0.009248],[0.0,0.0,0.0,1.0]],"antennas":[-0.10699,0.548659],"body_yaw":0.121008,"check_collision":false},{"head":[[0.994696,0.081878,-0.062256,-0.008114],[-0.083657,0.996141,-0.026535,0.006275],[0.059843,0.031602,0.997707,0.009176],[0.0,0.0,0.0,1.0]],"antennas":[-0.10699,0.548659],"body_yaw":0.121008,"check_collision":false},{"head":[[0.994186,0.086706,-0.063848,-0.008171],[-0.08794,0.995984,-0.016778,0.006033],[0.062137,0.022295,0.997819,0.009205],[0.0,0.0,0.0,1.0]],"antennas":[-0.10699,0.548659],"body_yaw":0.121008,"check_collision":false},{"head":[[0.993663,0.09046,-0.066707,-0.008237],[-0.091208,0.995798,-0.008245,0.005952],[0.065681,0.014277,0.997739,0.009236],[0.0,0.0,0.0,1.0]],"antennas":[-0.10699,0.548659],"body_yaw":0.121008,"check_collision":false},{"head":[[0.993263,0.092844,-0.069343,-0.008214],[-0.093062,0.99566,8.1e-05,0.005843],[0.069049,0.006373,0.997593,0.009203],[0.0,0.0,0.0,1.0]],"antennas":[-0.10699,0.548659],"body_yaw":0.121008,"check_collision":false},{"head":[[0.992705,0.09661,-0.072135,-0.00803],[-0.096252,0.995321,0.008435,0.005457],[0.072613,-0.00143,0.997359,0.009204],[0.0,0.0,0.0,1.0]],"antennas":[-0.10699,0.548659],"body_yaw":0.121008,"check_collision":false},{"head":[[0.992057,0.101442,-0.074382,-0.007891],[-0.100313,0.994779,0.018775,0.005136],[0.075898,-0.011164,0.997053,0.009159],[0.0,0.0,0.0,1.0]],"antennas":[-0.10699,0.548659],"body_yaw":0.121008,"check_collision":false},{"head":[[0.991623,0.105082,-0.075108,-0.007929],[-0.103277,0.994271,0.027537,0.004829],[0.077571,-0.019549,0.996795,0.009211],[0.0,0.0,0.0,1.0]],"antennas":[-0.10699,0.548659],"body_yaw":0.121008,"check_collision":false},{"head":[[0.99125,0.107907,-0.076025,-0.008096],[-0.105572,0.993827,0.034101,0.004543],[0.079235,-0.025777,0.996523,0.009314],[0.0,0.0,0.0,1.0]],"antennas":[-0.10699,0.548659],"body_yaw":0.121008,"check_collision":false},{"head":[[0.990961,0.109874,-0.07697,-0.008164],[-0.107106,0.993474,0.03922,0.004405],[0.080777,-0.030622,0.996262,0.009298],[0.0,0.0,0.0,1.0]],"antennas":[-0.10699,0.548659],"body_yaw":0.121008,"check_collision":false},{"head":[[0.990814,0.110941,-0.077334,-0.008167],[-0.107845,0.993232,0.043132,0.004341],[0.081595,-0.034396,0.996072,0.009211],[0.0,0.0,0.0,1.0]],"antennas":[-0.10699,0.548659],"body_yaw":0.121008,"check_collision":false},{"head":[[0.990808,0.111479,-0.076632,-0.008111],[-0.108221,0.993088,0.045439,0.004175],[0.081168,-0.036729,0.996023,0.009259],[0.0,0.0,0.0,1.0]],"antennas":[-0.10699,0.548659],"body_yaw":0.121008,"check_collision":false},{"head":[[0.990757,0.112064,-0.076433,-0.008011],[-0.108637,0.99294,0.047632,0.003927],[0.081231,-0.038888,0.995936,0.009333],[0.0,0.0,0.0,1.0]],"antennas":[-0.10699,0.548659],"body_yaw":0.121008,"check_collision":false},{"head":[[0.990665,0.112192,-0.077429,-0.008054],[-0.108581,0.992861,0.049374,0.004197],[0.082416,-0.040505,0.995775,0.009292],[0.0,0.0,0.0,1.0]],"antennas":[-0.10699,0.548659],"body_yaw":0.121008,"check_collision":false},{"head":[[0.990554,0.112212,-0.078816,-0.008174],[-0.108376,0.992781,0.051386,0.004396],[0.084013,-0.042359,0.995564,0.009307],[0.0,0.0,0.0,1.0]],"antennas":[-0.10699,0.548659],"body_yaw":0.121008,"check_collision":false},{"head":[[0.990507,0.112052,-0.079622,-0.008238],[-0.107998,0.992709,0.053536,0.004212],[0.08504,-0.044429,0.995386,0.009471],[0.0,0.0,0.0,1.0]],"antennas":[-0.10699,0.548659],"body_yaw":0.121008,"check_collision":false},{"head":[[0.990557,0.111615,-0.079614,-0.008229],[-0.107521,0.992736,0.053984,0.004219],[0.085061,-0.044914,0.995363,0.009495],[0.0,0.0,0.0,1.0]],"antennas":[-0.10699,0.548659],"body_yaw":0.121008,"check_collision":false},{"head":[[0.990652,0.111145,-0.07909,-0.008243],[-0.10706,0.992777,0.054145,0.004373],[0.084537,-0.045171,0.995396,0.009432],[0.0,0.0,0.0,1.0]],"antennas":[-0.10699,0.548659],"body_yaw":0.121008,"check_collision":false},{"head":[[0.99084,0.110316,-0.07789,-0.008226],[-0.106323,0.992882,0.05368,0.004401],[0.083257,-0.044907,0.995516,0.009431],[0.0,0.0,0.0,1.0]],"antennas":[-0.10699,0.548659],"body_yaw":0.121008,"check_collision":false},{"head":[[0.990986,0.109578,-0.077073,-0.008295],[-0.105638,0.992966,0.053471,0.004458],[0.08239,-0.044847,0.995591,0.009413],[0.0,0.0,0.0,1.0]],"antennas":[-0.10699,0.548659],"body_yaw":0.121008,"check_collision":false},{"head":[[0.991054,0.109028,-0.076971,-0.008353],[-0.105087,0.993021,0.053527,0.00466],[0.08227,-0.044959,0.995595,0.009289],[0.0,0.0,0.0,1.0]],"antennas":[-0.10699,0.548659],"body_yaw":0.121008,"check_collision":false},{"head":[[0.991073,0.108673,-0.077232,-0.008423],[-0.104729,0.993065,0.053417,0.004665],[0.082502,-0.044852,0.995581,0.009399],[0.0,0.0,0.0,1.0]],"antennas":[-0.10699,0.548659],"body_yaw":0.121008,"check_collision":false},{"head":[[0.991116,0.108393,-0.077066,-0.008476],[-0.104469,0.993101,0.053256,0.004646],[0.082307,-0.044732,0.995603,0.009424],[0.0,0.0,0.0,1.0]],"antennas":[-0.10699,0.548659],"body_yaw":0.121008,"check_collision":false},{"head":[[0.991195,0.10805,-0.076534,-0.008502],[-0.10421,0.993167,0.052526,0.00487],[0.081686,-0.044088,0.995682,0.009316],[0.0,0.0,0.0,1.0]],"antennas":[-0.10699,0.548659],"body_yaw":0.121008,"check_collision":false},{"head":[[0.991225,0.107802,-0.076496,-0.008527],[-0.103988,0.993207,0.052215,0.004864],[0.081606,-0.043803,0.995702,0.009328],[0.0,0.0,0.0,1.0]],"antennas":[-0.10699,0.548659],"body_yaw":0.121008,"check_collision":false},{"head":[[0.991195,0.107676,-0.077064,-0.008578],[-0.103822,0.993215,0.052387,0.004952],[0.082182,-0.043925,0.995649,0.009398],[0.0,0.0,0.0,1.0]],"antennas":[-0.10699,0.548659],"body_yaw":0.121008,"check_collision":false},{"head":[[0.991166,0.107582,-0.077568,-0.008599],[-0.103695,0.993222,0.052513,0.0046],[0.082692,-0.044005,0.995603,0.009481],[0.0,0.0,0.0,1.0]],"antennas":[-0.10699,0.548659],"body_yaw":0.121008,"check_collision":false},{"head":[[0.991192,0.10735,-0.077557,-0.008589],[-0.103459,0.993244,0.05257,0.004892],[0.082676,-0.044083,0.995601,0.009455],[0.0,0.0,0.0,1.0]],"antennas":[-0.10699,0.548659],"body_yaw":0.121008,"check_collision":false},{"head":[[0.991225,0.107161,-0.077393,-0.008603],[-0.103253,0.993249,0.052862,0.005023],[0.082535,-0.044407,0.995598,0.009465],[0.0,0.0,0.0,1.0]],"antennas":[-0.10699,0.548659],"body_yaw":0.121008,"check_collision":false}]}