{"description":"When you want your interlocutor to go deeper in their reasoning, you need more details to respond. It\u2019s a quick movement.","time":[0.0,0.02,0.04,0.06,0.08,0.1,0.12,0.14,0.16,0.18,0.2,0.22,0.24,0.26,0.28,0.3,0.32,0.34,0.36,0.38,0.4,0.42,0.44,0.46,0.48,0.5,0.52,0.54,0.56,0.58,0.6,0.62,0.64,0.66,0.68,0.7,0.72,0.74,0.76,0.78,0.8,0.82,0.84,0.86,0.88,0.9,0.92,0.94,0.96,0.98,1.0,1.02,1.04,1.06,1.08,1.1,1.12,1.14,1.16,1.18,1.2,1.22,1.24,1.26,1.28,1.3,1.32,1.34,1.36,1.38,1.4,1.42,1.44,1.46,1.48,1.5,1.52,1.54,1.56,1.58,1.6,1.62,1.64,1.66,1.68,1.7,1.72,1.74,1.76,1.78,1.8,1.82,1.84,1.86,1.88,1.9,1.92,1.94,1.96,1.98,2.0,2.02,2.04,2.06,2.08,2.1,2.12,2.14],"set_target_data":[{"head":[[0.99218,-0.110627,-0.0578,-0.008388],[0.110892,0.993831,0.001388,-0.000546],[0.05729,-0.007787,0.998327,0.006312],[0.0,0.0,0.0,1.0]],"antennas":[-0.217076,0.29152],"body_yaw":0.121008,"check_collision":false},{"head":[[0.992038,-0.110743,-0.059969,-0.008561],[0.111027,0.993816,0.001408,-0.00052],[0.059442,-0.008055,0.998199,0.006303],[0.0,0.0,0.0,1.0]],"antennas":[-0.217076,0.29152],"body_yaw":0.121008,"check_collision":false},{"head":[[0.99201,-0.110405,-0.061056,-0.008645],[0.110714,0.993851,0.001686,-0.000502],[0.060494,-0.008433,0.998133,0.006237],[0.0,0.0,0.0,1.0]],"antennas":[-0.217076,0.29152],"body_yaw":0.121008,"check_collision":false},{"head":[[0.992001,-0.110429,-0.061149,-0.008628],[0.110725,0.99385,0.001457,-0.000509],[0.060612,-0.008216,0.998128,0.006162],[0.0,0.0,0.0,1.0]],"antennas":[-0.217076,0.29152],"body_yaw":0.121008,"check_collision":false},{"head":[[0.991985,-0.11052,-0.061252,-0.008637],[0.110814,0.99384,0.001409,-0.000481],[0.060719,-0.008185,0.998121,0.006123],[0.0,0.0,0.0,1.0]],"antennas":[-0.217076,0.29152],"body_yaw":0.121008,"check_collision":false},{"head":[[0.991961,-0.110695,-0.061315,-0.008691],[0.110984,0.993821,0.001314,-0.000468],[0.06079,-0.008108,0.998118,0.006152],[0.0,0.0,0.0,1.0]],"antennas":[-0.217076,0.29152],"body_yaw":0.121008,"check_collision":false},{"head":[[0.991998,-0.110851,-0.06043,-0.008695],[0.111119,0.993807,0.001081,-0.000256],[0.059936,-0.007787,0.998172,0.006068],[0.0,0.0,0.0,1.0]],"antennas":[-0.217076,0.29152],"body_yaw":0.121008,"check_collision":false},{"head":[[0.992116,-0.110742,-0.058673,-0.008566],[0.110984,0.993822,0.000864,-0.000365],[0.058215,-0.007369,0.998277,0.006147],[0.0,0.0,0.0,1.0]],"antennas":[-0.217076,0.29152],"body_yaw":0.121008,"check_collision":false},{"head":[[0.992205,-0.11051,-0.057589,-0.008512],[0.11074,0.993849,0.000814,-0.000262],[0.057144,-0.007185,0.99834,0.006178],[0.0,0.0,0.0,1.0]],"antennas":[-0.217076,0.29152],"body_yaw":0.121008,"check_collision":false},{"head":[[0.992267,-0.110273,-0.056971,-0.008539],[0.110495,0.993876,0.000754,-0.000305],[0.056539,-0.007043,0.998376,0.006064],[0.0,0.0,0.0,1.0]],"antennas":[-0.217076,0.29152],"body_yaw":0.121008,"check_collision":false},{"head":[[0.992374,-0.109984,-0.055645,-0.008451],[0.110207,0.993908,0.00094,-0.000232],[0.055203,-0.007065,0.99845,0.005942],[0.0,0.0,0.0,1.0]],"antennas":[-0.217076,0.29152],"body_yaw":0.121008,"check_collision":false},{"head":[[0.992487,-0.109759,-0.054057,-0.008378],[0.109973,0.993934,0.000989,-0.000191],[0.05362,-0.006927,0.998537,0.005838],[0.0,0.0,0.0,1.0]],"antennas":[-0.217076,0.29152],"body_yaw":0.121008,"check_collision":false},{"head":[[0.99258,-0.109564,-0.052731,-0.008319],[0.109765,0.993957,0.000926,-0.000163],[0.052311,-0.006707,0.998608,0.005758],[0.0,0.0,0.0,1.0]],"antennas":[-0.217076,0.29152],"body_yaw":0.121008,"check_collision":false},{"head":[[0.992706,-0.109058,-0.05139,-0.008321],[0.109248,0.994014,0.000896,-0.00052],[0.050985,-0.006504,0.998678,0.006123],[0.0,0.0,0.0,1.0]],"antennas":[-0.217076,0.29152],"body_yaw":0.121008,"check_collision":false},{"head":[[0.992888,-0.10824,-0.04958,-0.008345],[0.108424,0.994104,0.001042,-0.000577],[0.049175,-0.006411,0.99877,0.006102],[0.0,0.0,0.0,1.0]],"antennas":[-0.217076,0.29152],"body_yaw":0.121008,"check_collision":false},{"head":[[0.992957,-0.107848,-0.049035,-0.008363],[0.108038,0.994146,0.00122,-0.000265],[0.048616,-0.006509,0.998796,0.005972],[0.0,0.0,0.0,1.0]],"antennas":[-0.217076,0.29152],"body_yaw":0.121008,"check_collision":false},{"head":[[0.99304,-0.106991,-0.049245,-0.008527],[0.107215,0.994234,0.001937,-0.000212],[0.048754,-0.007204,0.998785,0.006039],[0.0,0.0,0.0,1.0]],"antennas":[-0.217076,0.29152],"body_yaw":0.121008,"check_collision":false},{"head":[[0.993171,-0.105521,-0.04977,-0.008811],[0.105805,0.994382,0.003083,-0.000118],[0.049165,-0.008328,0.998756,0.006068],[0.0,0.0,0.0,1.0]],"antennas":[-0.217076,0.29152],"body_yaw":0.121008,"check_collision":false},{"head":[[0.993349,-0.103762,-0.049907,-0.00905],[0.104105,0.994557,0.004312,-1.1e-05],[0.049188,-0.009479,0.998745,0.006071],[0.0,0.0,0.0,1.0]],"antennas":[-0.217076,0.29152],"body_yaw":0.121008,"check_collision":false},{"head":[[0.993696,-0.100645,-0.049391,-0.009379],[0.101044,0.994866,0.005643,-2.1e-05],[0.048569,-0.010598,0.998764,0.006206],[0.0,0.0,0.0,1.0]],"antennas":[-0.217076,0.29152],"body_yaw":0.121008,"check_collision":false},{"head":[[0.994018,-0.097538,-0.049145,-0.009734],[0.098004,0.99516,0.007153,7.8e-05],[0.048209,-0.011926,0.998766,0.006305],[0.0,0.0,0.0,1.0]],"antennas":[-0.217076,0.29152],"body_yaw":0.121008,"check_collision":false},{"head":[[0.994245,-0.095387,-0.048762,-0.010033],[0.095892,0.995359,0.008125,3.4e-05],[0.047761,-0.012754,0.998777,0.006435],[0.0,0.0,0.0,1.0]],"antennas":[-0.217076,0.29152],"body_yaw":0.121008,"check_collision":false},{"head":[[0.99445,-0.093963,-0.047332,-0.010247],[0.094468,0.995491,0.008545,8.4e-05],[0.046315,-0.012969,0.998843,0.006627],[0.0,0.0,0.0,1.0]],"antennas":[-0.217076,0.29152],"body_yaw":0.121008,"check_collision":false},{"head":[[0.994575,-0.093384,-0.045821,-0.010414],[0.09386,0.99555,0.008358,0.000169],[0.044837,-0.012613,0.998915,0.00665],[0.0,0.0,0.0,1.0]],"antennas":[-0.217076,0.29152],"body_yaw":0.121008,"check_collision":false},{"head":[[0.994672,-0.093001,-0.044475,-0.010534],[0.093444,0.995593,0.00797,0.000434],[0.043537,-0.012084,0.998979,0.006625],[0.0,0.0,0.0,1.0]],"antennas":[-0.217076,0.29152],"body_yaw":0.121008,"check_collision":false},{"head":[[0.994789,-0.092629,-0.042606,-0.010599],[0.093031,0.995635,0.007526,0.000582],[0.041722,-0.01145,0.999064,0.006592],[0.0,0.0,0.0,1.0]],"antennas":[-0.217076,0.29152],"body_yaw":0.121008,"check_collision":false},{"head":[[0.994892,-0.091983,-0.041587,-0.010697],[0.092365,0.995698,0.007347,0.000684],[0.040732,-0.01115,0.999108,0.006555],[0.0,0.0,0.0,1.0]],"antennas":[-0.217076,0.29152],"body_yaw":0.121008,"check_collision":false},{"head":[[0.995016,-0.090958,-0.040864,-0.010801],[0.091335,0.995792,0.00746,0.000856],[0.040013,-0.011155,0.999137,0.006444],[0.0,0.0,0.0,1.0]],"antennas":[-0.217076,0.29152],"body_yaw":0.121008,"check_collision":false},{"head":[[0.995103,-0.090323,-0.040153,-0.011002],[0.0907,0.995849,0.007673,0.000785],[0.039294,-0.011277,0.999164,0.006521],[0.0,0.0,0.0,1.0]],"antennas":[-0.217076,0.29152],"body_yaw":0.121008,"check_collision":false},{"head":[[0.995135,-0.090085,-0.039891,-0.011243],[0.090455,0.995872,0.007573,0.000836],[0.039044,-0.011144,0.999175,0.006672],[0.0,0.0,0.0,1.0]],"antennas":[-0.217076,0.29152],"body_yaw":0.121008,"check_collision":false},{"head":[[0.995174,-0.089901,-0.03932,-0.011537],[0.090262,0.99589,0.007486,0.000689],[0.038486,-0.010999,0.999199,0.0067],[0.0,0.0,0.0,1.0]],"antennas":[-0.217076,0.29152],"body_yaw":0.121008,"check_collision":false},{"head":[[0.995266,-0.089324,-0.038306,-0.011782],[0.089679,0.995941,0.007635,0.000692],[0.037469,-0.011034,0.999237,0.006687],[0.0,0.0,0.0,1.0]],"antennas":[-0.217076,0.29152],"body_yaw":0.121008,"check_collision":false},{"head":[[0.995283,-0.08909,-0.038396,-0.012142],[0.089443,0.995963,0.007568,0.000895],[0.037567,-0.010966,0.999234,0.006673],[0.0,0.0,0.0,1.0]],"antennas":[-0.22228,0.312742],"body_yaw":0.121008,"check_collision":false},{"head":[[0.9952,-0.089315,-0.039995,-0.012348],[0.089684,0.995942,0.00753,0.000945],[0.03916,-0.011081,0.999171,0.006764],[0.0,0.0,0.0,1.0]],"antennas":[-0.252138,0.360879],"body_yaw":0.121008,"check_collision":false},{"head":[[0.994871,-0.091037,-0.044093,-0.012177],[0.091435,0.995786,0.00708,0.000887],[0.043263,-0.011076,0.999002,0.006713],[0.0,0.0,0.0,1.0]],"antennas":[-0.310985,0.442059],"body_yaw":0.121008,"check_collision":false},{"head":[[0.994286,-0.094367,-0.049903,-0.01159],[0.094789,0.995478,0.006139,0.000602],[0.049098,-0.010834,0.998735,0.006509],[0.0,0.0,0.0,1.0]],"antennas":[-0.397749,0.544143],"body_yaw":0.121008,"check_collision":false},{"head":[[0.993912,-0.096147,-0.053808,-0.010682],[0.096581,0.99531,0.005525,0.000284],[0.053024,-0.010688,0.998536,0.00629],[0.0,0.0,0.0,1.0]],"antennas":[-0.501124,0.648035],"body_yaw":0.121008,"check_collision":false},{"head":[[0.993781,-0.096498,-0.05556,-0.009519],[0.096907,0.995282,0.004716,-2.9e-05],[0.054843,-0.010071,0.998444,0.00609],[0.0,0.0,0.0,1.0]],"antennas":[-0.605072,0.75198],"body_yaw":0.121008,"check_collision":false},{"head":[[0.993787,-0.096617,-0.055259,-0.008101],[0.09694,0.995285,0.003192,-0.0003],[0.05469,-0.008529,0.998467,0.005915],[0.0,0.0,0.0,1.0]],"antennas":[-0.708861,0.855766],"body_yaw":0.121008,"check_collision":false},{"head":[[0.993872,-0.095938,-0.054901,-0.006355],[0.096189,0.995361,0.001943,-0.000581],[0.05446,-0.007212,0.99849,0.005735],[0.0,0.0,0.0,1.0]],"antennas":[-0.813179,0.947006],"body_yaw":0.121008,"check_collision":false},{"head":[[0.993967,-0.092222,-0.059365,-0.004201],[0.092639,0.99569,0.004313,-0.000992],[0.058711,-0.009786,0.998227,0.00557],[0.0,0.0,0.0,1.0]],"antennas":[-0.917375,0.960061],"body_yaw":0.121008,"check_collision":false},{"head":[[0.993865,-0.08378,-0.072209,-0.001909],[0.084903,0.996309,0.012624,-0.001544],[0.070885,-0.018677,0.99731,0.005493],[0.0,0.0,0.0,1.0]],"antennas":[-0.984083,0.960061],"body_yaw":0.121008,"check_collision":false},{"head":[[0.99304,-0.077391,-0.088776,-0.000872],[0.079638,0.99658,0.02204,-0.002164],[0.086767,-0.028957,0.995808,0.005697],[0.0,0.0,0.0,1.0]],"antennas":[-0.988515,0.960061],"body_yaw":0.121008,"check_collision":false},{"head":[[0.991516,-0.071671,-0.10844,-0.000196],[0.075554,0.996624,0.03212,-0.002614],[0.105772,-0.04004,0.993584,0.006159],[0.0,0.0,0.0,1.0]],"antennas":[-0.988515,0.960061],"body_yaw":0.121008,"check_collision":false},{"head":[[0.988405,-0.06345,-0.137949,-0.000465],[0.070249,0.996515,0.044984,-0.002843],[0.134614,-0.054153,0.989417,0.007051],[0.0,0.0,0.0,1.0]],"antennas":[-0.988515,0.960061],"body_yaw":0.121008,"check_collision":false},{"head":[[0.982529,-0.058096,-0.17681,-0.00151],[0.068769,0.996124,0.054842,-0.00282],[0.172939,-0.066043,0.982716,0.008238],[0.0,0.0,0.0,1.0]],"antennas":[-0.988515,0.960061],"body_yaw":0.121008,"check_collision":false},{"head":[[0.977393,-0.058662,-0.20313,-0.001892],[0.071857,0.995715,0.0582,-0.002399],[0.198845,-0.071481,0.977421,0.008764],[0.0,0.0,0.0,1.0]],"antennas":[-0.988515,0.960061],"body_yaw":0.121008,"check_collision":false},{"head":[[0.973217,-0.058146,-0.222413,-0.003018],[0.073537,0.995391,0.06155,-0.001763],[0.217809,-0.076257,0.973008,0.008715],[0.0,0.0,0.0,1.0]],"antennas":[-0.988515,0.960061],"body_yaw":0.121008,"check_collision":false},{"head":[[0.97059,-0.058446,-0.233535,-0.004019],[0.075214,0.995141,0.063543,-0.001677],[0.228687,-0.079239,0.97027,0.008616],[0.0,0.0,0.0,1.0]],"antennas":[-0.988515,0.960061],"body_yaw":0.121008,"check_collision":false},{"head":[[0.970057,-0.05956,-0.235461,-0.005119],[0.076607,0.99501,0.063918,-0.001232],[0.230479,-0.080042,0.96978,0.00837],[0.0,0.0,0.0,1.0]],"antennas":[-0.988515,0.960061],"body_yaw":0.121008,"check_collision":false},{"head":[[0.97135,-0.061837,-0.229469,-0.006128],[0.078034,0.995009,0.062189,-0.000775],[0.224478,-0.078314,0.971327,0.008357],[0.0,0.0,0.0,1.0]],"antennas":[-0.988515,0.957515],"body_yaw":0.121008,"check_collision":false},{"head":[[0.975758,-0.063871,-0.209327,-0.006795],[0.077674,0.995268,0.058387,-0.000255],[0.204607,-0.073231,0.976101,0.008129],[0.0,0.0,0.0,1.0]],"antennas":[-0.988515,0.930124],"body_yaw":0.121008,"check_collision":false},{"head":[[0.982674,-0.065084,-0.173538,-0.007081],[0.075285,0.99576,0.052861,0.000114],[0.169361,-0.06501,0.983408,0.007667],[0.0,0.0,0.0,1.0]],"antennas":[-0.976851,0.861052],"body_yaw":0.121008,"check_collision":false},{"head":[[0.988681,-0.066551,-0.134463,-0.007199],[0.073422,0.996202,0.046796,0.00047],[0.130838,-0.056139,0.989813,0.007151],[0.0,0.0,0.0,1.0]],"antennas":[-0.932668,0.761942],"body_yaw":0.121008,"check_collision":false},{"head":[[0.991936,-0.069701,-0.105853,-0.006951],[0.074282,0.996436,0.039963,0.001209],[0.10269,-0.047503,0.993578,0.006773],[0.0,0.0,0.0,1.0]],"antennas":[-0.838958,0.663346],"body_yaw":0.121008,"check_collision":false},{"head":[[0.993975,-0.071228,-0.083303,-0.006157],[0.07436,0.996613,0.035121,0.001317],[0.08052,-0.041104,0.995905,0.006157],[0.0,0.0,0.0,1.0]],"antennas":[-0.735028,0.565119],"body_yaw":0.121008,"check_collision":false},{"head":[[0.995334,-0.070672,-0.065687,-0.005047],[0.072887,0.996828,0.031951,0.001186],[0.06322,-0.03659,0.997329,0.005516],[0.0,0.0,0.0,1.0]],"antennas":[-0.630706,0.466521],"body_yaw":0.121008,"check_collision":false},{"head":[[0.99539,-0.070671,-0.06484,-0.003805],[0.072725,0.996904,0.029879,0.000307],[0.062527,-0.034457,0.997448,0.005485],[0.0,0.0,0.0,1.0]],"antennas":[-0.526873,0.368497],"body_yaw":0.121008,"check_collision":false},{"head":[[0.994404,-0.069559,-0.079509,-0.002827],[0.072175,0.996925,0.030511,-0.000213],[0.077142,-0.036079,0.996367,0.005565],[0.0,0.0,0.0,1.0]],"antennas":[-0.425571,0.296372],"body_yaw":0.121008,"check_collision":false},{"head":[[0.992645,-0.068119,-0.100083,-0.001935],[0.071772,0.996863,0.033359,-0.000787],[0.097497,-0.040297,0.99442,0.00598],[0.0,0.0,0.0,1.0]],"antennas":[-0.375207,0.291289],"body_yaw":0.121008,"check_collision":false},{"head":[[0.989703,-0.065676,-0.127179,-0.001502],[0.07111,0.996719,0.038661,-0.001037],[0.124223,-0.047306,0.991126,0.006609],[0.0,0.0,0.0,1.0]],"antennas":[-0.375207,0.291289],"body_yaw":0.121008,"check_collision":false},{"head":[[0.984551,-0.062343,-0.163622,-0.001662],[0.070381,0.996558,0.043792,-0.001125],[0.160329,-0.054631,0.985551,0.007694],[0.0,0.0,0.0,1.0]],"antennas":[-0.375207,0.291289],"body_yaw":0.121008,"check_collision":false},{"head":[[0.972728,-0.060337,-0.223962,-0.002233],[0.073383,0.99603,0.050385,-0.001486],[0.220033,-0.065446,0.973295,0.008972],[0.0,0.0,0.0,1.0]],"antennas":[-0.375207,0.291289],"body_yaw":0.121008,"check_collision":false},{"head":[[0.95678,-0.059461,-0.284669,-0.003583],[0.078402,0.99537,0.055601,-0.001329],[0.280045,-0.075517,0.957012,0.010069],[0.0,0.0,0.0,1.0]],"antennas":[-0.375207,0.291289],"body_yaw":0.121008,"check_collision":false},{"head":[[0.937885,-0.067307,-0.340355,-0.004476],[0.087888,0.995095,0.0454,-0.001289],[0.33563,-0.072493,0.9392,0.01087],[0.0,0.0,0.0,1.0]],"antennas":[-0.375207,0.291289],"body_yaw":0.121008,"check_collision":false},{"head":[[0.925681,-0.072056,-0.371378,-0.004617],[0.093859,0.994743,0.040947,-0.001586],[0.366475,-0.072761,0.927578,0.011147],[0.0,0.0,0.0,1.0]],"antennas":[-0.375207,0.291289],"body_yaw":0.121008,"check_collision":false},{"head":[[0.919147,-0.070326,-0.387586,-0.0044],[0.094436,0.994581,0.043489,-0.0019],[0.382427,-0.076575,0.920807,0.011167],[0.0,0.0,0.0,1.0]],"antennas":[-0.375207,0.291289],"body_yaw":0.121008,"check_collision":false},{"head":[[0.91913,-0.067853,-0.388066,-0.00435],[0.093556,0.994471,0.047704,-0.00204],[0.382683,-0.080152,0.920396,0.011186],[0.0,0.0,0.0,1.0]],"antennas":[-0.375207,0.291289],"body_yaw":0.121008,"check_collision":false},{"head":[[0.919231,-0.065545,-0.388224,-0.006039],[0.092564,0.994385,0.051285,-0.001776],[0.382683,-0.083078,0.920137,0.011185],[0.0,0.0,0.0,1.0]],"antennas":[-0.375207,0.291289],"body_yaw":0.121008,"check_collision":false},{"head":[[0.919659,-0.058673,-0.388311,-0.006336],[0.088211,0.994373,0.058669,-0.001875],[0.382683,-0.088208,0.919659,0.011371],[0.0,0.0,0.0,1.0]],"antennas":[-0.375207,0.291289],"body_yaw":0.121008,"check_collision":false},{"head":[[0.919926,-0.054097,-0.388343,-0.006328],[0.085381,0.994307,0.063744,-0.001655],[0.382683,-0.091797,0.919308,0.011093],[0.0,0.0,0.0,1.0]],"antennas":[-0.375207,0.291289],"body_yaw":0.121008,"check_collision":false},{"head":[[0.919828,-0.055317,-0.388403,-0.006201],[0.086429,0.994259,0.06308,-0.001203],[0.382683,-0.091592,0.919328,0.010571],[0.0,0.0,0.0,1.0]],"antennas":[-0.375207,0.291289],"body_yaw":0.121008,"check_collision":false},{"head":[[0.919808,-0.056905,-0.388221,-0.005885],[0.086645,0.99446,0.059521,-0.000558],[0.382683,-0.088386,0.919642,0.009654],[0.0,0.0,0.0,1.0]],"antennas":[-0.375207,0.291289],"body_yaw":0.121008,"check_collision":false},{"head":[[0.91988,-0.057291,-0.387993,-0.005518],[0.085873,0.99469,0.056719,0.000162],[0.382683,-0.085492,0.919915,0.008642],[0.0,0.0,0.0,1.0]],"antennas":[-0.375207,0.291289],"body_yaw":0.121008,"check_collision":false},{"head":[[0.921931,-0.05588,-0.383303,-0.005127],[0.083299,0.994989,0.055298,0.000846],[0.378293,-0.082909,0.921966,0.007747],[0.0,0.0,0.0,1.0]],"antennas":[-0.375207,0.291289],"body_yaw":0.121008,"check_collision":false},{"head":[[0.933703,-0.055243,-0.353761,-0.004857],[0.080343,0.995156,0.056651,0.001228],[0.348918,-0.081318,0.933619,0.006957],[0.0,0.0,0.0,1.0]],"antennas":[-0.375207,0.291289],"body_yaw":0.121008,"check_collision":false},{"head":[[0.945591,-0.056897,-0.320345,-0.004817],[0.079342,0.995191,0.057443,0.002074],[0.315536,-0.079734,0.945558,0.006303],[0.0,0.0,0.0,1.0]],"antennas":[-0.375207,0.291289],"body_yaw":0.121008,"check_collision":false},{"head":[[0.957335,-0.058895,-0.282915,-0.004513],[0.078047,0.995325,0.056899,0.002542],[0.278241,-0.076552,0.957456,0.005348],[0.0,0.0,0.0,1.0]],"antennas":[-0.375207,0.291289],"body_yaw":0.121008,"check_collision":false},{"head":[[0.96539,-0.060392,-0.253723,-0.004185],[0.076634,0.995562,0.054618,0.002827],[0.249299,-0.072172,0.965734,0.005229],[0.0,0.0,0.0,1.0]],"antennas":[-0.375207,0.291289],"body_yaw":0.121008,"check_collision":false},{"head":[[0.971656,-0.060109,-0.22863,-0.004182],[0.074177,0.995812,0.053435,0.003352],[0.224461,-0.06888,0.972046,0.004839],[0.0,0.0,0.0,1.0]],"antennas":[-0.375207,0.291289],"body_yaw":0.121008,"check_collision":false},{"head":[[0.97544,-0.061995,-0.21136,-0.004247],[0.074352,0.995926,0.051023,0.003865],[0.207335,-0.065485,0.976076,0.004508],[0.0,0.0,0.0,1.0]],"antennas":[-0.375207,0.291289],"body_yaw":0.121008,"check_collision":false},{"head":[[0.978716,-0.063151,-0.195262,-0.003858],[0.073984,0.99607,0.048683,0.003291],[0.19142,-0.062093,0.979542,0.004873],[0.0,0.0,0.0,1.0]],"antennas":[-0.375207,0.291289],"body_yaw":0.121008,"check_collision":false},{"head":[[0.981755,-0.062651,-0.179532,-0.003689],[0.07244,0.996193,0.048492,0.003471],[0.175811,-0.060612,0.982556,0.004711],[0.0,0.0,0.0,1.0]],"antennas":[-0.375207,0.291289],"body_yaw":0.121008,"check_collision":false},{"head":[[0.98377,-0.060913,-0.168777,-0.00358],[0.070096,0.996337,0.04899,0.003705],[0.165174,-0.060025,0.984436,0.004474],[0.0,0.0,0.0,1.0]],"antennas":[-0.375207,0.291289],"body_yaw":0.121008,"check_collision":false},{"head":[[0.984993,-0.060062,-0.161809,-0.003777],[0.068782,0.996436,0.048838,0.00258],[0.158299,-0.059234,0.985613,0.005411],[0.0,0.0,0.0,1.0]],"antennas":[-0.375207,0.291289],"body_yaw":0.121008,"check_collision":false},{"head":[[0.986463,-0.059756,-0.152707,-0.003898],[0.067895,0.996506,0.048648,0.002501],[0.149266,-0.058357,0.987073,0.005611],[0.0,0.0,0.0,1.0]],"antennas":[-0.375207,0.291289],"body_yaw":0.121008,"check_collision":false},{"head":[[0.987776,-0.059795,-0.143958,-0.003983],[0.067357,0.996562,0.048235,0.002106],[0.140579,-0.057341,0.988408,0.006022],[0.0,0.0,0.0,1.0]],"antennas":[-0.375207,0.291289],"body_yaw":0.121008,"check_collision":false},{"head":[[0.988955,-0.059267,-0.135854,-0.004052],[0.066296,0.996654,0.047806,0.001836],[0.132566,-0.056285,0.989575,0.006373],[0.0,0.0,0.0,1.0]],"antennas":[-0.375207,0.291289],"body_yaw":0.121008,"check_collision":false},{"head":[[0.990324,-0.058793,-0.125709,-0.004133],[0.06515,0.996765,0.047069,0.001602],[0.122535,-0.054803,0.99095,0.00652],[0.0,0.0,0.0,1.0]],"antennas":[-0.375207,0.291289],"body_yaw":0.121008,"check_collision":false},{"head":[[0.991386,-0.059393,-0.116728,-0.004258],[0.065021,0.996868,0.04501,0.001468],[0.113689,-0.052212,0.992143,0.006534],[0.0,0.0,0.0,1.0]],"antennas":[-0.375207,0.291289],"body_yaw":0.121008,"check_collision":false},{"head":[[0.992231,-0.06008,-0.108943,-0.004422],[0.065066,0.996963,0.042797,0.001515],[0.106041,-0.049553,0.993126,0.006524],[0.0,0.0,0.0,1.0]],"antennas":[-0.375207,0.291289],"body_yaw":0.121008,"check_collision":false},{"head":[[0.992838,-0.060166,-0.103215,-0.004472],[0.064734,0.997039,0.041495,0.001439],[0.100413,-0.047879,0.993793,0.006593],[0.0,0.0,0.0,1.0]],"antennas":[-0.375207,0.291289],"body_yaw":0.121008,"check_collision":false},{"head":[[0.993555,-0.06042,-0.09591,-0.004634],[0.064481,0.997124,0.039815,0.001172],[0.093228,-0.045743,0.994593,0.006802],[0.0,0.0,0.0,1.0]],"antennas":[-0.375207,0.291289],"body_yaw":0.121008,"check_collision":false},{"head":[[0.994318,-0.06027,-0.087746,-0.00485],[0.063821,0.997228,0.03824,0.001332],[0.085198,-0.043622,0.995409,0.006827],[0.0,0.0,0.0,1.0]],"antennas":[-0.375207,0.291289],"body_yaw":0.121008,"check_collision":false},{"head":[[0.994988,-0.060092,-0.079928,-0.004943],[0.063173,0.997332,0.036592,0.001389],[0.077516,-0.041458,0.996129,0.006788],[0.0,0.0,0.0,1.0]],"antennas":[-0.375207,0.291289],"body_yaw":0.121008,"check_collision":false},{"head":[[0.995562,-0.060244,-0.072295,-0.00495],[0.062865,0.997424,0.034533,0.001291],[0.070028,-0.038924,0.996785,0.007048],[0.0,0.0,0.0,1.0]],"antennas":[-0.375207,0.291289],"body_yaw":0.121008,"check_collision":false},{"head":[[0.996083,-0.060286,-0.06468,-0.0048],[0.062471,0.997524,0.032297,0.001133],[0.062573,-0.036212,0.997383,0.007085],[0.0,0.0,0.0,1.0]],"antennas":[-0.375207,0.291289],"body_yaw":0.121008,"check_collision":false},{"head":[[0.996599,-0.059786,-0.05671,-0.004679],[0.061602,0.997624,0.030833,0.001088],[0.054732,-0.034222,0.997914,0.007097],[0.0,0.0,0.0,1.0]],"antennas":[-0.375207,0.291289],"body_yaw":0.121008,"check_collision":false},{"head":[[0.997119,-0.058775,-0.047948,-0.004606],[0.060238,0.997743,0.029674,0.000915],[0.046095,-0.032477,0.998409,0.007092],[0.0,0.0,0.0,1.0]],"antennas":[-0.375207,0.291289],"body_yaw":0.121008,"check_collision":false},{"head":[[0.997541,-0.057879,-0.03952,-0.004636],[0.059042,0.997836,0.028922,0.000848],[0.03776,-0.031185,0.9988,0.007179],[0.0,0.0,0.0,1.0]],"antennas":[-0.375207,0.291289],"body_yaw":0.121008,"check_collision":false},{"head":[[0.997799,-0.057334,-0.033328,-0.004612],[0.058294,0.997891,0.028572,0.001062],[0.031619,-0.030452,0.999036,0.007259],[0.0,0.0,0.0,1.0]],"antennas":[-0.375207,0.291289],"body_yaw":0.121008,"check_collision":false},{"head":[[0.997977,-0.056754,-0.028646,-0.004681],[0.057569,0.997935,0.028474,0.001106],[0.026971,-0.030065,0.999184,0.00738],[0.0,0.0,0.0,1.0]],"antennas":[-0.375207,0.291289],"body_yaw":0.121008,"check_collision":false},{"head":[[0.998118,-0.056377,-0.024148,-0.004898],[0.057051,0.997973,0.0282,0.001149],[0.022509,-0.029525,0.999311,0.007516],[0.0,0.0,0.0,1.0]],"antennas":[-0.375207,0.291289],"body_yaw":0.121008,"check_collision":false},{"head":[[0.998215,-0.056029,-0.020688,-0.005164],[0.0566,0.998002,0.028097,0.001153],[0.019072,-0.029217,0.999391,0.007655],[0.0,0.0,0.0,1.0]],"antennas":[-0.375207,0.291289],"body_yaw":0.121008,"check_collision":false},{"head":[[0.998256,-0.055964,-0.018793,-0.0054],[0.056472,0.99802,0.027705,0.001151],[0.017205,-0.028718,0.999439,0.007677],[0.0,0.0,0.0,1.0]],"antennas":[-0.375207,0.291289],"body_yaw":0.121008,"check_collision":false},{"head":[[0.998289,-0.056001,-0.016815,-0.005647],[0.056444,0.998038,0.027104,0.001108],[0.015264,-0.028006,0.999491,0.007716],[0.0,0.0,0.0,1.0]],"antennas":[-0.375207,0.291289],"body_yaw":0.121008,"check_collision":false},{"head":[[0.998323,-0.055693,-0.01579,-0.006012],[0.05611,0.998051,0.027296,0.000944],[0.014239,-0.028137,0.999503,0.007695],[0.0,0.0,0.0,1.0]],"antennas":[-0.375207,0.291289],"body_yaw":0.121008,"check_collision":false},{"head":[[0.99835,-0.055542,-0.014593,-0.006158],[0.055929,0.998055,0.027541,0.00081],[0.013035,-0.028312,0.999514,0.007746],[0.0,0.0,0.0,1.0]],"antennas":[-0.375207,0.291289],"body_yaw":0.121008,"check_collision":false}]}