{"description":"A lighter questioning gesture than inquiring1. As if you're thinking but need more details.","time":[0.0,0.02,0.04,0.06,0.08,0.1,0.12,0.14,0.16,0.18,0.2,0.22,0.24,0.26,0.28,0.3,0.32,0.34,0.36,0.38,0.4,0.42,0.44,0.46,0.48,0.5,0.52,0.54,0.56,0.58,0.6,0.62,0.64,0.66,0.68,0.7,0.72,0.74,0.76,0.78,0.8,0.82,0.84,0.86,0.88,0.9,0.92,0.94,0.96,0.98,1.0,1.02,1.04,1.06,1.08,1.1,1.12,1.14,1.16,1.18,1.2,1.22,1.24,1.26,1.28,1.3,1.32,1.34,1.36,1.38,1.4,1.42,1.44,1.46,1.48,1.5,1.52,1.54,1.56,1.58,1.6,1.62,1.64,1.66,1.68,1.7,1.72,1.74,1.76,1.78,1.8,1.82,1.84,1.86,1.88,1.9,1.92,1.94,1.96,1.98,2.0,2.02,2.04,2.06,2.08,2.1,2.12,2.14,2.16,2.18,2.2,2.22,2.24,2.26,2.28,2.3,2.32,2.34,2.36,2.38,2.4,2.42,2.44,2.46,2.48,2.5,2.52,2.54,2.56,2.58],"set_target_data":[{"head":[[0.99255,0.060291,-0.105871,-0.0101],[-0.068419,0.994842,-0.074888,0.001749],[0.10081,0.081574,0.991556,0.00865],[0.0,0.0,0.0,1.0]],"antennas":[-0.092207,0.241861],"body_yaw":0.121008,"check_collision":false},{"head":[[0.992529,0.061493,-0.105377,-0.010024],[-0.06952,0.994812,-0.074269,0.001733],[0.100263,0.08104,0.991655,0.008478],[0.0,0.0,0.0,1.0]],"antennas":[-0.092207,0.241861],"body_yaw":0.121008,"check_collision":false},{"head":[[0.992504,0.061724,-0.105476,-0.009941],[-0.069725,0.994823,-0.073927,0.001574],[0.100366,0.080727,0.99167,0.008562],[0.0,0.0,0.0,1.0]],"antennas":[-0.092207,0.241861],"body_yaw":0.121008,"check_collision":false},{"head":[[0.992534,0.062532,-0.104715,-0.009963],[-0.070415,0.994817,-0.073353,0.001496],[0.099585,0.080178,0.991793,0.008489],[0.0,0.0,0.0,1.0]],"antennas":[-0.092207,0.241861],"body_yaw":0.121008,"check_collision":false},{"head":[[0.992696,0.0636,-0.102517,-0.009948],[-0.071291,0.994767,-0.073189,0.001461],[0.097326,0.079962,0.992035,0.008255],[0.0,0.0,0.0,1.0]],"antennas":[-0.092207,0.241861],"body_yaw":0.121008,"check_collision":false},{"head":[[0.992911,0.064065,-0.100113,-0.009909],[-0.071502,0.994798,-0.072554,0.00153],[0.094944,0.079198,0.992327,0.008044],[0.0,0.0,0.0,1.0]],"antennas":[-0.092207,0.241861],"body_yaw":0.121008,"check_collision":false},{"head":[[0.993077,0.06448,-0.098187,-0.009974],[-0.071621,0.9949,-0.071028,0.001566],[0.093106,0.077569,0.99263,0.008078],[0.0,0.0,0.0,1.0]],"antennas":[-0.092207,0.241861],"body_yaw":0.121008,"check_collision":false},{"head":[[0.993199,0.06463,-0.096846,-0.010201],[-0.07152,0.995019,-0.069436,0.001581],[0.091876,0.07589,0.992874,0.008116],[0.0,0.0,0.0,1.0]],"antennas":[-0.092207,0.241861],"body_yaw":0.121008,"check_collision":false},{"head":[[0.993373,0.064458,-0.095158,-0.010379],[-0.071155,0.995094,-0.068742,0.00169],[0.09026,0.075058,0.993086,0.00803],[0.0,0.0,0.0,1.0]],"antennas":[-0.092207,0.241861],"body_yaw":0.121008,"check_collision":false},{"head":[[0.993572,0.064716,-0.092877,-0.0105],[-0.071167,0.995149,-0.067918,0.001858],[0.088031,0.074091,0.993358,0.007878],[0.0,0.0,0.0,1.0]],"antennas":[-0.092207,0.241861],"body_yaw":0.121008,"check_collision":false},{"head":[[0.993803,0.064774,-0.090328,-0.010774],[-0.070975,0.99521,-0.067222,0.002116],[0.085541,0.073216,0.993641,0.007795],[0.0,0.0,0.0,1.0]],"antennas":[-0.092207,0.241861],"body_yaw":0.121008,"check_collision":false},{"head":[[0.994122,0.064804,-0.086726,-0.011045],[-0.070662,0.995296,-0.066276,0.002392],[0.082023,0.072014,0.994025,0.007634],[0.0,0.0,0.0,1.0]],"antennas":[-0.092207,0.241861],"body_yaw":0.121008,"check_collision":false},{"head":[[0.994377,0.065022,-0.08358,-0.011381],[-0.07068,0.995272,-0.066619,0.002583],[0.078853,0.072152,0.994272,0.007499],[0.0,0.0,0.0,1.0]],"antennas":[-0.092207,0.241861],"body_yaw":0.121008,"check_collision":false},{"head":[[0.99465,0.064468,-0.080722,-0.011483],[-0.069922,0.995323,-0.066663,0.002837],[0.076047,0.071951,0.994505,0.00739],[0.0,0.0,0.0,1.0]],"antennas":[-0.092207,0.241861],"body_yaw":0.121008,"check_collision":false},{"head":[[0.995008,0.06423,-0.076383,-0.011537],[-0.069432,0.995299,-0.067523,0.003202],[0.071687,0.07249,0.99479,0.007144],[0.0,0.0,0.0,1.0]],"antennas":[-0.092207,0.241861],"body_yaw":0.121008,"check_collision":false},{"head":[[0.995498,0.063641,-0.070236,-0.012],[-0.068385,0.995383,-0.067349,0.003281],[0.065626,0.071849,0.995254,0.00711],[0.0,0.0,0.0,1.0]],"antennas":[-0.092207,0.241861],"body_yaw":0.121008,"check_collision":false},{"head":[[0.996102,0.062859,-0.061878,-0.012397],[-0.067046,0.995424,-0.068089,0.003411],[0.057315,0.071972,0.995758,0.007063],[0.0,0.0,0.0,1.0]],"antennas":[-0.092207,0.241861],"body_yaw":0.121008,"check_collision":false},{"head":[[0.996554,0.062752,-0.054242,-0.012436],[-0.066425,0.995416,-0.068805,0.003596],[0.049675,0.072171,0.996154,0.007032],[0.0,0.0,0.0,1.0]],"antennas":[-0.092207,0.241861],"body_yaw":0.121008,"check_collision":false},{"head":[[0.996863,0.062611,-0.048421,-0.012437],[-0.065917,0.995366,-0.070007,0.003615],[0.043813,0.07298,0.996371,0.007],[0.0,0.0,0.0,1.0]],"antennas":[-0.092207,0.241861],"body_yaw":0.121008,"check_collision":false},{"head":[[0.997032,0.062784,-0.044569,-0.012549],[-0.065835,0.995325,-0.070672,0.003567],[0.039924,0.073397,0.996503,0.007036],[0.0,0.0,0.0,1.0]],"antennas":[-0.092207,0.241861],"body_yaw":0.121008,"check_collision":false},{"head":[[0.99713,0.062696,-0.042436,-0.012596],[-0.065612,0.9953,-0.071219,0.003567],[0.037771,0.073799,0.996558,0.007078],[0.0,0.0,0.0,1.0]],"antennas":[-0.092207,0.241861],"body_yaw":0.121008,"check_collision":false},{"head":[[0.99719,0.062867,-0.04074,-0.012502],[-0.065664,0.995284,-0.071404,0.003349],[0.036059,0.073879,0.996615,0.007072],[0.0,0.0,0.0,1.0]],"antennas":[-0.092207,0.241861],"body_yaw":0.121008,"check_collision":false},{"head":[[0.997235,0.063117,-0.039214,-0.012449],[-0.065793,0.99529,-0.071193,0.003276],[0.034536,0.073576,0.996691,0.00711],[0.0,0.0,0.0,1.0]],"antennas":[-0.092207,0.241861],"body_yaw":0.121008,"check_collision":false},{"head":[[0.997303,0.063024,-0.037601,-0.012478],[-0.065582,0.995305,-0.071189,0.003168],[0.032938,0.073463,0.996754,0.007033],[0.0,0.0,0.0,1.0]],"antennas":[-0.092207,0.241861],"body_yaw":0.121008,"check_collision":false},{"head":[[0.997386,0.062783,-0.035769,-0.012384],[-0.065203,0.995338,-0.071069,0.003204],[0.03114,0.073216,0.99683,0.00705],[0.0,0.0,0.0,1.0]],"antennas":[-0.092207,0.241861],"body_yaw":0.121008,"check_collision":false},{"head":[[0.997429,0.06292,-0.034298,-0.012393],[-0.065222,0.99536,-0.070745,0.003253],[0.029688,0.0728,0.996905,0.007104],[0.0,0.0,0.0,1.0]],"antennas":[-0.092207,0.241861],"body_yaw":0.121008,"check_collision":false},{"head":[[0.997485,0.062691,-0.033063,-0.012426],[-0.064908,0.995368,-0.070912,0.003165],[0.028464,0.07288,0.996934,0.007189],[0.0,0.0,0.0,1.0]],"antennas":[-0.092207,0.241861],"body_yaw":0.121008,"check_collision":false},{"head":[[0.997557,0.062357,-0.031484,-0.012428],[-0.064474,0.99536,-0.071432,0.003144],[0.026884,0.073287,0.996948,0.007169],[0.0,0.0,0.0,1.0]],"antennas":[-0.092207,0.241861],"body_yaw":0.121008,"check_collision":false},{"head":[[0.997665,0.062133,-0.028345,-0.012399],[-0.064026,0.995374,-0.071627,0.003131],[0.023763,0.073275,0.997029,0.007007],[0.0,0.0,0.0,1.0]],"antennas":[-0.092207,0.241861],"body_yaw":0.121008,"check_collision":false},{"head":[[0.997783,0.061564,-0.025274,-0.012339],[-0.063236,0.995415,-0.071765,0.003276],[0.02074,0.073204,0.997101,0.006804],[0.0,0.0,0.0,1.0]],"antennas":[-0.092207,0.241861],"body_yaw":0.121008,"check_collision":false},{"head":[[0.997905,0.061064,-0.021375,-0.012219],[-0.062466,0.995402,-0.072619,0.003282],[0.016842,0.073802,0.997131,0.006663],[0.0,0.0,0.0,1.0]],"antennas":[-0.092207,0.241861],"body_yaw":0.121008,"check_collision":false},{"head":[[0.997993,0.061104,-0.016625,-0.012039],[-0.06217,0.995337,-0.073745,0.00322],[0.012041,0.07463,0.997139,0.006493],[0.0,0.0,0.0,1.0]],"antennas":[-0.092207,0.241861],"body_yaw":0.121008,"check_collision":false},{"head":[[0.998015,0.061521,-0.013493,-0.011925],[-0.06236,0.99526,-0.074627,0.003178],[0.008838,0.07532,0.99712,0.006425],[0.0,0.0,0.0,1.0]],"antennas":[-0.092207,0.241861],"body_yaw":0.121008,"check_collision":false},{"head":[[0.998004,0.06187,-0.012649,-0.01181],[-0.062642,0.99527,-0.074248,0.003371],[0.007995,0.074892,0.99716,0.006444],[0.0,0.0,0.0,1.0]],"antennas":[-0.092207,0.241861],"body_yaw":0.121008,"check_collision":false},{"head":[[0.998016,0.061785,-0.012088,-0.011725],[-0.062513,0.995293,-0.07405,0.003394],[0.007456,0.074659,0.997181,0.006455],[0.0,0.0,0.0,1.0]],"antennas":[-0.092207,0.241861],"body_yaw":0.121008,"check_collision":false},{"head":[[0.998036,0.061716,-0.010776,-0.01157],[-0.062347,0.995295,-0.07416,0.003073],[0.006149,0.074686,0.997188,0.006459],[0.0,0.0,0.0,1.0]],"antennas":[-0.092207,0.241861],"body_yaw":0.121008,"check_collision":false},{"head":[[0.998032,0.062153,-0.008305,-0.011364],[-0.062601,0.995246,-0.07461,0.003024],[0.003629,0.074983,0.997178,0.006354],[0.0,0.0,0.0,1.0]],"antennas":[-0.092207,0.241861],"body_yaw":0.121008,"check_collision":false},{"head":[[0.997992,0.063162,-0.004708,-0.011197],[-0.063337,0.995143,-0.075357,0.002975],[-7.5e-05,0.075504,0.997145,0.006006],[0.0,0.0,0.0,1.0]],"antennas":[-0.092207,0.241861],"body_yaw":0.121008,"check_collision":false},{"head":[[0.997914,0.064548,-0.000491,-0.010809],[-0.064397,0.994995,-0.076401,0.002896],[-0.004443,0.076274,0.997077,0.005675],[0.0,0.0,0.0,1.0]],"antennas":[-0.092207,0.241861],"body_yaw":0.121008,"check_collision":false},{"head":[[0.997749,0.066926,0.004173,-0.010206],[-0.066404,0.994789,-0.07737,0.002595],[-0.00933,0.076919,0.996994,0.005435],[0.0,0.0,0.0,1.0]],"antennas":[-0.092207,0.241861],"body_yaw":0.121008,"check_collision":false},{"head":[[0.997415,0.071175,0.009853,-0.009229],[-0.070175,0.994378,-0.079302,0.002224],[-0.015442,0.078405,0.996802,0.005042],[0.0,0.0,0.0,1.0]],"antennas":[-0.092207,0.241861],"body_yaw":0.121008,"check_collision":false},{"head":[[0.997013,0.075958,0.013955,-0.007913],[-0.074592,0.993931,-0.080851,0.001802],[-0.020011,0.079568,0.996629,0.004458],[0.0,0.0,0.0,1.0]],"antennas":[-0.092207,0.241861],"body_yaw":0.121008,"check_collision":false},{"head":[[0.996968,0.076407,0.014746,-0.006684],[-0.074926,0.993711,-0.083214,0.001353],[-0.021012,0.081856,0.996423,0.003995],[0.0,0.0,0.0,1.0]],"antennas":[-0.092207,0.241861],"body_yaw":0.121008,"check_collision":false},{"head":[[0.997146,0.074595,0.011668,-0.005468],[-0.073314,0.993552,-0.086489,0.000964],[-0.018044,0.085386,0.996185,0.003688],[0.0,0.0,0.0,1.0]],"antennas":[-0.092207,0.241861],"body_yaw":0.121008,"check_collision":false},{"head":[[0.997091,0.075718,0.008778,-0.003996],[-0.074636,0.993203,-0.089317,0.000792],[-0.015481,0.088402,0.995965,0.003014],[0.0,0.0,0.0,1.0]],"antennas":[-0.092207,0.241861],"body_yaw":0.121008,"check_collision":false},{"head":[[0.996969,0.077782,0.001549,-0.002706],[-0.077335,0.993016,-0.089094,0.00037],[-0.008468,0.088704,0.996022,0.002784],[0.0,0.0,0.0,1.0]],"antennas":[-0.092207,0.241861],"body_yaw":0.121008,"check_collision":false},{"head":[[0.99677,0.079386,-0.012168,-0.001912],[-0.080145,0.992998,-0.08678,0.000188],[0.005193,0.087475,0.996153,0.002943],[0.0,0.0,0.0,1.0]],"antennas":[-0.092207,0.241861],"body_yaw":0.121008,"check_collision":false},{"head":[[0.996555,0.077507,-0.029505,-0.001428],[-0.079776,0.993125,-0.085664,0.000287],[0.022663,0.087723,0.995887,0.003215],[0.0,0.0,0.0,1.0]],"antennas":[-0.092207,0.241861],"body_yaw":0.121008,"check_collision":false},{"head":[[0.996064,0.074654,-0.047777,-0.001198],[-0.078482,0.99337,-0.084002,0.000334],[0.041189,0.087421,0.99532,0.003658],[0.0,0.0,0.0,1.0]],"antennas":[-0.092207,0.241861],"body_yaw":0.121008,"check_collision":false},{"head":[[0.995201,0.073408,-0.064696,-0.001454],[-0.078561,0.993607,-0.081071,0.000471],[0.058331,0.085765,0.994606,0.004323],[0.0,0.0,0.0,1.0]],"antennas":[-0.092207,0.241861],"body_yaw":0.121008,"check_collision":false},{"head":[[0.994231,0.072491,-0.079051,-0.002166],[-0.078711,0.993791,-0.078634,0.001008],[0.07286,0.084403,0.993764,0.004744],[0.0,0.0,0.0,1.0]],"antennas":[-0.092207,0.241861],"body_yaw":0.121008,"check_collision":false},{"head":[[0.993757,0.07213,-0.085112,-0.003099],[-0.078676,0.993981,-0.076241,0.001434],[0.079101,0.082462,0.99345,0.005168],[0.0,0.0,0.0,1.0]],"antennas":[-0.092207,0.241861],"body_yaw":0.121008,"check_collision":false},{"head":[[0.994066,0.072893,-0.080747,-0.00421],[-0.078934,0.994105,-0.074332,0.001898],[0.074853,0.080265,0.993959,0.005431],[0.0,0.0,0.0,1.0]],"antennas":[-0.092207,0.241861],"body_yaw":0.121008,"check_collision":false},{"head":[[0.994913,0.074744,-0.06754,-0.005399],[-0.079644,0.994144,-0.073032,0.002436],[0.061685,0.07804,0.99504,0.005473],[0.0,0.0,0.0,1.0]],"antennas":[-0.092207,0.241861],"body_yaw":0.121008,"check_collision":false},{"head":[[0.995714,0.075955,-0.052777,-0.006586],[-0.079663,0.994208,-0.072142,0.002938],[0.046992,0.076037,0.995997,0.005541],[0.0,0.0,0.0,1.0]],"antennas":[-0.092207,0.241861],"body_yaw":0.121008,"check_collision":false},{"head":[[0.996373,0.075838,-0.038588,-0.007574],[-0.078404,0.994459,-0.070032,0.003299],[0.033063,0.072803,0.996798,0.005616],[0.0,0.0,0.0,1.0]],"antennas":[-0.092207,0.241861],"body_yaw":0.121008,"check_collision":false},{"head":[[0.996882,0.07392,-0.027615,-0.008313],[-0.07567,0.99475,-0.068898,0.003747],[0.022377,0.070773,0.997241,0.005542],[0.0,0.0,0.0,1.0]],"antennas":[-0.092207,0.241861],"body_yaw":0.121008,"check_collision":false},{"head":[[0.997294,0.071136,-0.018549,-0.008759],[-0.072249,0.995031,-0.068512,0.004219],[0.013583,0.069666,0.997478,0.00537],[0.0,0.0,0.0,1.0]],"antennas":[-0.092207,0.241861],"body_yaw":0.121008,"check_collision":false},{"head":[[0.997625,0.068218,-0.009516,-0.009037],[-0.068715,0.995216,-0.069454,0.004572],[0.004733,0.069943,0.99754,0.005208],[0.0,0.0,0.0,1.0]],"antennas":[-0.092207,0.241861],"body_yaw":0.121008,"check_collision":false},{"head":[[0.997907,0.064661,-0.000146,-0.009084],[-0.064503,0.995308,-0.072123,0.004579],[-0.004518,0.071981,0.997396,0.005017],[0.0,0.0,0.0,1.0]],"antennas":[-0.092207,0.241861],"body_yaw":0.121008,"check_collision":false},{"head":[[0.998025,0.062007,0.010045,-0.008868],[-0.06109,0.995339,-0.074621,0.00439],[-0.014625,0.07386,0.997161,0.004666],[0.0,0.0,0.0,1.0]],"antennas":[-0.092207,0.241861],"body_yaw":0.121008,"check_collision":false},{"head":[[0.99801,0.060143,0.018953,-0.008506],[-0.058547,0.995405,-0.075766,0.004186],[-0.023423,0.074506,0.996945,0.004276],[0.0,0.0,0.0,1.0]],"antennas":[-0.092207,0.241861],"body_yaw":0.121008,"check_collision":false},{"head":[[0.997914,0.059179,0.025814,-0.007927],[-0.057053,0.995437,-0.076487,0.003709],[-0.030222,0.074855,0.996736,0.003845],[0.0,0.0,0.0,1.0]],"antennas":[-0.092207,0.241861],"body_yaw":0.121008,"check_collision":false},{"head":[[0.997708,0.059942,0.031392,-0.007129],[-0.057402,0.995427,-0.07635,0.003245],[-0.035825,0.074373,0.996587,0.00336],[0.0,0.0,0.0,1.0]],"antennas":[-0.092207,0.241861],"body_yaw":0.121008,"check_collision":false},{"head":[[0.997574,0.060418,0.034579,-0.006161],[-0.057671,0.995472,-0.075567,0.002873],[-0.038988,0.073389,0.996541,0.00281],[0.0,0.0,0.0,1.0]],"antennas":[-0.092207,0.241861],"body_yaw":0.121008,"check_collision":false},{"head":[[0.997418,0.06159,0.036935,-0.005084],[-0.05869,0.995451,-0.075055,0.002371],[-0.041389,0.072693,0.996495,0.002253],[0.0,0.0,0.0,1.0]],"antennas":[-0.092207,0.241861],"body_yaw":0.121008,"check_collision":false},{"head":[[0.997161,0.064464,0.038907,-0.003818],[-0.061407,0.995274,-0.075228,0.001799],[-0.043572,0.072625,0.996407,0.001655],[0.0,0.0,0.0,1.0]],"antennas":[-0.092207,0.241861],"body_yaw":0.121008,"check_collision":false},{"head":[[0.997028,0.06734,0.037421,-0.002535],[-0.064363,0.995047,-0.075752,0.001091],[-0.042336,0.073119,0.996424,0.001351],[0.0,0.0,0.0,1.0]],"antennas":[-0.092207,0.241861],"body_yaw":0.121008,"check_collision":false},{"head":[[0.997099,0.069796,0.030367,-0.001315],[-0.067338,0.994864,-0.075575,0.000425],[-0.035486,0.073311,0.996678,0.00117],[0.0,0.0,0.0,1.0]],"antennas":[-0.092207,0.241861],"body_yaw":0.121008,"check_collision":false},{"head":[[0.997251,0.071495,0.019449,-0.000133],[-0.069822,0.994647,-0.076175,-0.000204],[-0.024791,0.074608,0.996905,0.001076],[0.0,0.0,0.0,1.0]],"antennas":[-0.092207,0.241861],"body_yaw":0.121008,"check_collision":false},{"head":[[0.997464,0.071121,0.002693,0.001011],[-0.070709,0.994575,-0.076294,-0.000777],[-0.008105,0.07591,0.997082,0.001184],[0.0,0.0,0.0,1.0]],"antennas":[-0.092207,0.241861],"body_yaw":0.121008,"check_collision":false},{"head":[[0.997436,0.069656,-0.016387,0.002095],[-0.070697,0.994662,-0.075157,-0.001469],[0.011065,0.076123,0.997037,0.001405],[0.0,0.0,0.0,1.0]],"antennas":[-0.092207,0.241861],"body_yaw":0.121008,"check_collision":false},{"head":[[0.99701,0.067891,-0.036904,0.003176],[-0.070458,0.994812,-0.073383,-0.002038],[0.031731,0.075764,0.996621,0.001573],[0.0,0.0,0.0,1.0]],"antennas":[-0.092207,0.241861],"body_yaw":0.121008,"check_collision":false},{"head":[[0.996134,0.065397,-0.058654,0.004016],[-0.06948,0.995089,-0.070504,-0.00237],[0.053755,0.074307,0.995786,0.001896],[0.0,0.0,0.0,1.0]],"antennas":[-0.092207,0.241861],"body_yaw":0.121008,"check_collision":false},{"head":[[0.994435,0.060637,-0.086149,0.00431],[-0.066581,0.995468,-0.067893,-0.002602],[0.081642,0.073251,0.993966,0.002616],[0.0,0.0,0.0,1.0]],"antennas":[-0.092207,0.241861],"body_yaw":0.121008,"check_collision":false},{"head":[[0.991834,0.055587,-0.114785,0.004236],[-0.063216,0.99595,-0.063931,-0.002805],[0.110766,0.070665,0.991331,0.003747],[0.0,0.0,0.0,1.0]],"antennas":[-0.092207,0.241861],"body_yaw":0.121008,"check_collision":false},{"head":[[0.988674,0.053681,-0.140148,0.003776],[-0.062374,0.996344,-0.058387,-0.002904],[0.136501,0.066467,0.988408,0.004675],[0.0,0.0,0.0,1.0]],"antennas":[-0.092207,0.241861],"body_yaw":0.121008,"check_collision":false},{"head":[[0.984978,0.053354,-0.164231,0.003117],[-0.062633,0.996689,-0.051847,-0.00298],[0.160921,0.061355,0.985058,0.005887],[0.0,0.0,0.0,1.0]],"antennas":[-0.092207,0.241861],"body_yaw":0.121008,"check_collision":false},{"head":[[0.980711,0.052692,-0.188225,0.002127],[-0.062551,0.996943,-0.046824,-0.002834],[0.185183,0.057694,0.981009,0.007176],[0.0,0.0,0.0,1.0]],"antennas":[-0.092207,0.241861],"body_yaw":0.121008,"check_collision":false},{"head":[[0.975643,0.051434,-0.213248,0.000652],[-0.061511,0.997269,-0.040888,-0.002508],[0.210563,0.05301,0.976142,0.008725],[0.0,0.0,0.0,1.0]],"antennas":[-0.092207,0.241861],"body_yaw":0.121008,"check_collision":false},{"head":[[0.970351,0.050315,-0.236405,-0.001412],[-0.059875,0.997646,-0.033431,-0.001315],[0.234167,0.046595,0.971079,0.00982],[0.0,0.0,0.0,1.0]],"antennas":[-0.092207,0.241861],"body_yaw":0.121008,"check_collision":false},{"head":[[0.966335,0.049311,-0.252518,-0.002635],[-0.058983,0.997781,-0.030872,-0.001074],[0.250436,0.044727,0.9671,0.010708],[0.0,0.0,0.0,1.0]],"antennas":[-0.092207,0.241861],"body_yaw":0.121008,"check_collision":false},{"head":[[0.963759,0.051453,-0.261764,-0.003334],[-0.061094,0.997716,-0.02882,-0.000887],[0.259684,0.043767,0.964701,0.011166],[0.0,0.0,0.0,1.0]],"antennas":[-0.092207,0.241861],"body_yaw":0.121008,"check_collision":false},{"head":[[0.961386,0.054674,-0.269717,-0.003894],[-0.064293,0.997567,-0.026949,-0.000786],[0.267587,0.04325,0.962562,0.011587],[0.0,0.0,0.0,1.0]],"antennas":[-0.092207,0.241861],"body_yaw":0.121008,"check_collision":false},{"head":[[0.958679,0.055471,-0.279031,-0.005463],[-0.064912,0.997585,-0.024704,-0.000213],[0.276987,0.041796,0.959964,0.012125],[0.0,0.0,0.0,1.0]],"antennas":[-0.092207,0.241861],"body_yaw":0.121008,"check_collision":false},{"head":[[0.957218,0.056734,-0.283752,-0.006476],[-0.065985,0.997552,-0.023141,1e-06],[0.281745,0.040874,0.958618,0.012564],[0.0,0.0,0.0,1.0]],"antennas":[-0.092207,0.241861],"body_yaw":0.121008,"check_collision":false},{"head":[[0.956949,0.058616,-0.284278,-0.007091],[-0.067415,0.997499,-0.021259,0.000783],[0.28232,0.039508,0.958506,0.012266],[0.0,0.0,0.0,1.0]],"antennas":[-0.092207,0.241861],"body_yaw":0.121008,"check_collision":false},{"head":[[0.958432,0.061289,-0.278661,-0.007507],[-0.069774,0.99735,-0.020622,0.001458],[0.276659,0.039208,0.960168,0.011921],[0.0,0.0,0.0,1.0]],"antennas":[-0.092207,0.241861],"body_yaw":0.121008,"check_collision":false},{"head":[[0.96091,0.063272,-0.269533,-0.007871],[-0.07129,0.997254,-0.020055,0.001841],[0.267524,0.038486,0.962782,0.01168],[0.0,0.0,0.0,1.0]],"antennas":[-0.092207,0.241861],"body_yaw":0.121008,"check_collision":false},{"head":[[0.963193,0.065155,-0.260794,-0.008559],[-0.072338,0.997217,-0.018029,0.00283],[0.258893,0.036231,0.965226,0.011476],[0.0,0.0,0.0,1.0]],"antennas":[-0.092207,0.241861],"body_yaw":0.121008,"check_collision":false},{"head":[[0.965641,0.066485,-0.251233,-0.009192],[-0.072965,0.997197,-0.016555,0.003587],[0.249428,0.034318,0.967785,0.011355],[0.0,0.0,0.0,1.0]],"antennas":[-0.092207,0.241861],"body_yaw":0.121008,"check_collision":false},{"head":[[0.968275,0.068752,-0.240244,-0.009767],[-0.074786,0.99707,-0.016078,0.004107],[0.238434,0.033535,0.970579,0.011196],[0.0,0.0,0.0,1.0]],"antennas":[-0.092207,0.241861],"body_yaw":0.121008,"check_collision":false},{"head":[[0.97146,0.070376,-0.226525,-0.010139],[-0.076264,0.996937,-0.017335,0.004364],[0.224611,0.034116,0.973851,0.010808],[0.0,0.0,0.0,1.0]],"antennas":[-0.092207,0.241861],"body_yaw":0.121008,"check_collision":false},{"head":[[0.975104,0.070694,-0.210178,-0.010294],[-0.076428,0.996889,-0.019277,0.004682],[0.208161,0.03486,0.977473,0.010267],[0.0,0.0,0.0,1.0]],"antennas":[-0.092207,0.241861],"body_yaw":0.121008,"check_collision":false},{"head":[[0.978456,0.071781,-0.193577,-0.010732],[-0.077179,0.996807,-0.02048,0.005085],[0.191489,0.034979,0.980871,0.009831],[0.0,0.0,0.0,1.0]],"antennas":[-0.092207,0.241861],"body_yaw":0.121008,"check_collision":false},{"head":[[0.981554,0.072843,-0.176762,-0.011332],[-0.077887,0.996725,-0.021757,0.00551],[0.174598,0.035123,0.984013,0.00947],[0.0,0.0,0.0,1.0]],"antennas":[-0.092207,0.241861],"body_yaw":0.121008,"check_collision":false},{"head":[[0.984243,0.07322,-0.160948,-0.011385],[-0.078067,0.996659,-0.023994,0.005448],[0.158653,0.036181,0.986671,0.009331],[0.0,0.0,0.0,1.0]],"antennas":[-0.092207,0.241861],"body_yaw":0.121008,"check_collision":false},{"head":[[0.986468,0.072488,-0.147061,-0.011422],[-0.077236,0.996652,-0.026823,0.005623],[0.144624,0.037818,0.988764,0.008867],[0.0,0.0,0.0,1.0]],"antennas":[-0.092207,0.241861],"body_yaw":0.121008,"check_collision":false},{"head":[[0.988072,0.074399,-0.134825,-0.011455],[-0.078915,0.996475,-0.028462,0.005932],[0.132233,0.038762,0.990461,0.008608],[0.0,0.0,0.0,1.0]],"antennas":[-0.092207,0.241861],"body_yaw":0.121008,"check_collision":false},{"head":[[0.98932,0.075646,-0.124593,-0.011628],[-0.079932,0.996356,-0.029768,0.006119],[0.121888,0.039409,0.991761,0.008424],[0.0,0.0,0.0,1.0]],"antennas":[-0.092207,0.241861],"body_yaw":0.121008,"check_collision":false},{"head":[[0.990398,0.075296,-0.115937,-0.011753],[-0.079427,0.996345,-0.031429,0.0061],[0.113147,0.040336,0.992759,0.008408],[0.0,0.0,0.0,1.0]],"antennas":[-0.092207,0.241861],"body_yaw":0.121008,"check_collision":false},{"head":[[0.991089,0.076232,-0.109232,-0.011794],[-0.080381,0.996181,-0.034086,0.006074],[0.106216,0.042562,0.993432,0.008273],[0.0,0.0,0.0,1.0]],"antennas":[-0.092207,0.241861],"body_yaw":0.121008,"check_collision":false},{"head":[[0.991595,0.077057,-0.10393,-0.011778],[-0.081092,0.996086,-0.035162,0.006207],[0.100813,0.043295,0.993963,0.008152],[0.0,0.0,0.0,1.0]],"antennas":[-0.092207,0.241861],"body_yaw":0.121008,"check_collision":false},{"head":[[0.991983,0.077475,-0.09984,-0.011742],[-0.081411,0.996032,-0.035965,0.005737],[0.096657,0.043805,0.994353,0.008317],[0.0,0.0,0.0,1.0]],"antennas":[-0.092207,0.241861],"body_yaw":0.121008,"check_collision":false},{"head":[[0.99219,0.077888,-0.097431,-0.011798],[-0.081767,0.995984,-0.03646,0.005667],[0.0942,0.044142,0.994574,0.008404],[0.0,0.0,0.0,1.0]],"antennas":[-0.092207,0.241861],"body_yaw":0.121008,"check_collision":false},{"head":[[0.992382,0.07887,-0.09464,-0.011798],[-0.082652,0.995901,-0.036734,0.005835],[0.091354,0.044276,0.994834,0.00833],[0.0,0.0,0.0,1.0]],"antennas":[-0.092207,0.241861],"body_yaw":0.121008,"check_collision":false},{"head":[[0.99266,0.079317,-0.091296,-0.0118],[-0.082989,0.995858,-0.03715,0.00585],[0.087971,0.044454,0.995131,0.008386],[0.0,0.0,0.0,1.0]],"antennas":[-0.092207,0.241861],"body_yaw":0.121008,"check_collision":false},{"head":[[0.992867,0.079,-0.089302,-0.011822],[-0.08264,0.995862,-0.037821,0.005854],[0.085944,0.044932,0.995286,0.008454],[0.0,0.0,0.0,1.0]],"antennas":[-0.092207,0.241861],"body_yaw":0.121008,"check_collision":false},{"head":[[0.993106,0.078519,-0.087032,-0.01188],[-0.082114,0.995878,-0.038523,0.005871],[0.083648,0.045404,0.99546,0.008505],[0.0,0.0,0.0,1.0]],"antennas":[-0.092207,0.241861],"body_yaw":0.121008,"check_collision":false},{"head":[[0.99332,0.078463,-0.084608,-0.012067],[-0.081959,0.995885,-0.038672,0.005974],[0.081225,0.045348,0.995664,0.008415],[0.0,0.0,0.0,1.0]],"antennas":[-0.092207,0.241861],"body_yaw":0.121008,"check_collision":false},{"head":[[0.993435,0.07942,-0.082341,-0.01219],[-0.082838,0.995801,-0.03896,0.00557],[0.078901,0.045526,0.995842,0.008494],[0.0,0.0,0.0,1.0]],"antennas":[-0.092207,0.241861],"body_yaw":0.121008,"check_collision":false},{"head":[[0.993554,0.08046,-0.079848,-0.012319],[-0.083748,0.995735,-0.038709,0.005754],[0.076393,0.045147,0.996055,0.008375],[0.0,0.0,0.0,1.0]],"antennas":[-0.092207,0.241861],"body_yaw":0.121008,"check_collision":false},{"head":[[0.993799,0.081021,-0.076156,-0.012441],[-0.084127,0.995711,-0.038489,0.005836],[0.072711,0.044657,0.996353,0.008334],[0.0,0.0,0.0,1.0]],"antennas":[-0.092207,0.241861],"body_yaw":0.121008,"check_collision":false},{"head":[[0.994045,0.08127,-0.072587,-0.012649],[-0.084154,0.995743,-0.037603,0.005819],[0.069222,0.043488,0.996653,0.008397],[0.0,0.0,0.0,1.0]],"antennas":[-0.092207,0.241861],"body_yaw":0.121008,"check_collision":false},{"head":[[0.994248,0.081546,-0.069437,-0.0128],[-0.084269,0.995747,-0.037228,0.005769],[0.066105,0.042866,0.996891,0.008388],[0.0,0.0,0.0,1.0]],"antennas":[-0.092207,0.241861],"body_yaw":0.121008,"check_collision":false},{"head":[[0.994566,0.081192,-0.065159,-0.012743],[-0.083701,0.995813,-0.03674,0.005646],[0.061903,0.041995,0.997198,0.008301],[0.0,0.0,0.0,1.0]],"antennas":[-0.092207,0.241861],"body_yaw":0.121008,"check_collision":false},{"head":[[0.994911,0.081291,-0.059528,-0.012579],[-0.08352,0.995857,-0.035962,0.005639],[0.056358,0.040751,0.997579,0.008091],[0.0,0.0,0.0,1.0]],"antennas":[-0.092207,0.241861],"body_yaw":0.121008,"check_collision":false},{"head":[[0.995104,0.081877,-0.055351,-0.012448],[-0.08388,0.995865,-0.034888,0.005586],[0.052265,0.03936,0.997857,0.007995],[0.0,0.0,0.0,1.0]],"antennas":[-0.092207,0.241861],"body_yaw":0.121008,"check_collision":false},{"head":[[0.9952,0.082334,-0.052903,-0.012361],[-0.084192,0.995872,-0.033922,0.005421],[0.049891,0.038213,0.998023,0.008044],[0.0,0.0,0.0,1.0]],"antennas":[-0.092207,0.241861],"body_yaw":0.121008,"check_collision":false},{"head":[[0.995197,0.083264,-0.051483,-0.01221],[-0.085013,0.995841,-0.032778,0.005252],[0.04854,0.036997,0.998136,0.008004],[0.0,0.0,0.0,1.0]],"antennas":[-0.092207,0.241861],"body_yaw":0.121008,"check_collision":false},{"head":[[0.99516,0.084463,-0.050234,-0.01198],[-0.086109,0.995786,-0.031564,0.005122],[0.047357,0.035737,0.998239,0.007972],[0.0,0.0,0.0,1.0]],"antennas":[-0.092207,0.241861],"body_yaw":0.121008,"check_collision":false},{"head":[[0.995132,0.085206,-0.049513,-0.011865],[-0.086762,0.995772,-0.030189,0.00508],[0.046731,0.034338,0.998317,0.007979],[0.0,0.0,0.0,1.0]],"antennas":[-0.092207,0.241861],"body_yaw":0.121008,"check_collision":false},{"head":[[0.995085,0.085904,-0.049265,-0.011843],[-0.08739,0.995756,-0.028846,0.00505],[0.046578,0.03301,0.998369,0.0079],[0.0,0.0,0.0,1.0]],"antennas":[-0.092207,0.241861],"body_yaw":0.121008,"check_collision":false},{"head":[[0.995062,0.086251,-0.04911,-0.011768],[-0.087683,0.995761,-0.027776,0.005037],[0.046507,0.031945,0.998407,0.007814],[0.0,0.0,0.0,1.0]],"antennas":[-0.092207,0.241861],"body_yaw":0.121008,"check_collision":false},{"head":[[0.99508,0.086271,-0.048717,-0.01173],[-0.087656,0.995783,-0.027053,0.005089],[0.046178,0.03119,0.998446,0.007761],[0.0,0.0,0.0,1.0]],"antennas":[-0.092207,0.241861],"body_yaw":0.121008,"check_collision":false},{"head":[[0.995097,0.086573,-0.047831,-0.01174],[-0.087899,0.995781,-0.026344,0.005067],[0.045349,0.030419,0.998508,0.0078],[0.0,0.0,0.0,1.0]],"antennas":[-0.092207,0.241861],"body_yaw":0.121008,"check_collision":false},{"head":[[0.995088,0.086937,-0.047345,-0.011723],[-0.088218,0.995771,-0.025655,0.005017],[0.044915,0.029705,0.998549,0.007861],[0.0,0.0,0.0,1.0]],"antennas":[-0.092207,0.241861],"body_yaw":0.121008,"check_collision":false},{"head":[[0.99506,0.087404,-0.047072,-0.011656],[-0.088643,0.995752,-0.024913,0.00502],[0.044694,0.028963,0.998581,0.007856],[0.0,0.0,0.0,1.0]],"antennas":[-0.092207,0.241861],"body_yaw":0.121008,"check_collision":false},{"head":[[0.995057,0.087539,-0.046888,-0.011594],[-0.088747,0.995757,-0.024325,0.004945],[0.044559,0.028366,0.998604,0.007893],[0.0,0.0,0.0,1.0]],"antennas":[-0.092207,0.241861],"body_yaw":0.121008,"check_collision":false},{"head":[[0.995106,0.087163,-0.046556,-0.011585],[-0.088351,0.995798,-0.024093,0.004775],[0.044261,0.028088,0.998625,0.007964],[0.0,0.0,0.0,1.0]],"antennas":[-0.092207,0.241861],"body_yaw":0.121008,"check_collision":false}]}