{"description":"A brief movement you use when something doesn\u2019t suit you. Also usable when you fail at something.","time":[0.0,0.02,0.04,0.06,0.08,0.1,0.12,0.14,0.16,0.18,0.2,0.22,0.24,0.26,0.28,0.3,0.32,0.34,0.36,0.38,0.4,0.42,0.44,0.46,0.48,0.5,0.52,0.54,0.56,0.58,0.6,0.62,0.64,0.66,0.68,0.7,0.72,0.74,0.76,0.78,0.8,0.82,0.84,0.86,0.88,0.9,0.92,0.94,0.96,0.98,1.0,1.02,1.04,1.06,1.08,1.1,1.12,1.14,1.16,1.18,1.2,1.22,1.24,1.26,1.28,1.3,1.32,1.34,1.36,1.38,1.4,1.42,1.44,1.46,1.48,1.5,1.52,1.54,1.56,1.58,1.6,1.62,1.64,1.66,1.68,1.7,1.72,1.74,1.76,1.78,1.8,1.82,1.84,1.86,1.88,1.9,1.92,1.94,1.96,1.98,2.0,2.02,2.04,2.06,2.08,2.1,2.12,2.14,2.16,2.18,2.2,2.22,2.24,2.26,2.28,2.3,2.32,2.34,2.36,2.38,2.4,2.42,2.44,2.46,2.48],"set_target_data":[{"head":[[0.992908,-0.106635,0.052555,-0.002217],[0.10816,0.993764,-0.027085,-0.001243],[-0.049339,0.032577,0.998251,0.013227],[0.0,0.0,0.0,1.0]],"antennas":[-0.200502,0.40866],"body_yaw":0.121008,"check_collision":false},{"head":[[0.99289,-0.106727,0.052716,-0.002215],[0.108249,0.993759,-0.026917,-0.001162],[-0.049514,0.032432,0.998247,0.013129],[0.0,0.0,0.0,1.0]],"antennas":[-0.200502,0.40866],"body_yaw":0.121008,"check_collision":false},{"head":[[0.992852,-0.106884,0.053117,-0.002199],[0.108422,0.993739,-0.026954,-0.00114],[-0.049903,0.03252,0.998224,0.013069],[0.0,0.0,0.0,1.0]],"antennas":[-0.200502,0.40866],"body_yaw":0.121008,"check_collision":false},{"head":[[0.992817,-0.107023,0.05349,-0.002185],[0.108574,0.993722,-0.02698,-0.001106],[-0.050266,0.032594,0.998204,0.013022],[0.0,0.0,0.0,1.0]],"antennas":[-0.200502,0.40866],"body_yaw":0.121008,"check_collision":false},{"head":[[0.992827,-0.106997,0.053346,-0.002251],[0.108522,0.99374,-0.026542,-0.000935],[-0.050172,0.03214,0.998223,0.013001],[0.0,0.0,0.0,1.0]],"antennas":[-0.200502,0.40866],"body_yaw":0.121008,"check_collision":false},{"head":[[0.992802,-0.107287,0.053239,-0.002313],[0.10879,0.99372,-0.026178,-0.001029],[-0.050096,0.031781,0.998239,0.013119],[0.0,0.0,0.0,1.0]],"antennas":[-0.200502,0.40866],"body_yaw":0.121008,"check_collision":false},{"head":[[0.99277,-0.107477,0.053448,-0.002341],[0.108975,0.993706,-0.025935,-0.001003],[-0.050324,0.031572,0.998234,0.01311],[0.0,0.0,0.0,1.0]],"antennas":[-0.200502,0.40866],"body_yaw":0.121008,"check_collision":false},{"head":[[0.992771,-0.10749,0.053401,-0.002321],[0.108973,0.993713,-0.025669,-0.001054],[-0.050306,0.031303,0.998243,0.013111],[0.0,0.0,0.0,1.0]],"antennas":[-0.200502,0.40866],"body_yaw":0.121008,"check_collision":false},{"head":[[0.99278,-0.107573,0.053072,-0.002252],[0.109043,0.993707,-0.025613,-0.001149],[-0.049983,0.031215,0.998262,0.013166],[0.0,0.0,0.0,1.0]],"antennas":[-0.200502,0.40866],"body_yaw":0.121008,"check_collision":false},{"head":[[0.992779,-0.107626,0.052971,-0.002228],[0.1091,0.993697,-0.025751,-0.001187],[-0.049866,0.031344,0.998264,0.013269],[0.0,0.0,0.0,1.0]],"antennas":[-0.200502,0.40866],"body_yaw":0.121008,"check_collision":false},{"head":[[0.992758,-0.107504,0.053615,-0.002221],[0.108994,0.993711,-0.02567,-0.001177],[-0.050518,0.031328,0.998232,0.01323],[0.0,0.0,0.0,1.0]],"antennas":[-0.200502,0.40866],"body_yaw":0.121008,"check_collision":false},{"head":[[0.992726,-0.10751,0.054196,-0.002154],[0.109014,0.99371,-0.025602,-0.001432],[-0.051103,0.031324,0.998202,0.013371],[0.0,0.0,0.0,1.0]],"antennas":[-0.200502,0.40866],"body_yaw":0.121008,"check_collision":false},{"head":[[0.992716,-0.107515,0.054358,-0.002142],[0.10902,0.993712,-0.025507,-0.001337],[-0.051274,0.031247,0.998196,0.013397],[0.0,0.0,0.0,1.0]],"antennas":[-0.200502,0.40866],"body_yaw":0.121008,"check_collision":false},{"head":[[0.99272,-0.107619,0.054086,-0.002215],[0.109108,0.993706,-0.025368,-0.001376],[-0.051016,0.031084,0.998214,0.01352],[0.0,0.0,0.0,1.0]],"antennas":[-0.200502,0.40866],"body_yaw":0.121008,"check_collision":false},{"head":[[0.9927,-0.107608,0.054476,-0.002238],[0.109105,0.993709,-0.025281,-0.001374],[-0.051413,0.03104,0.998195,0.013561],[0.0,0.0,0.0,1.0]],"antennas":[-0.200502,0.40866],"body_yaw":0.121008,"check_collision":false},{"head":[[0.992542,-0.10797,0.056601,-0.002247],[0.109549,0.993652,-0.025568,-0.001495],[-0.053481,0.031578,0.998069,0.013646],[0.0,0.0,0.0,1.0]],"antennas":[-0.200502,0.40866],"body_yaw":0.121008,"check_collision":false},{"head":[[0.992203,-0.108715,0.060939,-0.002302],[0.110482,0.993527,-0.026415,-0.00162],[-0.057673,0.032942,0.997792,0.013701],[0.0,0.0,0.0,1.0]],"antennas":[-0.207272,0.40866],"body_yaw":0.121008,"check_collision":false},{"head":[[0.991455,-0.110046,0.070051,-0.002439],[0.112254,0.993274,-0.02839,-0.001617],[-0.066456,0.036011,0.997139,0.013586],[0.0,0.0,0.0,1.0]],"antennas":[-0.231777,0.40866],"body_yaw":0.121008,"check_collision":false},{"head":[[0.989955,-0.112602,0.085493,-0.002528],[0.115716,0.992755,-0.032365,-0.001695],[-0.081229,0.041933,0.995813,0.013395],[0.0,0.0,0.0,1.0]],"antennas":[-0.261509,0.40866],"body_yaw":0.121008,"check_collision":false},{"head":[[0.987603,-0.114489,0.107387,-0.002502],[0.119328,0.992059,-0.039751,-0.001371],[-0.101983,0.052073,0.993422,0.012782],[0.0,0.0,0.0,1.0]],"antennas":[-0.294752,0.416705],"body_yaw":0.121008,"check_collision":false},{"head":[[0.984878,-0.111573,0.132543,-0.002354],[0.118458,0.991929,-0.045225,-0.001157],[-0.126428,0.060241,0.990145,0.012062],[0.0,0.0,0.0,1.0]],"antennas":[-0.341641,0.456887],"body_yaw":0.121008,"check_collision":false},{"head":[[0.98087,-0.108985,0.161297,-0.002181],[0.118161,0.991814,-0.048409,-0.001173],[-0.1547,0.066542,0.985718,0.011352],[0.0,0.0,0.0,1.0]],"antennas":[-0.410937,0.530888],"body_yaw":0.121008,"check_collision":false},{"head":[[0.976353,-0.109511,0.186395,-0.002193],[0.121586,0.991078,-0.0546,-0.001359],[-0.178752,0.075972,0.980957,0.010861],[0.0,0.0,0.0,1.0]],"antennas":[-0.502552,0.632168],"body_yaw":0.121008,"check_collision":false},{"head":[[0.97219,-0.108451,0.207569,-0.002336],[0.123581,0.990438,-0.061328,-0.001361],[-0.198933,0.085274,0.976296,0.010292],[0.0,0.0,0.0,1.0]],"antennas":[-0.596009,0.735331],"body_yaw":0.121008,"check_collision":false},{"head":[[0.968138,-0.104816,0.227426,-0.002391],[0.123408,0.989948,-0.069093,-0.001338],[-0.217898,0.094958,0.971341,0.009652],[0.0,0.0,0.0,1.0]],"antennas":[-0.691257,0.840472],"body_yaw":0.121008,"check_collision":false},{"head":[[0.963534,-0.10248,0.247186,-0.001677],[0.124726,0.989273,-0.076043,-0.00231],[-0.236741,0.104101,0.96598,0.009811],[0.0,0.0,0.0,1.0]],"antennas":[-0.785403,0.944396],"body_yaw":0.121008,"check_collision":false},{"head":[[0.960721,-0.100046,0.258857,-0.001643],[0.124652,0.988936,-0.080416,-0.002502],[-0.247947,0.109524,0.962563,0.009625],[0.0,0.0,0.0,1.0]],"antennas":[-0.87981,1.048608],"body_yaw":0.121008,"check_collision":false},{"head":[[0.959115,-0.099082,0.265106,-0.001753],[0.124912,0.988742,-0.082374,-0.00277],[-0.25396,0.112121,0.960694,0.009815],[0.0,0.0,0.0,1.0]],"antennas":[-0.972773,1.151226],"body_yaw":0.121008,"check_collision":false},{"head":[[0.957158,-0.098618,0.272255,-0.001977],[0.125513,0.9886,-0.083165,-0.002758],[-0.260949,0.113774,0.958625,0.009736],[0.0,0.0,0.0,1.0]],"antennas":[-1.067948,1.256286],"body_yaw":0.121008,"check_collision":false},{"head":[[0.953925,-0.097794,0.283659,-0.002164],[0.126539,0.98833,-0.084806,-0.002749],[-0.272055,0.116793,0.955168,0.009523],[0.0,0.0,0.0,1.0]],"antennas":[-1.162845,1.36104],"body_yaw":0.121008,"check_collision":false},{"head":[[0.950979,-0.095668,0.294084,-0.002254],[0.126406,0.988129,-0.087312,-0.002784],[-0.28224,0.120206,0.951783,0.009334],[0.0,0.0,0.0,1.0]],"antennas":[-1.25697,1.46494],"body_yaw":0.121008,"check_collision":false},{"head":[[0.947967,-0.093534,0.30432,-0.002395],[0.126162,0.987979,-0.089338,-0.002844],[-0.292305,0.123084,0.948371,0.009155],[0.0,0.0,0.0,1.0]],"antennas":[-1.351381,1.569157],"body_yaw":0.121008,"check_collision":false},{"head":[[0.944941,-0.092196,0.313984,-0.002453],[0.126409,0.987854,-0.090362,-0.002933],[-0.301839,0.125077,0.945118,0.008956],[0.0,0.0,0.0,1.0]],"antennas":[-1.445947,1.673544],"body_yaw":0.121008,"check_collision":false},{"head":[[0.941562,-0.09108,0.324291,-0.002394],[0.126867,0.987743,-0.090933,-0.003049],[-0.312034,0.126761,0.941577,0.008693],[0.0,0.0,0.0,1.0]],"antennas":[-1.539847,1.777196],"body_yaw":0.121008,"check_collision":false},{"head":[[0.9364,-0.087694,0.339801,-0.002084],[0.126049,0.987706,-0.092457,-0.003262],[-0.327515,0.129409,0.935942,0.008233],[0.0,0.0,0.0,1.0]],"antennas":[-1.634224,1.881376],"body_yaw":0.121008,"check_collision":false},{"head":[[0.928655,-0.082937,0.361553,-0.001482],[0.125209,0.987566,-0.095063,-0.003588],[-0.349173,0.13355,0.927493,0.007618],[0.0,0.0,0.0,1.0]],"antennas":[-1.7285,1.985444],"body_yaw":0.121008,"check_collision":false},{"head":[[0.921396,-0.08038,0.380222,-0.000427],[0.126216,0.987234,-0.097157,-0.004072],[-0.367559,0.13751,0.919778,0.006922],[0.0,0.0,0.0,1.0]],"antennas":[-1.822946,2.08479],"body_yaw":0.121008,"check_collision":false},{"head":[[0.91456,-0.086917,0.395002,0.00116],[0.135765,0.985943,-0.097391,-0.004803],[-0.380984,0.142698,0.913504,0.006006],[0.0,0.0,0.0,1.0]],"antennas":[-1.917059,2.132991],"body_yaw":0.121008,"check_collision":false},{"head":[[0.910706,-0.110864,0.397899,0.00271],[0.160506,0.982588,-0.093592,-0.00574],[-0.380595,0.1491,0.912643,0.00509],[0.0,0.0,0.0,1.0]],"antennas":[-2.007149,2.132991],"body_yaw":0.121008,"check_collision":false},{"head":[[0.912345,-0.152565,0.379934,0.003076],[0.199078,0.976198,-0.086052,-0.007033],[-0.357762,0.154145,0.921002,0.004737],[0.0,0.0,0.0,1.0]],"antennas":[-2.062311,2.132991],"body_yaw":0.121008,"check_collision":false},{"head":[[0.914972,-0.20217,0.349217,0.002742],[0.243653,0.966659,-0.078765,-0.008981],[-0.32165,0.157156,0.933726,0.004658],[0.0,0.0,0.0,1.0]],"antennas":[-2.067603,2.132991],"body_yaw":0.121008,"check_collision":false},{"head":[[0.913182,-0.241245,0.32848,0.003872],[0.279444,0.957323,-0.073778,-0.012515],[-0.296663,0.159165,0.941625,0.00661],[0.0,0.0,0.0,1.0]],"antennas":[-2.067603,2.132991],"body_yaw":0.121008,"check_collision":false},{"head":[[0.910689,-0.266574,0.31557,0.004472],[0.302325,0.950675,-0.069395,-0.010985],[-0.281506,0.158602,0.946361,0.004183],[0.0,0.0,0.0,1.0]],"antennas":[-2.067603,2.132991],"body_yaw":0.121008,"check_collision":false},{"head":[[0.910371,-0.266961,0.31616,0.004888],[0.303154,0.950332,-0.070474,-0.011278],[-0.281643,0.160003,0.946085,0.003709],[0.0,0.0,0.0,1.0]],"antennas":[-2.067603,2.132991],"body_yaw":0.121008,"check_collision":false},{"head":[[0.911614,-0.251484,0.325138,0.00504],[0.290478,0.953803,-0.076697,-0.011151],[-0.290829,0.164364,0.942551,0.003709],[0.0,0.0,0.0,1.0]],"antennas":[-2.067603,2.132991],"body_yaw":0.121008,"check_collision":false},{"head":[[0.915021,-0.229722,0.331608,0.004913],[0.270823,0.959052,-0.082909,-0.010863],[-0.298984,0.16567,0.939767,0.004171],[0.0,0.0,0.0,1.0]],"antennas":[-2.067603,2.132991],"body_yaw":0.121008,"check_collision":false},{"head":[[0.917334,-0.206707,0.340252,0.004899],[0.25006,0.964185,-0.088419,-0.010364],[-0.309789,0.166193,0.936168,0.004703],[0.0,0.0,0.0,1.0]],"antennas":[-2.067603,2.132991],"body_yaw":0.121008,"check_collision":false},{"head":[[0.917735,-0.180461,0.353831,0.004552],[0.226815,0.969403,-0.093877,-0.010033],[-0.326064,0.166408,0.930586,0.005548],[0.0,0.0,0.0,1.0]],"antennas":[-2.067603,2.132991],"body_yaw":0.121008,"check_collision":false},{"head":[[0.918199,-0.157045,0.363659,0.003772],[0.205771,0.973568,-0.099116,-0.010187],[-0.338482,0.165838,0.926244,0.006303],[0.0,0.0,0.0,1.0]],"antennas":[-2.067603,2.132991],"body_yaw":0.121008,"check_collision":false},{"head":[[0.921705,-0.154278,0.355892,0.003139],[0.201684,0.974337,-0.099959,-0.010336],[-0.331337,0.16391,0.929166,0.006499],[0.0,0.0,0.0,1.0]],"antennas":[-2.067603,2.132991],"body_yaw":0.121008,"check_collision":false},{"head":[[0.924095,-0.162385,0.345947,0.003051],[0.207752,0.973249,-0.098113,-0.011059],[-0.320761,0.162537,0.93311,0.006376],[0.0,0.0,0.0,1.0]],"antennas":[-2.067603,2.132991],"body_yaw":0.121008,"check_collision":false},{"head":[[0.922808,-0.175942,0.342739,0.003749],[0.220283,0.970825,-0.094736,-0.012325],[-0.316071,0.162923,0.934642,0.005966],[0.0,0.0,0.0,1.0]],"antennas":[-2.067603,2.132991],"body_yaw":0.121008,"check_collision":false},{"head":[[0.921891,-0.190454,0.337408,0.00426],[0.233136,0.968227,-0.090464,-0.01184],[-0.309458,0.16206,0.937002,0.005945],[0.0,0.0,0.0,1.0]],"antennas":[-2.067603,2.132991],"body_yaw":0.121008,"check_collision":false},{"head":[[0.921335,-0.202225,0.332035,0.005212],[0.243647,0.965881,-0.087808,-0.012584],[-0.302949,0.1618,0.939171,0.005999],[0.0,0.0,0.0,1.0]],"antennas":[-2.067603,2.132991],"body_yaw":0.121008,"check_collision":false},{"head":[[0.920718,-0.2012,0.334362,0.005904],[0.243796,0.965615,-0.090279,-0.012633],[-0.304701,0.164638,0.938111,0.006048],[0.0,0.0,0.0,1.0]],"antennas":[-2.067603,2.132991],"body_yaw":0.121008,"check_collision":false},{"head":[[0.919445,-0.193557,0.342282,0.005903],[0.239011,0.966299,-0.095603,-0.01238],[-0.312242,0.16971,0.934721,0.006257],[0.0,0.0,0.0,1.0]],"antennas":[-2.067603,2.132991],"body_yaw":0.121008,"check_collision":false},{"head":[[0.91848,-0.180646,0.351796,0.005299],[0.228789,0.968316,-0.100101,-0.01216],[-0.322567,0.172428,0.930709,0.006712],[0.0,0.0,0.0,1.0]],"antennas":[-2.067603,2.132991],"body_yaw":0.121008,"check_collision":false},{"head":[[0.919252,-0.170534,0.354815,0.00445],[0.220026,0.96995,-0.103857,-0.012298],[-0.326441,0.173539,0.92915,0.007155],[0.0,0.0,0.0,1.0]],"antennas":[-2.067603,2.132991],"body_yaw":0.121008,"check_collision":false},{"head":[[0.9198,-0.15694,0.359635,0.003456],[0.208346,0.971996,-0.108697,-0.012546],[-0.332506,0.174908,0.92674,0.007504],[0.0,0.0,0.0,1.0]],"antennas":[-2.067603,2.130672],"body_yaw":0.121008,"check_collision":false},{"head":[[0.918196,-0.14178,0.369884,0.002949],[0.196253,0.97392,-0.113862,-0.012795],[-0.344094,0.177139,0.922074,0.007461],[0.0,0.0,0.0,1.0]],"antennas":[-2.06544,2.097573],"body_yaw":0.121008,"check_collision":false},{"head":[[0.91696,-0.137205,0.374644,0.003256],[0.193398,0.974169,-0.116584,-0.013079],[-0.348971,0.179358,0.91981,0.007198],[0.0,0.0,0.0,1.0]],"antennas":[-2.025506,2.01138],"body_yaw":0.121008,"check_collision":false},{"head":[[0.91737,-0.139595,0.372754,0.004376],[0.195213,0.973912,-0.115702,-0.013383],[-0.346878,0.178908,0.920689,0.006798],[0.0,0.0,0.0,1.0]],"antennas":[-1.930884,1.917647],"body_yaw":0.121008,"check_collision":false},{"head":[[0.9219,-0.150511,0.356996,0.005964],[0.201909,0.973077,-0.111152,-0.013859],[-0.330654,0.174552,0.927469,0.00645],[0.0,0.0,0.0,1.0]],"antennas":[-1.826971,1.824326],"body_yaw":0.121008,"check_collision":false},{"head":[[0.925461,-0.158917,0.343901,0.008077],[0.206345,0.972745,-0.105781,-0.013967],[-0.317718,0.168858,0.933029,0.006536],[0.0,0.0,0.0,1.0]],"antennas":[-1.722582,1.730577],"body_yaw":0.121008,"check_collision":false},{"head":[[0.926053,-0.169842,0.337015,0.007854],[0.215235,0.971224,-0.101966,-0.014095],[-0.309999,0.166963,0.935962,0.006485],[0.0,0.0,0.0,1.0]],"antennas":[-1.618526,1.637128],"body_yaw":0.121008,"check_collision":false},{"head":[[0.928768,-0.179566,0.324262,0.007074],[0.221038,0.970564,-0.095642,-0.014231],[-0.297543,0.160504,0.94112,0.00655],[0.0,0.0,0.0,1.0]],"antennas":[-1.514838,1.54401],"body_yaw":0.121008,"check_collision":false},{"head":[[0.934999,-0.186645,0.301564,0.005918],[0.22286,0.970668,-0.090206,-0.014435],[-0.275882,0.151549,0.949169,0.007337],[0.0,0.0,0.0,1.0]],"antennas":[-1.410463,1.450274],"body_yaw":0.121008,"check_collision":false},{"head":[[0.941891,-0.192313,0.275422,0.004862],[0.222714,0.971308,-0.083424,-0.013703],[-0.251476,0.139916,0.957697,0.008235],[0.0,0.0,0.0,1.0]],"antennas":[-1.30656,1.356962],"body_yaw":0.121008,"check_collision":false},{"head":[[0.947783,-0.196083,0.251512,0.00421],[0.221359,0.97221,-0.076205,-0.013313],[-0.22958,0.1279,0.964849,0.009265],[0.0,0.0,0.0,1.0]],"antennas":[-1.202492,1.263501],"body_yaw":0.121008,"check_collision":false},{"head":[[0.955697,-0.199086,0.216813,0.00391],[0.217658,0.973845,-0.065202,-0.012949],[-0.198162,0.109505,0.974033,0.010284],[0.0,0.0,0.0,1.0]],"antennas":[-1.098916,1.170483],"body_yaw":0.121008,"check_collision":false},{"head":[[0.964999,-0.203251,0.165726,0.003419],[0.214863,0.97508,-0.055252,-0.012328],[-0.150366,0.088927,0.984623,0.011427],[0.0,0.0,0.0,1.0]],"antennas":[-0.995806,1.077883],"body_yaw":0.121008,"check_collision":false},{"head":[[0.969597,-0.206709,0.130969,0.002888],[0.214761,0.975359,-0.050515,-0.013026],[-0.1173,0.077107,0.990099,0.01321],[0.0,0.0,0.0,1.0]],"antennas":[-0.890195,0.983038],"body_yaw":0.121008,"check_collision":false},{"head":[[0.971325,-0.204232,0.121724,0.002695],[0.211526,0.976081,-0.05022,-0.012063],[-0.108556,0.074528,0.991293,0.012983],[0.0,0.0,0.0,1.0]],"antennas":[-0.786736,0.890125],"body_yaw":0.121008,"check_collision":false},{"head":[[0.972879,-0.196428,0.122156,0.003014],[0.203707,0.977747,-0.050145,-0.011685],[-0.109588,0.07367,0.991243,0.013029],[0.0,0.0,0.0,1.0]],"antennas":[-0.6847,0.798489],"body_yaw":0.121008,"check_collision":false},{"head":[[0.974752,-0.188763,0.119276,0.002985],[0.195726,0.979406,-0.049545,-0.011246],[-0.107467,0.07164,0.991624,0.013404],[0.0,0.0,0.0,1.0]],"antennas":[-0.578447,0.703067],"body_yaw":0.121008,"check_collision":false},{"head":[[0.976785,-0.181793,0.113322,0.001612],[0.188075,0.981012,-0.047366,-0.009797],[-0.10256,0.067579,0.992429,0.015064],[0.0,0.0,0.0,1.0]],"antennas":[-0.474115,0.609369],"body_yaw":0.121008,"check_collision":false},{"head":[[0.978252,-0.177404,0.107472,0.001291],[0.183001,0.982101,-0.044592,-0.008185],[-0.097638,0.06329,0.993208,0.015276],[0.0,0.0,0.0,1.0]],"antennas":[-0.370159,0.516009],"body_yaw":0.121008,"check_collision":false},{"head":[[0.979612,-0.176257,0.096409,0.001294],[0.18091,0.982611,-0.041795,-0.007957],[-0.087366,0.058385,0.994464,0.015992],[0.0,0.0,0.0,1.0]],"antennas":[-0.267007,0.422505],"body_yaw":0.121008,"check_collision":false},{"head":[[0.980924,-0.176138,0.08224,0.001399],[0.179844,0.982881,-0.040007,-0.007372],[-0.073785,0.054034,0.995809,0.016295],[0.0,0.0,0.0,1.0]],"antennas":[-0.186316,0.338839],"body_yaw":0.121008,"check_collision":false},{"head":[[0.981888,-0.175577,0.071199,0.001322],[0.178624,0.983148,-0.038909,-0.006356],[-0.063168,0.050922,0.996703,0.01625],[0.0,0.0,0.0,1.0]],"antennas":[-0.152319,0.310657],"body_yaw":0.121008,"check_collision":false},{"head":[[0.98291,-0.174552,0.058483,0.001177],[0.176832,0.98357,-0.036343,-0.005939],[-0.051178,0.046063,0.997627,0.016511],[0.0,0.0,0.0,1.0]],"antennas":[-0.152319,0.310657],"body_yaw":0.121008,"check_collision":false},{"head":[[0.983484,-0.17583,0.042929,0.000878],[0.17731,0.983585,-0.033497,-0.005803],[-0.036334,0.040555,0.998516,0.016809],[0.0,0.0,0.0,1.0]],"antennas":[-0.152319,0.310657],"body_yaw":0.121008,"check_collision":false},{"head":[[0.983892,-0.176762,0.026662,0.000851],[0.177544,0.983639,-0.030541,-0.005796],[-0.020828,0.034783,0.999178,0.017215],[0.0,0.0,0.0,1.0]],"antennas":[-0.152319,0.310657],"body_yaw":0.121008,"check_collision":false},{"head":[[0.984439,-0.175455,0.009746,0.000679],[0.175654,0.984105,-0.026125,-0.004708],[-0.005007,0.02743,0.999611,0.01762],[0.0,0.0,0.0,1.0]],"antennas":[-0.152319,0.310657],"body_yaw":0.121008,"check_collision":false},{"head":[[0.984764,-0.17382,-0.00512,0.000749],[0.173669,0.984559,-0.021964,-0.004677],[0.008859,0.02074,0.999746,0.018024],[0.0,0.0,0.0,1.0]],"antennas":[-0.152319,0.310657],"body_yaw":0.121008,"check_collision":false},{"head":[[0.98483,-0.172711,-0.016736,0.000666],[0.172384,0.98484,-0.019332,-0.0045],[0.019821,0.016153,0.999673,0.018428],[0.0,0.0,0.0,1.0]],"antennas":[-0.152319,0.310657],"body_yaw":0.121008,"check_collision":false},{"head":[[0.984621,-0.172398,-0.028296,0.00055],[0.171957,0.984952,-0.017353,-0.004303],[0.030862,0.01222,0.999449,0.018823],[0.0,0.0,0.0,1.0]],"antennas":[-0.152319,0.310657],"body_yaw":0.121008,"check_collision":false},{"head":[[0.984737,-0.169119,-0.041118,0.000424],[0.168653,0.985568,-0.014577,-0.00423],[0.04299,0.00742,0.999048,0.018432],[0.0,0.0,0.0,1.0]],"antennas":[-0.152319,0.310657],"body_yaw":0.121008,"check_collision":false},{"head":[[0.985187,-0.163049,-0.053119,0.000715],[0.162716,0.986616,-0.010555,-0.004045],[0.054129,0.001755,0.998532,0.018262],[0.0,0.0,0.0,1.0]],"antennas":[-0.152319,0.310657],"body_yaw":0.121008,"check_collision":false},{"head":[[0.985304,-0.158432,-0.063839,0.000815],[0.158333,0.987363,-0.006643,-0.00354],[0.064084,-0.003563,0.997938,0.018156],[0.0,0.0,0.0,1.0]],"antennas":[-0.152319,0.310657],"body_yaw":0.121008,"check_collision":false},{"head":[[0.985281,-0.154525,-0.0731,0.000578],[0.154709,0.987955,-0.003166,-0.002568],[0.072708,-0.008189,0.99732,0.017976],[0.0,0.0,0.0,1.0]],"antennas":[-0.152319,0.310657],"body_yaw":0.121008,"check_collision":false},{"head":[[0.98567,-0.149807,-0.077547,0.000479],[0.150205,0.988655,-0.000703,-0.002309],[0.076773,-0.010955,0.996988,0.018359],[0.0,0.0,0.0,1.0]],"antennas":[-0.152319,0.310657],"body_yaw":0.121008,"check_collision":false},{"head":[[0.986542,-0.14199,-0.08108,0.000569],[0.142656,0.989769,0.002452,-0.001773],[0.079902,-0.013985,0.996705,0.018351],[0.0,0.0,0.0,1.0]],"antennas":[-0.152319,0.310657],"body_yaw":0.121008,"check_collision":false},{"head":[[0.987794,-0.1309,-0.084425,0.000812],[0.131875,0.991248,0.006055,-0.001164],[0.082893,-0.017115,0.996411,0.01823],[0.0,0.0,0.0,1.0]],"antennas":[-0.152319,0.310657],"body_yaw":0.121008,"check_collision":false},{"head":[[0.988958,-0.120241,-0.086625,0.000989],[0.121477,0.992552,0.009119,-0.000539],[0.084884,-0.019542,0.996199,0.018112],[0.0,0.0,0.0,1.0]],"antennas":[-0.152319,0.310657],"body_yaw":0.121008,"check_collision":false},{"head":[[0.990177,-0.111767,-0.084006,0.001512],[0.113013,0.993541,0.010219,-0.000648],[0.082322,-0.019612,0.996413,0.017294],[0.0,0.0,0.0,1.0]],"antennas":[-0.152319,0.310657],"body_yaw":0.121008,"check_collision":false},{"head":[[0.991829,-0.100408,-0.078696,0.001979],[0.101652,0.994748,0.011954,-0.000348],[0.077082,-0.019855,0.996827,0.016841],[0.0,0.0,0.0,1.0]],"antennas":[-0.152319,0.310657],"body_yaw":0.121008,"check_collision":false},{"head":[[0.993836,-0.085804,-0.0702,0.002444],[0.086931,0.996127,0.013156,-0.000125],[0.068799,-0.019177,0.997446,0.016292],[0.0,0.0,0.0,1.0]],"antennas":[-0.152319,0.310657],"body_yaw":0.121008,"check_collision":false},{"head":[[0.99516,-0.073981,-0.064684,0.002248],[0.075035,0.997082,0.014014,0.000586],[0.063458,-0.0188,0.997807,0.015905],[0.0,0.0,0.0,1.0]],"antennas":[-0.152319,0.310657],"body_yaw":0.121008,"check_collision":false},{"head":[[0.995636,-0.068327,-0.063557,0.001934],[0.06935,0.997494,0.014031,0.001056],[0.062439,-0.018378,0.99788,0.015798],[0.0,0.0,0.0,1.0]],"antennas":[-0.152319,0.310657],"body_yaw":0.121008,"check_collision":false},{"head":[[0.996141,-0.063636,-0.06045,0.001894],[0.064622,0.997804,0.014498,0.00133],[0.059395,-0.018349,0.998066,0.01562],[0.0,0.0,0.0,1.0]],"antennas":[-0.152319,0.310657],"body_yaw":0.121008,"check_collision":false},{"head":[[0.996932,-0.05714,-0.053496,0.002277],[0.057941,0.998228,0.013546,0.001346],[0.052627,-0.016604,0.998476,0.015403],[0.0,0.0,0.0,1.0]],"antennas":[-0.152319,0.310657],"body_yaw":0.121008,"check_collision":false},{"head":[[0.997592,-0.051552,-0.0464,0.00262],[0.052142,0.998572,0.011598,0.001047],[0.045736,-0.013989,0.998856,0.015074],[0.0,0.0,0.0,1.0]],"antennas":[-0.152319,0.310657],"body_yaw":0.121008,"check_collision":false},{"head":[[0.998101,-0.046417,-0.040495,0.002726],[0.046855,0.998852,0.009927,0.00143],[0.039988,-0.011805,0.99913,0.014235],[0.0,0.0,0.0,1.0]],"antennas":[-0.152319,0.310657],"body_yaw":0.121008,"check_collision":false},{"head":[[0.998533,-0.040943,-0.035427,0.002774],[0.041276,0.99911,0.008723,0.001497],[0.035038,-0.010173,0.999334,0.014014],[0.0,0.0,0.0,1.0]],"antennas":[-0.152319,0.310657],"body_yaw":0.121008,"check_collision":false},{"head":[[0.998966,-0.034053,-0.030135,0.002896],[0.034288,0.999385,0.007344,0.001465],[0.029866,-0.008369,0.999519,0.013395],[0.0,0.0,0.0,1.0]],"antennas":[-0.152319,0.310657],"body_yaw":0.121008,"check_collision":false},{"head":[[0.999211,-0.029962,-0.026062,0.002988],[0.030132,0.999527,0.006187,0.001769],[0.025864,-0.006967,0.999641,0.01303],[0.0,0.0,0.0,1.0]],"antennas":[-0.152319,0.310657],"body_yaw":0.121008,"check_collision":false},{"head":[[0.999332,-0.028308,-0.023131,0.003019],[0.028443,0.99958,0.005549,0.002239],[0.022965,-0.006204,0.999717,0.012833],[0.0,0.0,0.0,1.0]],"antennas":[-0.152319,0.310657],"body_yaw":0.121008,"check_collision":false},{"head":[[0.999502,-0.025712,-0.018302,0.00308],[0.025806,0.999655,0.004893,0.002801],[0.01817,-0.005362,0.999821,0.012413],[0.0,0.0,0.0,1.0]],"antennas":[-0.152319,0.310657],"body_yaw":0.121008,"check_collision":false},{"head":[[0.999617,-0.024115,-0.013604,0.003143],[0.024166,0.999701,0.003638,0.002908],[0.013512,-0.003966,0.999901,0.012266],[0.0,0.0,0.0,1.0]],"antennas":[-0.152319,0.310657],"body_yaw":0.121008,"check_collision":false},{"head":[[0.999678,-0.02332,-0.010025,0.003225],[0.023341,0.999726,0.002007,0.002944],[0.009976,-0.00224,0.999948,0.01203],[0.0,0.0,0.0,1.0]],"antennas":[-0.152319,0.310657],"body_yaw":0.121008,"check_collision":false},{"head":[[0.99973,-0.022405,-0.00619,0.00342],[0.022407,0.999749,0.000278,0.002822],[0.006182,-0.000417,0.999981,0.011712],[0.0,0.0,0.0,1.0]],"antennas":[-0.152319,0.310657],"body_yaw":0.121008,"check_collision":false},{"head":[[0.999749,-0.022146,-0.003384,0.00356],[0.022142,0.999754,-0.001239,0.002597],[0.003411,0.001164,0.999994,0.011547],[0.0,0.0,0.0,1.0]],"antennas":[-0.152319,0.310657],"body_yaw":0.121008,"check_collision":false},{"head":[[0.999736,-0.022882,-0.001841,0.003675],[0.022878,0.999736,-0.002332,0.002499],[0.001894,0.002289,0.999996,0.011452],[0.0,0.0,0.0,1.0]],"antennas":[-0.152319,0.310657],"body_yaw":0.121008,"check_collision":false},{"head":[[0.999724,-0.023431,-0.001411,0.003678],[0.023428,0.999723,-0.002382,0.002455],[0.001467,0.002348,0.999996,0.011539],[0.0,0.0,0.0,1.0]],"antennas":[-0.152319,0.310657],"body_yaw":0.121008,"check_collision":false},{"head":[[0.999723,-0.023529,-0.000304,0.003666],[0.023528,0.99972,-0.002349,0.002646],[0.000359,0.002341,0.999997,0.011603],[0.0,0.0,0.0,1.0]],"antennas":[-0.152319,0.310657],"body_yaw":0.121008,"check_collision":false},{"head":[[0.999713,-0.023934,0.000918,0.003721],[0.023937,0.999709,-0.002852,0.002822],[-0.000849,0.002873,0.999996,0.011482],[0.0,0.0,0.0,1.0]],"antennas":[-0.152319,0.310657],"body_yaw":0.121008,"check_collision":false},{"head":[[0.9997,-0.024456,0.001611,0.00372],[0.024462,0.999695,-0.003538,0.002727],[-0.001523,0.003576,0.999992,0.011899],[0.0,0.0,0.0,1.0]],"antennas":[-0.152319,0.310657],"body_yaw":0.121008,"check_collision":false},{"head":[[0.999684,-0.025025,0.002204,0.00376],[0.025033,0.999678,-0.004053,0.002772],[-0.002101,0.004107,0.999989,0.011931],[0.0,0.0,0.0,1.0]],"antennas":[-0.152319,0.310657],"body_yaw":0.121008,"check_collision":false},{"head":[[0.999659,-0.02583,0.00375,0.003915],[0.025849,0.999654,-0.004903,0.002924],[-0.003622,0.004998,0.999981,0.011714],[0.0,0.0,0.0,1.0]],"antennas":[-0.152319,0.310657],"body_yaw":0.121008,"check_collision":false},{"head":[[0.999643,-0.026263,0.004873,0.004018],[0.026292,0.999636,-0.006114,0.002295],[-0.004711,0.00624,0.999969,0.011795],[0.0,0.0,0.0,1.0]],"antennas":[-0.152319,0.310657],"body_yaw":0.121008,"check_collision":false},{"head":[[0.999636,-0.026373,0.005607,0.004108],[0.026409,0.99963,-0.006493,0.002109],[-0.005433,0.006639,0.999963,0.011808],[0.0,0.0,0.0,1.0]],"antennas":[-0.152319,0.310657],"body_yaw":0.121008,"check_collision":false},{"head":[[0.999627,-0.026699,0.005733,0.004118],[0.026738,0.999619,-0.006798,0.002176],[-0.005549,0.006949,0.99996,0.011679],[0.0,0.0,0.0,1.0]],"antennas":[-0.152319,0.310657],"body_yaw":0.121008,"check_collision":false},{"head":[[0.999626,-0.026674,0.005949,0.0041],[0.026716,0.999618,-0.007069,0.002056],[-0.005758,0.007226,0.999957,0.011933],[0.0,0.0,0.0,1.0]],"antennas":[-0.152319,0.310657],"body_yaw":0.121008,"check_collision":false},{"head":[[0.99961,-0.027275,0.005944,0.004022],[0.027318,0.999601,-0.007233,0.002143],[-0.005745,0.007392,0.999956,0.012196],[0.0,0.0,0.0,1.0]],"antennas":[-0.152319,0.310657],"body_yaw":0.121008,"check_collision":false}]}