{"description":"Stronger feelings than irritated1. Here you\u2019re scandalized and you growl loudly.","time":[0.0,0.02,0.04,0.06,0.08,0.1,0.12,0.14,0.16,0.18,0.2,0.22,0.24,0.26,0.28,0.3,0.32,0.34,0.36,0.38,0.4,0.42,0.44,0.46,0.48,0.5,0.52,0.54,0.56,0.58,0.6,0.62,0.64,0.66,0.68,0.7,0.72,0.74,0.76,0.78,0.8,0.82,0.84,0.86,0.88,0.9,0.92,0.94,0.96,0.98,1.0,1.02,1.04,1.06,1.08,1.1,1.12,1.14,1.16,1.18,1.2,1.22,1.24,1.26,1.28,1.3,1.32,1.34,1.36,1.38,1.4,1.42,1.44,1.46,1.48,1.5,1.52,1.54,1.56,1.58,1.6,1.62,1.64,1.66,1.68,1.7,1.72,1.74,1.76,1.78,1.8,1.82,1.84,1.86,1.88,1.9,1.92,1.94,1.96,1.98,2.0,2.02,2.04,2.06,2.08,2.1,2.12,2.14,2.16,2.18,2.2,2.22,2.24,2.26,2.28,2.3,2.32,2.34,2.36,2.38,2.4,2.42,2.44,2.46,2.48,2.5,2.52,2.54,2.56,2.58,2.6,2.62,2.64,2.66,2.68,2.7,2.72,2.74,2.76,2.78,2.8,2.82,2.84,2.86,2.88,2.9,2.92,2.94,2.96,2.98,3.0,3.02,3.04,3.06,3.08,3.1,3.12,3.14,3.16,3.18,3.2,3.22,3.24,3.26,3.28,3.3,3.32,3.34,3.36,3.38,3.4,3.42,3.44,3.46,3.48,3.5,3.52,3.54,3.56,3.58,3.6,3.62,3.64,3.66,3.68,3.7,3.72,3.74,3.76,3.78,3.8,3.82,3.84,3.86,3.88,3.9,3.92,3.94,3.96,3.98,4.0,4.02,4.04,4.06,4.08,4.1,4.12,4.14,4.16,4.18,4.2,4.22,4.24,4.26,4.28,4.3,4.32,4.34,4.36,4.38,4.4,4.42,4.44,4.46,4.48,4.5,4.52,4.54,4.56,4.58,4.6,4.62,4.64,4.66,4.68,4.7,4.72,4.74,4.76,4.78,4.8,4.82,4.84,4.86,4.88,4.9,4.92,4.94,4.96,4.98,5.0,5.02,5.04,5.06,5.08,5.1,5.12,5.14,5.16,5.18,5.2,5.22,5.24,5.26],"set_target_data":[{"head":[[0.98697,-0.160716,-0.007781,-0.004545],[0.160904,0.985911,0.04572,-0.004628],[0.000323,-0.046376,0.998924,0.019371],[0.0,0.0,0.0,1.0]],"antennas":[-0.310025,0.327319],"body_yaw":0.132178,"check_collision":false},{"head":[[0.986946,-0.160869,-0.007621,-0.00452],[0.161049,0.985886,0.045736,-0.004648],[0.000156,-0.046366,0.998924,0.019326],[0.0,0.0,0.0,1.0]],"antennas":[-0.310025,0.327319],"body_yaw":0.132178,"check_collision":false},{"head":[[0.986948,-0.160874,-0.007323,-0.004492],[0.161041,0.985875,0.045995,-0.004633],[-0.00018,-0.046574,0.998915,0.019355],[0.0,0.0,0.0,1.0]],"antennas":[-0.310025,0.327319],"body_yaw":0.132178,"check_collision":false},{"head":[[0.986889,-0.161264,-0.00657,-0.004414],[0.161395,0.985821,0.045918,-0.00487],[-0.000928,-0.046376,0.998924,0.019461],[0.0,0.0,0.0,1.0]],"antennas":[-0.310025,0.327319],"body_yaw":0.132178,"check_collision":false},{"head":[[0.986856,-0.161461,-0.006702,-0.00439],[0.161598,0.985785,0.045978,-0.005058],[-0.000816,-0.046457,0.99892,0.019539],[0.0,0.0,0.0,1.0]],"antennas":[-0.310025,0.327319],"body_yaw":0.132178,"check_collision":false},{"head":[[0.986875,-0.161355,-0.006559,-0.004341],[0.161485,0.985805,0.045936,-0.00503],[-0.000946,-0.046393,0.998923,0.019485],[0.0,0.0,0.0,1.0]],"antennas":[-0.310025,0.327319],"body_yaw":0.132178,"check_collision":false},{"head":[[0.986884,-0.161291,-0.006778,-0.004315],[0.161432,0.985816,0.045902,-0.004922],[-0.000722,-0.046394,0.998923,0.019432],[0.0,0.0,0.0,1.0]],"antennas":[-0.310025,0.327319],"body_yaw":0.132178,"check_collision":false},{"head":[[0.986894,-0.161232,-0.006701,-0.004305],[0.16137,0.98584,0.045605,-0.00501],[-0.000747,-0.046089,0.998937,0.019476],[0.0,0.0,0.0,1.0]],"antennas":[-0.310025,0.327319],"body_yaw":0.132178,"check_collision":false},{"head":[[0.986832,-0.161629,-0.006225,-0.004266],[0.161744,0.985805,0.045029,-0.005241],[-0.001141,-0.045443,0.998966,0.019598],[0.0,0.0,0.0,1.0]],"antennas":[-0.310025,0.327319],"body_yaw":0.132178,"check_collision":false},{"head":[[0.986867,-0.16142,-0.006104,-0.004253],[0.161531,0.985857,0.044649,-0.005291],[-0.00119,-0.045049,0.998984,0.019593],[0.0,0.0,0.0,1.0]],"antennas":[-0.310025,0.327319],"body_yaw":0.132178,"check_collision":false},{"head":[[0.986887,-0.161305,-0.005967,-0.004201],[0.16141,0.985902,0.04409,-0.00558],[-0.00123,-0.044475,0.99901,0.019685],[0.0,0.0,0.0,1.0]],"antennas":[-0.310025,0.327319],"body_yaw":0.132178,"check_collision":false},{"head":[[0.986921,-0.161089,-0.006055,-0.004161],[0.1612,0.985957,0.043626,-0.005552],[-0.001058,-0.044031,0.99903,0.019605],[0.0,0.0,0.0,1.0]],"antennas":[-0.310025,0.327319],"body_yaw":0.132178,"check_collision":false},{"head":[[0.987054,-0.160279,-0.005848,-0.004146],[0.160383,0.986173,0.041706,-0.005348],[-0.000917,-0.042104,0.999113,0.019273],[0.0,0.0,0.0,1.0]],"antennas":[-0.310025,0.327319],"body_yaw":0.132178,"check_collision":false},{"head":[[0.987094,-0.160051,-0.005443,-0.004081],[0.160139,0.986221,0.041528,-0.00519],[-0.001279,-0.041864,0.999122,0.019255],[0.0,0.0,0.0,1.0]],"antennas":[-0.310025,0.327319],"body_yaw":0.132178,"check_collision":false},{"head":[[0.987103,-0.160006,-0.005057,-0.004051],[0.160077,0.986234,0.041434,-0.005183],[-0.001642,-0.041709,0.999128,0.019291],[0.0,0.0,0.0,1.0]],"antennas":[-0.310025,0.327319],"body_yaw":0.132178,"check_collision":false},{"head":[[0.987048,-0.160363,-0.004479,-0.004002],[0.16041,0.986195,0.041077,-0.005279],[-0.00217,-0.041263,0.999146,0.019356],[0.0,0.0,0.0,1.0]],"antennas":[-0.310025,0.327319],"body_yaw":0.132178,"check_collision":false},{"head":[[0.987044,-0.16039,-0.004489,-0.003998],[0.160438,0.986188,0.041146,-0.005228],[-0.002172,-0.041333,0.999143,0.019429],[0.0,0.0,0.0,1.0]],"antennas":[-0.310025,0.331924],"body_yaw":0.132178,"check_collision":false},{"head":[[0.986991,-0.160712,-0.004498,-0.003985],[0.160761,0.98615,0.040805,-0.005341],[-0.002122,-0.040997,0.999157,0.01952],[0.0,0.0,0.0,1.0]],"antennas":[-0.323175,0.353874],"body_yaw":0.132178,"check_collision":false},{"head":[[0.98694,-0.161033,-0.00413,-0.003919],[0.161068,0.986124,0.040202,-0.005476],[-0.002402,-0.040342,0.999183,0.019558],[0.0,0.0,0.0,1.0]],"antennas":[-0.346848,0.386288],"body_yaw":0.132178,"check_collision":false},{"head":[[0.986925,-0.161153,-0.003036,-0.003843],[0.161151,0.986191,0.038181,-0.005348],[-0.003159,-0.038171,0.999266,0.019379],[0.0,0.0,0.0,1.0]],"antennas":[-0.379775,0.428494],"body_yaw":0.132178,"check_collision":false},{"head":[[0.986891,-0.161379,-0.001478,-0.00376],[0.161325,0.98623,0.036391,-0.005243],[-0.004415,-0.036152,0.999337,0.019288],[0.0,0.0,0.0,1.0]],"antennas":[-0.420237,0.482005],"body_yaw":0.132178,"check_collision":false},{"head":[[0.986765,-0.162158,0.000384,-0.003708],[0.162045,0.986159,0.035088,-0.005359],[-0.006068,-0.034561,0.999384,0.019398],[0.0,0.0,0.0,1.0]],"antennas":[-0.468701,0.544948],"body_yaw":0.132178,"check_collision":false},{"head":[[0.98683,-0.161762,-0.000512,-0.003643],[0.161681,0.986226,0.03489,-0.005309],[-0.005139,-0.034513,0.999391,0.019437],[0.0,0.0,0.0,1.0]],"antennas":[-0.524266,0.613469],"body_yaw":0.132178,"check_collision":false},{"head":[[0.986946,-0.161048,-0.001395,-0.003629],[0.160998,0.986337,0.034924,-0.005341],[-0.004249,-0.034692,0.999389,0.019548],[0.0,0.0,0.0,1.0]],"antennas":[-0.585161,0.686187],"body_yaw":0.132178,"check_collision":false},{"head":[[0.987025,-0.160556,-0.001573,-0.003599],[0.160513,0.986419,0.034822,-0.005535],[-0.004039,-0.034623,0.999392,0.019519],[0.0,0.0,0.0,1.0]],"antennas":[-0.651177,0.763458],"body_yaw":0.132178,"check_collision":false},{"head":[[0.98706,-0.160345,-0.00127,-0.003513],[0.160292,0.986463,0.034597,-0.005551],[-0.004295,-0.034353,0.999401,0.019459],[0.0,0.0,0.0,1.0]],"antennas":[-0.719188,0.845071],"body_yaw":0.132178,"check_collision":false},{"head":[[0.987056,-0.16037,-0.000953,-0.003476],[0.160308,0.986469,0.03436,-0.005571],[-0.00457,-0.034068,0.999409,0.019442],[0.0,0.0,0.0,1.0]],"antennas":[-0.789504,0.929574],"body_yaw":0.132178,"check_collision":false},{"head":[[0.98703,-0.160532,-0.000791,-0.003494],[0.160465,0.986449,0.034186,-0.005663],[-0.004708,-0.033869,0.999415,0.01949],[0.0,0.0,0.0,1.0]],"antennas":[-0.862573,1.014613],"body_yaw":0.132178,"check_collision":false},{"head":[[0.987002,-0.160704,-0.000687,-0.00348],[0.160634,0.986429,0.033987,-0.005767],[-0.004784,-0.033655,0.999422,0.019539],[0.0,0.0,0.0,1.0]],"antennas":[-0.936805,1.098906],"body_yaw":0.132178,"check_collision":false},{"head":[[0.987028,-0.160543,-0.001084,-0.003505],[0.160485,0.986439,0.034397,-0.005774],[-0.004453,-0.034125,0.999408,0.019616],[0.0,0.0,0.0,1.0]],"antennas":[-1.013296,1.183981],"body_yaw":0.132178,"check_collision":false},{"head":[[0.987057,-0.160361,-0.001476,-0.003508],[0.160316,0.986457,0.034654,-0.005703],[-0.004101,-0.034442,0.999398,0.019664],[0.0,0.0,0.0,1.0]],"antennas":[-1.091198,1.268599],"body_yaw":0.132178,"check_collision":false},{"head":[[0.987012,-0.160637,-0.001484,-0.003484],[0.160592,0.986416,0.034534,-0.005844],[-0.004084,-0.034324,0.999402,0.019749],[0.0,0.0,0.0,1.0]],"antennas":[-1.171414,1.353583],"body_yaw":0.132178,"check_collision":false},{"head":[[0.987001,-0.160707,-0.001147,-0.00344],[0.160652,0.986416,0.034266,-0.006055],[-0.004376,-0.034005,0.999412,0.019812],[0.0,0.0,0.0,1.0]],"antennas":[-1.254043,1.438184],"body_yaw":0.132178,"check_collision":false},{"head":[[0.987049,-0.160413,-0.001373,-0.003489],[0.160364,0.986453,0.03456,-0.006107],[-0.004189,-0.034333,0.999402,0.019905],[0.0,0.0,0.0,1.0]],"antennas":[-1.337659,1.522617],"body_yaw":0.132178,"check_collision":false},{"head":[[0.987046,-0.160425,-0.002227,-0.003547],[0.160405,0.986438,0.034798,-0.006149],[-0.003386,-0.034704,0.999392,0.019985],[0.0,0.0,0.0,1.0]],"antennas":[-1.421707,1.607343],"body_yaw":0.132178,"check_collision":false},{"head":[[0.987,-0.160698,-0.002776,-0.003557],[0.160697,0.986387,0.034894,-0.006101],[-0.002869,-0.034887,0.999387,0.02],[0.0,0.0,0.0,1.0]],"antennas":[-1.506305,1.692089],"body_yaw":0.132178,"check_collision":false},{"head":[[0.986931,-0.161128,-0.002394,-0.003513],[0.161114,0.986326,0.034677,-0.006052],[-0.003226,-0.03461,0.999396,0.02],[0.0,0.0,0.0,1.0]],"antennas":[-1.592482,1.777024],"body_yaw":0.132178,"check_collision":false},{"head":[[0.986764,-0.162154,-0.001514,-0.003501],[0.162109,0.986171,0.034465,-0.006001],[-0.004096,-0.034254,0.999405,0.02],[0.0,0.0,0.0,1.0]],"antennas":[-1.679295,1.861791],"body_yaw":0.132178,"check_collision":false},{"head":[[0.986575,-0.16331,5.7e-05,-0.003462],[0.163213,0.985999,0.034159,-0.006084],[-0.005635,-0.033691,0.999416,0.02],[0.0,0.0,0.0,1.0]],"antennas":[-1.76583,1.946288],"body_yaw":0.132178,"check_collision":false},{"head":[[0.986391,-0.164409,0.001768,-0.003414],[0.164258,0.985843,0.033673,-0.006113],[-0.007279,-0.032925,0.999431,0.02],[0.0,0.0,0.0,1.0]],"antennas":[-1.852743,2.031153],"body_yaw":0.132178,"check_collision":false},{"head":[[0.986209,-0.16546,0.003964,-0.00336],[0.165243,0.985705,0.032857,-0.006153],[-0.009344,-0.031749,0.999452,0.02],[0.0,0.0,0.0,1.0]],"antennas":[-1.939472,2.115839],"body_yaw":0.132178,"check_collision":false},{"head":[[0.986006,-0.166514,0.008075,-0.003301],[0.166193,0.985606,0.030998,-0.006018],[-0.01312,-0.029222,0.999487,0.019974],[0.0,0.0,0.0,1.0]],"antennas":[-2.026251,2.200574],"body_yaw":0.132178,"check_collision":false},{"head":[[0.985708,-0.167775,0.015197,-0.003142],[0.167305,0.985503,0.028165,-0.006031],[-0.019702,-0.025219,0.999488,0.019916],[0.0,0.0,0.0,1.0]],"antennas":[-2.112521,2.284811],"body_yaw":0.132178,"check_collision":false},{"head":[[0.985168,-0.170081,0.022728,-0.003035],[0.169495,0.985198,0.025625,-0.006183],[-0.02675,-0.021393,0.999413,0.019891],[0.0,0.0,0.0,1.0]],"antennas":[-2.199567,2.369651],"body_yaw":0.132178,"check_collision":false},{"head":[[0.984596,-0.172327,0.029554,-0.002925],[0.171686,0.984883,0.023012,-0.006004],[-0.033073,-0.017583,0.999298,0.019814],[0.0,0.0,0.0,1.0]],"antennas":[-2.286209,2.449194],"body_yaw":0.132178,"check_collision":false},{"head":[[0.983766,-0.175283,0.038462,-0.002834],[0.174624,0.984434,0.01991,-0.005974],[-0.041353,-0.01287,0.999062,0.019652],[0.0,0.0,0.0,1.0]],"antennas":[-2.372152,2.508706],"body_yaw":0.132178,"check_collision":false},{"head":[[0.982546,-0.178815,0.051266,-0.002509],[0.178227,0.983861,0.015871,-0.006325],[-0.053277,-0.006457,0.998559,0.019511],[0.0,0.0,0.0,1.0]],"antennas":[-2.406652,2.519345],"body_yaw":0.132178,"check_collision":false},{"head":[[0.98128,-0.181127,0.065445,-0.002227],[0.180739,0.98346,0.011851,-0.006719],[-0.066509,0.000199,0.997786,0.019379],[0.0,0.0,0.0,1.0]],"antennas":[-2.406652,2.519345],"body_yaw":0.132178,"check_collision":false},{"head":[[0.979696,-0.184015,0.079593,-0.00191],[0.184011,0.982896,0.007443,-0.006717],[-0.079601,0.007354,0.9968,0.019091],[0.0,0.0,0.0,1.0]],"antennas":[-2.406652,2.519345],"body_yaw":0.132178,"check_collision":false},{"head":[[0.977781,-0.187486,0.093774,-0.001692],[0.18807,0.982152,0.002651,-0.006709],[-0.092598,0.015044,0.99559,0.01884],[0.0,0.0,0.0,1.0]],"antennas":[-2.406652,2.519345],"body_yaw":0.132178,"check_collision":false},{"head":[[0.975692,-0.189887,0.1094,-0.001468],[0.19136,0.981515,-0.003025,-0.006844],[-0.106804,0.023887,0.993993,0.018592],[0.0,0.0,0.0,1.0]],"antennas":[-2.406652,2.519345],"body_yaw":0.132178,"check_collision":false},{"head":[[0.973474,-0.191363,0.125414,-0.001241],[0.193921,0.980981,-0.008398,-0.0068],[-0.121422,0.032495,0.992069,0.018246],[0.0,0.0,0.0,1.0]],"antennas":[-2.406652,2.519345],"body_yaw":0.132178,"check_collision":false},{"head":[[0.970976,-0.192314,0.142197,-0.001038],[0.196361,0.980419,-0.014867,-0.006736],[-0.136554,0.042357,0.989727,0.017881],[0.0,0.0,0.0,1.0]],"antennas":[-2.406652,2.519345],"body_yaw":0.132178,"check_collision":false},{"head":[[0.967939,-0.193325,0.160371,-0.000809],[0.199639,0.979573,-0.024089,-0.006459],[-0.152438,0.055333,0.986763,0.017256],[0.0,0.0,0.0,1.0]],"antennas":[-2.406652,2.519345],"body_yaw":0.132178,"check_collision":false},{"head":[[0.964273,-0.194791,0.17954,-0.00062],[0.204087,0.978339,-0.034668,-0.006243],[-0.168898,0.070071,0.98314,0.016648],[0.0,0.0,0.0,1.0]],"antennas":[-2.406652,2.519345],"body_yaw":0.132178,"check_collision":false},{"head":[[0.959587,-0.195433,0.202481,-0.000338],[0.208923,0.976786,-0.047326,-0.005959],[-0.188532,0.087716,0.978142,0.015997],[0.0,0.0,0.0,1.0]],"antennas":[-2.406652,2.519345],"body_yaw":0.132178,"check_collision":false},{"head":[[0.954402,-0.195319,0.22576,5.2e-05],[0.213238,0.975296,-0.057676,-0.005704],[-0.208918,0.103187,0.972474,0.015268],[0.0,0.0,0.0,1.0]],"antennas":[-2.406652,2.519345],"body_yaw":0.132178,"check_collision":false},{"head":[[0.948267,-0.193215,0.251908,0.000371],[0.21689,0.973712,-0.069601,-0.005012],[-0.231838,0.120637,0.965245,0.01432],[0.0,0.0,0.0,1.0]],"antennas":[-2.406652,2.519345],"body_yaw":0.132178,"check_collision":false},{"head":[[0.940031,-0.189678,0.283486,0.00049],[0.2211,0.971713,-0.082995,-0.004682],[-0.259725,0.140697,0.955378,0.013311],[0.0,0.0,0.0,1.0]],"antennas":[-2.406652,2.519345],"body_yaw":0.132178,"check_collision":false},{"head":[[0.928881,-0.185697,0.320462,0.001069],[0.226152,0.969577,-0.09368,-0.004418],[-0.293317,0.15949,0.942618,0.012223],[0.0,0.0,0.0,1.0]],"antennas":[-2.406652,2.519345],"body_yaw":0.132178,"check_collision":false},{"head":[[0.915058,-0.177746,0.362043,0.002158],[0.230546,0.967058,-0.10792,-0.003921],[-0.330934,0.182221,0.925893,0.010714],[0.0,0.0,0.0,1.0]],"antennas":[-2.406652,2.519345],"body_yaw":0.132178,"check_collision":false},{"head":[[0.898718,-0.170782,0.403906,0.003784],[0.236313,0.964485,-0.118002,-0.003995],[-0.369409,0.201498,0.907158,0.008982],[0.0,0.0,0.0,1.0]],"antennas":[-2.406652,2.519345],"body_yaw":0.132178,"check_collision":false},{"head":[[0.890911,-0.171361,0.420611,0.005434],[0.244598,0.961347,-0.12643,-0.004213],[-0.382687,0.215518,0.898389,0.007579],[0.0,0.0,0.0,1.0]],"antennas":[-2.406652,2.519345],"body_yaw":0.132178,"check_collision":false},{"head":[[0.887695,-0.17588,0.425515,0.006994],[0.256022,0.956672,-0.138679,-0.004249],[-0.382688,0.232046,0.894262,0.006031],[0.0,0.0,0.0,1.0]],"antennas":[-2.406652,2.519345],"body_yaw":0.132178,"check_collision":false},{"head":[[0.88385,-0.182127,0.430858,0.008321],[0.268995,0.951449,-0.149623,-0.004058],[-0.382689,0.248143,0.889929,0.00455],[0.0,0.0,0.0,1.0]],"antennas":[-2.406652,2.519345],"body_yaw":0.132178,"check_collision":false},{"head":[[0.879425,-0.189025,0.436899,0.009497],[0.283128,0.945501,-0.160831,-0.003303],[-0.382687,0.265137,0.885016,0.002934],[0.0,0.0,0.0,1.0]],"antennas":[-2.406652,2.519345],"body_yaw":0.132178,"check_collision":false},{"head":[[0.87565,-0.195545,0.441587,0.010227],[0.294602,0.940814,-0.167569,-0.002838],[-0.382684,0.276824,0.881431,0.002098],[0.0,0.0,0.0,1.0]],"antennas":[-2.406652,2.519345],"body_yaw":0.132178,"check_collision":false},{"head":[[0.873372,-0.201273,0.44352,0.010454],[0.301288,0.938745,-0.16728,-0.002331],[-0.382684,0.279725,0.880515,0.001841],[0.0,0.0,0.0,1.0]],"antennas":[-2.406652,2.519345],"body_yaw":0.132178,"check_collision":false},{"head":[[0.870843,-0.210221,0.444342,0.010319],[0.308523,0.937469,-0.161136,-0.002113],[-0.382683,0.277414,0.881246,0.001584],[0.0,0.0,0.0,1.0]],"antennas":[-2.406652,2.519345],"body_yaw":0.132178,"check_collision":false},{"head":[[0.867216,-0.223919,0.444744,0.010171],[0.318577,0.935959,-0.149965,-0.00164],[-0.382682,0.271737,0.883014,0.001024],[0.0,0.0,0.0,1.0]],"antennas":[-2.406652,2.519345],"body_yaw":0.132178,"check_collision":false},{"head":[[0.861773,-0.245256,0.444069,0.010128],[0.333023,0.933842,-0.13052,-0.001833],[-0.382679,0.260364,0.886435,0.000488],[0.0,0.0,0.0,1.0]],"antennas":[-2.406652,2.519345],"body_yaw":0.132178,"check_collision":false},{"head":[[0.856546,-0.273282,0.437774,0.010449],[0.346244,0.93334,-0.094819,-0.002045],[-0.38268,0.232793,0.894071,0.000284],[0.0,0.0,0.0,1.0]],"antennas":[-2.406652,2.519345],"body_yaw":0.132178,"check_collision":false},{"head":[[0.853913,-0.300958,0.424567,0.010751],[0.353783,0.934019,-0.049459,-0.002875],[-0.381668,0.192438,0.904045,0.000348],[0.0,0.0,0.0,1.0]],"antennas":[-2.406652,2.519345],"body_yaw":0.132178,"check_collision":false},{"head":[[0.854688,-0.334612,0.396918,0.010851],[0.372715,0.92772,-0.020479,-0.003777],[-0.361376,0.16544,0.917626,-0.000406],[0.0,0.0,0.0,1.0]],"antennas":[-2.406652,2.519345],"body_yaw":0.132178,"check_collision":false},{"head":[[0.85052,-0.362266,0.381286,0.010991],[0.393655,0.919246,-0.004721,-0.004493],[-0.348785,0.154111,0.924445,-0.001276],[0.0,0.0,0.0,1.0]],"antennas":[-2.406652,2.519345],"body_yaw":0.132178,"check_collision":false},{"head":[[0.845719,-0.376251,0.37841,0.010436],[0.405113,0.914259,0.003645,-0.005638],[-0.347337,0.150216,0.925631,-0.000581],[0.0,0.0,0.0,1.0]],"antennas":[-2.406652,2.519345],"body_yaw":0.132178,"check_collision":false},{"head":[[0.838472,-0.383123,0.387533,0.010651],[0.413791,0.91036,0.004715,-0.006279],[-0.354601,0.156405,0.921844,-0.000617],[0.0,0.0,0.0,1.0]],"antennas":[-2.406652,2.519345],"body_yaw":0.132178,"check_collision":false},{"head":[[0.828094,-0.380046,0.412097,0.01077],[0.417843,0.908518,-0.001782,-0.006418],[-0.373721,0.173667,0.911138,-0.000791],[0.0,0.0,0.0,1.0]],"antennas":[-2.406652,2.519345],"body_yaw":0.132178,"check_collision":false},{"head":[[0.817117,-0.378176,0.435089,0.011109],[0.431128,0.901924,-0.025735,-0.006745],[-0.382685,0.208608,0.90002,-0.001538],[0.0,0.0,0.0,1.0]],"antennas":[-2.406652,2.519345],"body_yaw":0.132178,"check_collision":false},{"head":[[0.812165,-0.370344,0.450814,0.011601],[0.440388,0.895975,-0.057337,-0.006712],[-0.382684,0.2451,0.890775,-0.001858],[0.0,0.0,0.0,1.0]],"antennas":[-2.406652,2.519345],"body_yaw":0.132178,"check_collision":false},{"head":[[0.810069,-0.363323,0.4602,0.011945],[0.444231,0.892573,-0.077282,-0.005712],[-0.382683,0.267039,0.884445,-0.002293],[0.0,0.0,0.0,1.0]],"antennas":[-2.406652,2.519345],"body_yaw":0.132178,"check_collision":false},{"head":[[0.804953,-0.357504,0.473541,0.01191],[0.453435,0.885395,-0.102339,-0.004832],[-0.382684,0.297098,0.874806,-0.002547],[0.0,0.0,0.0,1.0]],"antennas":[-2.406652,2.519345],"body_yaw":0.132178,"check_collision":false},{"head":[[0.799755,-0.354967,0.484139,0.012147],[0.462542,0.878437,-0.120015,-0.004207],[-0.382684,0.319918,0.866721,-0.002951],[0.0,0.0,0.0,1.0]],"antennas":[-2.406652,2.519345],"body_yaw":0.132178,"check_collision":false},{"head":[[0.79725,-0.349788,0.491976,0.012393],[0.466846,0.873948,-0.135162,-0.00262],[-0.382684,0.337435,0.860053,-0.003335],[0.0,0.0,0.0,1.0]],"antennas":[-2.406652,2.519345],"body_yaw":0.132178,"check_collision":false},{"head":[[0.79296,-0.345003,0.502183,0.012135],[0.474096,0.867093,-0.152911,-0.002287],[-0.382685,0.359336,0.851135,-0.0033],[0.0,0.0,0.0,1.0]],"antennas":[-2.406652,2.519345],"body_yaw":0.132178,"check_collision":false},{"head":[[0.78865,-0.340495,0.511951,0.011832],[0.481231,0.860093,-0.169285,-0.001602],[-0.382685,0.379873,0.842169,-0.00378],[0.0,0.0,0.0,1.0]],"antennas":[-2.406652,2.519345],"body_yaw":0.132178,"check_collision":false},{"head":[[0.78687,-0.33643,0.517349,0.011419],[0.484137,0.856394,-0.179446,-0.001021],[-0.382684,0.391669,0.836749,-0.004166],[0.0,0.0,0.0,1.0]],"antennas":[-2.406652,2.519345],"body_yaw":0.132178,"check_collision":false},{"head":[[0.784606,-0.332842,0.523076,0.01095],[0.487797,0.852152,-0.18945,-0.000443],[-0.382684,0.403798,0.830963,-0.004082],[0.0,0.0,0.0,1.0]],"antennas":[-2.406652,2.519345],"body_yaw":0.132178,"check_collision":false},{"head":[[0.782976,-0.331643,0.526272,0.010288],[0.49041,0.849569,-0.194246,-0.000308],[-0.382684,0.410179,0.827833,-0.003875],[0.0,0.0,0.0,1.0]],"antennas":[-2.406652,2.519345],"body_yaw":0.132178,"check_collision":false},{"head":[[0.784037,-0.332945,0.523864,0.009145],[0.488711,0.851441,-0.190288,-0.000374],[-0.382684,0.405211,0.830275,-0.003381],[0.0,0.0,0.0,1.0]],"antennas":[-2.406652,2.519345],"body_yaw":0.132178,"check_collision":false},{"head":[[0.787953,-0.334269,0.517102,0.008041],[0.482372,0.857062,-0.181002,-9.7e-05],[-0.382686,0.392057,0.836566,-0.002742],[0.0,0.0,0.0,1.0]],"antennas":[-2.406652,2.519345],"body_yaw":0.132178,"check_collision":false},{"head":[[0.794843,-0.335042,0.505936,0.006679],[0.470927,0.866395,-0.166096,0.000108],[-0.382691,0.37028,0.846428,-0.001641],[0.0,0.0,0.0,1.0]],"antennas":[-2.406652,2.519345],"body_yaw":0.132178,"check_collision":false},{"head":[[0.805245,-0.330914,0.492012,0.004431],[0.452908,0.878818,-0.150177,0.000716],[-0.382693,0.343766,0.857538,-0.00057],[0.0,0.0,0.0,1.0]],"antennas":[-2.406652,2.519345],"body_yaw":0.132178,"check_collision":false},{"head":[[0.813067,-0.332101,0.478154,0.001419],[0.438712,0.88943,-0.128247,0.001453],[-0.382693,0.314045,0.868862,0.000751],[0.0,0.0,0.0,1.0]],"antennas":[-2.406652,2.519345],"body_yaw":0.132178,"check_collision":false},{"head":[[0.81505,-0.35126,0.460771,-0.002157],[0.435027,0.896276,-0.086254,0.002965],[-0.382681,0.270749,0.883318,0.001954],[0.0,0.0,0.0,1.0]],"antennas":[-2.406652,2.519345],"body_yaw":0.132178,"check_collision":false},{"head":[[0.810082,-0.390102,0.437707,-0.005814],[0.448914,0.892887,-0.035048,0.00428],[-0.37715,0.224885,0.898434,0.002538],[0.0,0.0,0.0,1.0]],"antennas":[-2.406652,2.519345],"body_yaw":0.132178,"check_collision":false},{"head":[[0.814775,-0.405392,0.414487,-0.006939],[0.456576,0.889251,-0.027774,0.004375],[-0.357323,0.211875,0.909631,0.003038],[0.0,0.0,0.0,1.0]],"antennas":[-2.406652,2.519345],"body_yaw":0.132178,"check_collision":false},{"head":[[0.822058,-0.412744,0.392254,-0.006497],[0.453137,0.891364,-0.011725,0.003881],[-0.344801,0.187384,0.919782,0.004011],[0.0,0.0,0.0,1.0]],"antennas":[-2.406652,2.519345],"body_yaw":0.132178,"check_collision":false},{"head":[[0.831352,-0.412444,0.372484,-0.005337],[0.444751,0.895654,-0.000905,0.003083],[-0.333243,0.166415,0.928038,0.004023],[0.0,0.0,0.0,1.0]],"antennas":[-2.406642,2.506895],"body_yaw":0.132178,"check_collision":false},{"head":[[0.839869,-0.408244,0.357711,-0.003622],[0.43533,0.900255,0.005322,0.001077],[-0.324204,0.151253,0.933817,0.004603],[0.0,0.0,0.0,1.0]],"antennas":[-2.378858,2.477763],"body_yaw":0.132178,"check_collision":false},{"head":[[0.84857,-0.399362,0.347044,-0.002355],[0.423674,0.905792,0.006402,-0.00136],[-0.316906,0.141601,0.937827,0.005197],[0.0,0.0,0.0,1.0]],"antennas":[-2.353573,2.457389],"body_yaw":0.132178,"check_collision":false},{"head":[[0.85592,-0.387385,0.342541,-0.001171],[0.411761,0.91129,0.001709,-0.00256],[-0.312817,0.139582,0.939501,0.005303],[0.0,0.0,0.0,1.0]],"antennas":[-2.339206,2.44989],"body_yaw":0.132178,"check_collision":false},{"head":[[0.858393,-0.375384,0.34964,-0.000332],[0.402696,0.915314,-0.005942,-0.003154],[-0.3178,0.145899,0.936865,0.005541],[0.0,0.0,0.0,1.0]],"antennas":[-2.338853,2.456815],"body_yaw":0.132178,"check_collision":false},{"head":[[0.857209,-0.362108,0.366157,0.000728],[0.394004,0.919009,-0.013557,-0.003564],[-0.331592,0.155888,0.930454,0.005609],[0.0,0.0,0.0,1.0]],"antennas":[-2.35255,2.476738],"body_yaw":0.132178,"check_collision":false},{"head":[[0.850878,-0.34587,0.395449,0.001512],[0.386524,0.921931,-0.025329,-0.003802],[-0.355817,0.174403,0.918138,0.005406],[0.0,0.0,0.0,1.0]],"antennas":[-2.377574,2.505509],"body_yaw":0.132178,"check_collision":false},{"head":[[0.843889,-0.326187,0.425974,0.001618],[0.37875,0.924528,-0.042383,-0.00382],[-0.380001,0.197104,0.903742,0.005297],[0.0,0.0,0.0,1.0]],"antennas":[-2.408547,2.537113],"body_yaw":0.132178,"check_collision":false},{"head":[[0.845119,-0.31189,0.434164,0.001717],[0.373267,0.925676,-0.061603,-0.003453],[-0.382682,0.214121,0.898725,0.005563],[0.0,0.0,0.0,1.0]],"antennas":[-2.439172,2.56505],"body_yaw":0.132178,"check_collision":false},{"head":[[0.845717,-0.303353,0.439022,0.002081],[0.37191,0.925049,-0.077248,-0.002774],[-0.382684,0.228607,0.895149,0.004916],[0.0,0.0,0.0,1.0]],"antennas":[-2.46304,2.583502],"body_yaw":0.132178,"check_collision":false},{"head":[[0.845929,-0.295665,0.443831,0.002531],[0.371426,0.923844,-0.092496,-0.002341],[-0.382683,0.243095,0.891324,0.004361],[0.0,0.0,0.0,1.0]],"antennas":[-2.475117,2.58857],"body_yaw":0.132178,"check_collision":false},{"head":[[0.84705,-0.287729,0.446898,0.002826],[0.368863,0.923591,-0.104502,-0.001766],[-0.382682,0.253362,0.88846,0.004089],[0.0,0.0,0.0,1.0]],"antennas":[-2.473045,2.579332],"body_yaw":0.132178,"check_collision":false},{"head":[[0.848896,-0.281348,0.447458,0.002794],[0.364594,0.924608,-0.110324,-0.001477],[-0.382684,0.256794,0.887474,0.004375],[0.0,0.0,0.0,1.0]],"antennas":[-2.457071,2.55755],"body_yaw":0.132178,"check_collision":false},{"head":[[0.850852,-0.278433,0.445562,0.002907],[0.360005,0.926629,-0.108417,-0.000986],[-0.382684,0.252652,0.888662,0.00436],[0.0,0.0,0.0,1.0]],"antennas":[-2.430744,2.527825],"body_yaw":0.132178,"check_collision":false},{"head":[[0.852281,-0.27746,0.443434,0.003195],[0.35661,0.92839,-0.104504,-0.000491],[-0.382684,0.247199,0.890194,0.004055],[0.0,0.0,0.0,1.0]],"antennas":[-2.399176,2.496327],"body_yaw":0.132178,"check_collision":false},{"head":[[0.853783,-0.278722,0.439736,0.003507],[0.352995,0.930746,-0.095426,-0.000563],[-0.382686,0.236698,0.893043,0.003594],[0.0,0.0,0.0,1.0]],"antennas":[-2.369522,2.469711],"body_yaw":0.132178,"check_collision":false},{"head":[[0.855517,-0.282393,0.433988,0.00368],[0.348772,0.933794,-0.079919,-0.000546],[-0.382687,0.219735,0.897367,0.00349],[0.0,0.0,0.0,1.0]],"antennas":[-2.347272,2.45335],"body_yaw":0.132178,"check_collision":false},{"head":[[0.857848,-0.287437,0.426,0.003686],[0.342995,0.937538,-0.05811,-0.000601],[-0.382688,0.195966,0.902855,0.003613],[0.0,0.0,0.0,1.0]],"antennas":[-2.33755,2.450734],"body_yaw":0.132178,"check_collision":false},{"head":[[0.860016,-0.292227,0.418302,0.003986],[0.337525,0.940595,-0.036839,-0.000968],[-0.382688,0.17287,0.90756,0.003356],[0.0,0.0,0.0,1.0]],"antennas":[-2.342069,2.462364],"body_yaw":0.132178,"check_collision":false},{"head":[[0.865823,-0.295349,0.403882,0.004425],[0.33256,0.942789,-0.023489,-0.00129],[-0.373838,0.154653,0.91451,0.003063],[0.0,0.0,0.0,1.0]],"antennas":[-2.360024,2.485782],"body_yaw":0.132178,"check_collision":false},{"head":[[0.873296,-0.295019,0.387708,0.0045],[0.328466,0.944275,-0.021329,-0.001279],[-0.35981,0.145976,0.921536,0.002691],[0.0,0.0,0.0,1.0]],"antennas":[-2.387796,2.516272],"body_yaw":0.132178,"check_collision":false},{"head":[[0.875865,-0.288018,0.387178,0.004285],[0.323213,0.945926,-0.027501,-0.000869],[-0.358321,0.149228,0.921595,0.002161],[0.0,0.0,0.0,1.0]],"antennas":[-2.419342,2.547274],"body_yaw":0.132178,"check_collision":false},{"head":[[0.872652,-0.272687,0.405118,0.004245],[0.31548,0.948027,-0.041442,-0.000466],[-0.372762,0.163971,0.913325,0.001827],[0.0,0.0,0.0,1.0]],"antennas":[-2.447844,2.572383],"body_yaw":0.132178,"check_collision":false},{"head":[[0.871797,-0.251354,0.420465,0.003967],[0.305829,0.949773,-0.066333,0.000429],[-0.382674,0.18642,0.90488,0.001805],[0.0,0.0,0.0,1.0]],"antennas":[-2.468573,2.586779],"body_yaw":0.132178,"check_collision":false},{"head":[[0.875371,-0.23017,0.425143,0.003713],[0.295433,0.950772,-0.093556,0.000888],[-0.38268,0.207498,0.900278,0.002359],[0.0,0.0,0.0,1.0]],"antennas":[-2.476007,2.586943],"body_yaw":0.132178,"check_collision":false},{"head":[[0.87608,-0.223101,0.427446,0.003593],[0.293321,0.950205,-0.105233,0.000996],[-0.382683,0.217571,0.897896,0.002772],[0.0,0.0,0.0,1.0]],"antennas":[-2.469004,2.573046],"body_yaw":0.132178,"check_collision":false},{"head":[[0.876064,-0.21997,0.429099,0.003617],[0.29337,0.949384,-0.112269,0.000725],[-0.382684,0.22424,0.896253,0.002879],[0.0,0.0,0.0,1.0]],"antennas":[-2.449021,2.548001],"body_yaw":0.132178,"check_collision":false},{"head":[[0.874337,-0.224239,0.430408,0.003372],[0.298473,0.947759,-0.11255,-4.1e-05],[-0.382685,0.226872,0.89559,0.003371],[0.0,0.0,0.0,1.0]],"antennas":[-2.420273,2.516976],"body_yaw":0.132178,"check_collision":false},{"head":[[0.870092,-0.231553,0.435112,0.002927],[0.310622,0.943016,-0.119306,-0.00044],[-0.382692,0.238963,0.892437,0.003524],[0.0,0.0,0.0,1.0]],"antennas":[-2.388555,2.486415],"body_yaw":0.132178,"check_collision":false},{"head":[[0.86517,-0.239675,0.440496,0.002476],[0.324084,0.937545,-0.126407,-0.00055],[-0.382689,0.252122,0.88881,0.003833],[0.0,0.0,0.0,1.0]],"antennas":[-2.360862,2.462775],"body_yaw":0.132178,"check_collision":false},{"head":[[0.862587,-0.243947,0.443209,0.002251],[0.330904,0.934733,-0.129529,-0.001414],[-0.382684,0.258389,0.887011,0.004449],[0.0,0.0,0.0,1.0]],"antennas":[-2.34242,2.450822],"body_yaw":0.132178,"check_collision":false},{"head":[[0.864401,-0.240909,0.441331,0.002571],[0.326132,0.936693,-0.127457,-0.001664],[-0.382686,0.254106,0.888247,0.004483],[0.0,0.0,0.0,1.0]],"antennas":[-2.337459,2.453149],"body_yaw":0.132178,"check_collision":false},{"head":[[0.866851,-0.238808,0.437652,0.002873],[0.319561,0.939928,-0.120071,-0.001588],[-0.382688,0.24394,0.891091,0.004213],[0.0,0.0,0.0,1.0]],"antennas":[-2.346848,2.469231],"body_yaw":0.132178,"check_collision":false},{"head":[[0.869632,-0.238363,0.432345,0.003083],[0.311913,0.944078,-0.106897,-0.001924],[-0.382687,0.227815,0.895349,0.004305],[0.0,0.0,0.0,1.0]],"antennas":[-2.368726,2.495745],"body_yaw":0.132178,"check_collision":false},{"head":[[0.871699,-0.240677,0.426868,0.00328],[0.306092,0.947666,-0.090751,-0.002319],[-0.382687,0.209768,0.899749,0.004217],[0.0,0.0,0.0,1.0]],"antennas":[-2.398462,2.52716],"body_yaw":0.132178,"check_collision":false},{"head":[[0.87284,-0.247833,0.420392,0.003622],[0.302826,0.950592,-0.068342,-0.003034],[-0.382684,0.186957,0.904765,0.004184],[0.0,0.0,0.0,1.0]],"antennas":[-2.429827,2.556955],"body_yaw":0.132178,"check_collision":false},{"head":[[0.874092,-0.261867,0.409132,0.004167],[0.299178,0.953765,-0.028719,-0.003801],[-0.382695,0.147507,0.912023,0.004302],[0.0,0.0,0.0,1.0]],"antennas":[-2.456635,2.578963],"body_yaw":0.132178,"check_collision":false},{"head":[[0.876985,-0.27166,0.396356,0.004506],[0.290597,0.95676,0.012777,-0.004849],[-0.382689,0.103975,0.918008,0.004426],[0.0,0.0,0.0,1.0]],"antennas":[-2.47276,2.588563],"body_yaw":0.132178,"check_collision":false},{"head":[[0.878211,-0.276802,0.390032,0.004656],[0.286875,0.957382,0.033507,-0.005893],[-0.382685,0.082464,0.920191,0.004521],[0.0,0.0,0.0,1.0]],"antennas":[-2.475295,2.583763],"body_yaw":0.132178,"check_collision":false},{"head":[[0.880173,-0.280571,0.382852,0.0047],[0.283888,0.957599,0.049116,-0.006415],[-0.380399,0.065456,0.922503,0.004779],[0.0,0.0,0.0,1.0]],"antennas":[-2.463581,2.565653],"body_yaw":0.132178,"check_collision":false},{"head":[[0.887838,-0.286156,0.360357,0.004791],[0.284504,0.956865,0.058884,-0.007142],[-0.361663,0.050244,0.930954,0.005109],[0.0,0.0,0.0,1.0]],"antennas":[-2.440016,2.53779],"body_yaw":0.132178,"check_collision":false},{"head":[[0.894039,-0.295468,0.336738,0.005113],[0.289219,0.954713,0.069829,-0.008181],[-0.34212,0.034961,0.939006,0.005143],[0.0,0.0,0.0,1.0]],"antennas":[-2.409493,2.506172],"body_yaw":0.132178,"check_collision":false},{"head":[[0.896549,-0.310202,0.316186,0.005337],[0.300289,0.950407,0.080948,-0.009672],[-0.325616,0.022373,0.945237,0.005005],[0.0,0.0,0.0,1.0]],"antennas":[-2.378437,2.477249],"body_yaw":0.132178,"check_collision":false},{"head":[[0.897409,-0.323989,0.299481,0.005647],[0.31143,0.94598,0.09018,-0.010581],[-0.31252,0.012339,0.949831,0.004815],[0.0,0.0,0.0,1.0]],"antennas":[-2.353061,2.457066],"body_yaw":0.132178,"check_collision":false},{"head":[[0.897212,-0.333894,0.289007,0.005755],[0.319798,0.942591,0.096185,-0.011188],[-0.304531,0.006125,0.952483,0.004895],[0.0,0.0,0.0,1.0]],"antennas":[-2.338985,2.449843],"body_yaw":0.132178,"check_collision":false},{"head":[[0.89581,-0.342916,0.282725,0.005807],[0.327339,0.939366,0.102183,-0.01181],[-0.300623,0.001011,0.953743,0.004859],[0.0,0.0,0.0,1.0]],"antennas":[-2.338922,2.457049],"body_yaw":0.132178,"check_collision":false},{"head":[[0.895118,-0.342534,0.285367,0.006117],[0.327109,0.939502,0.101661,-0.011839],[-0.302925,0.002348,0.953012,0.004968],[0.0,0.0,0.0,1.0]],"antennas":[-2.353055,2.477263],"body_yaw":0.132178,"check_collision":false},{"head":[[0.893593,-0.333437,0.300517,0.006356],[0.32003,0.942698,0.094351,-0.012063],[-0.314757,0.011863,0.949098,0.005088],[0.0,0.0,0.0,1.0]],"antennas":[-2.377941,2.506021],"body_yaw":0.132178,"check_collision":false},{"head":[[0.892771,-0.307805,0.328961,0.00654],[0.298024,0.951105,0.081127,-0.011203],[-0.337848,0.02561,0.940852,0.005392],[0.0,0.0,0.0,1.0]],"antennas":[-2.409245,2.537822],"body_yaw":0.132178,"check_collision":false},{"head":[[0.893779,-0.264242,0.362401,0.006264],[0.259177,0.96374,0.063502,-0.009767],[-0.36604,0.037169,0.929856,0.006043],[0.0,0.0,0.0,1.0]],"antennas":[-2.439996,2.565731],"body_yaw":0.132178,"check_collision":false},{"head":[[0.896804,-0.226111,0.380286,0.006125],[0.22603,0.973056,0.045529,-0.008848],[-0.380334,0.045125,0.923748,0.006387],[0.0,0.0,0.0,1.0]],"antennas":[-2.463547,2.58394],"body_yaw":0.132178,"check_collision":false},{"head":[[0.902787,-0.189301,0.386188,0.006496],[0.196295,0.980306,0.021649,-0.007614],[-0.38268,0.056262,0.922166,0.006397],[0.0,0.0,0.0,1.0]],"antennas":[-2.475444,2.588729],"body_yaw":0.132178,"check_collision":false},{"head":[[0.907892,-0.15935,0.387737,0.006944],[0.171132,0.985239,0.0042,-0.006325],[-0.382683,0.062541,0.921761,0.005717],[0.0,0.0,0.0,1.0]],"antennas":[-2.473021,2.579108],"body_yaw":0.132178,"check_collision":false},{"head":[[0.910507,-0.142447,0.388182,0.007443],[0.15662,0.987647,-0.004936,-0.006164],[-0.382684,0.065292,0.921569,0.005419],[0.0,0.0,0.0,1.0]],"antennas":[-2.456697,2.557027],"body_yaw":0.132178,"check_collision":false},{"head":[[0.911263,-0.138048,0.387998,0.00812],[0.152162,0.988339,-0.005725,-0.005931],[-0.382683,0.064255,0.921642,0.004998],[0.0,0.0,0.0,1.0]],"antennas":[-2.43022,2.527227],"body_yaw":0.132178,"check_collision":false},{"head":[[0.910295,-0.145089,0.387702,0.008658],[0.157852,0.987462,-0.001088,-0.006334],[-0.382683,0.06219,0.921784,0.004792],[0.0,0.0,0.0,1.0]],"antennas":[-2.398595,2.495584],"body_yaw":0.132178,"check_collision":false},{"head":[[0.908367,-0.159329,0.386631,0.008928],[0.168592,0.985634,0.010078,-0.005669],[-0.382683,0.056029,0.922179,0.004546],[0.0,0.0,0.0,1.0]],"antennas":[-2.368857,2.469037],"body_yaw":0.132178,"check_collision":false},{"head":[[0.907093,-0.178884,0.381028,0.009293],[0.185258,0.982482,0.020219,-0.005957],[-0.37797,0.052248,0.924343,0.004285],[0.0,0.0,0.0,1.0]],"antennas":[-2.346703,2.45281],"body_yaw":0.132178,"check_collision":false},{"head":[[0.907311,-0.196292,0.371828,0.00985],[0.19976,0.979398,0.029595,-0.006305],[-0.369977,0.047424,0.92783,0.003806],[0.0,0.0,0.0,1.0]],"antennas":[-2.337091,2.450464],"body_yaw":0.132178,"check_collision":false},{"head":[[0.908297,-0.214628,0.35907,0.010597],[0.214874,0.975833,0.039746,-0.007032],[-0.358923,0.041054,0.932464,0.003393],[0.0,0.0,0.0,1.0]],"antennas":[-2.342052,2.462472],"body_yaw":0.132178,"check_collision":false},{"head":[[0.908802,-0.225677,0.350924,0.011063],[0.223567,0.97355,0.047105,-0.008085],[-0.352273,0.035646,0.935218,0.003123],[0.0,0.0,0.0,1.0]],"antennas":[-2.360318,2.486272],"body_yaw":0.132178,"check_collision":false},{"head":[[0.907031,-0.23163,0.351627,0.011057],[0.231336,0.971901,0.04349,-0.008804],[-0.351821,0.041897,0.935129,0.002864],[0.0,0.0,0.0,1.0]],"antennas":[-2.388561,2.517012],"body_yaw":0.132178,"check_collision":false},{"head":[[0.901333,-0.233378,0.364875,0.010726],[0.239176,0.970515,0.029926,-0.008729],[-0.361101,0.060296,0.930575,0.002496],[0.0,0.0,0.0,1.0]],"antennas":[-2.420152,2.548171],"body_yaw":0.132178,"check_collision":false},{"head":[[0.892958,-0.229562,0.387205,0.010243],[0.242945,0.969928,0.01477,-0.008217],[-0.378952,0.08088,0.921875,0.002687],[0.0,0.0,0.0,1.0]],"antennas":[-2.449218,2.57345],"body_yaw":0.132178,"check_collision":false},{"head":[[0.890633,-0.222852,0.396371,0.009685],[0.245615,0.969343,-0.006894,-0.00697],[-0.382684,0.103494,0.918064,0.003055],[0.0,0.0,0.0,1.0]],"antennas":[-2.469313,2.587359],"body_yaw":0.132178,"check_collision":false},{"head":[[0.892036,-0.210133,0.400145,0.009032],[0.24047,0.970294,-0.026534,-0.006334],[-0.382683,0.119892,0.916068,0.003797],[0.0,0.0,0.0,1.0]],"antennas":[-2.47639,2.587157],"body_yaw":0.132178,"check_collision":false},{"head":[[0.893933,-0.196691,0.402737,0.0086],[0.23332,0.971429,-0.043455,-0.005227],[-0.382683,0.132812,0.914284,0.004035],[0.0,0.0,0.0,1.0]],"antennas":[-2.468972,2.572861],"body_yaw":0.132178,"check_collision":false},{"head":[[0.894498,-0.192985,0.403274,0.008752],[0.231142,0.971752,-0.047665,-0.005258],[-0.382683,0.13585,0.913837,0.004074],[0.0,0.0,0.0,1.0]],"antennas":[-2.44874,2.547468],"body_yaw":0.132178,"check_collision":false},{"head":[[0.896389,-0.187491,0.401664,0.009081],[0.223696,0.973632,-0.044741,-0.004564],[-0.382684,0.129956,0.914694,0.003716],[0.0,0.0,0.0,1.0]],"antennas":[-2.419611,2.516228],"body_yaw":0.132178,"check_collision":false},{"head":[[0.8989,-0.179773,0.399576,0.009205],[0.21338,0.976114,-0.040865,-0.004645],[-0.382685,0.121995,0.915789,0.003754],[0.0,0.0,0.0,1.0]],"antennas":[-2.387996,2.485779],"body_yaw":0.132178,"check_collision":false},{"head":[[0.901898,-0.171379,0.396495,0.009648],[0.200326,0.979192,-0.032435,-0.004494],[-0.382686,0.108681,0.917464,0.003771],[0.0,0.0,0.0,1.0]],"antennas":[-2.360368,2.462301],"body_yaw":0.132178,"check_collision":false},{"head":[[0.903349,-0.170245,0.393672,0.01013],[0.193684,0.980854,-0.020269,-0.004417],[-0.382684,0.094558,0.919028,0.003592],[0.0,0.0,0.0,1.0]],"antennas":[-2.341918,2.450468],"body_yaw":0.132178,"check_collision":false},{"head":[[0.90279,-0.178965,0.391078,0.010639],[0.196277,0.980539,-0.004384,-0.004801],[-0.382682,0.080718,0.920347,0.003352],[0.0,0.0,0.0,1.0]],"antennas":[-2.337288,2.453126],"body_yaw":0.132178,"check_collision":false},{"head":[[0.901741,-0.188588,0.388971,0.011181],[0.201042,0.979543,0.008848,-0.005349],[-0.382682,0.070221,0.921207,0.002931],[0.0,0.0,0.0,1.0]],"antennas":[-2.347049,2.469604],"body_yaw":0.132178,"check_collision":false},{"head":[[0.90422,-0.199472,0.377621,0.011504],[0.209242,0.977742,0.015443,-0.006156],[-0.372296,0.065051,0.925832,0.002648],[0.0,0.0,0.0,1.0]],"antennas":[-2.369292,2.496381],"body_yaw":0.132178,"check_collision":false},{"head":[[0.906898,-0.204553,0.368367,0.011778],[0.212251,0.977011,0.019983,-0.006943],[-0.363986,0.060064,0.929466,0.002431],[0.0,0.0,0.0,1.0]],"antennas":[-2.399097,2.527901],"body_yaw":0.132178,"check_collision":fa