{"description":"When someone laughs, you can mimic the laughter. Or simply laugh at a joke or funny situation.","time":[0.0,0.02,0.04,0.06,0.08,0.1,0.12,0.14,0.16,0.18,0.2,0.22,0.24,0.26,0.28,0.3,0.32,0.34,0.36,0.38,0.4,0.42,0.44,0.46,0.48,0.5,0.52,0.54,0.56,0.58,0.6,0.62,0.64,0.66,0.68,0.7,0.72,0.74,0.76,0.78,0.8,0.82,0.84,0.86,0.88,0.9,0.92,0.94,0.96,0.98,1.0,1.02,1.04,1.06,1.08,1.1,1.12,1.14,1.16,1.18,1.2,1.22,1.24,1.26,1.28,1.3,1.32,1.34,1.36,1.38,1.4,1.42,1.44,1.46,1.48,1.5,1.52,1.54,1.56,1.58,1.6,1.62,1.64,1.66,1.68,1.7,1.72,1.74,1.76,1.78,1.8,1.82,1.84,1.86,1.88,1.9,1.92,1.94,1.96,1.98,2.0,2.02,2.04,2.06,2.08,2.1,2.12,2.14,2.16,2.18,2.2,2.22,2.24,2.26,2.28,2.3,2.32,2.34,2.36,2.38,2.4,2.42,2.44,2.46,2.48,2.5,2.52,2.54,2.56,2.58,2.6,2.62,2.64,2.66,2.68,2.7,2.72,2.74,2.76,2.78,2.8,2.82,2.84,2.86,2.88,2.9,2.92,2.94,2.96,2.98,3.0,3.02,3.04,3.06,3.08,3.1,3.12,3.14,3.16,3.18,3.2,3.22,3.24,3.26,3.28,3.3,3.32,3.34,3.36,3.38,3.4,3.42,3.44,3.46,3.48,3.5,3.52,3.54,3.56,3.58,3.6,3.62,3.64,3.66,3.68,3.7,3.72,3.74,3.76,3.78,3.8,3.82,3.84,3.86,3.88,3.9,3.92,3.94,3.96,3.98,4.0,4.02,4.04,4.06,4.08,4.1,4.12,4.14,4.16,4.18,4.2,4.22,4.24,4.26,4.28,4.3,4.32,4.34,4.36,4.38,4.4,4.42,4.44,4.46,4.48,4.5,4.52,4.54,4.56,4.58,4.6,4.62,4.64],"set_target_data":[{"head":[[0.98934,-0.067315,-0.129128,0.003449],[0.058654,0.995839,-0.069745,-0.007657],[0.133286,0.061428,0.989172,0.000453],[0.0,0.0,0.0,1.0]],"antennas":[-0.190313,0.2563],"body_yaw":0.147728,"check_collision":false},{"head":[[0.989343,-0.067601,-0.128956,0.003325],[0.059037,0.99586,-0.069121,-0.007676],[0.133094,0.060771,0.989238,0.00048],[0.0,0.0,0.0,1.0]],"antennas":[-0.190313,0.2563],"body_yaw":0.147728,"check_collision":false},{"head":[[0.989467,-0.06825,-0.127662,0.003256],[0.05979,0.995825,-0.068972,-0.007641],[0.131836,0.060613,0.989417,0.000431],[0.0,0.0,0.0,1.0]],"antennas":[-0.190313,0.2563],"body_yaw":0.147728,"check_collision":false},{"head":[[0.989468,-0.069021,-0.127233,0.002895],[0.060716,0.995833,-0.068039,-0.007651],[0.131399,0.059597,0.989536,0.000478],[0.0,0.0,0.0,1.0]],"antennas":[-0.190313,0.2563],"body_yaw":0.147728,"check_collision":false},{"head":[[0.989173,-0.070348,-0.128794,0.002358],[0.062088,0.995815,-0.06707,-0.007591],[0.132973,0.058347,0.989401,0.000549],[0.0,0.0,0.0,1.0]],"antennas":[-0.190313,0.2563],"body_yaw":0.147728,"check_collision":false},{"head":[[0.9888,-0.072478,-0.130466,0.00184],[0.064123,0.995681,-0.067138,-0.007594],[0.134768,0.05802,0.989177,0.000658],[0.0,0.0,0.0,1.0]],"antennas":[-0.190313,0.2563],"body_yaw":0.147728,"check_collision":false},{"head":[[0.98865,-0.07396,-0.130772,0.00154],[0.06564,0.995603,-0.066831,-0.007404],[0.13514,0.057489,0.989157,0.000675],[0.0,0.0,0.0,1.0]],"antennas":[-0.190313,0.2563],"body_yaw":0.147728,"check_collision":false},{"head":[[0.988803,-0.074191,-0.129478,0.00141],[0.066049,0.995625,-0.066087,-0.007423],[0.133814,0.056795,0.989378,0.000504],[0.0,0.0,0.0,1.0]],"antennas":[-0.190313,0.2563],"body_yaw":0.147728,"check_collision":false},{"head":[[0.989091,-0.074077,-0.127321,0.001395],[0.066159,0.995668,-0.065339,-0.007476],[0.131609,0.056203,0.989707,0.000316],[0.0,0.0,0.0,1.0]],"antennas":[-0.190313,0.2563],"body_yaw":0.147728,"check_collision":false},{"head":[[0.989339,-0.074294,-0.125254,0.001128],[0.066745,0.995752,-0.063429,-0.007474],[0.129434,0.054393,0.990095,0.000241],[0.0,0.0,0.0,1.0]],"antennas":[-0.190313,0.2563],"body_yaw":0.147728,"check_collision":false},{"head":[[0.989354,-0.075302,-0.124529,0.000488],[0.06805,0.995784,-0.061506,-0.007427],[0.128635,0.052377,0.990308,0.000281],[0.0,0.0,0.0,1.0]],"antennas":[-0.190313,0.2563],"body_yaw":0.147728,"check_collision":false},{"head":[[0.98919,-0.077455,-0.124511,-8.1e-05],[0.070246,0.995645,-0.061284,-0.007427],[0.128715,0.051875,0.990324,0.000451],[0.0,0.0,0.0,1.0]],"antennas":[-0.190313,0.2563],"body_yaw":0.147728,"check_collision":false},{"head":[[0.989214,-0.079315,-0.123142,-0.000467],[0.072103,0.99547,-0.061969,-0.007437],[0.127499,0.052422,0.990452,0.000524],[0.0,0.0,0.0,1.0]],"antennas":[-0.190313,0.2563],"body_yaw":0.147728,"check_collision":false},{"head":[[0.989483,-0.07974,-0.120688,-0.000749],[0.07274,0.995463,-0.06134,-0.00726],[0.125032,0.051916,0.990794,0.000434],[0.0,0.0,0.0,1.0]],"antennas":[-0.190313,0.2563],"body_yaw":0.147728,"check_collision":false},{"head":[[0.989869,-0.078939,-0.118013,-0.000945],[0.072288,0.9956,-0.059619,-0.007109],[0.1222,0.050484,0.991221,0.000245],[0.0,0.0,0.0,1.0]],"antennas":[-0.190313,0.2563],"body_yaw":0.147728,"check_collision":false},{"head":[[0.990321,-0.078601,-0.114392,-0.001117],[0.072284,0.995675,-0.058367,-0.007023],[0.118485,0.049533,0.99172,0.000104],[0.0,0.0,0.0,1.0]],"antennas":[-0.190313,0.2563],"body_yaw":0.147728,"check_collision":false},{"head":[[0.990793,-0.0793,-0.109729,-0.001469],[0.073254,0.99562,-0.058085,-0.006991],[0.113855,0.049512,0.992263,4.8e-05],[0.0,0.0,0.0,1.0]],"antennas":[-0.190313,0.2563],"body_yaw":0.147728,"check_collision":false},{"head":[[0.990991,-0.079174,-0.108017,-0.001964],[0.073362,0.995688,-0.056766,-0.006918],[0.112046,0.048331,0.992527,0.00012],[0.0,0.0,0.0,1.0]],"antennas":[-0.190313,0.2563],"body_yaw":0.147728,"check_collision":false},{"head":[[0.991002,-0.078733,-0.108245,-0.002405],[0.072957,0.995743,-0.056325,-0.006974],[0.112219,0.047921,0.992527,0.000391],[0.0,0.0,0.0,1.0]],"antennas":[-0.190313,0.2563],"body_yaw":0.147728,"check_collision":false},{"head":[[0.991077,-0.078951,-0.107397,-0.002596],[0.073093,0.99567,-0.057427,-0.00694],[0.111466,0.049065,0.992556,0.000582],[0.0,0.0,0.0,1.0]],"antennas":[-0.190313,0.2563],"body_yaw":0.147728,"check_collision":false},{"head":[[0.991304,-0.079075,-0.105184,-0.002577],[0.073259,0.995622,-0.058058,-0.007095],[0.109314,0.049847,0.992757,0.000696],[0.0,0.0,0.0,1.0]],"antennas":[-0.190313,0.2563],"body_yaw":0.147728,"check_collision":false},{"head":[[0.991691,-0.078438,-0.101965,-0.002543],[0.072783,0.995657,-0.058054,-0.007255],[0.106076,0.050151,0.993093,0.000783],[0.0,0.0,0.0,1.0]],"antennas":[-0.190313,0.2563],"body_yaw":0.147728,"check_collision":false},{"head":[[0.99199,-0.07791,-0.099433,-0.002556],[0.072346,0.995669,-0.058391,-0.007403],[0.103551,0.050729,0.99333,0.000938],[0.0,0.0,0.0,1.0]],"antennas":[-0.190313,0.2563],"body_yaw":0.147728,"check_collision":false},{"head":[[0.992084,-0.078289,-0.098185,-0.002999],[0.072739,0.995611,-0.058896,-0.007033],[0.102365,0.051288,0.993424,0.001163],[0.0,0.0,0.0,1.0]],"antennas":[-0.190313,0.2563],"body_yaw":0.147728,"check_collision":false},{"head":[[0.992273,-0.07841,-0.096159,-0.003139],[0.072923,0.995572,-0.059315,-0.006733],[0.100384,0.051844,0.993597,0.001174],[0.0,0.0,0.0,1.0]],"antennas":[-0.190313,0.2563],"body_yaw":0.147728,"check_collision":false},{"head":[[0.992397,-0.078506,-0.094785,-0.003317],[0.072964,0.995493,-0.060582,-0.00663],[0.099114,0.053206,0.993653,0.001416],[0.0,0.0,0.0,1.0]],"antennas":[-0.190313,0.2563],"body_yaw":0.147728,"check_collision":false},{"head":[[0.992507,-0.078805,-0.09338,-0.003438],[0.073234,0.995407,-0.061656,-0.006457],[0.09781,0.054355,0.99372,0.001606],[0.0,0.0,0.0,1.0]],"antennas":[-0.190313,0.2563],"body_yaw":0.147728,"check_collision":false},{"head":[[0.992811,-0.07922,-0.089721,-0.003621],[0.073869,0.995372,-0.061464,-0.006107],[0.094175,0.054395,0.994069,0.00169],[0.0,0.0,0.0,1.0]],"antennas":[-0.190313,0.2563],"body_yaw":0.147728,"check_collision":false},{"head":[[0.99314,-0.079653,-0.085605,-0.003816],[0.074553,0.995336,-0.06122,-0.005988],[0.090082,0.054418,0.994447,0.001842],[0.0,0.0,0.0,1.0]],"antennas":[-0.190313,0.2563],"body_yaw":0.147728,"check_collision":false},{"head":[[0.993463,-0.079006,-0.082399,-0.004045],[0.074124,0.995399,-0.060714,-0.006112],[0.086817,0.054209,0.994748,0.002135],[0.0,0.0,0.0,1.0]],"antennas":[-0.190313,0.2563],"body_yaw":0.147728,"check_collision":false},{"head":[[0.993656,-0.077665,-0.081335,-0.004349],[0.072936,0.995556,-0.059576,-0.00624],[0.085601,0.053266,0.994905,0.00253],[0.0,0.0,0.0,1.0]],"antennas":[-0.190313,0.2563],"body_yaw":0.147728,"check_collision":false},{"head":[[0.9938,-0.076374,-0.080798,-0.004569],[0.071816,0.995736,-0.057894,-0.006247],[0.084876,0.051733,0.995048,0.002937],[0.0,0.0,0.0,1.0]],"antennas":[-0.190313,0.2563],"body_yaw":0.147728,"check_collision":false},{"head":[[0.993867,-0.076209,-0.080134,-0.004868],[0.071855,0.995848,-0.05589,-0.006253],[0.08406,0.049789,0.995216,0.003459],[0.0,0.0,0.0,1.0]],"antennas":[-0.190313,0.2563],"body_yaw":0.147728,"check_collision":false},{"head":[[0.99415,-0.07683,-0.075915,-0.005253],[0.072827,0.995873,-0.054162,-0.006314],[0.079763,0.048317,0.995642,0.004054],[0.0,0.0,0.0,1.0]],"antennas":[-0.190313,0.2563],"body_yaw":0.147728,"check_collision":false},{"head":[[0.994194,-0.078094,-0.074023,-0.005597],[0.074247,0.995811,-0.053364,-0.00638],[0.07788,0.047559,0.995828,0.004667],[0.0,0.0,0.0,1.0]],"antennas":[-0.190313,0.2563],"body_yaw":0.147728,"check_collision":false},{"head":[[0.994006,-0.078833,-0.075751,-0.005858],[0.074983,0.995807,-0.052398,-0.006093],[0.079564,0.046403,0.995749,0.004919],[0.0,0.0,0.0,1.0]],"antennas":[-0.190313,0.2563],"body_yaw":0.147728,"check_collision":false},{"head":[[0.993953,-0.079353,-0.075897,-0.005975],[0.075517,0.99578,-0.052145,-0.005872],[0.079714,0.046098,0.995751,0.005126],[0.0,0.0,0.0,1.0]],"antennas":[-0.190313,0.2563],"body_yaw":0.147728,"check_collision":false},{"head":[[0.993943,-0.079571,-0.075802,-0.005962],[0.075809,0.995803,-0.05128,-0.005925],[0.079564,0.045223,0.995803,0.0055],[0.0,0.0,0.0,1.0]],"antennas":[-0.190313,0.256295],"body_yaw":0.147728,"check_collision":false},{"head":[[0.994042,-0.079147,-0.074943,-0.005932],[0.075584,0.995922,-0.04925,-0.006002],[0.078536,0.043292,0.995971,0.005759],[0.0,0.0,0.0,1.0]],"antennas":[-0.177484,0.220193],"body_yaw":0.147728,"check_collision":false},{"head":[[0.994233,-0.078407,-0.07316,-0.005958],[0.075129,0.996088,-0.046533,-0.006059],[0.076522,0.040768,0.996234,0.005937],[0.0,0.0,0.0,1.0]],"antennas":[-0.133106,0.180636],"body_yaw":0.147728,"check_collision":false},{"head":[[0.994267,-0.079044,-0.072013,-0.00584],[0.07598,0.996123,-0.044337,-0.006008],[0.075238,0.038611,0.996418,0.005915],[0.0,0.0,0.0,1.0]],"antennas":[-0.10039,0.156802],"body_yaw":0.147728,"check_collision":false},{"head":[[0.99416,-0.081335,-0.070927,-0.005625],[0.078354,0.995961,-0.043842,-0.006004],[0.074207,0.038028,0.996518,0.005788],[0.0,0.0,0.0,1.0]],"antennas":[-0.086549,0.153652],"body_yaw":0.147728,"check_collision":false},{"head":[[0.994258,-0.081934,-0.068835,-0.005432],[0.079087,0.995935,-0.04312,-0.005903],[0.072088,0.037428,0.996696,0.005602],[0.0,0.0,0.0,1.0]],"antennas":[-0.094175,0.171894],"body_yaw":0.147728,"check_collision":false},{"head":[[0.99444,-0.081706,-0.066435,-0.005331],[0.079001,0.995974,-0.04237,-0.00603],[0.069629,0.036886,0.996891,0.005496],[0.0,0.0,0.0,1.0]],"antennas":[-0.121907,0.207644],"body_yaw":0.147728,"check_collision":false},{"head":[[0.994564,-0.081389,-0.064947,-0.005341],[0.078822,0.996039,-0.041157,-0.006111],[0.06804,0.035814,0.99704,0.005423],[0.0,0.0,0.0,1.0]],"antennas":[-0.163823,0.253528],"body_yaw":0.147728,"check_collision":false},{"head":[[0.994585,-0.08168,-0.064262,-0.005408],[0.079201,0.996046,-0.040238,-0.006159],[0.067295,0.03493,0.997122,0.005408],[0.0,0.0,0.0,1.0]],"antennas":[-0.211107,0.299983],"body_yaw":0.147728,"check_collision":false},{"head":[[0.994557,-0.082454,-0.0637,-0.005453],[0.080011,0.995991,-0.039995,-0.006212],[0.066743,0.03468,0.997167,0.005402],[0.0,0.0,0.0,1.0]],"antennas":[-0.254194,0.33732],"body_yaw":0.147728,"check_collision":false},{"head":[[0.994397,-0.082225,-0.06644,-0.005423],[0.079751,0.996048,-0.03908,-0.006292],[0.069391,0.033562,0.997025,0.005432],[0.0,0.0,0.0,1.0]],"antennas":[-0.284047,0.357883],"body_yaw":0.147728,"check_collision":false},{"head":[[0.993737,-0.080975,-0.07701,-0.005314],[0.078455,0.996296,-0.035203,-0.006391],[0.079576,0.028941,0.996409,0.005626],[0.0,0.0,0.0,1.0]],"antennas":[-0.294346,0.357309],"body_yaw":0.147728,"check_collision":false},{"head":[[0.991792,-0.081542,-0.098489,-0.005102],[0.07905,0.99645,-0.028951,-0.006478],[0.1005,0.020927,0.994717,0.006064],[0.0,0.0,0.0,1.0]],"antennas":[-0.283076,0.335734],"body_yaw":0.147728,"check_collision":false},{"head":[[0.988372,-0.084105,-0.126678,-0.004908],[0.0817,0.996366,-0.024071,-0.006526],[0.128242,0.013442,0.991652,0.006678],[0.0,0.0,0.0,1.0]],"antennas":[-0.252377,0.297634],"body_yaw":0.147728,"check_collision":false},{"head":[[0.982367,-0.089528,-0.164135,-0.004741],[0.086914,0.995949,-0.023055,-0.006506],[0.165534,0.008383,0.986168,0.007512],[0.0,0.0,0.0,1.0]],"antennas":[-0.208961,0.250961],"body_yaw":0.147728,"check_collision":false},{"head":[[0.967713,-0.105573,-0.228881,-0.004368],[0.101182,0.994389,-0.030871,-0.006258],[0.230856,0.006715,0.972965,0.009015],[0.0,0.0,0.0,1.0]],"antennas":[-0.1615,0.205337],"body_yaw":0.147728,"check_collision":false},{"head":[[0.943892,-0.12974,-0.303703,-0.0039],[0.120897,0.991512,-0.047827,-0.005711],[0.307331,0.008427,0.951565,0.01077],[0.0,0.0,0.0,1.0]],"antennas":[-0.120138,0.17037],"body_yaw":0.147728,"check_collision":false},{"head":[[0.921521,-0.151143,-0.357709,-0.003714],[0.137842,0.988477,-0.062557,-0.005565],[0.363042,0.00834,0.931735,0.01169],[0.0,0.0,0.0,1.0]],"antennas":[-0.093331,0.153216],"body_yaw":0.147728,"check_collision":false},{"head":[[0.911868,-0.160214,-0.377925,-0.003635],[0.148484,0.987082,-0.060188,-0.005867],[0.382686,-0.001232,0.923878,0.012704],[0.0,0.0,0.0,1.0]],"antennas":[-0.086626,0.157498],"body_yaw":0.147728,"check_collision":false},{"head":[[0.911194,-0.157425,-0.380715,-0.003726],[0.15257,0.987352,-0.04311,-0.00614],[0.382686,-0.018804,0.923687,0.013443],[0.0,0.0,0.0,1.0]],"antennas":[-0.10133,0.182224],"body_yaw":0.147728,"check_collision":false},{"head":[[0.910475,-0.155817,-0.383087,-0.003803],[0.1568,0.987208,-0.028875,-0.005578],[0.382686,-0.033778,0.923261,0.013627],[0.0,0.0,0.0,1.0]],"antennas":[-0.134967,0.222537],"body_yaw":0.147728,"check_collision":false},{"head":[[0.909608,-0.1576,-0.384416,-0.003136],[0.161759,0.986591,-0.021719,-0.004552],[0.382684,-0.042427,0.922905,0.013064],[0.0,0.0,0.0,1.0]],"antennas":[-0.17976,0.269761],"body_yaw":0.147728,"check_collision":false},{"head":[[0.908836,-0.162104,-0.384369,-0.002266],[0.166044,0.985846,-0.023162,-0.004463],[0.382683,-0.042772,0.922889,0.012733],[0.0,0.0,0.0,1.0]],"antennas":[-0.226848,0.314222],"body_yaw":0.147728,"check_collision":false},{"head":[[0.908258,-0.168585,-0.382944,-0.001519],[0.169177,0.985053,-0.032405,-0.00447],[0.382683,-0.035353,0.923203,0.012194],[0.0,0.0,0.0,1.0]],"antennas":[-0.266289,0.346634],"body_yaw":0.147728,"check_collision":false},{"head":[[0.908036,-0.175516,-0.380349,-0.000922],[0.170367,0.984237,-0.047455,-0.004454],[0.382683,-0.021708,0.923625,0.011552],[0.0,0.0,0.0,1.0]],"antennas":[-0.290014,0.3603],"body_yaw":0.147728,"check_collision":false},{"head":[[0.907907,-0.181946,-0.377624,-0.000361],[0.171048,0.983277,-0.062516,-0.004484],[0.382684,-0.007834,0.923846,0.011035],[0.0,0.0,0.0,1.0]],"antennas":[-0.293043,0.352318],"body_yaw":0.147728,"check_collision":false},{"head":[[0.908329,-0.179988,-0.377548,0.000186],[0.168795,0.983646,-0.062836,-0.004659],[0.382683,-0.006653,0.923856,0.0111],[0.0,0.0,0.0,1.0]],"antennas":[-0.274737,0.324442],"body_yaw":0.147728,"check_collision":false},{"head":[[0.907964,-0.177733,-0.379491,0.000834],[0.170748,0.983926,-0.052289,-0.005049],[0.382684,-0.017321,0.923717,0.011351],[0.0,0.0,0.0,1.0]],"antennas":[-0.238811,0.282311],"body_yaw":0.147728,"check_collision":false},{"head":[[0.907266,-0.178239,-0.380918,0.002099],[0.174414,0.98365,-0.044853,-0.005503],[0.382685,-0.025743,0.92352,0.01141],[0.0,0.0,0.0,1.0]],"antennas":[-0.192701,0.234769],"body_yaw":0.147728,"check_collision":false},{"head":[[0.906607,-0.179499,-0.381895,0.003336],[0.17781,0.98325,-0.040034,-0.005694],[0.382685,-0.031609,0.923338,0.010873],[0.0,0.0,0.0,1.0]],"antennas":[-0.146348,0.19174],"body_yaw":0.147728,"check_collision":false},{"head":[[0.907838,-0.178276,-0.379535,0.002943],[0.171409,0.983821,-0.052115,-0.004753],[0.382685,-0.017744,0.923708,0.00991],[0.0,0.0,0.0,1.0]],"antennas":[-0.108763,0.162074],"body_yaw":0.147728,"check_collision":false},{"head":[[0.908896,-0.179716,-0.376312,0.002761],[0.165716,0.983718,-0.069548,-0.0047],[0.382684,0.000851,0.923879,0.009253],[0.0,0.0,0.0,1.0]],"antennas":[-0.088371,0.151976],"body_yaw":0.147728,"check_collision":false},{"head":[[0.909462,-0.175447,-0.376957,0.002218],[0.162579,0.984488,-0.065965,-0.004726],[0.382683,-0.001293,0.923879,0.009664],[0.0,0.0,0.0,1.0]],"antennas":[-0.089081,0.163601],"body_yaw":0.147728,"check_collision":false},{"head":[[0.908869,-0.165634,-0.382782,0.002065],[0.165843,0.98561,-0.032708,-0.00479],[0.382692,-0.033754,0.923259,0.011187],[0.0,0.0,0.0,1.0]],"antennas":[-0.110897,0.194477],"body_yaw":0.147728,"check_collision":false},{"head":[[0.906103,-0.162867,-0.39045,0.003058],[0.180346,0.983569,0.00825,-0.005268],[0.382691,-0.077891,0.920587,0.012647],[0.0,0.0,0.0,1.0]],"antennas":[-0.149147,0.238194],"body_yaw":0.147728,"check_collision":false},{"head":[[0.904586,-0.15458,-0.397276,0.004541],[0.187826,0.981129,0.045916,-0.00587],[0.382682,-0.116154,0.91655,0.012805],[0.0,0.0,0.0,1.0]],"antennas":[-0.196143,0.285796],"body_yaw":0.147728,"check_collision":false},{"head":[[0.905964,-0.143577,-0.398265,0.005656],[0.181058,0.981764,0.057936,-0.007185],[0.382684,-0.124598,0.915439,0.012031],[0.0,0.0,0.0,1.0]],"antennas":[-0.241789,0.327221],"body_yaw":0.147728,"check_collision":false},{"head":[[0.906139,-0.153554,-0.394124,0.005661],[0.18019,0.983136,0.031242,-0.007194],[0.38268,-0.099326,0.918526,0.010802],[0.0,0.0,0.0,1.0]],"antennas":[-0.27674,0.35391],"body_yaw":0.147728,"check_collision":false},{"head":[[0.904185,-0.176767,-0.388848,0.004682],[0.189745,0.98182,-0.005113,-0.006823],[0.382682,-0.069159,0.921288,0.010621],[0.0,0.0,0.0,1.0]],"antennas":[-0.293849,0.360284],"body_yaw":0.147728,"check_collision":false},{"head":[[0.902895,-0.183655,-0.388654,0.003476],[0.195789,0.980609,-0.008535,-0.006482],[0.382685,-0.068388,0.921344,0.011548],[0.0,0.0,0.0,1.0]],"antennas":[-0.289377,0.345064],"body_yaw":0.147728,"check_collision":false},{"head":[[0.900589,-0.185482,-0.393111,0.002913],[0.206135,0.978466,0.010571,-0.006279],[0.382685,-0.090554,0.91943,0.0125],[0.0,0.0,0.0,1.0]],"antennas":[-0.264264,0.311347],"body_yaw":0.147728,"check_collision":false},{"head":[[0.899824,-0.177791,-0.39838,0.004285],[0.209452,0.977118,0.037018,-0.006474],[0.382682,-0.116751,0.916473,0.012388],[0.0,0.0,0.0,1.0]],"antennas":[-0.223933,0.266253],"body_yaw":0.147728,"check_collision":false},{"head":[[0.90244,-0.157914,-0.400829,0.006583],[0.197874,0.978387,0.060046,-0.006707],[0.382684,-0.133501,0.914183,0.010865],[0.0,0.0,0.0,1.0]],"antennas":[-0.176543,0.219025],"body_yaw":0.147728,"check_collision":false},{"head":[[0.905159,-0.151344,-0.397219,0.008367],[0.185043,0.981573,0.047676,-0.006789],[0.382684,-0.116657,0.916485,0.008448],[0.0,0.0,0.0,1.0]],"antennas":[-0.131693,0.17945],"body_yaw":0.147728,"check_collision":false},{"head":[[0.903861,-0.170118,-0.392549,0.008167],[0.191281,0.981419,0.015119,-0.007003],[0.382683,-0.088753,0.919607,0.008252],[0.0,0.0,0.0,1.0]],"antennas":[-0.099357,0.155889],"body_yaw":0.147728,"check_collision":false},{"head":[[0.902524,-0.179629,-0.391387,0.007128],[0.197493,0.980289,0.005504,-0.007082],[0.382684,-0.082264,0.92021,0.009195],[0.0,0.0,0.0,1.0]],"antennas":[-0.085796,0.153198],"body_yaw":0.147728,"check_collision":false},{"head":[[0.899314,-0.185792,-0.395874,0.005207],[0.211631,0.977098,0.022194,-0.006569],[0.382684,-0.103738,0.918037,0.010953],[0.0,0.0,0.0,1.0]],"antennas":[-0.094064,0.17194],"body_yaw":0.147728,"check_collision":false},{"head":[[0.895646,-0.19453,-0.39997,0.004783],[0.226651,0.973378,0.034123,-0.006092],[0.382684,-0.121216,0.915893,0.01168],[0.0,0.0,0.0,1.0]],"antennas":[-0.12217,0.208293],"body_yaw":0.147728,"check_collision":false},{"head":[[0.896716,-0.185992,-0.40163,0.006215],[0.22238,0.973898,0.045502,-0.005807],[0.382683,-0.130117,0.914671,0.01077],[0.0,0.0,0.0,1.0]],"antennas":[-0.164718,0.254622],"body_yaw":0.147728,"check_collision":false},{"head":[[0.900443,-0.172888,-0.399139,0.008276],[0.206773,0.977439,0.043094,-0.00577],[0.382684,-0.121335,0.915877,0.008515],[0.0,0.0,0.0,1.0]],"antennas":[-0.212378,0.301218],"body_yaw":0.147728,"check_collision":false},{"head":[[0.901804,-0.171469,-0.396672,0.009601],[0.200757,0.979079,0.033179,-0.005494],[0.382684,-0.109556,0.917361,0.006312],[0.0,0.0,0.0,1.0]],"antennas":[-0.255453,0.338467],"body_yaw":0.147728,"check_collision":false},{"head":[[0.901332,-0.172459,-0.397314,0.009666],[0.202864,0.978565,0.035451,-0.00503],[0.382684,-0.112554,0.916998,0.005842],[0.0,0.0,0.0,1.0]],"antennas":[-0.284969,0.358611],"body_yaw":0.147728,"check_collision":false},{"head":[[0.899936,-0.172721,-0.400354,0.008749],[0.20897,0.976726,0.048353,-0.004437],[0.382685,-0.127177,0.915084,0.006615],[0.0,0.0,0.0,1.0]],"antennas":[-0.294808,0.357502],"body_yaw":0.147728,"check_collision":false},{"head":[[0.89779,-0.177279,-0.40317,0.00855],[0.218007,0.974278,0.057063,-0.004017],[0.382684,-0.139124,0.913344,0.006836],[0.0,0.0,0.0,1.0]],"antennas":[-0.282861,0.335343],"body_yaw":0.147728,"check_collision":false},{"head":[[0.899039,-0.171333,-0.402956,0.01029],[0.212795,0.975246,0.060105,-0.003922],[0.382684,-0.139784,0.913243,0.0059],[0.0,0.0,0.0,1.0]],"antennas":[-0.251884,0.296815],"body_yaw":0.147728,"check_collision":false},{"head":[[0.902024,-0.159435,-0.401164,0.010707],[0.199762,0.977976,0.06049,-0.006228],[0.382685,-0.134701,0.914007,0.007153],[0.0,0.0,0.0,1.0]],"antennas":[-0.207873,0.249845],"body_yaw":0.147728,"check_collision":false},{"head":[[0.903681,-0.158576,-0.397762,0.012811],[0.192127,0.980307,0.045676,-0.006127],[0.382685,-0.117697,0.916351,0.005151],[0.0,0.0,0.0,1.0]],"antennas":[-0.160597,0.204347],"body_yaw":0.147728,"check_collision":false},{"head":[[0.90377,-0.170593,-0.392552,0.013499],[0.19171,0.981338,0.014908,-0.005502],[0.382683,-0.08873,0.919609,0.003708],[0.0,0.0,0.0,1.0]],"antennas":[-0.119189,0.169553],"body_yaw":0.147728,"check_collision":false},{"head":[[0.903681,-0.179234,-0.388891,0.012707],[0.19213,0.981352,-0.00583,-0.004835],[0.382684,-0.069449,0.921266,0.003303],[0.0,0.0,0.0,1.0]],"antennas":[-0.0926,0.152799],"body_yaw":0.147728,"check_collision":false},{"head":[[0.903666,-0.179135,-0.38897,0.011559],[0.192199,0.981341,-0.005421,-0.004386],[0.382683,-0.069861,0.921234,0.003571],[0.0,0.0,0.0,1.0]],"antennas":[-0.086494,0.157628],"body_yaw":0.147728,"check_collision":false},{"head":[[0.903047,-0.175854,-0.391895,0.010847],[0.195085,0.980741,0.009451,-0.003904],[0.382685,-0.084988,0.919961,0.003765],[0.0,0.0,0.0,1.0]],"antennas":[-0.10198,0.182983],"body_yaw":0.147728,"check_collision":false},{"head":[[0.901102,-0.172406,-0.39786,0.010684],[0.203871,0.978267,0.037826,-0.003602],[0.382691,-0.115197,0.916666,0.003798],[0.0,0.0,0.0,1.0]],"antennas":[-0.135719,0.223533],"body_yaw":0.147728,"check_collision":false},{"head":[[0.898704,-0.166886,-0.405561,0.011149],[0.214191,0.973996,0.073845,-0.003365],[0.382691,-0.153232,0.91108,0.003413],[0.0,0.0,0.0,1.0]],"antennas":[-0.180749,0.270864],"body_yaw":0.147728,"check_collision":false},{"head":[[0.896527,-0.159635,-0.413226,0.012153],[0.22313,0.968571,0.109926,-0.003143],[0.38269,-0.190754,0.90397,0.002538],[0.0,0.0,0.0,1.0]],"antennas":[-0.228025,0.315225],"body_yaw":0.147728,"check_collision":false},{"head":[[0.893725,-0.165726,-0.416882,0.013126],[0.234108,0.96499,0.118269,-0.003121],[0.382687,-0.203295,0.901234,0.002225],[0.0,0.0,0.0,1.0]],"antennas":[-0.267005,0.347183],"body_yaw":0.147728,"check_collision":false},{"head":[[0.891132,-0.176518,-0.418002,0.010637],[0.2438,0.963221,0.112994,-0.007674],[0.382683,-0.202602,0.901391,0.007184],[0.0,0.0,0.0,1.0]],"antennas":[-0.290409,0.360386],"body_yaw":0.147728,"check_collision":false},{"head":[[0.891426,-0.179388,-0.41615,0.008973],[0.242721,0.964487,0.10417,-0.007073],[0.382684,-0.193868,0.90331,0.007943],[0.0,0.0,0.0,1.0]],"antennas":[-0.29286,0.35188],"body_yaw":0.147728,"check_collision":false},{"head":[[0.892088,-0.180889,-0.414076,0.00815],[0.240276,0.965979,0.095665,-0.00664],[0.382684,-0.184834,0.905201,0.008265],[0.0,0.0,0.0,1.0]],"antennas":[-0.274017,0.323484],"body_yaw":0.147728,"check_collision":false},{"head":[[0.893734,-0.175805,-0.412713,0.008961],[0.234076,0.967593,0.094726,-0.006516],[0.382684,-0.181266,0.905922,0.007714],[0.0,0.0,0.0,1.0]],"antennas":[-0.237711,0.281195],"body_yaw":0.147728,"check_collision":false},{"head":[[0.897916,-0.163762,-0.408569,0.011046],[0.217465,0.972065,0.088304,-0.006339],[0.382695,-0.168139,0.908446,0.006083],[0.0,0.0,0.0,1.0]],"antennas":[-0.191642,0.2337],"body_yaw":0.147728,"check_collision":false},{"head":[[0.902064,-0.154208,-0.403114,0.013475],[0.19957,0.977177,0.072774,-0.005935],[0.382691,-0.146096,0.912252,0.003858],[0.0,0.0,0.0,1.0]],"antennas":[-0.145271,0.190892],"body_yaw":0.147728,"check_collision":false},{"head":[[0.902685,-0.158245,-0.400147,0.015387],[0.196757,0.978807,0.056774,-0.005668],[0.382683,-0.129981,0.914691,0.002139],[0.0,0.0,0.0,1.0]],"antennas":[-0.108148,0.161713],"body_yaw":0.147728,"check_collision":false},{"head":[[0.901495,-0.164071,-0.400484,0.015993],[0.202136,0.977845,0.054406,-0.005429],[0.382685,-0.129999,0.914687,0.001784],[0.0,0.0,0.0,1.0]],"antennas":[-0.088351,0.152224],"body_yaw":0.147728,"check_collision":false},{"head":[[0.900129,-0.161337,-0.404645,0.015399],[0.20813,0.975289,0.074123,-0.005294],[0.382687,-0.150939,0.911465,0.002282],[0.0,0.0,0.0,1.0]],"antennas":[-0.08959,0.164347],"body_yaw":0.147728,"check_collision":false},{"head":[[0.899841,-0.15549,-0.407565,0.013725],[0.209381,0.973605,0.090841,-0.008715],[0.382683,-0.167079,0.908646,0.005562],[0.0,0.0,0.0,1.0]],"antennas":[-0.111742,0.195515],"body_yaw":0.147728,"check_collision":false},{"head":[[0.899175,-0.154557,-0.409385,0.012143],[0.212218,0.972186,0.099081,-0.010287],[0.382685,-0.17597,0.906966,0.00751],[0.0,0.0,0.0,1.0]],"antennas":[-0.150453,0.239445],"body_yaw":0.147728,"check_collision":false},{"head":[[0.897459,-0.1598,-0.411134,0.011407],[0.219361,0.97033,0.101692,-0.009901],[0.382685,-0.181451,0.905885,0.007642],[0.0,0.0,0.0,1.0]],"antennas":[-0.197145,0.286785],"body_yaw":0.147728,"check_collision":false},{"head":[[0.897675,-0.156991,-0.411743,0.011928],[0.218478,0.970016,0.10647,-0.009649],[0.382683,-0.185532,0.905059,0.006992],[0.0,0.0,0.0,1.0]],"antennas":[-0.242476,0.327759],"body_yaw":0.147728,"check_collision":false},{"head":[[0.90063,-0.146401,-0.409185,0.013323],[0.20595,0.97289,0.105216,-0.010354],[0.382688,-0.179032,0.906365,0.006423],[0.0,0.0,0.0,1.0]],"antennas":[-0.276901,0.353862],"body_yaw":0.147728,"check_collision":false},{"head":[[0.903697,-0.14055,-0.404447,0.015066],[0.192037,0.977301,0.089466,-0.010693],[0.382692,-0.158519,0.910175,0.005153],[0.0,0.0,0.0,1.0]],"antennas":[-0.293522,0.359765],"body_yaw":0.147728,"check_collision":false},{"head":[[0.905325,-0.143292,-0.399817,0.016431],[0.184222,0.980688,0.06567,-0.010405],[0.382686,-0.133108,0.914239,0.003513],[0.0,0.0,0.0,1.0]],"antennas":[-0.288548,0.344073],"body_yaw":0.147728,"check_collision":false},{"head":[[0.905889,-0.141097,-0.399321,0.016247],[0.181436,0.98126,0.06488,-0.010196],[0.382683,-0.131225,0.914513,0.003319],[0.0,0.0,0.0,1.0]],"antennas":[-0.263104,0.310156],"body_yaw":0.147728,"check_collision":false},{"head":[[0.904644,-0.134347,-0.404438,0.014694],[0.187513,0.977691,0.094656,-0.010443],[0.382698,-0.161467,0.909654,0.005393],[0.0,0.0,0.0,1.0]],"antennas":[-0.222661,0.265072],"body_yaw":0.147728,"check_collision":false},{"head":[[0.901325,-0.135,-0.411568,0.013119],[0.202874,0.971096,0.125756,-0.010684],[0.382695,-0.196844,0.902661,0.007561],[0.0,0.0,0.0,1.0]],"antennas":[-0.17529,0.218105],"body_yaw":0.147728,"check_collision":false},{"head":[[0.898601,-0.138765,-0.416247,0.012414],[0.214638,0.966436,0.141181,-0.01066],[0.382685,-0.216208,0.898224,0.008363],[0.0,0.0,0.0,1.0]],"antennas":[-0.131263,0.179152],"body_yaw":0.147728,"check_collision":false},{"head":[[0.90017,-0.134066,-0.414392,0.013286],[0.207941,0.968296,0.138435,-0.010512],[0.382694,-0.210784,0.899508,0.00781],[0.0,0.0,0.0,1.0]],"antennas":[-0.099374,0.156206],"body_yaw":0.147728,"check_collision":false},{"head":[[0.904703,-0.125553,-0.407122,0.015172],[0.187207,0.975547,0.115158,-0.010192],[0.382708,-0.1804,0.906085,0.00599],[0.0,0.0,0.0,1.0]],"antennas":[-0.086403,0.154036],"body_yaw":0.147728,"check_collision":false},{"head":[[0.907341,-0.127782,-0.400505,0.017071],[0.17401,0.981399,0.0811,-0.009794],[0.382692,-0.143278,0.912698,0.003833],[0.0,0.0,0.0,1.0]],"antennas":[-0.095045,0.173171],"body_yaw":0.147728,"check_collision":false},{"head":[[0.907676,-0.133479,-0.39788,0.017707],[0.172273,0.983018,0.063226,-0.009342],[0.382684,-0.125932,0.915256,0.002654],[0.0,0.0,0.0,1.0]],"antennas":[-0.123556,0.209579],"body_yaw":0.147728,"check_collision":false},{"head":[[0.906379,-0.128408,-0.402478,0.016105],[0.178922,0.979705,0.090362,-0.011075],[0.382706,-0.153915,0.910959,0.004917],[0.0,0.0,0.0,1.0]],"antennas":[-0.165895,0.255682],"body_yaw":0.147728,"check_collision":false},{"head":[[0.902478,-0.125317,-0.412104,0.014507],[0.197643,0.970556,0.137686,-0.011257],[0.382716,-0.205708,0.900674,0.00657],[0.0,0.0,0.0,1.0]],"antennas":[-0.213308,0.301952],"body_yaw":0.147728,"check_collision":false},{"head":[[0.898301,-0.128645,-0.420126,0.013662],[0.215888,0.962026,0.167027,-0.011424],[0.382685,-0.240741,0.891962,0.007628],[0.0,0.0,0.0,1.0]],"antennas":[-0.255937,0.338695],"body_yaw":0.147728,"check_collision":false},{"head":[[0.897358,-0.132944,-0.420803,0.013855],[0.219779,0.961511,0.164907,-0.01137],[0.382683,-0.240464,0.892037,0.007689],[0.0,0.0,0.0,1.0]],"antennas":[-0.284841,0.35828],"body_yaw":0.147728,"check_collision":false},{"head":[[0.897963,-0.136884,-0.41824,0.014597],[0.217277,0.964381,0.150867,-0.011213],[0.382691,-0.226347,0.89572,0.006969],[0.0,0.0,0.0,1.0]],"antennas":[-0.294303,0.356777],"body_yaw":0.147728,"check_collision":false},{"head":[[0.900949,-0.136284,-0.411967,0.01615],[0.204524,0.970697,0.126164,-0.010994],[0.382701,-0.197924,0.902422,0.005552],[0.0,0.0,0.0,1.0]],"antennas":[-0.282055,0.334339],"body_yaw":0.147728,"check_collision":false},{"head":[[0.903977,-0.140921,-0.403692,0.017088],[0.190716,0.977897,0.085699,-0.01101],[0.382693,-0.15446,0.910872,0.004349],[0.0,0.0,0.0,1.0]],"antennas":[-0.250663,0.295642],"body_yaw":0.147728,"check_collision":false},{"head":[[0.905568,-0.156502,-0.394276,0.016971],[0.183013,0.982644,0.030296,-0.01101],[0.382692,-0.099593,0.918492,0.003384],[0.0,0.0,0.0,1.0]],"antennas":[-0.206918,0.248856],"body_yaw":0.147728,"check_collision":false},{"head":[[0.906198,-0.170288,-0.387049,0.017313],[0.179878,0.98362,-0.01161,-0.010691],[0.382686,-0.059101,0.921986,0.001919],[0.0,0.0,0.0,1.0]],"antennas":[-0.159456,0.2035],"body_yaw":0.147728,"check_collision":false},{"head":[[0.906658,-0.174323,-0.384164,0.01674],[0.177549,0.983731,-0.02736,-0.010902],[0.382684,-0.043402,0.922859,0.001882],[0.0,0.0,0.0,1.0]],"antennas":[-0.118442,0.169158],"body_yaw":0.147728,"check_collision":false},{"head":[[0.906854,-0.170137,-0.385576,0.015507],[0.176549,0.984108,-0.019009,-0.011493],[0.382683,-0.050835,0.92248,0.003262],[0.0,0.0,0.0,1.0]],"antennas":[-0.092559,0.152955],"body_yaw":0.147728,"check_collision":false},{"head":[[0.906547,-0.159327,-0.39088,0.013605],[0.178099,0.983939,0.011992,-0.011365],[0.382691,-0.080486,0.920364,0.004672],[0.0,0.0,0.0,1.0]],"antennas":[-0.086863,0.158236],"body_yaw":0.147728,"check_collision":false},{"head":[[0.904651,-0.154153,-0.397296,0.013084],[0.187477,0.981183,0.046185,-0.010715],[0.3827,-0.116265,0.916528,0.005817],[0.0,0.0,0.0,1.0]],"antennas":[-0.102161,0.183657],"body_yaw":0.147728,"check_collision":false},{"head":[[0.901902,-0.146391,-0.406377,0.012397],[0.200284,0.975298,0.093168,-0.010885],[0.382699,-0.165419,0.908943,0.007096],[0.0,0.0,0.0,1.0]],"antennas":[-0.136267,0.224317],"body_yaw":0.147728,"check_collision":false},{"head":[[0.900894,-0.133785,-0.412907,0.013185],[0.204807,0.969774,0.132639,-0.011086],[0.382681,-0.20406,0.901063,0.007305],[0.0,0.0,0.0,1.0]],"antennas":[-0.181927,0.271785],"body_yaw":0.147728,"check_collision":false},{"head":[[0.902318,-0.123555,-0.412984,0.014964],[0.198427,0.969558,0.14347,-0.011028],[0.382685,-0.211403,0.899367,0.006572],[0.0,0.0,0.0,1.0]],"antennas":[-0.228927,0.315972],"body_yaw":0.147728,"check_collision":false},{"head":[[0.904532,-0.121719,-0.408663,0.016966],[0.18806,0.974024,0.126141,-0.010727],[0.382694,-0.190952,0.903926,0.005142],[0.0,0.0,0.0,1.0]],"antennas":[-0.267764,0.347672],"body_yaw":0.147728,"check_collision":false},{"head":[[0.906323,-0.130443,-0.401949,0.018368],[0.179239,0.98003,0.086106,-0.010142],[0.382691,-0.150085,0.911604,0.003588],[0.0,0.0,0.0,1.0]],"antennas":[-0.290637,0.360375],"body_yaw":0.147728,"check_collision":false},{"head":[[0.906913,-0.147948,-0.394488,0.01895],[0.176249,0.983677,0.036275,-0.009535],[0.382682,-0.102426,0.918185,0.002473],[0.0,0.0,0.0,1.0]],"antennas":[-0.29274,0.351546],"body_yaw":0.147728,"check_collision":false},{"head":[[0.906272,-0.162774,-0.390096,0.018068],[0.17951,0.983734,0.006558,-0.009007],[0.382683,-0.075969,0.920751,0.002097],[0.0,0.0,0.0,1.0]],"antennas":[-0.273427,0.322852],"body_yaw":0.147728,"check_collision":false},{"head":[[0.906092,-0.159388,-0.391909,0.017402],[0.180417,0.98344,0.017161,-0.009042],[0.382684,-0.086256,0.919844,0.002623],[0.0,0.0,0.0,1.0]],"antennas":[-0.236948,0.280222],"body_yaw":0.147728,"check_collision":false},{"head":[[0.905204,-0.145268,-0.399378,0.016813],[0.184794,0.980814,0.062084,-0.009468],[0.382697,-0.130001,0.914682,0.003668],[0.0,0.0,0.0,1.0]],"antennas":[-0.190521,0.232657],"body_yaw":0.147728,"check_collision":false},{"head":[[0.903058,-0.1361,-0.407385,0.016739],[0.19503,0.974987,0.106601,-0.009941],[0.382687,-0.175719,0.907014,0.004694],[0.0,0.0,0.0,1.0]],"antennas":[-0.144256,0.190034],"body_yaw":0.147728,"check_collision":false},{"head":[[0.903092,-0.130123,-0.40926,0.017154],[0.194882,0.97339,0.120549,-0.009992],[0.382684,-0.188625,0.904419,0.004763],[0.0,0.0,0.0,1.0]],"antennas":[-0.107409,0.161177],"body_yaw":0.147728,"check_collision":false},{"head":[[0.905737,-0.122128,-0.405863,0.018708],[0.182157,0.976803,0.112579,-0.009923],[0.382699,-0.175898,0.906974,0.003696],[0.0,0.0,0.0,1.0]],"antennas":[-0.087956,0.152095],"body_yaw":0.147728,"check_collision":false},{"head":[[0.908633,-0.124919,-0.398474,0.020674],[0.167134,0.983237,0.072874,-0.009644],[0.382691,-0.132815,0.91428,0.001789],[0.0,0.0,0.0,1.0]],"antennas":[-0.089676,0.164654],"body_yaw":0.147728,"check_collision":false},{"head":[[0.90966,-0.13694,-0.392129,0.022185],[0.161462,0.98642,0.030079,-0.009176],[0.382685,-0.090675,0.919418,-0.000342],[0.0,0.0,0.0,1.0]],"antennas":[-0.112356,0.196304],"body_yaw":0.147728,"check_collision":false},{"head":[[0.911561,-0.150839,-0.382497,0.022691],[0.16123,0.986904,-0.004948,-0.008627],[0.378234,-0.05716,0.923944,-0.001915],[0.0,0.0,0.0,1.0]],"antennas":[-0.151131,0.240405],"body_yaw":0.147728,"check_collision":false},{"head":[[0.915266,-0.161665,-0.36899,0.021321],[0.166213,0.985894,-0.019662,-0.008327],[0.366963,-0.043335,0.929226,-0.001874],[0.0,0.0,0.0,1.0]],"antennas":[-0.198027,0.287777],"body_yaw":0.147728,"check_collision":false},{"head":[[0.908497,-0.158716,-0.386578,0.015609],[0.167889,0.985754,-0.010161,-0.009152],[0.382683,-0.055671,0.922201,0.001391],[0.0,0.0,0.0,1.0]],"antennas":[-0.243602,0.328719],"body_yaw":0.147728,"check_collision":false},{"head":[[0.908925,-0.143673,-0.391426,0.014642],[0.165561,0.985942,0.022558,-0.009191],[0.382682,-0.085308,0.919933,0.002444],[0.0,0.0,0.0,1.0]],"antennas":[-0.277877,0.354628],"body_yaw":0.147728,"check_collision":false},{"head":[[0.909393,-0.127051,-0.396058,0.014492],[0.162968,0.984911,0.058243,-0.00942],[0.382682,-0.117511,0.916376,0.003008],[0.0,0.0,0.0,1.0]],"antennas":[-0.294074,0.360033],"body_yaw":0.147728,"check_collision":false},{"head":[[0.910139,-0.115847,-0.397778,0.014966],[0.158748,0.984347,0.076549,-0.009578],[0.382683,-0.132817,0.914283,0.002782],[0.0,0.0,0.0,1.0]],"antennas":[-0.288527,0.343871],"body_yaw":0.147728,"check_collision":false},{"head":[[0.910391,-0.118236,-0.396495,0.015497],[0.157296,0.985251,0.067363,-0.009458],[0.382683,-0.123693,0.915562,0.001967],[0.0,0.0,0.0,1.0]],"antennas":[-0.262789,0.309487],"body_yaw":0.147728,"check_collision":false},{"head":[[0.909676,-0.135015,-0.39276,0.01629],[0.161381,0.986281,0.034732,-0.009828],[0.382682,-0.094978,0.918985,0.001442],[0.0,0.0,0.0,1.0]],"antennas":[-0.221847,0.264071],"body_yaw":0.147728,"check_collision":false},{"head":[[0.908449,-0.146121,-0.391624,0.015184],[0.168149,0.985508,0.022346,-0.009345],[0.382684,-0.086151,0.919854,0.001802],[0.0,0.0,0.0,1.0]],"antennas":[-0.174575,0.217082],"body_yaw":0.147728,"check_collision":false},{"head":[[0.908128,-0.136395,-0.395852,0.013595],[0.169866,0.984168,0.050586,-0.009305],[0.382685,-0.113181,0.91692,0.003423],[0.0,0.0,0.0,1.0]],"antennas":[-0.129912,0.178058],"body_yaw":0.147728,"check_collision":false},{"head":[[0.906352,-0.130488,-0.401869,0.01261],[0.179105,0.98009,0.085706,-0.00941],[0.382684,-0.149657,0.911677,0.004688],[0.0,0.0,0.0,1.0]],"antennas":[-0.098323,0.155339],"body_yaw":0.147728,"check_collision":false},{"head":[[0.905648,-0.12291,-0.405827,0.013055],[0.182635,0.976812,0.111731,-0.009513],[0.382683,-0.175307,0.907095,0.004862],[0.0,0.0,0.0,1.0]],"antennas":[-0.085717,0.153616],"body_yaw":0.147728,"check_collision":false},{"head":[[0.906042,-0.119772,-0.405886,0.014322],[0.180671,0.97679,0.115066,-0.009709],[0.382683,-0.177587,0.906651,0.004064],[0.0,0.0,0.0,1.0]],"antennas":[-0.094863,0.173232],"body_yaw":0.147728,"check_collision":false},{"head":[[0.905673,-0.130985,-0.403236,0.014588],[0.182512,0.978895,0.091945,-0.009474],[0.382683,-0.156868,0.910465,0.003707],[0.0,0.0,0.0,1.0]],"antennas":[-0.122231,0.209324],"body_yaw":0.147728,"check_collision":false},{"head":[[0.904593,-0.142091,-0.401899,0.014514],[0.187792,0.979227,0.076476,-0.009122],[0.382683,-0.144653,0.912485,0.003365],[0.0,0.0,0.0,1.0]],"antennas":[-0.167126,0.256737],"body_yaw":0.147728,"check_collision":false},{"head":[[0.90508,-0.132174,-0.404178,0.013514],[0.185427,0.978017,0.095397,-0.008834],[0.382683,-0.161288,0.909692,0.004512],[0.0,0.0,0.0,1.0]],"antennas":[-0.214748,0.30316],"body_yaw":0.147728,"check_collision":false},{"head":[[0.905449,-0.120041,-0.407127,0.012959],[0.18362,0.975555,0.120729,-0.008696],[0.382683,-0.184071,0.905357,0.005465],[0.0,0.0,0.0,1.0]],"antennas":[-0.256324,0.323776],"body_yaw":0.147728,"check_collision":false},{"head":[[0.906935,-0.11309,-0.405806,0.01331],[0.176129,0.976852,0.121401,-0.009301],[0.382684,-0.181577,0.90586,0.005821],[0.0,0.0,0.0,1.0]],"antennas":[-0.257795,0.323776],"body_yaw":0.147728,"check_collision":false},{"head":[[0.907726,-0.115549,-0.403339,0.014686],[0.17201,0.979315,0.106557,-0.009294],[0.382684,-0.166103,0.908825,0.004347],[0.0,0.0,0.0,1.0]],"antennas":[-0.257795,0.323776],"body_yaw":0.147728,"check_collision":false},{"head":[[0.906595,-0.129243,-0.401724,0.01577],[0.177878,0.980283,0.086051,-0.009354],[0.382682,-0.149471,0.911709,0.002958],[0.0,0.0,0.0,1.0]],"antennas":[-0.257795,0.323776],"body_yaw":0.147728,"check_collision":false},{"head":[[0.905653,-0.134785,-0.402027,0.014511],[0.182608,0.979684,0.082911,-0.010995],[0.382684,-0.148502,0.911866,0.004469],[0.0,0.0,0.0,1.0]],"antennas":[-0.257795,0.323776],"body_yaw":0.147728,"check_collision":false},{"head":[[0.905097,-0.134295,-0.403441,0.013157],[0.185346,0.978536,0.090084,-0.011066],[0.382684,-0.156311,0.91056,0.005559],[0.0,0.0,0.0,1.0]],"antennas":[-0.257795,0.323776],"body_yaw":0.147728,"check_c