{"description":"A lighter version of the laugh in laughing1.","time":[0.0,0.02,0.04,0.06,0.08,0.1,0.12,0.14,0.16,0.18,0.2,0.22,0.24,0.26,0.28,0.3,0.32,0.34,0.36,0.38,0.4,0.42,0.44,0.46,0.48,0.5,0.52,0.54,0.56,0.58,0.6,0.62,0.64,0.66,0.68,0.7,0.72,0.74,0.76,0.78,0.8,0.82,0.84,0.86,0.88,0.9,0.92,0.94,0.96,0.98,1.0,1.02,1.04,1.06,1.08,1.1,1.12,1.14,1.16,1.18,1.2,1.22,1.24,1.26,1.28,1.3,1.32,1.34,1.36,1.38,1.4,1.42,1.44,1.46,1.48,1.5,1.52,1.54,1.56,1.58,1.6,1.62,1.64,1.66,1.68,1.7,1.72,1.74,1.76,1.78,1.8,1.82,1.84,1.86,1.88,1.9,1.92,1.94,1.96,1.98,2.0,2.02,2.04,2.06,2.08,2.1,2.12,2.14,2.16,2.18,2.2,2.22,2.24,2.26,2.28,2.3,2.32,2.34,2.36,2.38,2.4,2.42,2.44,2.46,2.48,2.5,2.52,2.54,2.56,2.58,2.6,2.62,2.64,2.66,2.68,2.7,2.72,2.74,2.76,2.78,2.8,2.82,2.84,2.86,2.88,2.9,2.92],"set_target_data":[{"head":[[0.984961,-0.131995,0.111483,-0.010552],[0.143501,0.984339,-0.102396,-0.006936],[-0.096221,0.116855,0.988477,0.006717],[0.0,0.0,0.0,1.0]],"antennas":[0.098498,-0.098514],"body_yaw":0.147728,"check_collision":false},{"head":[[0.985231,-0.134956,0.105386,-0.010876],[0.145688,0.984078,-0.101811,-0.007045],[-0.089968,0.115661,0.989206,0.007147],[0.0,0.0,0.0,1.0]],"antennas":[0.098498,-0.098514],"body_yaw":0.147728,"check_collision":false},{"head":[[0.986366,-0.137183,0.090901,-0.011522],[0.145748,0.984708,-0.095435,-0.006964],[-0.076419,0.107383,0.991276,0.007829],[0.0,0.0,0.0,1.0]],"antennas":[0.098498,-0.098514],"body_yaw":0.147728,"check_collision":false},{"head":[[0.987603,-0.138308,0.074233,-0.012284],[0.144555,0.985695,-0.08666,-0.006715],[-0.061186,0.096316,0.993468,0.008523],[0.0,0.0,0.0,1.0]],"antennas":[0.098498,-0.098514],"body_yaw":0.147728,"check_collision":false},{"head":[[0.988209,-0.139097,0.063996,-0.012735],[0.143937,0.986466,-0.078534,-0.006342],[-0.052206,0.08682,0.994855,0.008826],[0.0,0.0,0.0,1.0]],"antennas":[0.098498,-0.098514],"body_yaw":0.147728,"check_collision":false},{"head":[[0.988392,-0.139142,0.06099,-0.012677],[0.143377,0.987071,-0.071646,-0.006183],[-0.050233,0.079559,0.995564,0.008651],[0.0,0.0,0.0,1.0]],"antennas":[0.098498,-0.098514],"body_yaw":0.147728,"check_collision":false},{"head":[[0.988072,-0.140926,0.062083,-0.012007],[0.145148,0.986949,-0.069739,-0.006531],[-0.051445,0.077919,0.995632,0.008452],[0.0,0.0,0.0,1.0]],"antennas":[0.098498,-0.098514],"body_yaw":0.147728,"check_collision":false},{"head":[[0.987259,-0.144855,0.065854,-0.011152],[0.14958,0.986008,-0.073587,-0.006886],[-0.054274,0.082499,0.995112,0.007758],[0.0,0.0,0.0,1.0]],"antennas":[0.098498,-0.098514],"body_yaw":0.147728,"check_collision":false},{"head":[[0.986291,-0.147617,0.073758,-0.010513],[0.153485,0.984786,-0.081476,-0.007203],[-0.060609,0.091679,0.993942,0.007202],[0.0,0.0,0.0,1.0]],"antennas":[0.098498,-0.098514],"body_yaw":0.147728,"check_collision":false},{"head":[[0.98544,-0.149622,0.080753,-0.010174],[0.156602,0.983697,-0.088404,-0.007215],[-0.066209,0.099763,0.992806,0.00673],[0.0,0.0,0.0,1.0]],"antennas":[0.098498,-0.098514],"body_yaw":0.147728,"check_collision":false},{"head":[[0.985079,-0.150712,0.083095,-0.00985],[0.158112,0.983209,-0.091111,-0.00765],[-0.067968,0.102889,0.992368,0.006812],[0.0,0.0,0.0,1.0]],"antennas":[0.098498,-0.098514],"body_yaw":0.147728,"check_collision":false},{"head":[[0.985007,-0.151008,0.083411,-0.009706],[0.158537,0.983008,-0.09253,-0.00782],[-0.068021,0.104366,0.99221,0.006917],[0.0,0.0,0.0,1.0]],"antennas":[0.098498,-0.098514],"body_yaw":0.147728,"check_collision":false},{"head":[[0.98511,-0.15037,0.083345,-0.009696],[0.157901,0.9831,-0.092638,-0.007887],[-0.068006,0.104419,0.992206,0.007027],[0.0,0.0,0.0,1.0]],"antennas":[0.098498,-0.098514],"body_yaw":0.147728,"check_collision":false},{"head":[[0.985333,-0.149047,0.083085,-0.009792],[0.156493,0.983408,-0.091749,-0.00788],[-0.068031,0.103406,0.99231,0.007182],[0.0,0.0,0.0,1.0]],"antennas":[0.098498,-0.098514],"body_yaw":0.147728,"check_collision":false},{"head":[[0.985723,-0.14702,0.082065,-0.009876],[0.154195,0.983998,-0.089281,-0.007858],[-0.067625,0.100661,0.99262,0.007387],[0.0,0.0,0.0,1.0]],"antennas":[0.098498,-0.098514],"body_yaw":0.147728,"check_collision":false},{"head":[[0.986092,-0.145898,0.079599,-0.010119],[0.152547,0.984629,-0.085056,-0.007794],[-0.065966,0.096016,0.993192,0.007805],[0.0,0.0,0.0,1.0]],"antennas":[0.098498,-0.098514],"body_yaw":0.147728,"check_collision":false},{"head":[[0.986287,-0.145619,0.07767,-0.010542],[0.151782,0.985137,-0.080415,-0.0076],[-0.064805,0.091101,0.993731,0.008384],[0.0,0.0,0.0,1.0]],"antennas":[0.098498,-0.098514],"body_yaw":0.147728,"check_collision":false},{"head":[[0.986415,-0.145325,0.076587,-0.010873],[0.151063,0.985646,-0.075374,-0.007246],[-0.064534,0.085919,0.99421,0.008684],[0.0,0.0,0.0,1.0]],"antennas":[0.098498,-0.098514],"body_yaw":0.147728,"check_collision":false},{"head":[[0.98641,-0.146856,0.073685,-0.011035],[0.15202,0.985883,-0.070181,-0.007216],[-0.062338,0.080429,0.994809,0.00913],[0.0,0.0,0.0,1.0]],"antennas":[0.098498,-0.098514],"body_yaw":0.147728,"check_collision":false},{"head":[[0.986264,-0.150806,0.06739,-0.01129],[0.155137,0.985788,-0.064455,-0.007054],[-0.056713,0.074024,0.995643,0.00953],[0.0,0.0,0.0,1.0]],"antennas":[0.098498,-0.098514],"body_yaw":0.147728,"check_collision":false},{"head":[[0.985984,-0.154643,0.062616,-0.011682],[0.158359,0.985587,-0.059499,-0.006714],[-0.052512,0.068581,0.996263,0.009879],[0.0,0.0,0.0,1.0]],"antennas":[0.098498,-0.098514],"body_yaw":0.147728,"check_collision":false},{"head":[[0.98573,-0.156881,0.061035,-0.011905],[0.160273,0.985522,-0.055302,-0.006544],[-0.051475,0.064295,0.996602,0.010166],[0.0,0.0,0.0,1.0]],"antennas":[0.098498,-0.098514],"body_yaw":0.147728,"check_collision":false},{"head":[[0.985802,-0.155964,0.062202,-0.011794],[0.15926,0.985861,-0.052091,-0.006414],[-0.053198,0.061258,0.996703,0.010366],[0.0,0.0,0.0,1.0]],"antennas":[0.098498,-0.098526],"body_yaw":0.147728,"check_collision":false},{"head":[[0.985872,-0.155418,0.062462,-0.011687],[0.158654,0.986033,-0.050679,-0.006272],[-0.053713,0.059873,0.99676,0.010553],[0.0,0.0,0.0,1.0]],"antennas":[0.120749,-0.149778],"body_yaw":0.147728,"check_collision":false},{"head":[[0.985761,-0.157236,0.059603,-0.011638],[0.160268,0.985805,-0.050032,-0.006145],[-0.05089,0.058872,0.996968,0.010847],[0.0,0.0,0.0,1.0]],"antennas":[0.175123,-0.196191],"body_yaw":0.147728,"check_collision":false},{"head":[[0.985752,-0.158589,0.056068,-0.011656],[0.161379,0.98566,-0.049314,-0.006114],[-0.047443,0.057659,0.997208,0.011186],[0.0,0.0,0.0,1.0]],"antennas":[0.210921,-0.21878],"body_yaw":0.147728,"check_collision":false},{"head":[[0.985488,-0.160697,0.054674,-0.011633],[0.16335,0.985395,-0.048093,-0.00609],[-0.046147,0.056326,0.997345,0.011455],[0.0,0.0,0.0,1.0]],"antennas":[0.219086,-0.211863],"body_yaw":0.147728,"check_collision":false},{"head":[[0.985091,-0.162694,0.055911,-0.011516],[0.165389,0.985083,-0.047519,-0.006238],[-0.047346,0.056058,0.997304,0.01175],[0.0,0.0,0.0,1.0]],"antennas":[0.197591,-0.177214],"body_yaw":0.147728,"check_collision":false},{"head":[[0.984878,-0.162922,0.058915,-0.011432],[0.165784,0.98502,-0.047451,-0.006572],[-0.050301,0.056501,0.997135,0.012031],[0.0,0.0,0.0,1.0]],"antennas":[0.152041,-0.123304],"body_yaw":0.147728,"check_collision":false},{"head":[[0.984707,-0.162702,0.062287,-0.011319],[0.165821,0.984954,-0.048677,-0.006773],[-0.05343,0.058261,0.996871,0.012165],[0.0,0.0,0.0,1.0]],"antennas":[0.093297,-0.063259],"body_yaw":0.147728,"check_collision":false},{"head":[[0.98456,-0.162192,0.065851,-0.011208],[0.165607,0.984914,-0.050194,-0.006646],[-0.056717,0.060324,0.996566,0.012111],[0.0,0.0,0.0,1.0]],"antennas":[0.035799,-0.011976],"body_yaw":0.147728,"check_collision":false},{"head":[[0.984301,-0.160765,0.07284,-0.011117],[0.164797,0.984893,-0.053181,-0.00663],[-0.06319,0.06435,0.995925,0.011866],[0.0,0.0,0.0,1.0]],"antennas":[-0.006259,0.018153],"body_yaw":0.147728,"check_collision":false},{"head":[[0.983661,-0.157067,0.087985,-0.011052],[0.16255,0.984934,-0.059021,-0.006609],[-0.077389,0.072359,0.994372,0.011279],[0.0,0.0,0.0,1.0]],"antennas":[-0.022717,0.019753],"body_yaw":0.147728,"check_collision":false},{"head":[[0.982866,-0.150841,0.10593,-0.010907],[0.158448,0.98506,-0.067457,-0.0065],[-0.094172,0.083086,0.992083,0.010523],[0.0,0.0,0.0,1.0]],"antennas":[-0.009456,-0.007587],"body_yaw":0.147728,"check_collision":false},{"head":[[0.982209,-0.144403,0.120052,-0.010699],[0.153979,0.985247,-0.074687,-0.006516],[-0.107496,0.091844,0.989954,0.009889],[0.0,0.0,0.0,1.0]],"antennas":[0.030266,-0.057268],"body_yaw":0.147728,"check_collision":false},{"head":[[0.981289,-0.140276,0.131892,-0.010287],[0.151798,0.985025,-0.081751,-0.006901],[-0.11845,0.100243,0.987887,0.009317],[0.0,0.0,0.0,1.0]],"antennas":[0.086521,-0.116993],"body_yaw":0.147728,"check_collision":false},{"head":[[0.979982,-0.13813,0.14337,-0.0096],[0.151974,0.984229,-0.090539,-0.007165],[-0.128603,0.110515,0.985519,0.008383],[0.0,0.0,0.0,1.0]],"antennas":[0.145886,-0.17218],"body_yaw":0.147728,"check_collision":false},{"head":[[0.978344,-0.13692,0.155226,-0.008851],[0.153572,0.982975,-0.100873,-0.007726],[-0.138772,0.122527,0.982715,0.007544],[0.0,0.0,0.0,1.0]],"antennas":[0.19356,-0.209297],"body_yaw":0.147728,"check_collision":false},{"head":[[0.977447,-0.13531,0.162138,-0.008424],[0.153619,0.982402,-0.106244,-0.00807],[-0.144909,0.128756,0.981032,0.007055],[0.0,0.0,0.0,1.0]],"antennas":[0.217925,-0.219315],"body_yaw":0.147728,"check_collision":false},{"head":[[0.977344,-0.135349,0.162727,-0.007971],[0.154528,0.981666,-0.111592,-0.008382],[-0.14464,0.13421,0.98034,0.006916],[0.0,0.0,0.0,1.0]],"antennas":[0.2132,-0.199779],"body_yaw":0.147728,"check_collision":false},{"head":[[0.977323,-0.135136,0.163027,-0.007594],[0.154723,0.981349,-0.114086,-0.008784],[-0.144569,0.136723,0.980003,0.007121],[0.0,0.0,0.0,1.0]],"antennas":[0.180212,-0.155545],"body_yaw":0.147728,"check_collision":false},{"head":[[0.977946,-0.135256,0.159147,-0.007684],[0.154002,0.981702,-0.112005,-0.008875],[-0.141086,0.134044,0.980881,0.007448],[0.0,0.0,0.0,1.0]],"antennas":[0.127383,-0.097154],"body_yaw":0.147728,"check_collision":false},{"head":[[0.979586,-0.137027,0.147089,-0.008385],[0.153135,0.982675,-0.104403,-0.00851],[-0.130235,0.124796,0.983598,0.00839],[0.0,0.0,0.0,1.0]],"antennas":[0.067282,-0.039214],"body_yaw":0.147728,"check_collision":false},{"head":[[0.981441,-0.13919,0.131908,-0.00916],[0.152452,0.983599,-0.096394,-0.008018],[-0.116328,0.114715,0.986564,0.009309],[0.0,0.0,0.0,1.0]],"antennas":[0.015283,0.00413],"body_yaw":0.147728,"check_collision":false},{"head":[[0.982606,-0.140344,0.121609,-0.009584],[0.151529,0.984512,-0.088175,-0.0078],[-0.10735,0.105069,0.988654,0.010201],[0.0,0.0,0.0,1.0]],"antennas":[-0.01695,0.022477],"body_yaw":0.147728,"check_collision":false},{"head":[[0.98288,-0.139312,0.120581,-0.009555],[0.149422,0.985591,-0.079272,-0.00782],[-0.1078,0.095932,0.989533,0.010329],[0.0,0.0,0.0,1.0]],"antennas":[-0.020582,0.011168],"body_yaw":0.147728,"check_collision":false},{"head":[[0.982204,-0.136453,0.129055,-0.009332],[0.146707,0.986441,-0.073563,-0.00815],[-0.117268,0.091188,0.988905,0.009866],[0.0,0.0,0.0,1.0]],"antennas":[0.004826,-0.026927],"body_yaw":0.147728,"check_collision":false},{"head":[[0.980722,-0.134279,0.14196,-0.008807],[0.145905,0.98646,-0.074891,-0.008294],[-0.129981,0.09416,0.987035,0.008861],[0.0,0.0,0.0,1.0]],"antennas":[0.053288,-0.082678],"body_yaw":0.147728,"check_collision":false},{"head":[[0.97873,-0.131943,0.157097,-0.007924],[0.146533,0.985531,-0.085186,-0.008773],[-0.143584,0.106394,0.983902,0.007625],[0.0,0.0,0.0,1.0]],"antennas":[0.1126,-0.142096],"body_yaw":0.147728,"check_collision":false},{"head":[[0.977083,-0.126247,0.171377,-0.006935],[0.145128,0.984091,-0.102484,-0.009316],[-0.155712,0.125007,0.979861,0.006394],[0.0,0.0,0.0,1.0]],"antennas":[0.168319,-0.191042],"body_yaw":0.147728,"check_collision":false},{"head":[[0.975545,-0.122301,0.182632,-0.006143],[0.145173,0.982395,-0.117583,-0.009629],[-0.165036,0.141221,0.976125,0.005742],[0.0,0.0,0.0,1.0]],"antennas":[0.207944,-0.217294],"body_yaw":0.147728,"check_collision":false},{"head":[[0.974493,-0.121688,0.188563,-0.005712],[0.146928,0.981063,-0.126202,-0.009889],[-0.169634,0.150688,0.973918,0.005873],[0.0,0.0,0.0,1.0]],"antennas":[0.219605,-0.214428],"body_yaw":0.147728,"check_collision":false},{"head":[[0.97468,-0.125217,0.185257,-0.005891],[0.150098,0.980483,-0.126981,-0.009899],[-0.165741,0.151573,0.974451,0.00677],[0.0,0.0,0.0,1.0]],"antennas":[0.201994,-0.183107],"body_yaw":0.147728,"check_collision":false},{"head":[[0.975947,-0.130354,0.174743,-0.006462],[0.152482,0.981018,-0.119805,-0.009495],[-0.155809,0.143569,0.977298,0.007707],[0.0,0.0,0.0,1.0]],"antennas":[0.159243,-0.13117],"body_yaw":0.147728,"check_collision":false},{"head":[[0.977913,-0.134425,0.160049,-0.007087],[0.15254,0.982507,-0.106821,-0.008913],[-0.142889,0.128875,0.981312,0.00854],[0.0,0.0,0.0,1.0]],"antennas":[0.101358,-0.071181],"body_yaw":0.147728,"check_collision":false},{"head":[[0.978927,-0.138058,0.15047,-0.007706],[0.152927,0.983932,-0.092144,-0.008475],[-0.135331,0.113213,0.984311,0.009383],[0.0,0.0,0.0,1.0]],"antennas":[0.043002,-0.017929],"body_yaw":0.147728,"check_collision":false},{"head":[[0.978868,-0.139717,0.149319,-0.007794],[0.152398,0.985307,-0.077105,-0.008577],[-0.136352,0.098232,0.985778,0.009261],[0.0,0.0,0.0,1.0]],"antennas":[-0.001999,0.015697],"body_yaw":0.147728,"check_collision":false},{"head":[[0.97835,-0.140834,0.151649,-0.007713],[0.152898,0.985687,-0.071015,-0.009102],[-0.139477,0.092664,0.98588,0.008768],[0.0,0.0,0.0,1.0]],"antennas":[-0.022274,0.021321],"body_yaw":0.147728,"check_collision":false},{"head":[[0.977012,-0.142556,0.158508,-0.007074],[0.155931,0.984889,-0.075358,-0.009732],[-0.14537,0.098341,0.984478,0.007916],[0.0,0.0,0.0,1.0]],"antennas":[-0.013007,-0.002432],"body_yaw":0.147728,"check_collision":false},{"head":[[0.975098,-0.14024,0.171802,-0.006283],[0.15713,0.983563,-0.088955,-0.010104],[-0.156503,0.113735,0.981107,0.006661],[0.0,0.0,0.0,1.0]],"antennas":[0.023622,-0.049741],"body_yaw":0.147728,"check_collision":false},{"head":[[0.972796,-0.136273,0.187346,-0.00541],[0.157824,0.981834,-0.105327,-0.010461],[-0.169589,0.132029,0.976631,0.005852],[0.0,0.0,0.0,1.0]],"antennas":[0.07858,-0.10893],"body_yaw":0.147728,"check_collision":false},{"head":[[0.971814,-0.135828,0.192689,-0.005262],[0.159418,0.98076,-0.112672,-0.010369],[-0.173678,0.140215,0.97477,0.006038],[0.0,0.0,0.0,1.0]],"antennas":[0.138258,-0.165561],"body_yaw":0.147728,"check_collision":false},{"head":[[0.972223,-0.139494,0.187947,-0.005796],[0.162177,0.980475,-0.11121,-0.009985],[-0.168764,0.138602,0.975863,0.007079],[0.0,0.0,0.0,1.0]],"antennas":[0.188412,-0.205917],"body_yaw":0.147728,"check_collision":false},{"head":[[0.973971,-0.145338,0.173947,-0.006974],[0.164761,0.980948,-0.102928,-0.009068],[-0.155673,0.128909,0.979361,0.008265],[0.0,0.0,0.0,1.0]],"antennas":[0.216479,-0.219939],"body_yaw":0.147728,"check_collision":false},{"head":[[0.976178,-0.148171,0.158498,-0.008074],[0.164222,0.981989,-0.093425,-0.008143],[-0.1418,0.117228,0.982929,0.009253],[0.0,0.0,0.0,1.0]],"antennas":[0.215726,-0.204208],"body_yaw":0.147728,"check_collision":false},{"head":[[0.977343,-0.148173,0.15115,-0.007535],[0.16218,0.9831,-0.084928,-0.008307],[-0.136011,0.107517,0.984856,0.008798],[0.0,0.0,0.0,1.0]],"antennas":[0.186355,-0.162644],"body_yaw":0.147728,"check_collision":false},{"head":[[0.977809,-0.147709,0.148568,-0.007695],[0.159716,0.984507,-0.072369,-0.008436],[-0.135577,0.094492,0.986251,0.008932],[0.0,0.0,0.0,1.0]],"antennas":[0.135053,-0.105269],"body_yaw":0.147728,"check_collision":false},{"head":[[0.977753,-0.147019,0.149617,-0.007699],[0.158071,0.985299,-0.064808,-0.008232],[-0.137889,0.087016,0.986618,0.008128],[0.0,0.0,0.0,1.0]],"antennas":[0.07521,-0.046259],"body_yaw":0.147728,"check_collision":false},{"head":[[0.976857,-0.144673,0.157541,-0.00714],[0.156648,0.985421,-0.066388,-0.008878],[-0.14564,0.08953,0.985278,0.007614],[0.0,0.0,0.0,1.0]],"antennas":[0.020907,-4.9e-05],"body_yaw":0.147728,"check_collision":false},{"head":[[0.975067,-0.14162,0.170844,-0.00616],[0.156607,0.984605,-0.077634,-0.009137],[-0.15722,0.102453,0.982235,0.006471],[0.0,0.0,0.0,1.0]],"antennas":[-0.014522,0.022074],"body_yaw":0.147728,"check_collision":false},{"head":[[0.972725,-0.138378,0.186166,-0.00513],[0.15777,0.983023,-0.093671,-0.009397],[-0.170044,0.120487,0.978043,0.005397],[0.0,0.0,0.0,1.0]],"antennas":[-0.022204,0.014709],"body_yaw":0.147728,"check_collision":false},{"head":[[0.970977,-0.138985,0.194646,-0.004739],[0.161573,0.98122,-0.105366,-0.009861],[-0.176346,0.133757,0.975198,0.005168],[0.0,0.0,0.0,1.0]],"antennas":[-0.000542,-0.020221],"body_yaw":0.147728,"check_collision":false},{"head":[[0.970612,-0.145306,0.191829,-0.005055],[0.168538,0.979441,-0.11086,-0.010032],[-0.171776,0.139933,0.975147,0.005881],[0.0,0.0,0.0,1.0]],"antennas":[0.046042,-0.074683],"body_yaw":0.147728,"check_collision":false},{"head":[[0.971625,-0.154339,0.179231,-0.005906],[0.175484,0.978458,-0.108741,-0.009515],[-0.158587,0.137107,0.977779,0.006756],[0.0,0.0,0.0,1.0]],"antennas":[0.104539,-0.134687],"body_yaw":0.147728,"check_collision":false},{"head":[[0.973911,-0.162197,0.158712,-0.006813],[0.179486,0.978524,-0.101373,-0.009202],[-0.13886,0.127215,0.982107,0.008005],[0.0,0.0,0.0,1.0]],"antennas":[0.162249,-0.186086],"body_yaw":0.147728,"check_collision":false},{"head":[[0.976028,-0.16668,0.139956,-0.007577],[0.180249,0.979443,-0.090562,-0.008675],[-0.121984,0.113618,0.986008,0.008911],[0.0,0.0,0.0,1.0]],"antennas":[0.204165,-0.21594],"body_yaw":0.147728,"check_collision":false},{"head":[[0.977339,-0.170056,0.126051,-0.008545],[0.180453,0.98063,-0.076173,-0.007881],[-0.110656,0.097193,0.989095,0.009169],[0.0,0.0,0.0,1.0]],"antennas":[0.22028,-0.217053],"body_yaw":0.147728,"check_collision":false},{"head":[[0.978045,-0.170059,0.12045,-0.008793],[0.178371,0.982015,-0.061893,-0.007731],[-0.107758,0.082019,0.990788,0.009298],[0.0,0.0,0.0,1.0]],"antennas":[0.206649,-0.189268],"body_yaw":0.147728,"check_collision":false},{"head":[[0.977641,-0.168061,0.126384,-0.008162],[0.176342,0.982654,-0.057394,-0.008474],[-0.114546,0.078398,0.99032,0.009195],[0.0,0.0,0.0,1.0]],"antennas":[0.16627,-0.139049],"body_yaw":0.147728,"check_collision":false},{"head":[[0.975353,-0.163982,0.147634,-0.006548],[0.175307,0.982218,-0.067194,-0.009225],[-0.13399,0.091419,0.986757,0.007712],[0.0,0.0,0.0,1.0]],"antennas":[0.109351,-0.078944],"body_yaw":0.147728,"check_collision":false},{"head":[[0.972381,-0.155027,0.174473,-0.004983],[0.171934,0.981323,-0.086282,-0.00983],[-0.157839,0.113897,0.980874,0.006105],[0.0,0.0,0.0,1.0]],"antennas":[0.049908,-0.023632],"body_yaw":0.147728,"check_collision":false},{"head":[[0.969784,-0.146615,0.194993,-0.004091],[0.169078,0.980105,-0.103956,-0.010102],[-0.175872,0.133784,0.97528,0.005238],[0.0,0.0,0.0,1.0]],"antennas":[0.002056,0.013416],"body_yaw":0.147728,"check_collision":false},{"head":[[0.969069,-0.150773,0.195378,-0.004141],[0.174284,0.978616,-0.109247,-0.010678],[-0.174729,0.139919,0.974624,0.006128],[0.0,0.0,0.0,1.0]],"antennas":[-0.02198,0.023023],"body_yaw":0.147728,"check_collision":false},{"head":[[0.970632,-0.163842,0.176151,-0.005885],[0.183578,0.977678,-0.102198,-0.009971],[-0.155474,0.131534,0.979044,0.007541],[0.0,0.0,0.0,1.0]],"antennas":[-0.016611,0.002897],"body_yaw":0.147728,"check_collision":false},{"head":[[0.972594,-0.175236,0.15282,-0.007231],[0.190657,0.977261,-0.092795,-0.009253],[-0.133084,0.119388,0.983888,0.008704],[0.0,0.0,0.0,1.0]],"antennas":[0.016927,-0.042103],"body_yaw":0.147728,"check_collision":false},{"head":[[0.973979,-0.182945,0.133776,-0.008054],[0.194629,0.977599,-0.08012,-0.008533],[-0.116122,0.104072,0.987768,0.00922],[0.0,0.0,0.0,1.0]],"antennas":[0.070381,-0.100865],"body_yaw":0.147728,"check_collision":false},{"head":[[0.974642,-0.18391,0.127479,-0.008251],[0.193356,0.978901,-0.066078,-0.008515],[-0.112637,0.089051,0.989638,0.009045],[0.0,0.0,0.0,1.0]],"antennas":[0.130847,-0.159153],"body_yaw":0.147728,"check_collision":false},{"head":[[0.973655,-0.178353,0.142075,-0.007296],[0.188261,0.980312,-0.059547,-0.008969],[-0.128658,0.084726,0.988063,0.007974],[0.0,0.0,0.0,1.0]],"antennas":[0.183645,-0.20254],"body_yaw":0.147728,"check_collision":false},{"head":[[0.971777,-0.1698,0.163758,-0.006801],[0.182191,0.981194,-0.063764,-0.008718],[-0.149852,0.091799,0.984438,0.006602],[0.0,0.0,0.0,1.0]],"antennas":[0.215025,-0.220378],"body_yaw":0.147728,"check_collision":false},{"head":[[0.968518,-0.161435,0.189502,-0.005312],[0.179497,0.980313,-0.082266,-0.009078],[-0.172491,0.113691,0.978428,0.005341],[0.0,0.0,0.0,1.0]],"antennas":[0.218104,-0.208379],"body_yaw":0.147728,"check_collision":false},{"head":[[0.966139,-0.157761,0.204172,-0.004612],[0.18051,0.978683,-0.097954,-0.009091],[-0.184366,0.131492,0.974022,0.005056],[0.0,0.0,0.0,1.0]],"antennas":[0.192001,-0.16951],"body_yaw":0.147728,"check_collision":false},{"head":[[0.964996,-0.163118,0.205364,-0.004688],[0.186839,0.977096,-0.101853,-0.009225],[-0.184046,0.136658,0.973371,0.005681],[0.0,0.0,0.0,1.0]],"antennas":[0.142828,-0.113273],"body_yaw":0.147728,"check_collision":false},{"head":[[0.965871,-0.169967,0.195462,-0.005739],[0.191303,0.976835,-0.0959,-0.009049],[-0.174634,0.13002,0.976011,0.006567],[0.0,0.0,0.0,1.0]],"antennas":[0.082656,-0.053447],"body_yaw":0.147728,"check_collision":false},{"head":[[0.96777,-0.173024,0.182988,-0.006887],[0.191212,0.977703,-0.086798,-0.009047],[-0.16389,0.11899,0.979276,0.007392],[0.0,0.0,0.0,1.0]],"antennas":[0.027551,-0.004925],"body_yaw":0.147728,"check_collision":false},{"head":[[0.969437,-0.169967,0.176928,-0.006478],[0.185645,0.979668,-0.076075,-0.010055],[-0.160401,0.106596,0.981279,0.007926],[0.0,0.0,0.0,1.0]],"antennas":[-0.011579,0.021018],"body_yaw":0.147728,"check_collision":false},{"head":[[0.970164,-0.163971,0.17859,-0.005945],[0.178771,0.981391,-0.07009,-0.010559],[-0.163774,0.099926,0.981424,0.007639],[0.0,0.0,0.0,1.0]],"antennas":[-0.023023,0.017478],"body_yaw":0.147728,"check_collision":false},{"head":[[0.969098,-0.155051,0.191857,-0.005012],[0.172506,0.981931,-0.077799,-0.010958],[-0.176327,0.108491,0.978334,0.00664],[0.0,0.0,0.0,1.0]],"antennas":[-0.004812,-0.014411],"body_yaw":0.147728,"check_collision":false},{"head":[[0.965074,-0.146714,0.217043,-0.003561],[0.17185,0.979852,-0.101777,-0.011431],[-0.197738,0.135521,0.970842,0.005369],[0.0,0.0,0.0,1.0]],"antennas":[0.038703,-0.06685],"body_yaw":0.147728,"check_collision":false},{"head":[[0.962301,-0.143358,0.231139,-0.003025],[0.174451,0.977309,-0.120143,-0.01111],[-0.208671,0.155936,0.965474,0.004754],[0.0,0.0,0.0,1.0]],"antennas":[0.09681,-0.127019],"body_yaw":0.147728,"check_collision":false},{"head":[[0.961722,-0.148616,0.230225,-0.003527],[0.180708,0.975544,-0.125135,-0.010696],[-0.205998,0.161948,0.965058,0.005358],[0.0,0.0,0.0,1.0]],"antennas":[0.155223,-0.180201],"body_yaw":0.147728,"check_collision":false},{"head":[[0.963138,-0.156145,0.219054,-0.004378],[0.185193,0.97548,-0.118918,-0.010237],[-0.195115,0.155101,0.968439,0.005974],[0.0,0.0,0.0,1.0]],"antennas":[0.199689,-0.213288],"body_yaw":0.147728,"check_collision":false},{"head":[[0.965053,-0.159355,0.208037,-0.005038],[0.184711,0.976769,-0.108644,-0.010322],[-0.185891,0.143274,0.972068,0.006462],[0.0,0.0,0.0,1.0]],"antennas":[0.219544,-0.218341],"body_yaw":0.147728,"check_collision":false},{"head":[[0.965372,-0.15613,0.208996,-0.004683],[0.180401,0.978238,-0.1025,-0.010945],[-0.188445,0.136654,0.97253,0.006165],[0.0,0.0,0.0,1.0]],"antennas":[0.209575,-0.19405],"body_yaw":0.147728,"check_collision":false},{"head":[[0.964406,-0.146168,0.220355,-0.004064],[0.17262,0.979279,-0.105903,-0.011923],[-0.20031,0.140171,0.969654,0.005812],[0.0,0.0,0.0,1.0]],"antennas":[0.189934,-0.189958],"body_yaw":0.147728,"check_collision":false},{"head":[[0.961558,-0.141674,0.235231,-0.003559],[0.17306,0.977752,-0.118543,-0.011974],[-0.213203,0.154695,0.964683,0.004537],[0.0,0.0,0.0,1.0]],"antennas":[0.189934,-0.189958],"body_yaw":0.147728,"check_collision":false},{"head":[[0.959543,-0.148212,0.239397,-0.003857],[0.183139,0.974342,-0.130832,-0.01129],[-0.213863,0.169382,0.962067,0.004274],[0.0,0.0,0.0,1.0]],"antennas":[0.189934,-0.189958],"body_yaw":0.147728,"check_collision":false},{"head":[[0.95871,-0.158695,0.23599,-0.0046],[0.193634,0.972018,-0.132991,-0.010819],[-0.208281,0.173195,0.962612,0.005096],[0.0,0.0,0.0,1.0]],"antennas":[0.189934,-0.189958],"body_yaw":0.147728,"check_collision":false},{"head":[[0.960302,-0.16501,0.224925,-0.00532],[0.196698,0.972268,-0.126513,-0.010922],[-0.197811,0.165733,0.966128,0.006096],[0.0,0.0,0.0,1.0]],"antennas":[0.189934,-0.189958],"body_yaw":0.147728,"check_collision":false},{"head":[[0.962797,-0.166032,0.213201,-0.005733],[0.194097,0.973842,-0.11814,-0.010807],[-0.188009,0.155127,0.969839,0.006348],[0.0,0.0,0.0,1.0]],"antennas":[0.189934,-0.189958],"body_yaw":0.147728,"check_collision":false},{"head":[[0.964579,-0.162608,0.207716,-0.005393],[0.189103,0.975236,-0.114692,-0.01111],[-0.183922,0.14991,0.971442,0.006721],[0.0,0.0,0.0,1.0]],"antennas":[0.189934,-0.189958],"body_yaw":0.147728,"check_collision":false},{"head":[[0.965741,-0.159182,0.204951,-0.004841],[0.185186,0.976003,-0.114562,-0.011126],[-0.181796,0.148591,0.972045,0.00678],[0.0,0.0,0.0,1.0]],"antennas":[0.189934,-0.189958],"body_yaw":0.147728,"check_collision":false},{"head":[[0.966508,-0.164764,0.196761,-0.005001],[0.189461,0.975249,-0.113996,-0.011111],[-0.173108,0.147456,0.973802,0.006693],[0.0,0.0,0.0,1.0]],"antennas":[0.189934,-0.189958],"body_yaw":0.147728,"check_collision":false},{"head":[[0.967682,-0.176509,0.180101,-0.005559],[0.197508,0.974542,-0.106106,-0.010675],[-0.156787,0.138248,0.977909,0.007458],[0.0,0.0,0.0,1.0]],"antennas":[0.189934,-0.189958],"body_yaw":0.147728,"check_collision":false},{"head":[[0.96937,-0.185251,0.16126,-0.006183],[0.201789,0.97501,-0.092932,-0.0107],[-0.140014,0.122626,0.982527,0.008081],[0.0,0.0,0.0,1.0]],"antennas":[0.189934,-0.189958],"body_yaw":0.147728,"check_collision":false},{"head":[[0.969957,-0.183356,0.159885,-0.005909],[0.198925,0.97611,-0.087397,-0.011359],[-0.140041,0.116577,0.983259,0.008002],[0.0,0.0,0.0,1.0]],"antennas":[0.189934,-0.189958],"body_yaw":0.147728,"check_collision":false},{"head":[[0.969082,-0.174233,0.174706,-0.005051],[0.192593,0.976747,-0.094197,-0.011797],[-0.154231,0.124931,0.980105,0.007328],[0.0,0.0,0.0,1.0]],"antennas":[0.189934,-0.189958],"body_yaw":0.147728,"check_collision":false},{"head":[[0.965683,-0.163825,0.201539,-0.003522],[0.188733,0.975713,-0.111196,-0.012273],[-0.178427,0.145417,0.973148,0.006318],[0.0,0.0,0.0,1.0]],"antennas":[0.189934,-0.189958],"body_yaw":0.147728,"check_collision":false},{"head":[[0.962397,-0.156169,0.222269,-0.002467],[0.188157,0.973393,-0.130779,-0.012393],[-0.195932,0.167683,0.966175,0.005695],[0.0,0.0,0.0,1.0]],"antennas":[0.189934,-0.189958],"body_yaw":0.147728,"check_collision":false},{"head":[[0.962512,-0.160542,0.218624,-0.002928],[0.192053,0.972554,-0.131356,-0.012158],[-0.191536,0.168419,0.966928,0.006124],[0.0,0.0,0.0,1.0]],"antennas":[0.189934,-0.189958],"body_yaw":0.147728,"check_collision":false},{"head":[[0.964782,-0.169233,0.201387,-0.003749],[0.196147,0.972946,-0.122078,-0.012084],[-0.175279,0.15728,0.971875,0.007268],[0.0,0.0,0.0,1.0]],"antennas":[0.189934,-0.189958],"body_yaw":0.147728,"check_collision":false},{"head":[[0.966266,-0.17145,0.192187,-0.003626],[0.195646,0.973931,-0.114811,-0.012288],[-0.167492,0.148539,0.974619,0.007397],[0.0,0.0,0.0,1.0]],"antennas":[0.189934,-0.189958],"body_yaw":0.147728,"check_collision":false},{"head":[[0.966299,-0.163419,0.198901,-0.003018],[0.188406,0.975469,-0.113858,-0.012754],[-0.175415,0.147495,0.973383,0.006846],[0.0,0.0,0.0,1.0]],"antennas":[0.189934,-0.189958],"body_yaw":0.147728,"check_collision":false},{"head":[[0.964938,-0.147466,0.217137,-0.002204],[0.176702,0.976681,-0.121948,-0.013114],[-0.19409,0.156041,0.968494,0.005899],[0.0,0.0,0.0,1.0]],"antennas":[0.189934,-0.189958],"body_yaw":0.147728,"check_collision":false},{"head":[[0.963111,-0.136188,0.2321,-0.001585],[0.169739,0.976711,-0.131241,-0.013105],[-0.208821,0.165796,0.963797,0.00529],[0.0,0.0,0.0,1.0]],"antennas":[0.189934,-0.189958],"body_yaw":0.147728,"check_collision":false},{"head":[[0.962062,-0.135706,0.236689,-0.001417],[0.171104,0.975823,-0.135991,-0.012829],[-0.212511,0.17133,0.962021,0.005421],[0.0,0.0,0.0,1.0]],"antennas":[0.189934,-0.189958],"body_yaw":0.147728,"check_collision":false},{"head":[[0.961478,-0.136786,0.238431,-0.000977],[0.172216,0.975813,-0.134651,-0.012763],[-0.214246,0.170526,0.961779,0.004986],[0.0,0.0,0.0,1.0]],"antennas":[0.189934,-0.189958],"body_yaw":0.147728,"check_collision":false},{"head":[[0.96005,-0.136343,0.244368,-0.00084],[0.172689,0.97582,-0.133995,-0.012681],[-0.22019,0.170842,0.96038,0.004373],[0.0,0.0,0.0,1.0]],"antennas":[0.189934,-0.189958],"body_yaw":0.147728,"check_collision":false},{"head":[[0.958993,-0.134647,0.249403,-0.000828],[0.171713,0.976088,-0.133293,-0.012013],[-0.225492,0.170653,0.959183,0.003494],[0.0,0.0,0.0,1.0]],"antennas":[0.189934,-0.189958],"body_yaw":0.147728,"check_collision":false},{"head":[[0.959213,-0.136108,0.247762,-0.001035],[0.172241,0.976378,-0.130459,-0.011941],[-0.224153,0.167812,0.959997,0.003709],[0.0,0.0,0.0,1.0]],"antennas":[0.189934,-0.189958],"body_yaw":0.147728,"check_collision":false},{"head":[[0.960168,-0.146122,0.238171,-0.002135],[0.180023,0.975387,-0.127329,-0.011616],[-0.213703,0.165134,0.962841,0.004721],[0.0,0.0,0.0,1.0]],"antennas":[0.189934,-0.189958],"body_yaw":0.147728,"check_collision":false},{"head":[[0.961806,-0.160495,0.221743,-0.003537],[0.190792,0.973941,-0.122628,-0.011041],[-0.196284,0.160251,0.967364,0.005464],[0.0,0.0,0.0,1.0]],"antennas":[0.189934,-0.189958],"body_yaw":0.147728,"check_collision":false},{"head":[[0.963184,-0.168391,0.209573,-0.004239],[0.196077,0.97333,-0.119089,-0.010903],[-0.183931,0.155798,0.970514,0.006058],[0.0,0.0,0.0,1.0]],"antennas":[0.189934,-0.189958],"body_yaw":0.147728,"check_collision":false},{"head":[[0.96329,-0.165984,0.211004,-0.004246],[0.194418,0.973312,-0.121927,-0.011105],[-0.185135,0.158474,0.969851,0.006175],[0.0,0.0,0.0,1.0]],"antennas":[0.189934,-0.189958],"body_yaw":0.147728,"check_collision":false},{"head":[[0.962058,-0.155144,0.224444,-0.003137],[0.187499,0.973522,-0.130765,-0.011795],[-0.198214,0.167887,0.965673,0.005695],[0.0,0.0,0.0,1.0]],"antennas":[0.189934,-0.189958],"body_yaw":0.147728,"check_collision":false},{"head":[[0.960304,-0.144148,0.238825,-0.001923],[0.180474,0.973868,-0.137878,-0.01183],[-0.21271,0.175506,0.961224,0.00485],[0.0,0.0,0.0,1.0]],"antennas":[0.189934,-0.189958],"body_yaw":0.147728,"check_collision":false},{"head":[[0.960256,-0.141688,0.240486,-0.001093],[0.177808,0.974658,-0.135741,-0.012666],[-0.215159,0.173107,0.961114,0.004888],[0.0,0.0,0.0,1.0]],"antennas":[0.189934,-0.189958],"body_yaw":0.147728,"check_collision":false},{"head":[[0.962767,-0.147275,0.226691,-0.001163],[0.179057,0.975659,-0.126604,-0.012687],[-0.202528,0.162481,0.965703,0.005171],[0.0,0.0,0.0,1.0]],"antennas":[0.189934,-0.189958],"body_yaw":0.147728,"check_collision":false},{"head":[[0.96577,-0.154739,0.208192,-0.001647],[0.181965,0.976126,-0.1186,-0.01263],[-0.18487,0.152424,0.970871,0.00578],[0.0,0.0,0.0,1.0]],"antennas":[0.189934,-0.189958],"body_yaw":0.147728,"check_collision":false},{"head":[[0.96758,-0.159718,0.195649,-0.001936],[0.184343,0.976134,-0.114803,-0.012841],[-0.172644,0.147147,0.973931,0.006514],[0.0,0.0,0.0,1.0]],"antennas":[0.189934,-0.189958],"body_yaw":0.147728,"check_collision":false},{"head":[[0.96884,-0.161015,0.18821,-0.002127],[0.184544,0.976082,-0.114927,-0.012414],[-0.165203,0.146079,0.975381,0.006974],[0.0,0.0,0.0,1.0]],"antennas":[0.189934,-0.189958],"body_yaw":0.147728,"check_collision":false},{"head":[[0.969973,-0.163141,0.180383,-0.002551],[0.185516,0.975893,-0.114961,-0.012453],[-0.15728,0.144973,0.976855,0.007601],[0.0,0.0,0.0,1.0]],"antennas":[0.189934,-0.189958],"body_yaw":0.147728,"check_collision":false},{"head":[[0.971242,-0.16819,0.168527,-0.002861],[0.188447,0.975635,-0.112358,-0.012209],[-0.145524,0.140885,0.979272,0.008369],[0.0,0.0,0.0,1.0]],"antennas":[0.189934,-0.189958],"body_yaw":0.147728,"check_collision":false},{"head":[[0.972663,-0.173935,0.153861,-0.003108],[0.191802,0.975246,-0.110029,-0.011998],[-0.130914,0.136532,0.981947,0.008602],[0.0,0.0,0.0,1.0]],"antennas":[0.189934,-0.189958],"body_yaw":0.147728,"check_collision":false},{"head":[[0.974046,-0.176805,0.141329,-0.002947],[0.192955,0.975011,-0.110103,-0.011896],[-0.11833,0.134515,0.983821,0.008802],[0.0,0.0,0.0,1.0]],"antennas":[0.189934,-0.189958],"body_yaw":0.147728,"check_collision":false},{"head":[[0.975029,-0.176874,0.13429,-0.002901],[0.191845,0.975448,-0.108153,-0.011859],[-0.111864,0.131216,0.985022,0.008639],[0.0,0.0,0.0,1.0]],"antennas":[0.189934,-0.189958],"body_yaw":0.147728,"check_collision":false},{"head":[[0.975717,-0.176801,0.129294,-0.003059],[0.191038,0.975679,-0.107494,-0.011397],[-0.107144,0.129584,0.985763,0.008676],[0.0,0.0,0.0,1.0]],"antennas":[0.189934,-0.189958],"body_yaw":0.147728,"check_collision":false},{"head":[[0.976059,-0.179001,0.123561,-0.003283],[0.192226,0.975721,-0.104961,-0.010914],[-0.101773,0.1262,0.98677,0.009238],[0.0,0.0,0.0,1.0]],"antennas":[0.189934,-0.189958],"body_yaw":0.147728,"check_collision":false}]}