{"description":"Use when you no longer see or hear anyone to talk to. You feel isolated from any interaction.","time":[0.0,0.02,0.04,0.06,0.08,0.1,0.12,0.14,0.16,0.18,0.2,0.22,0.24,0.26,0.28,0.3,0.32,0.34,0.36,0.38,0.4,0.42,0.44,0.46,0.48,0.5,0.52,0.54,0.56,0.58,0.6,0.62,0.64,0.66,0.68,0.7,0.72,0.74,0.76,0.78,0.8,0.82,0.84,0.86,0.88,0.9,0.92,0.94,0.96,0.98,1.0,1.02,1.04,1.06,1.08,1.1,1.12,1.14,1.16,1.18,1.2,1.22,1.24,1.26,1.28,1.3,1.32,1.34,1.36,1.38,1.4,1.42,1.44,1.46,1.48,1.5,1.52,1.54,1.56,1.58,1.6,1.62,1.64,1.66,1.68,1.7,1.72,1.74,1.76,1.78,1.8,1.82,1.84,1.86,1.88,1.9,1.92,1.94,1.96,1.98,2.0,2.02,2.04,2.06,2.08,2.1,2.12,2.14,2.16,2.18,2.2,2.22,2.24,2.26,2.28,2.3,2.32,2.34,2.36,2.38,2.4,2.42,2.44,2.46,2.48,2.5,2.52,2.54,2.56,2.58,2.6,2.62,2.64,2.66,2.68,2.7,2.72,2.74,2.76,2.78,2.8,2.82,2.84,2.86,2.88,2.9,2.92,2.94,2.96,2.98,3.0,3.02,3.04,3.06,3.08,3.1,3.12,3.14,3.16,3.18,3.2,3.22,3.24,3.26,3.28,3.3,3.32,3.34,3.36,3.38,3.4,3.42,3.44,3.46,3.48,3.5,3.52,3.54,3.56,3.58,3.6,3.62,3.64,3.66,3.68,3.7,3.72,3.74,3.76,3.78,3.8,3.82,3.84,3.86,3.88,3.9,3.92,3.94,3.96,3.98,4.0,4.02,4.04,4.06,4.08,4.1,4.12,4.14,4.16,4.18,4.2,4.22,4.24,4.26,4.28,4.3,4.32,4.34,4.36,4.38,4.4,4.42,4.44,4.46,4.48,4.5,4.52,4.54,4.56,4.58,4.6,4.62,4.64,4.66,4.68,4.7,4.72,4.74,4.76,4.78,4.8,4.82,4.84,4.86,4.88,4.9,4.92,4.94,4.96,4.98,5.0,5.02,5.04,5.06,5.08,5.1,5.12,5.14,5.16,5.18,5.2,5.22,5.24,5.26,5.28,5.3,5.32,5.34,5.36,5.38,5.4,5.42,5.44,5.46,5.48,5.5,5.52,5.54,5.56,5.58,5.6,5.62,5.64,5.66,5.68,5.7,5.72,5.74,5.76,5.78,5.8,5.82,5.84,5.86,5.88,5.9,5.92,5.94,5.96,5.98,6.0,6.02,6.04,6.06,6.08,6.1,6.12,6.14,6.16,6.18,6.2,6.22,6.24,6.26,6.28,6.3,6.32,6.34,6.36,6.38,6.4,6.42,6.44,6.46,6.48,6.5,6.52,6.54,6.56,6.58,6.6,6.62,6.64,6.66,6.68,6.7,6.72,6.74,6.76,6.78,6.8,6.82,6.84,6.86,6.88,6.9,6.92,6.94,6.96,6.98,7.0,7.02,7.04,7.06,7.08,7.1,7.12,7.14,7.16,7.18,7.2,7.22,7.24,7.26,7.28,7.3,7.32,7.34,7.36,7.38,7.4,7.42,7.44,7.46,7.48,7.5,7.52,7.54,7.56,7.58,7.6,7.62,7.64,7.66,7.68,7.7,7.72,7.74,7.76,7.78,7.8,7.82,7.84,7.86,7.88,7.9,7.92,7.94,7.96,7.98,8.0,8.02,8.04,8.06,8.08,8.1,8.12,8.14,8.16,8.18,8.2,8.22,8.24,8.26,8.28,8.3,8.32,8.34,8.36,8.38,8.4,8.42,8.44,8.46,8.48,8.5,8.52,8.54,8.56,8.58,8.6,8.62,8.64,8.66,8.68,8.7,8.72,8.74,8.76,8.78,8.8,8.82,8.84,8.86,8.88,8.9,8.92,8.94,8.96,8.98,9.0,9.02,9.04,9.06,9.08,9.1,9.12,9.14,9.16,9.18,9.2,9.22,9.24,9.26,9.28,9.3,9.32,9.34,9.36,9.38,9.4,9.42,9.44,9.46,9.48,9.5,9.52,9.54,9.56,9.58,9.6,9.62,9.64,9.66,9.68,9.7,9.72,9.74,9.76,9.78,9.8,9.82,9.84,9.86,9.88,9.9,9.92,9.94,9.96,9.98,10.0,10.02,10.04,10.06,10.08,10.1,10.12,10.14,10.16,10.18,10.2,10.22],"set_target_data":[{"head":[[0.995123,0.024003,-0.095677,-0.002341],[-0.027326,0.999063,-0.033574,0.001878],[0.094781,0.036024,0.994846,0.004686],[0.0,0.0,0.0,1.0]],"antennas":[-0.014159,0.007322],"body_yaw":0.0,"check_collision":false},{"head":[[0.995427,0.024073,-0.092447,-0.002146],[-0.027354,0.999034,-0.034382,0.00211],[0.09153,0.036753,0.995124,0.004399],[0.0,0.0,0.0,1.0]],"antennas":[-0.014159,0.007322],"body_yaw":0.0,"check_collision":false},{"head":[[0.995775,0.024265,-0.088567,-0.001959],[-0.027456,0.999011,-0.034988,0.002231],[0.087631,0.037272,0.995456,0.004195],[0.0,0.0,0.0,1.0]],"antennas":[-0.014159,0.007322],"body_yaw":0.0,"check_collision":false},{"head":[[0.99603,0.024224,-0.085662,-0.001726],[-0.02737,0.998986,-0.035743,0.002276],[0.084709,0.037946,0.995683,0.004083],[0.0,0.0,0.0,1.0]],"antennas":[-0.014159,0.007322],"body_yaw":0.0,"check_collision":false},{"head":[[0.996191,0.025646,-0.083337,-0.001591],[-0.028683,0.99896,-0.035454,0.00249],[0.082341,0.037709,0.995891,0.004114],[0.0,0.0,0.0,1.0]],"antennas":[-0.014159,0.007322],"body_yaw":0.0,"check_collision":false},{"head":[[0.996322,0.026201,-0.08158,-0.001065],[-0.029152,0.998955,-0.035196,0.001453],[0.080573,0.037444,0.996045,0.004469],[0.0,0.0,0.0,1.0]],"antennas":[-0.014159,0.007322],"body_yaw":0.0,"check_collision":false},{"head":[[0.996367,0.028691,-0.080187,-0.000733],[-0.031422,0.998961,-0.033007,0.0011],[0.079157,0.035407,0.996233,0.004585],[0.0,0.0,0.0,1.0]],"antennas":[-0.014159,0.007322],"body_yaw":0.0,"check_collision":false},{"head":[[0.996171,0.032866,-0.081018,-0.0008],[-0.035335,0.998948,-0.029231,0.001088],[0.079972,0.031982,0.996284,0.004769],[0.0,0.0,0.0,1.0]],"antennas":[-0.014159,0.007322],"body_yaw":0.0,"check_collision":false},{"head":[[0.995897,0.038789,-0.081759,-0.000702],[-0.040757,0.998915,-0.022537,0.001417],[0.080796,0.025776,0.996397,0.00475],[0.0,0.0,0.0,1.0]],"antennas":[-0.014159,0.007322],"body_yaw":0.0,"check_collision":false},{"head":[[0.995658,0.046118,-0.080865,-0.000417],[-0.047487,0.998758,-0.015083,0.001439],[0.080069,0.018857,0.996611,0.004525],[0.0,0.0,0.0,1.0]],"antennas":[-0.014159,0.007322],"body_yaw":0.0,"check_collision":false},{"head":[[0.995339,0.053311,-0.080364,-0.000183],[-0.054072,0.99851,-0.007325,0.001361],[0.079853,0.011637,0.996739,0.004248],[0.0,0.0,0.0,1.0]],"antennas":[-0.014159,0.007322],"body_yaw":0.0,"check_collision":false},{"head":[[0.994703,0.06002,-0.083448,-2e-05],[-0.06024,0.998184,-0.000122,0.001501],[0.083289,0.005148,0.996512,0.004065],[0.0,0.0,0.0,1.0]],"antennas":[-0.014159,0.007322],"body_yaw":0.0,"check_collision":false},{"head":[[0.994251,0.065491,-0.084708,0.000197],[-0.065253,0.997853,0.005575,0.0017],[0.084892,-1.6e-05,0.99639,0.003868],[0.0,0.0,0.0,1.0]],"antennas":[-0.014159,0.007322],"body_yaw":0.0,"check_collision":false},{"head":[[0.99412,0.069467,-0.083059,0.000242],[-0.068872,0.997575,0.01001,0.002248],[0.083553,-0.004231,0.996494,0.003649],[0.0,0.0,0.0,1.0]],"antennas":[-0.014159,0.007322],"body_yaw":0.0,"check_collision":false},{"head":[[0.994053,0.071241,-0.082356,0.000331],[-0.070526,0.997443,0.011567,0.002479],[0.08297,-0.00569,0.996536,0.003667],[0.0,0.0,0.0,1.0]],"antennas":[-0.014159,0.007322],"body_yaw":0.0,"check_collision":false},{"head":[[0.993997,0.072378,-0.082046,0.000466],[-0.071632,0.997359,0.012,0.00261],[0.082698,-0.00605,0.996556,0.003707],[0.0,0.0,0.0,1.0]],"antennas":[-0.014159,0.007322],"body_yaw":0.0,"check_collision":false},{"head":[[0.99391,0.073354,-0.082233,0.000634],[-0.07257,0.997285,0.012496,0.002586],[0.082927,-0.006453,0.996535,0.003632],[0.0,0.0,0.0,1.0]],"antennas":[-0.014159,0.007322],"body_yaw":0.0,"check_collision":false},{"head":[[0.993827,0.07331,-0.083265,0.000687],[-0.072515,0.997288,0.012544,0.002631],[0.083959,-0.006429,0.996448,0.003411],[0.0,0.0,0.0,1.0]],"antennas":[-0.014159,0.007322],"body_yaw":0.0,"check_collision":false},{"head":[[0.993923,0.072135,-0.083149,0.001076],[-0.071344,0.997374,0.012448,0.001566],[0.083829,-0.00644,0.996459,0.003474],[0.0,0.0,0.0,1.0]],"antennas":[-0.014159,0.007322],"body_yaw":0.0,"check_collision":false},{"head":[[0.993908,0.07239,-0.083101,0.00093],[-0.07153,0.99735,0.013281,0.001736],[0.083842,-0.007256,0.996453,0.003517],[0.0,0.0,0.0,1.0]],"antennas":[-0.014159,0.007322],"body_yaw":0.0,"check_collision":false},{"head":[[0.99382,0.073393,-0.083278,0.000823],[-0.072466,0.997271,0.014107,0.001862],[0.084086,-0.007984,0.996426,0.003706],[0.0,0.0,0.0,1.0]],"antennas":[-0.014159,0.007322],"body_yaw":0.0,"check_collision":false},{"head":[[0.993712,0.075329,-0.082841,0.000727],[-0.074261,0.997112,0.015904,0.002532],[0.0838,-0.009652,0.996436,0.003763],[0.0,0.0,0.0,1.0]],"antennas":[-0.014159,0.007322],"body_yaw":0.0,"check_collision":false},{"head":[[0.993609,0.077441,-0.082124,0.000777],[-0.076269,0.996937,0.017324,0.003007],[0.083214,-0.010949,0.996472,0.003617],[0.0,0.0,0.0,1.0]],"antennas":[-0.014159,0.007322],"body_yaw":0.0,"check_collision":false},{"head":[[0.993518,0.078936,-0.081802,0.000988],[-0.077723,0.996814,0.017906,0.003038],[0.082955,-0.011432,0.996488,0.003597],[0.0,0.0,0.0,1.0]],"antennas":[-0.014159,0.007322],"body_yaw":0.0,"check_collision":false},{"head":[[0.993264,0.081416,-0.082446,0.001123],[-0.080102,0.996603,0.019128,0.00321],[0.083723,-0.012396,0.996412,0.003442],[0.0,0.0,0.0,1.0]],"antennas":[-0.014159,0.007322],"body_yaw":0.0,"check_collision":false},{"head":[[0.992711,0.085899,-0.084533,0.00131],[-0.084374,0.996203,0.021458,0.00332],[0.086056,-0.014169,0.99619,0.003275],[0.0,0.0,0.0,1.0]],"antennas":[-0.014159,0.007322],"body_yaw":0.0,"check_collision":false},{"head":[[0.992001,0.091714,-0.086738,0.00142],[-0.089943,0.995655,0.024111,0.003398],[0.088572,-0.016117,0.995939,0.003174],[0.0,0.0,0.0,1.0]],"antennas":[-0.014159,0.007322],"body_yaw":0.0,"check_collision":false},{"head":[[0.991154,0.099551,-0.087766,0.00157],[-0.09756,0.994872,0.026693,0.003512],[0.089973,-0.017894,0.995783,0.003144],[0.0,0.0,0.0,1.0]],"antennas":[-0.014159,0.007322],"body_yaw":0.0,"check_collision":false},{"head":[[0.989741,0.111252,-0.089643,0.001827],[-0.108788,0.993552,0.031935,0.00355],[0.092618,-0.021856,0.995462,0.003081],[0.0,0.0,0.0,1.0]],"antennas":[-0.014159,0.007322],"body_yaw":0.0,"check_collision":false},{"head":[[0.98779,0.124377,-0.093821,0.002023],[-0.121284,0.99189,0.038,0.003621],[0.097786,-0.026157,0.994864,0.003],[0.0,0.0,0.0,1.0]],"antennas":[-0.014159,0.007322],"body_yaw":0.0,"check_collision":false},{"head":[[0.984907,0.140243,-0.101445,0.00212],[-0.136155,0.98961,0.046193,0.003751],[0.106869,-0.031684,0.993768,0.002862],[0.0,0.0,0.0,1.0]],"antennas":[-0.014159,0.007322],"body_yaw":0.0,"check_collision":false},{"head":[[0.981436,0.156284,-0.111168,0.00254],[-0.151093,0.987058,0.053734,0.003955],[0.118127,-0.03594,0.992348,0.002713],[0.0,0.0,0.0,1.0]],"antennas":[-0.014159,0.007322],"body_yaw":0.0,"check_collision":false},{"head":[[0.978251,0.17045,-0.118205,0.002812],[-0.164406,0.984615,0.059199,0.004246],[0.126477,-0.038478,0.991223,0.002408],[0.0,0.0,0.0,1.0]],"antennas":[-0.014159,0.007322],"body_yaw":0.0,"check_collision":false},{"head":[[0.974943,0.184347,-0.124507,0.002958],[-0.177387,0.981996,0.064937,0.004329],[0.134236,-0.041224,0.990092,0.00207],[0.0,0.0,0.0,1.0]],"antennas":[-0.014159,0.007322],"body_yaw":0.0,"check_collision":false},{"head":[[0.971494,0.1971,-0.131724,0.00312],[-0.188882,0.979332,0.072337,0.00444],[0.143259,-0.045395,0.988644,0.001734],[0.0,0.0,0.0,1.0]],"antennas":[-0.014159,0.007322],"body_yaw":0.0,"check_collision":false},{"head":[[0.967502,0.208502,-0.143061,0.003278],[-0.198691,0.9768,0.079902,0.004674],[0.156401,-0.04888,0.986483,0.001359],[0.0,0.0,0.0,1.0]],"antennas":[-0.014159,0.007322],"body_yaw":0.0,"check_collision":false},{"head":[[0.962824,0.221478,-0.154651,0.003458],[-0.209441,0.973632,0.090418,0.004578],[0.170599,-0.054666,0.983823,0.001281],[0.0,0.0,0.0,1.0]],"antennas":[-0.014159,0.007322],"body_yaw":0.0,"check_collision":false},{"head":[[0.959171,0.233247,-0.159961,0.003627],[-0.219104,0.970436,0.101232,0.004379],[0.178844,-0.062051,0.981919,0.001252],[0.0,0.0,0.0,1.0]],"antennas":[-0.014159,0.007322],"body_yaw":0.0,"check_collision":false},{"head":[[0.957037,0.241298,-0.160799,0.003665],[-0.225549,0.967984,0.110158,0.004308],[0.182232,-0.069157,0.980821,0.001283],[0.0,0.0,0.0,1.0]],"antennas":[-0.014159,0.007322],"body_yaw":0.0,"check_collision":false},{"head":[[0.955317,0.248663,-0.159799,0.003589],[-0.231542,0.965599,0.11835,0.004428],[0.183731,-0.076062,0.980029,0.001184],[0.0,0.0,0.0,1.0]],"antennas":[-0.014159,0.007322],"body_yaw":0.0,"check_collision":false},{"head":[[0.953818,0.253812,-0.160656,0.003569],[-0.235674,0.963932,0.123665,0.004533],[0.186249,-0.080091,0.979233,0.001053],[0.0,0.0,0.0,1.0]],"antennas":[-0.014159,0.007322],"body_yaw":0.0,"check_collision":false},{"head":[[0.951415,0.26131,-0.162868,0.003847],[-0.241619,0.961467,0.131155,0.003592],[0.190865,-0.085431,0.977892,0.001239],[0.0,0.0,0.0,1.0]],"antennas":[-0.014159,0.007322],"body_yaw":0.0,"check_collision":false},{"head":[[0.948526,0.271091,-0.163732,0.003901],[-0.249543,0.958092,0.140669,0.002991],[0.195004,-0.09257,0.976424,0.001318],[0.0,0.0,0.0,1.0]],"antennas":[-0.014159,0.007322],"body_yaw":0.0,"check_collision":false},{"head":[[0.946702,0.276999,-0.164398,0.003876],[-0.254397,0.956035,0.145877,0.002875],[0.197578,-0.096279,0.975548,0.001279],[0.0,0.0,0.0,1.0]],"antennas":[-0.014159,0.007322],"body_yaw":0.0,"check_collision":false},{"head":[[0.945608,0.280642,-0.164519,0.003899],[-0.257449,0.95475,0.148902,0.002765],[0.198863,-0.098448,0.97507,0.001318],[0.0,0.0,0.0,1.0]],"antennas":[-0.014159,0.017311],"body_yaw":0.0,"check_collision":false},{"head":[[0.943799,0.286768,-0.164338,0.003747],[-0.262519,0.95249,0.154427,0.002845],[0.200815,-0.102606,0.974241,0.001441],[0.0,0.0,0.0,1.0]],"antennas":[-0.014159,0.035742],"body_yaw":0.0,"check_collision":false},{"head":[[0.941713,0.294223,-0.163128,0.00351],[-0.26882,0.949647,0.160954,0.002886],[0.20227,-0.10772,0.973388,0.00156],[0.0,0.0,0.0,1.0]],"antennas":[-0.014159,0.058153],"body_yaw":0.0,"check_collision":false},{"head":[[0.939256,0.30188,-0.163299,0.003517],[-0.27525,0.946752,0.167025,0.002901],[0.205025,-0.111931,0.972335,0.001594],[0.0,0.0,0.0,1.0]],"antennas":[-0.014159,0.083495],"body_yaw":0.0,"check_collision":false},{"head":[[0.936114,0.311286,-0.163679,0.003435],[-0.283081,0.943078,0.174553,0.002786],[0.208698,-0.117067,0.970948,0.001712],[0.0,0.0,0.0,1.0]],"antennas":[-0.014159,0.111549],"body_yaw":0.0,"check_collision":false},{"head":[[0.933486,0.31827,-0.165252,0.003492],[-0.288657,0.940288,0.180376,0.002502],[0.212792,-0.120678,0.969617,0.001714],[0.0,0.0,0.0,1.0]],"antennas":[-0.014159,0.141193],"body_yaw":0.0,"check_collision":false},{"head":[[0.931558,0.323062,-0.166826,0.003557],[-0.29256,0.938444,0.183662,0.002209],[0.215891,-0.122285,0.96873,0.001784],[0.0,0.0,0.0,1.0]],"antennas":[-0.014159,0.172413],"body_yaw":0.0,"check_collision":false},{"head":[[0.930024,0.327422,-0.16688,0.003518],[-0.296376,0.936744,0.186204,0.002186],[0.217292,-0.123715,0.968235,0.001628],[0.0,0.0,0.0,1.0]],"antennas":[-0.014159,0.204787],"body_yaw":0.0,"check_collision":false},{"head":[[0.928403,0.332342,-0.166181,0.003471],[-0.300766,0.934759,0.189118,0.00228],[0.218191,-0.125596,0.96779,0.001397],[0.0,0.0,0.0,1.0]],"antennas":[-0.014159,0.239948],"body_yaw":0.0,"check_collision":false},{"head":[[0.925968,0.338068,-0.168205,0.003415],[-0.305279,0.932408,0.193444,0.002496],[0.222233,-0.127773,0.966585,0.001409],[0.0,0.0,0.0,1.0]],"antennas":[-0.014159,0.278667],"body_yaw":0.0,"check_collision":false},{"head":[[0.922994,0.345434,-0.169582,0.00324],[-0.311101,0.9292,0.199508,0.00255],[0.226492,-0.131387,0.965111,0.001499],[0.0,0.0,0.0,1.0]],"antennas":[-0.014159,0.319207],"body_yaw":0.0,"check_collision":false},{"head":[[0.920391,0.352103,-0.170012,0.003091],[-0.316501,0.926219,0.204807,0.002614],[0.229581,-0.134693,0.963924,0.001463],[0.0,0.0,0.0,1.0]],"antennas":[-0.014159,0.359907],"body_yaw":0.0,"check_collision":false},{"head":[[0.918292,0.356487,-0.172211,0.003067],[-0.319796,0.924337,0.208163,0.002486],[0.233388,-0.136082,0.962814,0.001563],[0.0,0.0,0.0,1.0]],"antennas":[-0.014159,0.400854],"body_yaw":0.0,"check_collision":false},{"head":[[0.915937,0.362297,-0.172628,0.002933],[-0.324636,0.921763,0.212048,0.002505],[0.235947,-0.138181,0.961892,0.001503],[0.0,0.0,0.0,1.0]],"antennas":[-0.014159,0.441722],"body_yaw":0.0,"check_collision":false},{"head":[[0.913225,0.368072,-0.174766,0.002998],[-0.329047,0.919173,0.216446,0.002169],[0.240308,-0.140157,0.960525,0.001574],[0.0,0.0,0.0,1.0]],"antennas":[-0.014159,0.482846],"body_yaw":0.0,"check_collision":false},{"head":[[0.91031,0.373658,-0.17809,0.002962],[-0.333123,0.916709,0.220622,0.00201],[0.245694,-0.141508,0.958963,0.001656],[0.0,0.0,0.0,1.0]],"antennas":[-0.014159,0.521729],"body_yaw":0.0,"check_collision":false},{"head":[[0.90731,0.379351,-0.181332,0.00295],[-0.337229,0.914132,0.225033,0.001741],[0.251127,-0.143025,0.957329,0.001679],[0.0,0.0,0.0,1.0]],"antennas":[-0.014159,0.564728],"body_yaw":0.0,"check_collision":false},{"head":[[0.903746,0.386007,-0.185045,0.002918],[-0.341982,0.911058,0.230263,0.001572],[0.25747,-0.144817,0.955373,0.001632],[0.0,0.0,0.0,1.0]],"antennas":[-0.014159,0.606355],"body_yaw":0.0,"check_collision":false},{"head":[[0.900317,0.392821,-0.187408,0.002877],[-0.347246,0.907896,0.234831,0.001318],[0.262393,-0.146345,0.953799,0.001788],[0.0,0.0,0.0,1.0]],"antennas":[-0.014159,0.647501],"body_yaw":0.0,"check_collision":false},{"head":[[0.89765,0.399049,-0.187039,0.002819],[-0.352478,0.904832,0.238829,0.001281],[0.264543,-0.148458,0.952878,0.001798],[0.0,0.0,0.0,1.0]],"antennas":[-0.014159,0.688349],"body_yaw":0.0,"check_collision":false},{"head":[[0.895508,0.404594,-0.185388,0.002806],[-0.357307,0.901958,0.242492,0.001312],[0.265323,-0.150913,0.952276,0.001774],[0.0,0.0,0.0,1.0]],"antennas":[-0.014159,0.72881],"body_yaw":0.0,"check_collision":false},{"head":[[0.893682,0.40851,-0.185615,0.002732],[-0.360786,0.900157,0.244031,0.001385],[0.266771,-0.151119,0.951838,0.001825],[0.0,0.0,0.0,1.0]],"antennas":[-0.014159,0.76998],"body_yaw":0.0,"check_collision":false},{"head":[[0.891456,0.412906,-0.186591,0.002619],[-0.364521,0.898131,0.245936,0.001428],[0.269132,-0.151225,0.951157,0.001846],[0.0,0.0,0.0,1.0]],"antennas":[-0.014159,0.807811],"body_yaw":0.0,"check_collision":false},{"head":[[0.888653,0.417893,-0.188841,0.002465],[-0.368104,0.895622,0.249721,0.001508],[0.273486,-0.152403,0.949726,0.001849],[0.0,0.0,0.0,1.0]],"antennas":[-0.014159,0.837961],"body_yaw":0.0,"check_collision":false},{"head":[[0.885608,0.422793,-0.19221,0.002432],[-0.371325,0.893158,0.253745,0.001379],[0.278955,-0.153347,0.947981,0.001882],[0.0,0.0,0.0,1.0]],"antennas":[-0.014159,0.859941],"body_yaw":0.0,"check_collision":false},{"head":[[0.883865,0.425892,-0.193389,0.002347],[-0.373834,0.8917,0.255184,0.001528],[0.281125,-0.153253,0.947355,0.001742],[0.0,0.0,0.0,1.0]],"antennas":[-0.014159,0.86556],"body_yaw":0.0,"check_collision":false},{"head":[[0.881057,0.430187,-0.196666,0.002189],[-0.376678,0.889583,0.258371,0.001729],[0.286099,-0.153559,0.945815,0.001669],[0.0,0.0,0.0,1.0]],"antennas":[-0.014159,0.86556],"body_yaw":0.0,"check_collision":false},{"head":[[0.87825,0.434803,-0.199056,0.002022],[-0.37998,0.887249,0.261542,0.0018],[0.290331,-0.154062,0.944443,0.001701],[0.0,0.0,0.0,1.0]],"antennas":[-0.014159,0.86556],"body_yaw":0.0,"check_collision":false},{"head":[[0.874782,0.439875,-0.203143,0.002091],[-0.383004,0.884583,0.266123,0.00178],[0.296757,-0.154995,0.942291,0.001856],[0.0,0.0,0.0,1.0]],"antennas":[-0.014159,0.86556],"body_yaw":0.0,"check_collision":false},{"head":[[0.872593,0.442727,-0.206334,0.002075],[-0.384732,0.883235,0.268098,0.001871],[0.300936,-0.154558,0.941036,0.001961],[0.0,0.0,0.0,1.0]],"antennas":[-0.014159,0.86556],"body_yaw":0.0,"check_collision":false},{"head":[[0.868904,0.447921,-0.21065,0.002159],[-0.38763,0.880412,0.273161,0.001744],[0.307814,-0.155696,0.938621,0.001891],[0.0,0.0,0.0,1.0]],"antennas":[-0.014159,0.86556],"body_yaw":0.0,"check_collision":false},{"head":[[0.864625,0.453923,-0.215355,0.002165],[-0.39098,0.877096,0.278993,0.001583],[0.315528,-0.157025,0.935834,0.001877],[0.0,0.0,0.0,1.0]],"antennas":[-0.014159,0.86556],"body_yaw":0.0,"check_collision":false},{"head":[[0.857881,0.463134,-0.222592,0.002191],[-0.396306,0.872077,0.287095,0.001502],[0.327081,-0.158079,0.931681,0.001942],[0.0,0.0,0.0,1.0]],"antennas":[-0.014159,0.86556],"body_yaw":0.0,"check_collision":false},{"head":[[0.845897,0.478537,-0.235499,0.002159],[-0.403498,0.862942,0.304172,0.001507],[0.348779,-0.162274,0.923049,0.002107],[0.0,0.0,0.0,1.0]],"antennas":[-0.014159,0.86556],"body_yaw":0.0,"check_collision":false},{"head":[[0.838797,0.48707,-0.243275,0.002229],[-0.40732,0.857897,0.313215,0.001682],[0.361262,-0.163633,0.917995,0.002128],[0.0,0.0,0.0,1.0]],"antennas":[-0.014159,0.86556],"body_yaw":0.0,"check_collision":false},{"head":[[0.834041,0.491653,-0.250305,0.002275],[-0.408586,0.855317,0.318576,0.001953],[0.370719,-0.163434,0.914252,0.002142],[0.0,0.0,0.0,1.0]],"antennas":[-0.014159,0.86556],"body_yaw":0.0,"check_collision":false},{"head":[[0.829757,0.496212,-0.255494,0.002101],[-0.411091,0.852993,0.321571,0.002029],[0.377502,-0.161795,0.911765,0.00227],[0.0,0.0,0.0,1.0]],"antennas":[-0.014159,0.86556],"body_yaw":0.0,"check_collision":false},{"head":[[0.822668,0.508718,-0.253817,0.002254],[-0.420441,0.844908,0.330697,0.001623],[0.382683,-0.165339,0.908965,0.00248],[0.0,0.0,0.0,1.0]],"antennas":[-0.014159,0.86556],"body_yaw":0.0,"check_collision":false},{"head":[[0.819225,0.516594,-0.248999,0.002434],[-0.42711,0.839371,0.336203,0.00157],[0.382683,-0.169076,0.908277,0.002342],[0.0,0.0,0.0,1.0]],"antennas":[-0.014159,0.86556],"body_yaw":0.0,"check_collision":false},{"head":[[0.817298,0.520641,-0.246894,0.002438],[-0.430787,0.836657,0.338272,0.001645],[0.382683,-0.17011,0.908084,0.002157],[0.0,0.0,0.0,1.0]],"antennas":[-0.014159,0.86556],"body_yaw":0.0,"check_collision":false},{"head":[[0.816467,0.522238,-0.24627,0.002419],[-0.43236,0.835671,0.338701,0.001581],[0.382683,-0.17006,0.908093,0.00238],[0.0,0.0,0.0,1.0]],"antennas":[-0.014159,0.86556],"body_yaw":0.0,"check_collision":false},{"head":[[0.816159,0.522764,-0.246174,0.002569],[-0.432941,0.835393,0.338645,0.001609],[0.382683,-0.16981,0.90814,0.002461],[0.0,0.0,0.0,1.0]],"antennas":[-0.014159,0.86556],"body_yaw":0.0,"check_collision":false},{"head":[[0.81617,0.522616,-0.246453,0.002612],[-0.43292,0.835582,0.338205,0.001891],[0.382683,-0.169338,0.908228,0.00221],[0.0,0.0,0.0,1.0]],"antennas":[-0.014159,0.86556],"body_yaw":0.0,"check_collision":false},{"head":[[0.816176,0.52218,-0.247357,0.002325],[-0.43291,0.83617,0.336764,0.001688],[0.382683,-0.167775,0.908518,0.002235],[0.0,0.0,0.0,1.0]],"antennas":[-0.014159,0.86556],"body_yaw":0.0,"check_collision":false},{"head":[[0.816229,0.522286,-0.246958,0.002476],[-0.432809,0.83595,0.337438,0.001515],[0.382683,-0.168541,0.908376,0.002597],[0.0,0.0,0.0,1.0]],"antennas":[-0.014159,0.86556],"body_yaw":0.0,"check_collision":false},{"head":[[0.816466,0.521841,-0.247113,0.002406],[-0.432362,0.836217,0.337351,0.001827],[0.382683,-0.168593,0.908367,0.002326],[0.0,0.0,0.0,1.0]],"antennas":[-0.014159,0.86556],"body_yaw":0.0,"check_collision":false},{"head":[[0.816934,0.520709,-0.247956,0.002362],[-0.431478,0.83709,0.336315,0.001831],[0.382683,-0.167759,0.908521,0.002118],[0.0,0.0,0.0,1.0]],"antennas":[-0.014159,0.86556],"body_yaw":0.0,"check_collision":false},{"head":[[0.817006,0.520361,-0.248448,0.002271],[-0.431341,0.837458,0.335573,0.001767],[0.382683,-0.167,0.908661,0.002105],[0.0,0.0,0.0,1.0]],"antennas":[-0.014159,0.86556],"body_yaw":0.0,"check_collision":false},{"head":[[0.817174,0.519985,-0.248683,0.002302],[-0.431023,0.837728,0.335307,0.001974],[0.382683,-0.166816,0.908695,0.002086],[0.0,0.0,0.0,1.0]],"antennas":[-0.014159,0.86556],"body_yaw":0.0,"check_collision":false},{"head":[[0.817723,0.518936,-0.249067,0.002521],[-0.42998,0.838363,0.335061,0.001894],[0.382683,-0.166893,0.90868,0.002159],[0.0,0.0,0.0,1.0]],"antennas":[-0.014159,0.86556],"body_yaw":0.0,"check_collision":false},{"head":[[0.818534,0.517121,-0.250177,0.002632],[-0.428434,0.83965,0.333814,0.001191],[0.382683,-0.166053,0.908834,0.002511],[0.0,0.0,0.0,1.0]],"antennas":[-0.014159,0.86556],"body_yaw":0.0,"check_collision":false},{"head":[[0.819258,0.515464,-0.251223,0.002584],[-0.427047,0.840835,0.332606,0.001436],[0.382683,-0.165207,0.908989,0.002229],[0.0,0.0,0.0,1.0]],"antennas":[-0.014159,0.86556],"body_yaw":0.0,"check_collision":false},{"head":[[0.819847,0.514449,-0.251383,0.002619],[-0.425916,0.841353,0.332747,0.001768],[0.382683,-0.165734,0.908893,0.002099],[0.0,0.0,0.0,1.0]],"antennas":[-0.014159,0.86556],"body_yaw":0.0,"check_collision":false},{"head":[[0.820752,0.512617,-0.252171,0.002595],[-0.42417,0.842498,0.33208,0.001676],[0.382683,-0.165592,0.908918,0.002398],[0.0,0.0,0.0,1.0]],"antennas":[-0.014159,0.86556],"body_yaw":0.0,"check_collision":false},{"head":[[0.822916,0.508102,-0.254248,0.002618],[-0.419956,0.845361,0.330153,0.001983],[0.382683,-0.164915,0.909042,0.002121],[0.0,0.0,0.0,1.0]],"antennas":[-0.014159,0.86556],"body_yaw":0.0,"check_collision":false},{"head":[[0.82625,0.500653,-0.258182,0.002585],[-0.413358,0.850249,0.325901,0.002052],[0.382683,-0.162554,0.909467,0.002075],[0.0,0.0,0.0,1.0]],"antennas":[-0.014159,0.86556],"body_yaw":0.0,"check_collision":false},{"head":[[0.829314,0.493214,-0.262636,0.002733],[-0.407175,0.855287,0.320457,0.001773],[0.382683,-0.158821,0.910126,0.002212],[0.0,0.0,0.0,1.0]],"antennas":[-0.014159,0.86556],"body_yaw":0.0,"check_collision":false},{"head":[[0.832582,0.485053,-0.267452,0.002648],[-0.400451,0.860704,0.314369,0.002048],[0.382683,-0.154636,0.910847,0.001991],[0.0,0.0,0.0,1.0]],"antennas":[-0.014159,0.86556],"body_yaw":0.0,"check_collision":false},{"head":[[0.836958,0.47535,-0.271189,0.002368],[-0.392955,0.866886,0.306749,0.002184],[0.380903,-0.150171,0.912338,0.002169],[0.0,0.0,0.0,1.0]],"antennas":[-0.014159,0.86556],"body_yaw":0.0,"check_collision":false},{"head":[[0.844719,0.462399,-0.269514,0.002148],[-0.385242,0.874876,0.293566,0.002929],[0.371536,-0.144152,0.917159,0.002026],[0.0,0.0,0.0,1.0]],"antennas":[-0.014159,0.86556],"body_yaw":0.0,"check_collision":false},{"head":[[0.852081,0.446316,-0.273422,0.002478],[-0.373958,0.884612,0.278597,0.003524],[0.366215,-0.135139,0.920665,0.002044],[0.0,0.0,0.0,1.0]],"antennas":[-0.014159,0.86556],"body_yaw":0.0,"check_collision":false},{"head":[[0.85866,0.43318,-0.273966,0.002543],[-0.36599,0.892405,0.26394,0.003677],[0.358822,-0.126366,0.924812,0.002287],[0.0,0.0,0.0,1.0]],"antennas":[-0.014159,0.86556],"body_yaw":0.0,"check_collision":false},{"head":[[0.866379,0.419221,-0.271369,0.002458],[-0.357151,0.899957,0.25004,0.003163],[0.349043,-0.11971,0.929429,0.002763],[0.0,0.0,0.0,1.0]],"antennas":[-0.014159,0.86556],"body_yaw":0.0,"check_collision":false},{"head":[[0.875788,0.40426,-0.263759,0.002405],[-0.347995,0.907468,0.235376,0.003313],[0.334506,-0.114352,0.93543,0.002667],[0.0,0.0,0.0,1.0]],"antennas":[-0.014159,0.86556],"body_yaw":0.0,"check_collision":false},{"head":[[0.883792,0.389769,-0.258827,0.002313],[-0.338437,0.914532,0.221568,0.003309],[0.323066,-0.108224,0.940168,0.002701],[0.0,0.0,0.0,1.0]],"antennas":[-0.014159,0.86556],"body_yaw":0.0,"check_collision":false},{"head":[[0.890605,0.376515,-0.255069,0.002088],[-0.329881,0.920919,0.207574,0.003271],[0.313052,-0.100724,0.94438,0.002731],[0.0,0.0,0.0,1.0]],"antennas":[-0.014159,0.86556],"body_yaw":0.0,"check_collision":false},{"head":[[0.897431,0.363374,-0.250155,0.002139],[-0.321407,0.926968,0.193462,0.00331],[0.302185,-0.093218,0.948681,0.002582],[0.0,0.0,0.0,1.0]],"antennas":[-0.014159,0.855805],"body_yaw":0.0,"check_collision":false},{"head":[[0.903293,0.351862,-0.245468,0.002329],[-0.313424,0.931916,0.182475,0.003434],[0.292962,-0.087893,0.952076,0.002568],[0.0,0.0,0.0,1.0]],"antennas":[-0.014159,0.841864],"body_yaw":0.0,"check_collision":false},{"head":[[0.908923,0.340601,-0.240522,0.002331],[-0.305404,0.936539,0.172114,0.003392],[0.28388,-0.082982,0.955262,0.002723],[0.0,0.0,0.0,1.0]],"antennas":[-0.014159,0.825371],"body_yaw":0.0,"check_collision":false},{"head":[[0.914434,0.327632,-0.237629,0.002164],[-0.295649,0.941691,0.160656,0.003389],[0.276409,-0.076655,0.957978,0.002933],[0.0,0.0,0.0,1.0]],"antennas":[-0.014159,0.805408],"body_yaw":0.0,"check_collision":false},{"head":[[0.919744,0.312702,-0.237251,0.002138],[-0.283755,0.947318,0.148563,0.003524],[0.271208,-0.069319,0.960021,0.00294],[0.0,0.0,0.0,1.0]],"antennas":[-0.014159,0.779504],"body_yaw":0.0,"check_collision":false},{"head":[[0.923427,0.301388,-0.237588,0.002301],[-0.274732,0.951406,0.139097,0.003773],[0.267965,-0.063173,0.961355,0.002818],[0.0,0.0,0.0,1.0]],"antennas":[-0.014159,0.740698],"body_yaw":0.0,"check_collision":false},{"head":[[0.926235,0.294267,-0.235577,0.002379],[-0.269011,0.953806,0.13374,0.004016],[0.26405,-0.060502,0.962609,0.002748],[0.0,0.0,0.0,1.0]],"antennas":[-0.014159,0.688913],"body_yaw":0.0,"check_collision":false},{"head":[[0.929903,0.284933,-0.232579,0.002249],[-0.261402,0.95683,0.127068,0.004124],[0.258744,-0.057364,0.964241,0.002722],[0.0,0.0,0.0,1.0]],"antennas":[-0.014159,0.62968],"body_yaw":0.0,"check_collision":false},{"head":[[0.933879,0.274095,-0.229658,0.002173],[-0.252402,0.9602,0.119623,0.004167],[0.253306,-0.053747,0.965892,0.002703],[0.0,0.0,0.0,1.0]],"antennas":[-0.014159,0.568255],"body_yaw":0.0,"check_collision":false},{"head":[[0.937554,0.263502,-0.227066,0.002257],[-0.243568,0.963365,0.11226,0.004226],[0.248328,-0.049943,0.967388,0.002676],[0.0,0.0,0.0,1.0]],"antennas":[-0.014159,0.506416],"body_yaw":0.0,"check_collision":false},{"head":[[0.940881,0.253464,-0.22472,0.002427],[-0.234922,0.966196,0.10619,0.004077],[0.244039,-0.04712,0.96862,0.002683],[0.0,0.0,0.0,1.0]],"antennas":[-0.014159,0.444918],"body_yaw":0.0,"check_collision":false},{"head":[[0.943678,0.243694,-0.223795,0.002526],[-0.226158,0.968808,0.101307,0.003946],[0.241502,-0.044988,0.969357,0.002735],[0.0,0.0,0.0,1.0]],"antennas":[-0.014159,0.383086],"body_yaw":0.0,"check_collision":false},{"head":[[0.945902,0.236298,-0.222334,0.002474],[-0.219438,0.970685,0.098066,0.004045],[0.238989,-0.043972,0.970026,0.002822],[0.0,0.0,0.0,1.0]],"antennas":[-0.014159,0.317625],"body_yaw":0.0,"check_collision":false},{"head":[[0.948268,0.22804,-0.220875,0.002514],[-0.211992,0.972726,0.094147,0.004229],[0.23632,-0.042453,0.970747,0.002924],[0.0,0.0,0.0,1.0]],"antennas":[-0.014159,0.244533],"body_yaw":0.0,"check_collision":false},{"head":[[0.951322,0.217412,-0.218444,0.002546],[-0.202552,0.975261,0.088539,0.004392],[0.232289,-0.039982,0.971825,0.003009],[0.0,0.0,0.0,1.0]],"antennas":[-0.014159,0.169887],"body_yaw":0.0,"check_collision":false},{"head":[[0.954277,0.207115,-0.215542,0.002481],[-0.193323,0.97758,0.083453,0.004451],[0.227994,-0.037968,0.972922,0.002987],[0.0,0.0,0.0,1.0]],"antennas":[-0.014159,0.095192],"body_yaw":0.0,"check_collision":false},{"head":[[0.956934,0.198876,-0.211483,0.002414],[-0.186014,0.979344,0.079271,0.004464],[0.22288,-0.036518,0.974162,0.002911],[0.0,0.0,0.0,1.0]],"antennas":[-0.014159,0.023472],"body_yaw":0.0,"check_collision":false},{"head":[[0.958953,0.19133,-0.20929,0.00241],[-0.179065,0.980879,0.076241,0.004485],[0.219876,-0.035635,0.974877,0.002889],[0.0,0.0,0.0,1.0]],"antennas":[-0.014159,-0.011021],"body_yaw":0.0,"check_collision":false},{"head":[[0.960902,0.181731,-0.208905,0.002404],[-0.169842,0.982715,0.073658,0.004533],[0.21868,-0.035297,0.975158,0.002971],[0.0,0.0,0.0,1.0]],"antennas":[-0.014159,-0.011021],"body_yaw":0.0,"check_collision":false},{"head":[[0.963023,0.17019,-0.208858,0.002393],[-0.158757,0.9848,0.070461,0.004514],[0.217675,-0.034698,0.975404,0.003102],[0.0,0.0,0.0,1.0]],"antennas":[-0.014159,-0.011021],"body_yaw":0.0,"check_collision":false},{"head":[[0.965273,0.15787,-0.208146,0.002345],[-0.147116,0.986896,0.066275,0.004466],[0.215881,-0.033352,0.97585,0.003235],[0.0,0.0,0.0,1.0]],"antennas":[-0.014159,-0.011021],"body_yaw":0.0,"check_collision":false},{"head":[[0.967051,0.146712,-0.208057,0.002302],[-0.136639,0.988675,0.062068,0.004406],[0.214807,-0.031595,0.976145,0.003314],[0.0,0.0,0.0,1.0]],"antennas":[-0.014159,-0.011021],"body_yaw":0.0,"check_collision":false},{"head":[[0.969098,0.134649,-0.206684,0.002096],[-0.125242,0.990429,0.058005,0.004307],[0.212517,-0.030327,0.976687,0.003336],[0.0,0.0,0.0,1.0]],"antennas":[-0.014159,-0.011021],"body_yaw":0.0,"check_collision":false},{"head":[[0.971666,0.119558,-0.20389,0.001882],[-0.110893,0.992394,0.053449,0.00425],[0.20873,-0.029324,0.977534,0.003219],[0.0,0.0,0.0,1.0]],"antennas":[-0.014159,-0.011021],"body_yaw":0.0,"check_collision":false},{"head":[[0.974935,0.098705,-0.199399,0.001782],[-0.091536,0.99479,0.04488,0.004245],[0.20279,-0.025503,0.97889,0.003163],[0.0,0.0,0.0,1.0]],"antennas":[-0.014159,-0.011021],"body_yaw":0.0,"check_collision":false},{"head":[[0.977277,0.07818,-0.197024,0.001369],[-0.073125,0.996783,0.032812,0.00446],[0.198955,-0.017659,0.979849,0.003196],[0.0,0.0,0.0,1.0]],"antennas":[-0.014159,-0.011021],"body_yaw":0.0,"check_collision":false},{"head":[[0.978819,0.061081,-0.195405,0.000774],[-0.057419,0.998053,0.024357,0.004707],[0.196512,-0.012621,0.98042,0.00328],[0.0,0.0,0.0,1.0]],"antennas":[-0.014159,-0.011021],"body_yaw":0.0,"check_collision":false},{"head":[[0.980235,0.044759,-0.192706,0.000699],[-0.04239,0.998966,0.016404,0.00468],[0.193241,-0.007911,0.981119,0.003626],[0.0,0.0,0.0,1.0]],"antennas":[-0.014159,-0.011021],"body_yaw":0.0,"check_collision":false},{"head":[[0.981301,0.029705,-0.190171,0.000956],[-0.028585,0.999554,0.008632,0.004497],[0.190343,-0.003035,0.981713,0.003841],[0.0,0.0,0.0,1.0]],"antennas":[-0.014159,-0.011021],"body_yaw":0.0,"check_collision":false},{"head":[[0.982004,0.01214,-0.188469,0.001001],[-0.012649,0.999919,-0.001499,0.004438],[0.188436,0.003856,0.982078,0.003733],[0.0,0.0,0.0,1.0]],"antennas":[-0.014159,-0.011021],"body_yaw":0.0,"check_collision":false},{"head":[[0.982739,-0.008659,-0.184796,0.000617],[0.006209,0.999885,-0.013832,0.004508],[0.184895,0.012446,0.98268,0.003689],[0.0,0.0,0.0,1.0]],"antennas":[-0.014159,-0.011021],"body_yaw":0.0,"check_collision":false},{"head":[[0.982704,-0.028718,-0.182941,0.000415],[0.024289,0.999356,-0.026401,0.004672],[0.183581,0.021501,0.982769,0.003875],[0.0,0.0,0.0,1.0]],"antennas":[-0.014159,-0.011021],"body_yaw":0.0,"check_collision":false},{"head":[[0.981953,-0.045963,-0.183457,0.000526],[0.040147,0.99857,-0.03529,0.004672],[0.184817,0.027288,0.982394,0.004143],[0.0,0.0,0.0,1.0]],"antennas":[-0.014159,-0.011021],"body_yaw":0.0,"check_collision":false},{"head":[[0.980884,-0.064937,-0.18344,0.000515],[0.057717,0.997344,-0.044434,0.004372],[0.185839,0.032996,0.982026,0.004379],[0.0,0.0,0.0,1.0]],"antennas":[-0.014159,-0.011021],"body_yaw":0.0,"check_collision":false},{"head":[[0.979297,-0.0851,-0.183672,0.000353],[0.076188,0.995572,-0.055058,0.004361],[0.187544,0.039924,0.981445,0.004392],[0.0,0.0,0.0,1.0]],"antennas":[-0.014159,-0.011021],"body_yaw":0.0,"check_collision":false},{"head":[[0.977824,-0.10379,-0.1819,0.000269],[0.09344,0.993527,-0.064598,0.004574],[0.187427,0.046169,0.981193,0.004409],[0.0,0.0,0.0,1.0]],"antennas":[-0.014159,-0.011021],"body_yaw":0.0,"check_collision":false},{"head":[[0.97569,-0.125408,-0.179728,0.000181],[0.113531,0.990703,-0.07495,0.004556],[0.187457,0.052723,0.980857,0.004509],[0.0,0.0,0.0,1.0]],"antennas":[-0.014159,-0.011021],"body_yaw":0.0,"check_collision":false},{"head":[[0.971696,-0.151538,-0.181226,-0.000168],[0.137745,0.986685,-0.086485,0.004286],[0.191919,0.059074,0.979631,0.004645],[0.0,0.0,0.0,1.0]],"antennas":[-0.014159,-0.011021],"body_yaw":0.0,"check_collision":false},{"head":[[0.967572,-0.174641,-0.182496,-0.000384],[0.158796,0.982414,-0.098214,0.004048],[0.196439,0.06605,0.978289,0.004827],[0.0,0.0,0.0,1.0]],"antennas":[-0.014159,-0.011021],"body_yaw":0.0,"check_collision":false},{"head":[[0.963633,-0.19517,-0.182537,-0.000423],[0.177142,0.977963,-0.110492,0.003853],[0.200079,0.074138,0.976971,0.004931],[0.0,0.0,0.0,1.0]],"antennas":[-0.015325,-0.011021],"body_yaw":0.0,"check_collision":false},{"head":[[0.958369,-0.218831,-0.183415,-0.000485],[0.198165,0.972228,-0.124514,0.003717],[0.205569,0.082984,0.975118,0.004897],[0.0,0.0,0.0,1.0]],"antennas":[-0.027056,-0.011021],"body_yaw":0.0,"check_collision":false},{"head":[[0.953303,-0.242402,-0.180153,-0.000753],[0.219618,0.965854,-0.137453,0.003754],[0.20732,0.091469,0.973988,0.004944],[0.0,0.0,0.0,1.0]],"antennas":[-0.041984,-0.011021],"body_yaw":0.0,"check_collision":false},{"head":[[0.94811,-0.262012,-0.1801,-0.000951],[0.237284,0.960148,-0.147691,0.003892],[0.21162,0.097293,0.972497,0.004991],[0.0,0.0,0.0,1.0]],"antennas":[-0.059249,-0.011021],"body_yaw":0.0,"check_collision":false},{"head":[[0.941531,-0.281235,-0.185542,-0.000743],[0.254023,0.954298,-0.157437,0.003837],[0.22134,0.1011,0.969942,0.00514],[0.0,0.0,0.0,1.0]],"antennas":[-0.078333,-0.011021],"body_yaw":0.0,"check_collision":false},{"head":[[0.934576,-0.300642,-0.190215,-0.000706],[0.271092,0.948048,-0.166475,0.003649],[0.230382,0.104017,0.967525,0.005403],[0.0,0.0,0.0,1.0]],"antennas":[-0.099683,-0.011021],"body_yaw":0.0,"check_collision":false},{"head":[[0.926834,-0.320692,-0.195284,-0.000866],[0.288093,0.940937,-0.177875,0.003301],[0.240793,0.1086,0.964481,0.005645],[0.0,0.0,0.0,1.0]],"antennas":[-0.121912,-0.011021],"body_yaw":0.0,"check_collision":false},{"head":[[0.921474,-0.33592,-0.195045,-0.000874],[0.300887,0.934839,-0.18853,0.003085],[0.245667,0.115039,0.962504,0.005721],[0.0,0.0,0.0,1.0]],"antennas":[-0.144349,-0.011021],"body_yaw":0.0,"check_collision":false},{"head":[[0.913829,-0.354387,-0.198307,-0.000633],[0.316339,0.92741,-0.1996,0.002829],[0.254647,0.119668,0.959601,0.005659],[0.0,0.0,0.0,1.0]],"antennas":[-0.166884,-0.011021],"body_yaw":0.0,"check_collision":false},{"head":[[0.905116,-0.373764,-0.202648,-0.000642],[0.332237,0.919191,-0.211438,0.002707],[0.2653,0.124049,0.956153,0.005668],[0.0,0.0,0.0,1.0]],"antennas":[-0.189826,-0.011021],"body_yaw":0.0,"check_collision":false},{"head":[[0.897955,-0.389858,-0.204175,-0.000753],[0.345515,0.911874,-0.221595,0.002545],[0.272573,0.128437,0.953524,0.005677],[0.0,0.0,0.0,1.0]],"antennas":[-0.212264,-0.011021],"body_yaw":0.0,"check_collision":false},{"head":[[0.890487,-0.405917,-0.205583,-0.000782],[0.358637,0.904214,-0.231896,0.002665],[0.280021,0.13277,0.950768,0.005702],[0.0,0.0,0.0,1.0]],"antennas":[-0.234684,-0.011021],"body_yaw":0.0,"check_collision":false},{"head":[[0.882174,-0.424467,-0.203951,-0.000708],[0.37361,0.894483,-0.245594,0.002681],[0.286677,0.140459,0.947675,0.005503],[0.0,0.0,0.0,1.0]],"antennas":[-0.257257,-0.011021],"body_yaw":0.0,"check_collision":false},{"head":[[0.875539,-0.440709,-0.198006,-0.000787],[0.386628,0.884862,-0.259882,0.002717],[0.289741,0.150983,0.945121,0.005303],[0.0,0.0,0.0,1.0]],"antennas":[-0.279693,-0.011021],"body_yaw":0.0,"check_collision":false},{"head":[[0.869537,-0.455361,-0.191186,-0.000827],[0.39879,0.875749,-0.272086,0.002513],[0.291329,0.160346,0.943089,0.005126],[0.0,0.0,0.0,1.0]],"antennas":[-0.302182,-0.011021],"body_yaw":0.0,"check_collision":false},{"head":[[0.86347,-0.467466,-0.189459,-0.000603],[0.408866,0.868636,-0.279823,0.002114],[0.295378,0.164156,0.941172,0.005266],[0.0,0.0,0.0,1.0]],"antennas":[-0.324142,-0.011021],"body_yaw":0.0,"check_collision":false},{"head":[[0.858058,-0.47747,-0.189101,-0.000341],[0.417364,0.862903,-0.284967,0.001739],[0.299239,0.165594,0.939699,0.005538],[0.0,0.0,0.0,1.0]],"antennas":[-0.346818,-0.011021],"body_yaw":0.0,"check_collision":false},{"head":[[0.851968,-0.487923,-0.189952,-0.000433],[0.42583,0.856779,-0.290857,0.001931],[0.304663,0.166913,0.937721,0.00554],[0.0,0.0,0.0,1.0]],"antennas":[-0.369518,-0.011021],"body_yaw":0.0,"check_collision":false},{"head":[[0.842025,-0.504057,-0.192147,-0.000164],[0.437409,0.846444,-0.303655,0.00188],[0.315701,0.171638,0.933206,0.005397],[0.0,0.0,0.0,1.0]],"antennas":[-0.391925,-0.011021],"body_yaw":0.0,"check_collision":false},{"head":[[0.83473,-0.517173,-0.189097,0.000213],[0.446717,0.836778,-0.316616,0.002152],[0.321977,0.179816,0.929514,0.005072],[0.0,0.0,0.0,1.0]],"antennas":[-0.414444,-0.011021],"body_yaw":0.0,"check_collision":false},{"head":[[0.829576,-0.526189,-0.186892,0.000524],[0.453663,0.830253,-0.323836,0.00221],[0.325567,0.18386,0.927471,0.004948],[0.0,0.0,0.0,1.0]],"antennas":[-0.436912,-0.011021],"body_yaw":0.0,"check_collision":false},{"head":[[0.822127,-0.537222,-0.188411,0.000389],[0.461641,0.822758,-0.331596,0.002286],[0.333157,0.185636,0.924416,0.004717],[0.0,0.0,0.0,1.0]],"antennas":[-0.459331,-0.011021],"body_yaw":0.0,"check_collision":false},{"head":[[0.812382,-0.552195,-0.187391,0.000429],[0.472841,0.811863,-0.34249,0.002236],[0.341257,0.189627,0.920644,0.004332],[0.0,0.0,0.0,1.0]],"antennas":[-0.48183,-0.011021],"body_yaw":0.0,"check_collision":false},{"head":[[0.80573,-0.562645,-0.185015,0.000612],[0.481159,0.803958,-0.349481,0.002166],[0.345378,0.192565,0.918495,0.004331],[0.0,0.0,0.0,1.0]],"antennas":[-0.504232,-0.011021],"body_yaw":0.0,"check_collision":false},{"head":[[0.8,-0.568915,-0.190618,0.000818],[0.485293,0