{"description":"When you\u2019re unsure what to do, or face something you can\u2019t do.","time":[0.0,0.02,0.04,0.06,0.08,0.1,0.12,0.14,0.16,0.18,0.2,0.22,0.24,0.26,0.28,0.3,0.32,0.34,0.36,0.38,0.4,0.42,0.44,0.46,0.48,0.5,0.52,0.54,0.56,0.58,0.6,0.62,0.64,0.66,0.68,0.7,0.72,0.74,0.76,0.78,0.8,0.82,0.84,0.86,0.88,0.9,0.92,0.94,0.96,0.98,1.0,1.02,1.04,1.06,1.08,1.1,1.12,1.14,1.16,1.18,1.2,1.22,1.24,1.26,1.28,1.3,1.32,1.34,1.36,1.38,1.4,1.42,1.44,1.46,1.48,1.5,1.52,1.54,1.56,1.58,1.6,1.62,1.64,1.66,1.68,1.7,1.72,1.74,1.76,1.78,1.8,1.82,1.84,1.86,1.88,1.9,1.92,1.94,1.96,1.98,2.0,2.02,2.04,2.06,2.08,2.1,2.12,2.14,2.16,2.18,2.2,2.22,2.24,2.26,2.28,2.3,2.32,2.34,2.36,2.38,2.4,2.42,2.44,2.46,2.48,2.5,2.52,2.54,2.56,2.58,2.6,2.62,2.64,2.66,2.68,2.7,2.72,2.74,2.76,2.78,2.8,2.82,2.84,2.86,2.88,2.9,2.92,2.94,2.96,2.98,3.0,3.02,3.04,3.06,3.08,3.1,3.12,3.14,3.16,3.18,3.2,3.22,3.24,3.26,3.28,3.3,3.32,3.34,3.36,3.38,3.4,3.42,3.44,3.46,3.48,3.5,3.52,3.54,3.56,3.58,3.6,3.62,3.64,3.66,3.68,3.7,3.72,3.74,3.76,3.78,3.8,3.82,3.84,3.86,3.88,3.9,3.92,3.94,3.96,3.98,4.0,4.02,4.04,4.06,4.08,4.1,4.12,4.14,4.16,4.18,4.2,4.22,4.24,4.26,4.28,4.3,4.32,4.34,4.36,4.38,4.4,4.42,4.44,4.46,4.48,4.5,4.52,4.54,4.56,4.58,4.6,4.62,4.64,4.66,4.68,4.7,4.72,4.74,4.76,4.78,4.8,4.82,4.84,4.86,4.88,4.9,4.92,4.94,4.96,4.98,5.0,5.02,5.04,5.06,5.08,5.1,5.12,5.14,5.16,5.18,5.2,5.22,5.24,5.26,5.28,5.3,5.32,5.34,5.36,5.38,5.4,5.42,5.44,5.46,5.48,5.5,5.52,5.54,5.56,5.58,5.6,5.62,5.64,5.66,5.68,5.7,5.72,5.74,5.76,5.78,5.8,5.82,5.84,5.86,5.88,5.9,5.92,5.94,5.96,5.98,6.0,6.02,6.04,6.06,6.08,6.1,6.12,6.14,6.16,6.18,6.2,6.22,6.24,6.26,6.28,6.3,6.32,6.34,6.36,6.38,6.4,6.42,6.44,6.46,6.48,6.5,6.52,6.54,6.56,6.58,6.6,6.62,6.64,6.66,6.68,6.7,6.72,6.74,6.76,6.78,6.8,6.82,6.84,6.86,6.88,6.9,6.92,6.94,6.96,6.98,7.0,7.02,7.04,7.06,7.08,7.1,7.12,7.14,7.16,7.18,7.2,7.22,7.24,7.26,7.28,7.3,7.32,7.34,7.36,7.38,7.4,7.42,7.44,7.46,7.48,7.5,7.52,7.54,7.56,7.58,7.6,7.62,7.64,7.66,7.68,7.7,7.72,7.74,7.76,7.78,7.8,7.82,7.84,7.86,7.88,7.9,7.92,7.94,7.96,7.98,8.0,8.02,8.04,8.06,8.08,8.1,8.12],"set_target_data":[{"head":[[0.988805,0.141957,0.045965,-0.007655],[-0.13795,0.987122,-0.080995,0.004762],[-0.056871,0.073748,0.995654,-0.000559],[0.0,0.0,0.0,1.0]],"antennas":[-0.031204,0.095263],"body_yaw":-0.032305,"check_collision":false},{"head":[[0.990118,0.12941,0.054033,-0.007717],[-0.124745,0.988773,-0.082265,0.004669],[-0.064072,0.074712,0.995145,-0.000385],[0.0,0.0,0.0,1.0]],"antennas":[-0.031204,0.095263],"body_yaw":-0.032305,"check_collision":false},{"head":[[0.9921,0.110886,0.058669,-0.007844],[-0.105962,0.991044,-0.081269,0.004714],[-0.067155,0.074411,0.994964,-0.000179],[0.0,0.0,0.0,1.0]],"antennas":[-0.031204,0.095263],"body_yaw":-0.032305,"check_collision":false},{"head":[[0.994708,0.085384,0.057147,-0.008083],[-0.080885,0.993754,-0.076878,0.004405],[-0.063354,0.071849,0.995401,-0.000249],[0.0,0.0,0.0,1.0]],"antennas":[-0.031204,0.095263],"body_yaw":-0.032305,"check_collision":false},{"head":[[0.996031,0.068497,0.056831,-0.008417],[-0.06431,0.995293,-0.072495,0.003994],[-0.061529,0.068553,0.995748,-0.000188],[0.0,0.0,0.0,1.0]],"antennas":[-0.031204,0.095263],"body_yaw":-0.032305,"check_collision":false},{"head":[[0.996888,0.056347,0.055131,-0.008478],[-0.05253,0.996275,-0.068383,0.003594],[-0.058779,0.065274,0.996135,-0.000272],[0.0,0.0,0.0,1.0]],"antennas":[-0.031204,0.095263],"body_yaw":-0.032305,"check_collision":false},{"head":[[0.997065,0.050205,0.057808,-0.008341],[-0.046402,0.996782,-0.065359,0.003634],[-0.060904,0.062485,0.996186,-0.00049],[0.0,0.0,0.0,1.0]],"antennas":[-0.031204,0.095263],"body_yaw":-0.032305,"check_collision":false},{"head":[[0.996971,0.047062,0.061922,-0.00827],[-0.042973,0.996907,-0.065796,0.003641],[-0.064827,0.062936,0.99591,-0.00051],[0.0,0.0,0.0,1.0]],"antennas":[-0.031204,0.095263],"body_yaw":-0.032305,"check_collision":false},{"head":[[0.997081,0.040884,0.06448,-0.008327],[-0.036637,0.997165,-0.065731,0.00389],[-0.066985,0.063176,0.995752,-0.000375],[0.0,0.0,0.0,1.0]],"antennas":[-0.031204,0.095263],"body_yaw":-0.032305,"check_collision":false},{"head":[[0.997222,0.032195,0.067163,-0.008519],[-0.028013,0.997663,-0.062316,0.004011],[-0.069013,0.060262,0.995794,-0.000264],[0.0,0.0,0.0,1.0]],"antennas":[-0.031204,0.095263],"body_yaw":-0.032305,"check_collision":false},{"head":[[0.997313,0.024413,0.069075,-0.008557],[-0.020194,0.997925,-0.061134,0.004129],[-0.070424,0.059575,0.995737,-0.000238],[0.0,0.0,0.0,1.0]],"antennas":[-0.031204,0.095263],"body_yaw":-0.032305,"check_collision":false},{"head":[[0.997312,0.023032,0.069556,-0.008313],[-0.018932,0.998076,-0.059046,0.004053],[-0.070782,0.057571,0.995829,-0.000409],[0.0,0.0,0.0,1.0]],"antennas":[-0.031204,0.095263],"body_yaw":-0.032305,"check_collision":false},{"head":[[0.997245,0.020585,0.071266,-0.00812],[-0.016418,0.998148,-0.058574,0.003814],[-0.07234,0.057243,0.995736,-0.000739],[0.0,0.0,0.0,1.0]],"antennas":[-0.031204,0.095263],"body_yaw":-0.032305,"check_collision":false},{"head":[[0.997162,0.01909,0.072826,-0.008107],[-0.014883,0.998213,-0.057881,0.003653],[-0.0738,0.056632,0.995664,-0.000915],[0.0,0.0,0.0,1.0]],"antennas":[-0.031204,0.095263],"body_yaw":-0.032305,"check_collision":false},{"head":[[0.997141,0.017596,0.073492,-0.008314],[-0.01347,0.998326,-0.056256,0.003811],[-0.074359,0.055105,0.995708,-0.000871],[0.0,0.0,0.0,1.0]],"antennas":[-0.031204,0.095263],"body_yaw":-0.032305,"check_collision":false},{"head":[[0.997198,0.015231,0.073246,-0.008421],[-0.011245,0.998449,-0.054532,0.004003],[-0.073963,0.053555,0.995822,-0.000721],[0.0,0.0,0.0,1.0]],"antennas":[-0.031204,0.095263],"body_yaw":-0.032305,"check_collision":false},{"head":[[0.997235,0.01139,0.07343,-0.008339],[-0.007482,0.998552,-0.053277,0.004009],[-0.07393,0.05258,0.995876,-0.000529],[0.0,0.0,0.0,1.0]],"antennas":[-0.031204,0.095263],"body_yaw":-0.032305,"check_collision":false},{"head":[[0.997222,0.009102,0.073932,-0.008241],[-0.005264,0.998636,-0.051951,0.004033],[-0.074304,0.051418,0.995909,-0.000513],[0.0,0.0,0.0,1.0]],"antennas":[-0.031204,0.095263],"body_yaw":-0.032305,"check_collision":false},{"head":[[0.997205,0.007374,0.074351,-0.008139],[-0.003537,0.998661,-0.051604,0.003815],[-0.074632,0.051197,0.995896,-0.000706],[0.0,0.0,0.0,1.0]],"antennas":[-0.031204,0.095263],"body_yaw":-0.032305,"check_collision":false},{"head":[[0.997125,0.004014,0.075667,-0.008137],[-0.000138,0.99869,-0.051168,0.003636],[-0.075774,0.051011,0.995819,-0.000766],[0.0,0.0,0.0,1.0]],"antennas":[-0.031204,0.095263],"body_yaw":-0.032305,"check_collision":false},{"head":[[0.997171,-0.001868,0.075146,-0.008174],[0.005699,0.998692,-0.050804,0.003536],[-0.074953,0.051088,0.995878,-0.000771],[0.0,0.0,0.0,1.0]],"antennas":[-0.031204,0.095263],"body_yaw":-0.032305,"check_collision":false},{"head":[[0.997199,-0.010014,0.074126,-0.00812],[0.013675,0.998702,-0.049054,0.003392],[-0.073538,0.04993,0.996042,-0.000819],[0.0,0.0,0.0,1.0]],"antennas":[-0.031204,0.095263],"body_yaw":-0.032305,"check_collision":false},{"head":[[0.996984,-0.019324,0.07517,-0.008033],[0.023036,0.998541,-0.048837,0.003174],[-0.074116,0.050421,0.995974,-0.000823],[0.0,0.0,0.0,1.0]],"antennas":[-0.031204,0.095263],"body_yaw":-0.032305,"check_collision":false},{"head":[[0.996614,-0.026969,0.07767,-0.007959],[0.030812,0.998337,-0.048714,0.003004],[-0.076228,0.050943,0.995788,-0.000794],[0.0,0.0,0.0,1.0]],"antennas":[-0.031204,0.095263],"body_yaw":-0.032305,"check_collision":false},{"head":[[0.996463,-0.030522,0.078289,-0.007887],[0.034216,0.998342,-0.046291,0.002826],[-0.076747,0.048806,0.995855,-0.000709],[0.0,0.0,0.0,1.0]],"antennas":[-0.031204,0.095263],"body_yaw":-0.032305,"check_collision":false},{"head":[[0.996229,-0.034177,0.079753,-0.007862],[0.037851,0.998269,-0.04502,0.002648],[-0.078076,0.047869,0.995798,-0.000624],[0.0,0.0,0.0,1.0]],"antennas":[-0.031204,0.095263],"body_yaw":-0.032305,"check_collision":false},{"head":[[0.995792,-0.041285,0.081821,-0.007828],[0.045063,0.997976,-0.044879,0.002519],[-0.079802,0.048377,0.995636,-0.000669],[0.0,0.0,0.0,1.0]],"antennas":[-0.031204,0.095263],"body_yaw":-0.032305,"check_collision":false},{"head":[[0.995118,-0.052728,0.083432,-0.007794],[0.056556,0.997421,-0.044201,0.002314],[-0.080886,0.048703,0.995533,-0.000798],[0.0,0.0,0.0,1.0]],"antennas":[-0.031204,0.095263],"body_yaw":-0.032305,"check_collision":false},{"head":[[0.994421,-0.062429,0.085027,-0.007855],[0.066177,0.996924,-0.041997,0.002149],[-0.082143,0.047389,0.995493,-0.000996],[0.0,0.0,0.0,1.0]],"antennas":[-0.031204,0.095263],"body_yaw":-0.032305,"check_collision":false},{"head":[[0.993936,-0.069168,0.085479,-0.007869],[0.072838,0.996518,-0.040585,0.002101],[-0.082374,0.046565,0.995513,-0.001113],[0.0,0.0,0.0,1.0]],"antennas":[-0.031204,0.095263],"body_yaw":-0.032305,"check_collision":false},{"head":[[0.993136,-0.078368,0.08683,-0.007878],[0.082124,0.995797,-0.040555,0.002038],[-0.083287,0.047407,0.995397,-0.001162],[0.0,0.0,0.0,1.0]],"antennas":[-0.031204,0.095263],"body_yaw":-0.032305,"check_collision":false},{"head":[[0.992157,-0.089895,0.086852,-0.007888],[0.093599,0.994824,-0.039556,0.001951],[-0.082846,0.047375,0.995436,-0.001096],[0.0,0.0,0.0,1.0]],"antennas":[-0.031204,0.095263],"body_yaw":-0.032305,"check_collision":false},{"head":[[0.991055,-0.101362,0.086803,-0.007902],[0.104969,0.993748,-0.038038,0.00193],[-0.082405,0.04681,0.995499,-0.000926],[0.0,0.0,0.0,1.0]],"antennas":[-0.031204,0.095263],"body_yaw":-0.032305,"check_collision":false},{"head":[[0.990397,-0.108713,0.085407,-0.00782],[0.11213,0.993032,-0.036265,0.00192],[-0.08087,0.045493,0.995686,-0.000719],[0.0,0.0,0.0,1.0]],"antennas":[-0.031204,0.095263],"body_yaw":-0.032305,"check_collision":false},{"head":[[0.990164,-0.111976,0.083888,-0.007665],[0.115275,0.992697,-0.035551,0.001885],[-0.079294,0.044871,0.995841,-0.000673],[0.0,0.0,0.0,1.0]],"antennas":[-0.031204,0.095263],"body_yaw":-0.032305,"check_collision":false},{"head":[[0.989923,-0.113795,0.084283,-0.007562],[0.117116,0.992481,-0.03556,0.001756],[-0.079602,0.045072,0.995807,-0.000712],[0.0,0.0,0.0,1.0]],"antennas":[-0.031204,0.095263],"body_yaw":-0.032305,"check_collision":false},{"head":[[0.989772,-0.115132,0.084234,-0.007521],[0.118448,0.992326,-0.035475,0.001551],[-0.079503,0.04509,0.995814,-0.000685],[0.0,0.0,0.0,1.0]],"antennas":[-0.031204,0.095263],"body_yaw":-0.032305,"check_collision":false},{"head":[[0.989375,-0.118218,0.084628,-0.007546],[0.121554,0.991954,-0.035393,0.001335],[-0.079763,0.045304,0.995784,-0.000626],[0.0,0.0,0.0,1.0]],"antennas":[-0.031204,0.095263],"body_yaw":-0.032305,"check_collision":false},{"head":[[0.988968,-0.121213,0.085144,-0.007559],[0.124637,0.991546,-0.036096,0.001199],[-0.080049,0.04631,0.995715,-0.000516],[0.0,0.0,0.0,1.0]],"antennas":[-0.031204,0.095263],"body_yaw":-0.032305,"check_collision":false},{"head":[[0.988993,-0.120909,0.085283,-0.007482],[0.124286,0.991613,-0.03544,0.001048],[-0.080283,0.045649,0.995726,-0.000363],[0.0,0.0,0.0,1.0]],"antennas":[-0.031204,0.095263],"body_yaw":-0.032305,"check_collision":false},{"head":[[0.989067,-0.119576,0.086299,-0.00736],[0.122964,0.991792,-0.035056,0.000932],[-0.081399,0.045285,0.995652,-0.000194],[0.0,0.0,0.0,1.0]],"antennas":[-0.031204,0.095263],"body_yaw":-0.032305,"check_collision":false},{"head":[[0.988911,-0.121149,0.0859,-0.007246],[0.124491,0.991615,-0.034657,0.000886],[-0.080981,0.044967,0.995701,-7e-05],[0.0,0.0,0.0,1.0]],"antennas":[-0.031204,0.095263],"body_yaw":-0.032305,"check_collision":false},{"head":[[0.988595,-0.123845,0.085685,-0.007149],[0.127179,0.991277,-0.034587,0.000876],[-0.080655,0.04509,0.995722,-6e-06],[0.0,0.0,0.0,1.0]],"antennas":[-0.031204,0.095263],"body_yaw":-0.032305,"check_collision":false},{"head":[[0.988352,-0.125999,0.085353,-0.007038],[0.129302,0.991011,-0.034332,0.00087],[-0.08026,0.044968,0.995759,-5.9e-05],[0.0,0.0,0.0,1.0]],"antennas":[-0.031204,0.095263],"body_yaw":-0.032305,"check_collision":false},{"head":[[0.988011,-0.128258,0.085935,-0.00691],[0.131632,0.990688,-0.034789,0.000882],[-0.080673,0.045683,0.995693,-0.000268],[0.0,0.0,0.0,1.0]],"antennas":[-0.031204,0.095263],"body_yaw":-0.032305,"check_collision":false},{"head":[[0.987352,-0.132206,0.087508,-0.006793],[0.135735,0.990103,-0.035661,0.00095],[-0.081927,0.047088,0.995525,-0.000466],[0.0,0.0,0.0,1.0]],"antennas":[-0.031204,0.095263],"body_yaw":-0.032305,"check_collision":false},{"head":[[0.98653,-0.138099,0.087682,-0.006789],[0.141703,0.989244,-0.036274,0.001102],[-0.081729,0.04821,0.995488,-0.000428],[0.0,0.0,0.0,1.0]],"antennas":[-0.031204,0.095263],"body_yaw":-0.032305,"check_collision":false},{"head":[[0.985618,-0.14534,0.086212,-0.006868],[0.148865,0.988204,-0.035937,0.00131],[-0.079972,0.048254,0.995628,-0.00025],[0.0,0.0,0.0,1.0]],"antennas":[-0.031204,0.095263],"body_yaw":-0.031036,"check_collision":false},{"head":[[0.98454,-0.152979,0.085309,-0.006901],[0.156471,0.987032,-0.035837,0.001521],[-0.07872,0.048631,0.99571,-0.000141],[0.0,0.0,0.0,1.0]],"antennas":[-0.031204,0.095263],"body_yaw":-0.023478,"check_collision":false},{"head":[[0.983509,-0.159866,0.084576,-0.006818],[0.163343,0.985916,-0.035888,0.001698],[-0.077647,0.049111,0.995771,-0.000273],[0.0,0.0,0.0,1.0]],"antennas":[-0.031204,0.095263],"body_yaw":-0.015403,"check_collision":false},{"head":[[0.982279,-0.16759,0.08391,-0.006714],[0.171032,0.984621,-0.035622,0.001871],[-0.07665,0.049342,0.995836,-0.000376],[0.0,0.0,0.0,1.0]],"antennas":[-0.031204,0.095263],"body_yaw":-0.013141,"check_collision":false},{"head":[[0.980982,-0.175393,0.083141,-0.006789],[0.178846,0.983218,-0.036018,0.002118],[-0.075428,0.050203,0.995887,-0.000382],[0.0,0.0,0.0,1.0]],"antennas":[-0.031204,0.095263],"body_yaw":-0.013141,"check_collision":false},{"head":[[0.98013,-0.181065,0.081001,-0.006937],[0.18437,0.982222,-0.03532,0.002372],[-0.073165,0.049552,0.996088,-0.000436],[0.0,0.0,0.0,1.0]],"antennas":[-0.031204,0.095263],"body_yaw":-0.013141,"check_collision":false},{"head":[[0.978993,-0.187428,0.080272,-0.006995],[0.190671,0.981038,-0.034776,0.00264],[-0.072232,0.049351,0.996166,-0.000653],[0.0,0.0,0.0,1.0]],"antennas":[-0.031204,0.095263],"body_yaw":-0.013141,"check_collision":false},{"head":[[0.977385,-0.195947,0.079519,-0.006966],[0.199136,0.979372,-0.034294,0.002838],[-0.071159,0.049353,0.996243,-0.00081],[0.0,0.0,0.0,1.0]],"antennas":[-0.031204,0.095263],"body_yaw":-0.013141,"check_collision":false},{"head":[[0.975863,-0.203796,0.078473,-0.006946],[0.206901,0.977784,-0.033616,0.00312],[-0.069879,0.049041,0.996349,-0.000884],[0.0,0.0,0.0,1.0]],"antennas":[-0.031204,0.095263],"body_yaw":-0.013141,"check_collision":false},{"head":[[0.974767,-0.209222,0.077812,-0.006909],[0.212344,0.976597,-0.03418,0.003367],[-0.06884,0.04984,0.996382,-0.000977],[0.0,0.0,0.0,1.0]],"antennas":[-0.031204,0.095263],"body_yaw":-0.013141,"check_collision":false},{"head":[[0.973534,-0.214852,0.077909,-0.006865],[0.21801,0.975337,-0.034493,0.00349],[-0.068577,0.050565,0.996364,-0.001039],[0.0,0.0,0.0,1.0]],"antennas":[-0.031204,0.095263],"body_yaw":-0.013141,"check_collision":false},{"head":[[0.971371,-0.224465,0.07781,-0.006916],[0.227635,0.973135,-0.03449,0.003657],[-0.067978,0.051215,0.996371,-0.001034],[0.0,0.0,0.0,1.0]],"antennas":[-0.031204,0.095263],"body_yaw":-0.013141,"check_collision":false},{"head":[[0.96813,-0.237808,0.078555,-0.006992],[0.241078,0.969874,-0.035019,0.003919],[-0.06786,0.052841,0.996295,-0.001107],[0.0,0.0,0.0,1.0]],"antennas":[-0.031204,0.095263],"body_yaw":-0.006311,"check_collision":false},{"head":[[0.963762,-0.254734,0.079202,-0.007089],[0.258138,0.965436,-0.036036,0.004283],[-0.067285,0.055175,0.996207,-0.001327],[0.0,0.0,0.0,1.0]],"antennas":[-0.031204,0.095263],"body_yaw":0.020205,"check_collision":false},{"head":[[0.958866,-0.272708,0.078778,-0.007284],[0.276056,0.9605,-0.0351,0.004578],[-0.066095,0.055403,0.996274,-0.001544],[0.0,0.0,0.0,1.0]],"antennas":[-0.031204,0.095263],"body_yaw":0.06009,"check_collision":false},{"head":[[0.953194,-0.29195,0.078651,-0.00743],[0.29522,0.954841,-0.033517,0.00447],[-0.065313,0.055168,0.996339,-0.00169],[0.0,0.0,0.0,1.0]],"antennas":[-0.031204,0.095263],"body_yaw":0.107042,"check_collision":false},{"head":[[0.946732,-0.312183,0.078998,-0.007649],[0.315477,0.948358,-0.033051,0.004429],[-0.0646,0.056213,0.996327,-0.001728],[0.0,0.0,0.0,1.0]],"antennas":[-0.031204,0.095263],"body_yaw":0.157888,"check_collision":false},{"head":[[0.938521,-0.336893,0.075373,-0.007898],[0.34006,0.939799,-0.033723,0.004265],[-0.059475,0.057281,0.996585,-0.001557],[0.0,0.0,0.0,1.0]],"antennas":[-0.031204,0.095263],"body_yaw":0.204937,"check_collision":false},{"head":[[0.929776,-0.36098,0.072184,-0.008167],[0.364043,0.930738,-0.034637,0.0041],[-0.054681,0.058483,0.99679,-0.001368],[0.0,0.0,0.0,1.0]],"antennas":[-0.031204,0.095263],"body_yaw":0.25509,"check_collision":false},{"head":[[0.922384,-0.380184,0.068328,-0.00826],[0.383065,0.923051,-0.035181,0.003739],[-0.049695,0.058625,0.997042,-0.001342],[0.0,0.0,0.0,1.0]],"antennas":[-0.031204,0.095263],"body_yaw":0.309122,"check_collision":false},{"head":[[0.914358,-0.398669,0.070804,-0.008442],[0.401642,0.915173,-0.033805,0.003456],[-0.051321,0.059348,0.996917,-0.001628],[0.0,0.0,0.0,1.0]],"antennas":[-0.031204,0.095263],"body_yaw":0.365142,"check_collision":false},{"head":[[0.904692,-0.419111,0.07667,-0.008676],[0.422707,0.905459,-0.038239,0.003049],[-0.053395,0.067003,0.996323,-0.001653],[0.0,0.0,0.0,1.0]],"antennas":[-0.031204,0.095263],"body_yaw":0.420315,"check_collision":false},{"head":[[0.893912,-0.440797,0.081363,-0.00883],[0.445,0.894498,-0.043002,0.002808],[-0.053824,0.074646,0.995756,-0.001518],[0.0,0.0,0.0,1.0]],"antennas":[-0.031204,0.095263],"body_yaw":0.472729,"check_collision":false},{"head":[[0.88605,-0.456078,0.083111,-0.00903],[0.460546,0.886481,-0.045268,0.00254],[-0.05303,0.078386,0.995512,-0.001761],[0.0,0.0,0.0,1.0]],"antennas":[-0.031204,0.095263],"body_yaw":0.520393,"check_collision":false},{"head":[[0.879812,-0.46928,0.075546,-0.009181],[0.473084,0.879942,-0.043503,0.001912],[-0.046061,0.074014,0.996193,-0.001772],[0.0,0.0,0.0,1.0]],"antennas":[-0.031204,0.095263],"body_yaw":0.564612,"check_collision":false},{"head":[[0.872759,-0.483431,0.067719,-0.009321],[0.48657,0.872676,-0.041057,0.001222],[-0.039248,0.068783,0.996859,-0.001447],[0.0,0.0,0.0,1.0]],"antennas":[-0.031204,0.095263],"body_yaw":0.612723,"check_collision":false},{"head":[[0.866696,-0.494492,0.065688,-0.009476],[0.497512,0.866456,-0.04166,0.000585],[-0.036316,0.068787,0.99697,-0.001114],[0.0,0.0,0.0,1.0]],"antennas":[-0.031204,0.095263],"body_yaw":0.665065,"check_collision":false},{"head":[[0.861413,-0.503822,0.064271,-0.009506],[0.506758,0.861058,-0.042145,-8.3e-05],[-0.034107,0.068874,0.997042,-0.000975],[0.0,0.0,0.0,1.0]],"antennas":[-0.031204,0.095263],"body_yaw":0.715953,"check_collision":false},{"head":[[0.857662,-0.510221,0.063952,-0.00947],[0.513112,0.857317,-0.041528,-0.000706],[-0.033638,0.068432,0.997089,-0.000869],[0.0,0.0,0.0,1.0]],"antennas":[-0.031204,0.095263],"body_yaw":0.752987,"check_collision":false},{"head":[[0.858136,-0.509319,0.064784,-0.009435],[0.512251,0.857854,-0.041052,-0.001295],[-0.034667,0.068414,0.997055,-0.000673],[0.0,0.0,0.0,1.0]],"antennas":[-0.031204,0.095263],"body_yaw":0.762731,"check_collision":false},{"head":[[0.857313,-0.510793,0.064074,-0.009378],[0.513671,0.857011,-0.040917,-0.001469],[-0.034012,0.067992,0.997106,-0.000745],[0.0,0.0,0.0,1.0]],"antennas":[-0.031204,0.095263],"body_yaw":0.762731,"check_collision":false},{"head":[[0.855564,-0.51385,0.062987,-0.00944],[0.516654,0.855215,-0.040937,-0.001761],[-0.032832,0.067567,0.997174,-0.000448],[0.0,0.0,0.0,1.0]],"antennas":[-0.031204,0.095263],"body_yaw":0.762731,"check_collision":false},{"head":[[0.854827,-0.515121,0.062621,-0.009467],[0.51794,0.854376,-0.04219,-0.001975],[-0.031768,0.068499,0.997145,-0.000186],[0.0,0.0,0.0,1.0]],"antennas":[-0.031204,0.095263],"body_yaw":0.762731,"check_collision":false},{"head":[[0.855447,-0.514187,0.061823,-0.009259],[0.5169,0.855084,-0.040569,-0.002369],[-0.032004,0.066661,0.997262,-9.9e-05],[0.0,0.0,0.0,1.0]],"antennas":[-0.031204,0.095263],"body_yaw":0.762731,"check_collision":false},{"head":[[0.85617,-0.51292,0.062333,-0.00915],[0.515637,0.85589,-0.039626,-0.002657],[-0.033025,0.066068,0.997268,-0.000115],[0.0,0.0,0.0,1.0]],"antennas":[-0.031204,0.095263],"body_yaw":0.762731,"check_collision":false},{"head":[[0.85673,-0.511993,0.062266,-0.009102],[0.514665,0.85653,-0.038422,-0.002885],[-0.033661,0.064964,0.99732,9e-06],[0.0,0.0,0.0,1.0]],"antennas":[-0.031204,0.095263],"body_yaw":0.762731,"check_collision":false},{"head":[[0.856317,-0.51308,0.058911,-0.008998],[0.515542,0.855996,-0.038574,-0.003335],[-0.030636,0.063402,0.997518,0.000311],[0.0,0.0,0.0,1.0]],"antennas":[-0.031204,0.095263],"body_yaw":0.762731,"check_collision":false},{"head":[[0.856789,-0.512056,0.060917,-0.00884],[0.514632,0.856563,-0.038125,-0.003856],[-0.032657,0.064015,0.997414,0.000688],[0.0,0.0,0.0,1.0]],"antennas":[-0.031204,0.095263],"body_yaw":0.762731,"check_collision":false},{"head":[[0.858368,-0.509493,0.060178,-0.0087],[0.511996,0.858177,-0.037321,-0.004193],[-0.032629,0.062846,0.99749,0.000924],[0.0,0.0,0.0,1.0]],"antennas":[-0.031204,0.095263],"body_yaw":0.762731,"check_collision":false},{"head":[[0.859342,-0.508036,0.058577,-0.008826],[0.510456,0.859071,-0.037843,-0.004242],[-0.031096,0.062421,0.997565,0.000549],[0.0,0.0,0.0,1.0]],"antennas":[-0.031204,0.095263],"body_yaw":0.762731,"check_collision":false},{"head":[[0.859666,-0.507471,0.058721,-0.008805],[0.509949,0.8593,-0.039436,-0.004453],[-0.030446,0.063846,0.997495,0.000596],[0.0,0.0,0.0,1.0]],"antennas":[-0.031204,0.095263],"body_yaw":0.762731,"check_collision":false},{"head":[[0.860763,-0.505411,0.060386,-0.008664],[0.507985,0.86048,-0.039061,-0.004319],[-0.032219,0.064297,0.997411,0.0004],[0.0,0.0,0.0,1.0]],"antennas":[-0.031204,0.095263],"body_yaw":0.762731,"check_collision":false},{"head":[[0.862792,-0.502029,0.059643,-0.008662],[0.504518,0.862571,-0.03786,-0.004048],[-0.032439,0.062756,0.997502,0.000411],[0.0,0.0,0.0,1.0]],"antennas":[-0.031204,0.095263],"body_yaw":0.762731,"check_collision":false},{"head":[[0.864446,-0.499125,0.06006,-0.008752],[0.501653,0.864224,-0.038235,-0.003895],[-0.032821,0.063181,0.997462,0.000472],[0.0,0.0,0.0,1.0]],"antennas":[-0.031204,0.095263],"body_yaw":0.762731,"check_collision":false},{"head":[[0.866166,-0.495811,0.062668,-0.008549],[0.498517,0.866023,-0.038529,-0.003867],[-0.035169,0.064614,0.99729,0.000886],[0.0,0.0,0.0,1.0]],"antennas":[-0.031204,0.095263],"body_yaw":0.762731,"check_collision":false},{"head":[[0.869481,-0.489961,0.06277,-0.008515],[0.492676,0.869358,-0.038572,-0.00327],[-0.035671,0.064463,0.997282,0.000966],[0.0,0.0,0.0,1.0]],"antennas":[-0.031204,0.095263],"body_yaw":0.762731,"check_collision":false},{"head":[[0.873767,-0.482494,0.061069,-0.008387],[0.485139,0.873537,-0.039668,-0.003234],[-0.034207,0.064288,0.997345,0.000966],[0.0,0.0,0.0,1.0]],"antennas":[-0.031204,0.095263],"body_yaw":0.762731,"check_collision":false},{"head":[[0.878447,-0.474032,0.060205,-0.00828],[0.47669,0.878085,-0.04163,-0.003336],[-0.033131,0.065269,0.997318,0.001172],[0.0,0.0,0.0,1.0]],"antennas":[-0.031204,0.095263],"body_yaw":0.762731,"check_collision":false},{"head":[[0.882907,-0.465579,0.060922,-0.008277],[0.468395,0.882381,-0.044825,-0.003377],[-0.032886,0.068112,0.997136,0.000537],[0.0,0.0,0.0,1.0]],"antennas":[-0.031204,0.095263],"body_yaw":0.762731,"check_collision":false},{"head":[[0.887825,-0.456607,0.057244,-0.008129],[0.459226,0.887111,-0.046317,-0.003186],[-0.029633,0.067409,0.997285,0.000461],[0.0,0.0,0.0,1.0]],"antennas":[-0.031204,0.095263],"body_yaw":0.762731,"check_collision":false},{"head":[[0.891763,-0.449124,0.055186,-0.008118],[0.451666,0.890882,-0.04824,-0.002627],[-0.027498,0.067944,0.99731,0.000324],[0.0,0.0,0.0,1.0]],"antennas":[-0.031204,0.095263],"body_yaw":0.762731,"check_collision":false},{"head":[[0.895131,-0.442523,0.053978,-0.007968],[0.444996,0.894219,-0.048496,-0.002568],[-0.026807,0.06743,0.997364,0.000708],[0.0,0.0,0.0,1.0]],"antennas":[-0.031204,0.095263],"body_yaw":0.762731,"check_collision":false},{"head":[[0.899459,-0.433715,0.053528,-0.0078],[0.436147,0.898606,-0.047779,-0.002598],[-0.027378,0.066321,0.997423,0.001132],[0.0,0.0,0.0,1.0]],"antennas":[-0.031204,0.095263],"body_yaw":0.762731,"check_collision":false},{"head":[[0.905015,-0.421804,0.055044,-0.007768],[0.424435,0.904033,-0.050792,-0.002419],[-0.028337,0.06933,0.997191,0.001209],[0.0,0.0,0.0,1.0]],"antennas":[-0.031204,0.095263],"body_yaw":0.762731,"check_collision":false},{"head":[[0.910976,-0.408756,0.05514,-0.007766],[0.411616,0.909496,-0.058221,-0.002103],[-0.026352,0.075735,0.99678,0.001031],[0.0,0.0,0.0,1.0]],"antennas":[-0.031204,0.095263],"body_yaw":0.762731,"check_collision":false},{"head":[[0.916823,-0.395773,0.052912,-0.007784],[0.398656,0.914774,-0.065281,-0.001974],[-0.022566,0.080945,0.996463,0.000772],[0.0,0.0,0.0,1.0]],"antennas":[-0.031204,0.095263],"body_yaw":0.762731,"check_collision":false},{"head":[[0.922322,-0.383016,0.051194,-0.007691],[0.385889,0.919889,-0.069955,-0.001832],[-0.020299,0.084276,0.996236,0.000503],[0.0,0.0,0.0,1.0]],"antennas":[-0.031204,0.095263],"body_yaw":0.762731,"check_collision":false},{"head":[[0.928226,-0.368406,0.051714,-0.007678],[0.371444,0.925516,-0.073824,-0.00159],[-0.020665,0.087734,0.99593,0.000387],[0.0,0.0,0.0,1.0]],"antennas":[-0.031204,0.095263],"body_yaw":0.762731,"check_collision":false},{"head":[[0.93508,-0.35071,0.051257,-0.007678],[0.353832,0.932114,-0.077246,-0.001298],[-0.020687,0.090367,0.995694,0.0006],[0.0,0.0,0.0,1.0]],"antennas":[-0.031204,0.095263],"body_yaw":0.762731,"check_collision":false},{"head":[[0.942306,-0.331509,0.046491,-0.007621],[0.334389,0.938635,-0.084545,-0.001063],[-0.01561,0.095213,0.995335,0.001056],[0.0,0.0,0.0,1.0]],"antennas":[-0.031204,0.095263],"body_yaw":0.762731,"check_collision":false},{"head":[[0.950424,-0.308403,0.039773,-0.007481],[0.31084,0.945768,-0.094348,-0.00066],[-0.008518,0.102034,0.994744,0.00146],[0.0,0.0,0.0,1.0]],"antennas":[-0.031204,0.095263],"body_yaw":0.746136,"check_collision":false},{"head":[[0.958824,-0.281846,0.034912,-0.007353],[0.283976,0.953056,-0.105085,-0.000271],[-0.003656,0.110672,0.99385,0.001721],[0.0,0.0,0.0,1.0]],"antennas":[-0.031204,0.095263],"body_yaw":0.698124,"check_collision":false},{"head":[[0.966858,-0.253129,0.03333,-0.007319],[0.255296,0.960069,-0.11442,-4.5e-05],[-0.003036,0.119137,0.992873,0.001686],[0.0,0.0,0.0,1.0]],"antennas":[-0.031204,0.095263],"body_yaw":0.642683,"check_collision":false},{"head":[[0.97388,-0.224736,0.032439,-0.007299],[0.227016,0.96664,-0.118621,-0.000104],[-0.004698,0.122886,0.99241,0.001606],[0.0,0.0,0.0,1.0]],"antennas":[-0.031204,0.095263],"body_yaw":0.58702,"check_collision":false},{"head":[[0.979811,-0.198266,0.025711,-0.007196],[0.199926,0.971467,-0.127602,-0.000184],[0.000322,0.130166,0.991492,0.001574],[0.0,0.0,0.0,1.0]],"antennas":[-0.031204,0.095263],"body_yaw":0.532325,"check_collision":false},{"head":[[0.984204,-0.175995,0.01921,-0.007101],[0.17692,0.97373,-0.143349,0.0],[0.006524,0.144483,0.989486,0.001483],[0.0,0.0,0.0,1.0]],"antennas":[-0.031204,0.095263],"body_yaw":0.476961,"check_collision":false},{"head":[[0.988545,-0.150648,0.00913,-0.006787],[0.150247,0.976577,-0.154021,0.000252],[0.014287,0.153628,0.988025,0.001351],[0.0,0.0,0.0,1.0]],"antennas":[-0.031204,0.095263],"body_yaw":0.420538,"check_collision":false},{"head":[[0.992827,-0.119556,-0.001282,-0.006398],[0.117815,0.98008,-0.159885,0.000496],[0.020372,0.158587,0.987135,0.001121],[0.0,0.0,0.0,1.0]],"antennas":[-0.031204,0.095263],"body_yaw":0.36513,"check_collision":false},{"head":[[0.99605,-0.088509,-0.007175,-0.006125],[0.086074,0.982187,-0.167035,0.000952],[0.021831,0.165758,0.985925,0.00074],[0.0,0.0,0.0,1.0]],"antennas":[-0.031204,0.095263],"body_yaw":0.309957,"check_collision":false},{"head":[[0.998078,-0.06005,-0.015313,-0.005996],[0.056349,0.982231,-0.179019,0.001393],[0.025791,0.177812,0.983726,0.000403],[0.0,0.0,0.0,1.0]],"antennas":[-0.031204,0.095263],"body_yaw":0.259483,"check_collision":false},{"head":[[0.999165,-0.031527,-0.02598,-0.005967],[0.026059,0.98163,-0.189004,0.001562],[0.031461,0.18817,0.981632,4.7e-05],[0.0,0.0,0.0,1.0]],"antennas":[-0.031204,0.095263],"body_yaw":0.216564,"check_collision":false},{"head":[[0.999364,-0.002967,-0.035548,-0.005783],[-0.004101,0.980373,-0.197109,0.001597],[0.035435,0.19713,0.979737,-0.000491],[0.0,0.0,0.0,1.0]],"antennas":[-0.031204,0.095263],"body_yaw":0.183921,"check_collision":false},{"head":[[0.998917,0.027645,-0.037428,-0.00546],[-0.034818,0.977694,-0.207127,0.001754],[0.030867,0.208206,0.977598,-0.001133],[0.0,0.0,0.0,1.0]],"antennas":[-0.031204,0.095263],"body_yaw":0.164846,"check_collision":false},{"head":[[0.998003,0.050946,-0.037348,-0.005292],[-0.057853,0.974557,-0.216545,0.002023],[0.025365,0.218274,0.975558,-0.001628],[0.0,0.0,0.0,1.0]],"antennas":[-0.031204,0.095263],"body_yaw":0.161636,"check_collision":false},{"head":[[0.996331,0.073282,-0.044208,-0.005215],[-0.08133,0.971543,-0.222462,0.002322],[0.026648,0.225241,0.973939,-0.00178],[0.0,0.0,0.0,1.0]],"antennas":[-0.031204,0.095263],"body_yaw":0.161636,"check_collision":false},{"head":[[0.993306,0.101864,-0.054469,-0.005024],[-0.111748,0.966794,-0.229829,0.002565],[0.029249,0.234378,0.971705,-0.001896],[0.0,0.0,0.0,1.0]],"antennas":[-0.031204,0.095263],"body_yaw":0.161636,"check_collision":false},{"head":[[0.989114,0.132956,-0.063064,-0.004657],[-0.144314,0.960224,-0.239045,0.002741],[0.028773,0.245544,0.968958,-0.002207],[0.0,0.0,0.0,1.0]],"antennas":[-0.031204,0.095263],"body_yaw":0.161636,"check_collision":false},{"head":[[0.98391,0.162761,-0.073693,-0.004379],[-0.176238,0.951917,-0.250589,0.00315],[0.029364,0.259544,0.965285,-0.00254],[0.0,0.0,0.0,1.0]],"antennas":[-0.031204,0.095263],"body_yaw":0.161636,"check_collision":false},{"head":[[0.978539,0.186645,-0.087327,-0.004159],[-0.203395,0.942833,-0.264,0.003738],[0.033061,0.276096,0.960561,-0.002849],[0.0,0.0,0.0,1.0]],"antennas":[-0.031204,0.095263],"body_yaw":0.161636,"check_collision":false},{"head":[[0.972282,0.21216,-0.098262,-0.003855],[-0.231333,0.93392,-0.272542,0.004059],[0.033946,0.287719,0.957113,-0.003478],[0.0,0.0,0.0,1.0]],"antennas":[-0.031204,0.095263],"body_yaw":0.161636,"check_collision":false},{"head":[[0.964729,0.242344,-0.102796,-0.00369],[-0.261851,0.92356,-0.280125,0.004153],[0.027051,0.297162,0.954444,-0.004405],[0.0,0.0,0.0,1.0]],"antennas":[-0.031204,0.095263],"body_yaw":0.161636,"check_collision":false},{"head":[[0.955579,0.273476,-0.109911,-0.003763],[-0.294079,0.909558,-0.293636,0.004466],[0.019668,0.312915,0.949578,-0.005547],[0.0,0.0,0.0,1.0]],"antennas":[-0.031204,0.095263],"body_yaw":0.161636,"check_collision":false},{"head":[[0.945436,0.303468,-0.118562,-0.003779],[-0.325577,0.893655,-0.308837,0.004986],[0.012232,0.330587,0.943696,-0.006587],[0.0,0.0,0.0,1.0]],"antennas":[-0.031204,0.095263],"body_yaw":0.161636,"check_collision":false},{"head":[[0.938991,0.323065,-0.118003,-0.003614],[-0.343941,0.881291,-0.324084,0.005457],[-0.000706,0.344898,0.93864,-0.007196],[0.0,0.0,0.0,1.0]],"antennas":[-0.031204,0.095263],"body_yaw":0.161636,"check_collision":false},{"head":[[0.932552,0.340062,-0.121259,-0.003219],[-0.360991,0.873073,-0.327762,0.005512],[-0.005591,0.349429,0.936946,-0.007472],[0.0,0.0,0.0,1.0]],"antennas":[-0.031204,0.095263],"body_yaw":0.161636,"check_collision":false},{"head":[[0.924719,0.360171,-0.123176,-0.002994],[-0.380469,0.86452,-0.328405,0.005143],[-0.011793,0.350547,0.936471,-0.007624],[0.0,0.0,0.0,1.0]],"antennas":[-0.031204,0.095263],"body_yaw":0.161636,"check_collision":false},{"head":[[0.916947,0.377862,-0.128174,-0.002821],[-0.398743,0.85604,-0.328936,0.004753],[-0.01457,0.352725,0.935613,-0.007823],[0.0,0.0,0.0,1.0]],"antennas":[-0.031204,0.095263],"body_yaw":0.161636,"check_collision":false},{"head":[[0.910824,0.390397,-0.134126,-0.002496],[-0.412588,0.850679,-0.325754,0.004429],[-0.013076,0.352043,0.935892,-0.00807],[0.0,0.0,0.0,1.0]],"antennas":[-0.031204,0.095263],"body_yaw":0.161636,"check_collision":false},{"head":[[0.906233,0.39973,-0.137691,-0.002299],[-0.422571,0.846171,-0.324698,0.004279],[-0.013282,0.352436,0.935742,-0.008378],[0.0,0.0,0.0,1.0]],"antennas":[-0.031204,0.095263],"body_yaw":0.161636,"check_collision":false},{"head":[[0.899198,0.412147,-0.146896,-0.002108],[-0.43742,0.838832,-0.324075,0.004125],[-0.010346,0.355663,0.934557,-0.008768],[0.0,0.0,0.0,1.0]],"antennas":[-0.031204,0.095263],"body_yaw":0.161636,"check_collision":false},{"head":[[0.890802,0.426412,-0.156984,-0.002008],[-0.454334,0.83035,-0.322645,0.00398],[-0.007228,0.358737,0.933411,-0.009178],[0.0,0.0,0.0,1.0]],"antennas":[-0.031204,0.095263],"body_yaw":0.161636,"check_collision":false},{"head":[[0.883745,0.436792,-0.16795,-0.001915],[-0.467966,0.823616,-0.320414,0.003841],[-0.001628,0.361759,0.93227,-0.009385],[0.0,0.0,0.0,1.0]],"antennas":[-0.031204,0.095263],"body_yaw":0.161636,"check_collision":false},{"head":[[0.877903,0.445608,-0.175271,-0.001737],[-0.478834,0.818454,-0.317571,0.003834],[0.001939,0.362722,0.931895,-0.009404],[0.0,0.0,0.0,1.0]],"antennas":[-0.031204,0.095263],"body_yaw":0.161636,"check_collision":false},{"head":[[0.870577,0.458789,-0.177785,-0.001539],[-0.492031,0.811008,-0.3165,0.003706],[-0.001022,0.363013,0.931784,-0.009418],[0.0,0.0,0.0,1.0]],"antennas":[-0.031204,0.095263],"body_yaw":0.161636,"check_collision":false},{"head":[[0.864354,0.468301,-0.183264,-0.001482],[-0.502883,0.805415,-0.313711,0.003629],[0.000693,0.363318,0.931665,-0.009487],[0.0,0.0,0.0,1.0]],"antennas":[-0.031204,0.095263],"body_yaw":0.161636,"check_collision":false},{"head":[[0.859916,0.473758,-0.189995,-0.00144],[-0.510406,0.802053,-0.310155,0.003718],[0.005447,0.363682,0.931507,-0.009425],[0.0,0.0,0.0,1.0]],"antennas":[-0.031204,0.095263],"body_yaw":0.161636,"check_collision":false},{"head":[[0.855113,0.479133,-0.198025,-0.001319],[-0.518302,0.798937,-0.30506,0.003772],[0.012046,0.363498,0.931517,-0.009612],[0.0,0.0,0.0,1.0]],"antennas":[-0.031204,0.095263],"body_yaw":0.161636,"check_collision":false},{"head":[[0.853617,0.480735,-0.200578,-0.001217],[-0.520732,0.797356,-0.305061,0.003572],[0.013278,0.364853,0.930971,-0.009751],[0.0,0.0,0.0,1.0]],"antennas":[-0.031204,0.095263],"body_yaw":0.161636,"check_collision":false},{"head":[[0.855007,0.47975,-0.196987,-0.001263],[-0.518532,0.797652,-0.308018,0.003217],[0.009355,0.365501,0.930764,-0.009906],[0.0,0.0,0.0,1.0]],"antennas":[-0.031204,0.095263],"body_yaw":0.161636,"check_collision":false},{"head":[[0.855296,0.481135,-0.192296,-0.001392],[-0.518127,0.796853,-0.310758,0.002927],[0.003715,0.365423,0.930834,-0.009872],[0.0,0.0,0.0,1.0]],"antennas":[-0.031204,0.095263],"body_yaw":0.161636,"check_collision":false},{"head":[[0.854652,0.483083,-0.190267,-0.001471],[-0.5192,0.795975,-0.311214,0.00297],[0.001105,0.364766,0.931098,-0.009805],[0.0,0.0,0.0,1.0]],"antennas":[-0.031204,0.095263],"body_yaw":0.161636,"check_collision":false},{"head":[[0.855173,0.482315,-0.189874,-0.001536],[-0.518341,0.796659,-0.310896,0.00313],[0.001315,0.364289,0.931285,-0.009541],[0.0,0.0,0.0,1.0]],"antennas":[-0.031204,0.095263],"body_yaw":0.161636,"check_collision":false},{"head":[[0.855426,0.482392,-0.188531,-0.001532],[-0.517924,0.797102,-0.310456,0.003424],[0.000517,0.363216,0.931705,-0.009464],[0.0,0.0,0.0,1.0]],"antennas":[-0.031204,0.095263],"body_yaw":0.161636,"check_collision":false},{"head":[[0.855324,0.484197,-0.184322,-0.001473],[-0.518084,0.797144,-0.31008,0.003475],[-0.003209,0.360713,0.932671,-0.009522],[0.0,0.0,0.0,1.0]],"antennas":[-0.031204,0.095263],"body_yaw":0.161636,"check_collision":false},{"head":[[0.855392,0.484975,-0.181945,-0.001508],[-0.517951,0.79704,-0.310569,0.003303],[-0.005601,0.359897,0.932975,-0.009669],[0.0,0.0,0.0,1.0]],"antennas":[-0.031204,0.095263],"body_yaw":0.161636,"check_collision":false},{"head":[[0.856401,0.484284,-0.179015,-0.001623],[-0.516237,0.797305,-0.312735,0.003122],[-0.008723,0.360241,0.932819,-0.009874],[0.0,0.0,0.0,1.0]],"antennas":[-0.031204,0.095263],"body_yaw":0.161636,"check_collision":false},{"head":[[0.858934,0.481552,-0.174183,-0.001747],[-0.511913,0.798613,-0.316485,0.003073],[-0.013299,0.361007,0.932468,-0.009863],[0.0,0.0,0.0,1.0]],"antennas":[-0.031204,0.095263],"body_yaw":0.161636,"check_collision":false},{"head":[[0.863235,0.476262,-0.167333,-0.001964],[-0.50449,0.802256,-0.31918,0.003185],[-0.017769,0.359945,0.932804,-0.009734],[0.0,0.0,0.0,1.0]],"antennas":[-0.031204,0.095263],"body_yaw":0.161636,"check_collision":false},{"head":[[0.866418,0.471873,-0.163265,-0.002016],[-0.498965,0.805906,-0.318668,0.003294],[-0.018794,0.357563,0.9337,-0.009667],[0.0,0.0,0.0,1.0]],"antennas":[-0.031204,0.095263],"body_yaw":0.161636,"check_collision":false},{"head":[[0.871144,0.466297,-0.153868,-0.002172],[-0.490408,0.810485,-0.320333,0.003551],[-0.024662,0.354514,0.934725,-0.009338],[0.0,0.0,0.0,1.0]],"antennas":[-0.031204,0.095263],"body_yaw":0.161636,"check_collision":false},{"head":[[0.878562,0.455742,-0.142929,-0.002532],[-0.476754,0.818668,-0.320138,0.003898],[-0.028889,0.349403,0.936527,-0.008843],[0.0,0.0,0.0,1.0]],"antennas":[-0.031204,0.095263],"body_yaw":0.161636,"check_collision":false},{"head":[[0.889261,0.439453,-0.126869,-0.00277],[-0.456174,0.831781,-0.316301,0.003609],[-0.033472,0.339149,0.940137,-0.008714],[0.0,0.0,0.0,1.0]],"antennas":[-0.031204,0.095263],"body_yaw":0.161636,"check_collision":false},{"head":[[0.900621,0.421751,-0.10492,-0.00307],[-0.432401,0.84526,-0.313951,0.003913],[-0.043724,0.328118,0.943624,-0.008475],[0.0,0.0,0.0,1.0]],"antennas":[-0.031204,0.095263],"body_yaw":0.161636,"check_collision":false},{"head":[[0.911326,0.40244,-0.086755,-0.003432],[-0.408423,0.857328,-0.313334,0.003998],[-0.051721,0.320982,0.945672,-0.008255],[0.0,0.0,0.0,1.0]],"antennas":[-0.031204,0.095263],"body_yaw":0.161636,"check_collision":false},{"head":[[0.924353,0.375745,-0.066231,-0.004026],[-0.376943,0.872499,-0.310901,0.004344],[-0.059033,0.312348,0.948132,-0.007768],[0.0,0.0,0.0,1.0]],"antennas":[-0.031204,0.095263],"body_yaw":0.161636,"check_collision":false},{"head":[[0.936749,0.346797,-0.047248,-0.004376],[-0.344359,0.889074,-0.301603,0.004541],[-0.062588,0.298797,0.952262,-0.007389],[0.0,0.0,0.0,1.0]],"antennas":[-0.031204,0.095263],"body_yaw":0.161636,"check_collision":false},{"head":[[0.943237,0.329676,-0.040225,-0.004584],[-0.326798,0.899692,-0.289409,0.004799],[-0.059221,0.286127,0.95636,-0.006989],[0.0,0.0,0.0,1.0]],"antennas":[-0.031204,0.095263],"body_yaw":0.161636,"check_collision":false},{"head":[[0.950283,0.309881,-0.03059,-0.004773],[-0.30541,0.908377,-0.285615,0.005218],[-0.060719,0.280758,0.957856,-0.006546],[0.0,0.0,0.0,1.0]],"antennas":[-0.031204,0.095263],"body_yaw":0.161636,"check_collision":false},{"head":[[0.959036,0.282195,-0.024836,-0.004849],[-0.277562,0.918507,-0.28161,0.005468],[-0.056657,0.276968,0.959207,-0.006353],[0.0,0.0,0.0,1.0]],"antennas":[-0.031204,0.095263],"body_yaw":0.161636,"check_collision":false},{"head":[[0.964551,0.263432,-0.015651,-0.005081],[-0.257265,0.925444,-0.278151,0.005661],[-0.05879,0.272317,0.96041,-0.006035],[0.0,0.0,0.0,1.0]],"antennas":[-0.031204,0.095263],"body_yaw":0.161636,"check_collision":false},{"head":[[0.968567,0.248638,-0.00758,-0.005251],[-0.24103,0.930523,-0.275739,0.005685],[-0.061505,0.268898,0.961203,-0.00583],[0.0,0.0,0.0,1.0]],"antennas":[-0.031204,0.095263],"body_yaw":0.161636,"check_collision":false},{"head":[[0.970938,0.239323,-0.001896,-0.005315],[-0.230734,0.93393,-0.273015,0.00564],[-0.063568,0.265518,0.962008,-0.005779],[0.0,0.0,0.0,1.0]],"antennas":[-0.031204,0.095263],"body_yaw":0.161636,"check_collision":false},{"head":[[0.973667,0.227908,0.005456,-0.005411],[-0.217859,0.937256,-0.272191,0.005667],[-0.067148,0.263835,0.962228,-0.005774],[0.0,0.0,0.0,1.0]],"antennas":[-0.031204,0.095263],"body_yaw":0.161636,"check_collision":false},{"head":[