{"description":"A gesture used when someone compliments you, or you want to show you really like what\u2019s being offered. Also usable when someone says goodbye or it was nice talking to you.","time":[0.0,0.02,0.04,0.06,0.08,0.1,0.12,0.14,0.16,0.18,0.2,0.22,0.24,0.26,0.28,0.3,0.32,0.34,0.36,0.38,0.4,0.42,0.44,0.46,0.48,0.5,0.52,0.54,0.56,0.58,0.6,0.62,0.64,0.66,0.68,0.7,0.72,0.74,0.76,0.78,0.8,0.82,0.84,0.86,0.88,0.9,0.92,0.94,0.96,0.98,1.0,1.02,1.04,1.06,1.08,1.1,1.12,1.14,1.16,1.18,1.2,1.22,1.24,1.26,1.28,1.3,1.32,1.34,1.36,1.38,1.4,1.42,1.44,1.46,1.48,1.5,1.52,1.54,1.56,1.58,1.6,1.62,1.64,1.66,1.68,1.7,1.72,1.74,1.76,1.78,1.8,1.82,1.84,1.86,1.88,1.9,1.92,1.94,1.96,1.98,2.0,2.02,2.04,2.06,2.08,2.1,2.12,2.14,2.16,2.18,2.2,2.22,2.24,2.26,2.28,2.3,2.32,2.34,2.36,2.38,2.4,2.42,2.44,2.46,2.48,2.5,2.52,2.54,2.56,2.58,2.6,2.62,2.64,2.66,2.68,2.7,2.72,2.74,2.76,2.78,2.8,2.82,2.84,2.86,2.88,2.9,2.92,2.94,2.96,2.98,3.0,3.02,3.04,3.06,3.08,3.1,3.12,3.14,3.16,3.18,3.2,3.22,3.24,3.26,3.28,3.3,3.32,3.34,3.36,3.38,3.4,3.42,3.44,3.46,3.48,3.5,3.52,3.54,3.56,3.58,3.6,3.62,3.64,3.66,3.68,3.7,3.72,3.74,3.76,3.78,3.8,3.82,3.84,3.86,3.88,3.9,3.92,3.94,3.96,3.98,4.0,4.02,4.04,4.06,4.08,4.1,4.12,4.14,4.16,4.18,4.2,4.22,4.24,4.26,4.28,4.3,4.32,4.34,4.36,4.38,4.4,4.42,4.44,4.46,4.48,4.5,4.52,4.54,4.56,4.58,4.6,4.62,4.64,4.66,4.68,4.7,4.72,4.74,4.76,4.78,4.8,4.82,4.84,4.86,4.88,4.9,4.92,4.94,4.96,4.98,5.0,5.02,5.04,5.06,5.08,5.1,5.12,5.14,5.16,5.18,5.2,5.22,5.24,5.26,5.28,5.3,5.32,5.34,5.36,5.38,5.4,5.42,5.44,5.46,5.48,5.5,5.52,5.54,5.56,5.58,5.6],"set_target_data":[{"head":[[0.969454,0.238587,0.056875,-0.003822],[-0.237606,0.971077,-0.023524,0.007703],[-0.060842,0.009292,0.998104,0.010033],[0.0,0.0,0.0,1.0]],"antennas":[-0.039105,0.039104],"body_yaw":-0.188356,"check_collision":false},{"head":[[0.969808,0.237415,0.055744,-0.003431],[-0.236411,0.971355,-0.024066,0.007523],[-0.059861,0.01016,0.998155,0.010243],[0.0,0.0,0.0,1.0]],"antennas":[-0.039105,0.039104],"body_yaw":-0.188356,"check_collision":false},{"head":[[0.969692,0.238162,0.05456,-0.00309],[-0.237144,0.971165,-0.024526,0.007183],[-0.058828,0.010844,0.998209,0.010481],[0.0,0.0,0.0,1.0]],"antennas":[-0.039105,0.039104],"body_yaw":-0.188356,"check_collision":false},{"head":[[0.968844,0.241711,0.054014,-0.00276],[-0.240659,0.97028,-0.025298,0.006969],[-0.058523,0.011511,0.99822,0.010536],[0.0,0.0,0.0,1.0]],"antennas":[-0.039105,0.039104],"body_yaw":-0.188356,"check_collision":false},{"head":[[0.968062,0.244923,0.053554,-0.002351],[-0.243793,0.969457,-0.02681,0.006745],[-0.058484,0.012898,0.998205,0.010677],[0.0,0.0,0.0,1.0]],"antennas":[-0.039105,0.039104],"body_yaw":-0.188356,"check_collision":false},{"head":[[0.967672,0.246561,0.053095,-0.001962],[-0.245373,0.969026,-0.02794,0.00636],[-0.05834,0.014009,0.998198,0.010895],[0.0,0.0,0.0,1.0]],"antennas":[-0.039105,0.039104],"body_yaw":-0.188356,"check_collision":false},{"head":[[0.967204,0.248236,0.053802,-0.00168],[-0.247088,0.968613,-0.027134,0.006161],[-0.058849,0.01295,0.998183,0.010987],[0.0,0.0,0.0,1.0]],"antennas":[-0.039105,0.039104],"body_yaw":-0.188356,"check_collision":false},{"head":[[0.966816,0.249149,0.05649,-0.001452],[-0.248038,0.968401,-0.026005,0.005732],[-0.061184,0.01113,0.998064,0.011018],[0.0,0.0,0.0,1.0]],"antennas":[-0.039105,0.039104],"body_yaw":-0.188356,"check_collision":false},{"head":[[0.966705,0.249014,0.058941,-0.001442],[-0.247839,0.968437,-0.026574,0.005627],[-0.063698,0.011081,0.997908,0.010904],[0.0,0.0,0.0,1.0]],"antennas":[-0.039105,0.039104],"body_yaw":-0.188356,"check_collision":false},{"head":[[0.96709,0.247829,0.057595,-0.001565],[-0.246589,0.96872,-0.027831,0.005733],[-0.062691,0.012713,0.997952,0.010789],[0.0,0.0,0.0,1.0]],"antennas":[-0.039105,0.039104],"body_yaw":-0.188356,"check_collision":false},{"head":[[0.967483,0.246796,0.055391,-0.001691],[-0.245572,0.968973,-0.02803,0.00582],[-0.06059,0.013517,0.998071,0.010709],[0.0,0.0,0.0,1.0]],"antennas":[-0.039105,0.039104],"body_yaw":-0.188356,"check_collision":false},{"head":[[0.967633,0.246286,0.055043,-0.00179],[-0.24513,0.969115,-0.026964,0.005965],[-0.059984,0.012599,0.99812,0.010396],[0.0,0.0,0.0,1.0]],"antennas":[-0.039105,0.039104],"body_yaw":-0.188356,"check_collision":false},{"head":[[0.967441,0.246865,0.055823,-0.001886],[-0.245848,0.968998,-0.024526,0.006014],[-0.060147,0.010004,0.998139,0.010144],[0.0,0.0,0.0,1.0]],"antennas":[-0.039105,0.039104],"body_yaw":-0.188356,"check_collision":false},{"head":[[0.967347,0.247092,0.056444,-0.002003],[-0.246248,0.968967,-0.021554,0.006157],[-0.060019,0.006951,0.998173,0.009908],[0.0,0.0,0.0,1.0]],"antennas":[-0.039105,0.039104],"body_yaw":-0.188356,"check_collision":false},{"head":[[0.96742,0.246587,0.057379,-0.002043],[-0.245866,0.969109,-0.019422,0.006266],[-0.060396,0.004681,0.998164,0.009938],[0.0,0.0,0.0,1.0]],"antennas":[-0.039105,0.039104],"body_yaw":-0.188356,"check_collision":false},{"head":[[0.967632,0.245603,0.058025,-0.002084],[-0.24493,0.969363,-0.018552,0.006471],[-0.060803,0.00374,0.998143,0.009878],[0.0,0.0,0.0,1.0]],"antennas":[-0.039105,0.039104],"body_yaw":-0.188356,"check_collision":false},{"head":[[0.967707,0.245318,0.05798,-0.002234],[-0.244709,0.969439,-0.01749,0.006824],[-0.060498,0.002737,0.998165,0.009992],[0.0,0.0,0.0,1.0]],"antennas":[-0.039105,0.039104],"body_yaw":-0.188356,"check_collision":false},{"head":[[0.967885,0.24476,0.057364,-0.002297],[-0.244156,0.96958,-0.017419,0.006794],[-0.059883,0.002853,0.998201,0.010184],[0.0,0.0,0.0,1.0]],"antennas":[-0.039105,0.039104],"body_yaw":-0.188356,"check_collision":false},{"head":[[0.968216,0.243383,0.057638,-0.002325],[-0.24276,0.969925,-0.017689,0.006634],[-0.06021,0.003134,0.998181,0.01032],[0.0,0.0,0.0,1.0]],"antennas":[-0.039105,0.039104],"body_yaw":-0.188356,"check_collision":false},{"head":[[0.968873,0.240715,0.057808,-0.002331],[-0.239978,0.970583,-0.019477,0.006532],[-0.060795,0.004998,0.998138,0.010298],[0.0,0.0,0.0,1.0]],"antennas":[-0.039105,0.039104],"body_yaw":-0.188356,"check_collision":false},{"head":[[0.969284,0.238857,0.058615,-0.002258],[-0.238022,0.971034,-0.020933,0.006363],[-0.061917,0.006338,0.998061,0.010179],[0.0,0.0,0.0,1.0]],"antennas":[-0.039105,0.039104],"body_yaw":-0.188356,"check_collision":false},{"head":[[0.969371,0.237991,0.06067,-0.002187],[-0.237087,0.971244,-0.021799,0.006254],[-0.064113,0.006747,0.99792,0.01005],[0.0,0.0,0.0,1.0]],"antennas":[-0.039105,0.039104],"body_yaw":-0.188356,"check_collision":false},{"head":[[0.969365,0.237255,0.063571,-0.002219],[-0.236276,0.971423,-0.022616,0.006216],[-0.06712,0.006903,0.997721,0.010091],[0.0,0.0,0.0,1.0]],"antennas":[-0.039105,0.039104],"body_yaw":-0.188356,"check_collision":false},{"head":[[0.969665,0.235284,0.066267,-0.00225],[-0.234087,0.971884,-0.02539,0.006336],[-0.070378,0.009108,0.997479,0.010228],[0.0,0.0,0.0,1.0]],"antennas":[-0.039105,0.039104],"body_yaw":-0.188356,"check_collision":false},{"head":[[0.970098,0.232667,0.069104,-0.002273],[-0.231191,0.972484,-0.028745,0.006507],[-0.07389,0.011909,0.997195,0.010366],[0.0,0.0,0.0,1.0]],"antennas":[-0.039105,0.039104],"body_yaw":-0.188356,"check_collision":false},{"head":[[0.970424,0.230304,0.072369,-0.002312],[-0.228556,0.973015,-0.031685,0.00681],[-0.077714,0.014208,0.996874,0.010271],[0.0,0.0,0.0,1.0]],"antennas":[-0.039105,0.039104],"body_yaw":-0.188356,"check_collision":false},{"head":[[0.970501,0.228876,0.075792,-0.002367],[-0.226905,0.973331,-0.033784,0.007006],[-0.081503,0.01559,0.996551,0.010137],[0.0,0.0,0.0,1.0]],"antennas":[-0.039105,0.039104],"body_yaw":-0.188356,"check_collision":false},{"head":[[0.970733,0.226843,0.078864,-0.00243],[-0.224685,0.97379,-0.035358,0.00725],[-0.084818,0.016604,0.996258,0.009924],[0.0,0.0,0.0,1.0]],"antennas":[-0.039105,0.039104],"body_yaw":-0.188356,"check_collision":false},{"head":[[0.971109,0.224428,0.081115,-0.002482],[-0.222082,0.974326,-0.036982,0.007501],[-0.087332,0.017899,0.996018,0.0097],[0.0,0.0,0.0,1.0]],"antennas":[-0.039105,0.039104],"body_yaw":-0.188356,"check_collision":false},{"head":[[0.971303,0.222885,0.083018,-0.00255],[-0.220428,0.974671,-0.037781,0.007636],[-0.089336,0.018397,0.995832,0.009609],[0.0,0.0,0.0,1.0]],"antennas":[-0.039105,0.039104],"body_yaw":-0.188356,"check_collision":false},{"head":[[0.971422,0.221742,0.08467,-0.00269],[-0.219184,0.974923,-0.038517,0.007791],[-0.091088,0.018858,0.995664,0.00957],[0.0,0.0,0.0,1.0]],"antennas":[-0.039105,0.039104],"body_yaw":-0.188356,"check_collision":false},{"head":[[0.971496,0.220847,0.086152,-0.002836],[-0.218185,0.975116,-0.039307,0.007922],[-0.092689,0.01939,0.995506,0.009517],[0.0,0.0,0.0,1.0]],"antennas":[-0.039105,0.039104],"body_yaw":-0.188356,"check_collision":false},{"head":[[0.971443,0.220293,0.088148,-0.002968],[-0.217536,0.975238,-0.039868,0.008043],[-0.094748,0.019554,0.995309,0.009393],[0.0,0.0,0.0,1.0]],"antennas":[-0.039096,0.028455],"body_yaw":-0.188356,"check_collision":false},{"head":[[0.971233,0.219919,0.091332,-0.00316],[-0.217098,0.975335,-0.039874,0.008154],[-0.097848,0.018899,0.995022,0.00919],[0.0,0.0,0.0,1.0]],"antennas":[-0.012337,-0.000931],"body_yaw":-0.188356,"check_collision":false},{"head":[[0.970906,0.21952,0.09567,-0.003361],[-0.21668,0.975453,-0.039257,0.008296],[-0.10194,0.017385,0.994639,0.008975],[0.0,0.0,0.0,1.0]],"antennas":[0.009457,-0.012498],"body_yaw":-0.188356,"check_collision":false},{"head":[[0.970488,0.219479,0.099906,-0.003536],[-0.216496,0.975467,-0.039917,0.008486],[-0.106216,0.01711,0.994196,0.008746],[0.0,0.0,0.0,1.0]],"antennas":[0.009629,-0.001129],"body_yaw":-0.188356,"check_collision":false},{"head":[[0.969732,0.220788,0.10427,-0.003727],[-0.217732,0.97519,-0.039973,0.008615],[-0.110509,0.016061,0.993745,0.008397],[0.0,0.0,0.0,1.0]],"antennas":[-0.01182,0.028136],"body_yaw":-0.188356,"check_collision":false},{"head":[[0.968148,0.223998,0.11187,-0.003945],[-0.22106,0.974513,-0.038168,0.008656],[-0.117569,0.012222,0.99299,0.00794],[0.0,0.0,0.0,1.0]],"antennas":[-0.045528,0.06229],"body_yaw":-0.188356,"check_collision":false},{"head":[[0.965655,0.227905,0.12478,-0.004159],[-0.225145,0.973661,-0.035978,0.008737],[-0.129693,0.006649,0.991532,0.007391],[0.0,0.0,0.0,1.0]],"antennas":[-0.076222,0.086113],"body_yaw":-0.188356,"check_collision":false},{"head":[[0.963098,0.231093,0.137978,-0.004369],[-0.228417,0.972929,-0.035147,0.008927],[-0.142365,0.002334,0.989811,0.006854],[0.0,0.0,0.0,1.0]],"antennas":[-0.090507,0.089032],"body_yaw":-0.188356,"check_collision":false},{"head":[[0.961431,0.232835,0.146419,-0.004647],[-0.230147,0.972516,-0.035277,0.00912],[-0.150609,0.000218,0.988593,0.006478],[0.0,0.0,0.0,1.0]],"antennas":[-0.081875,0.069749],"body_yaw":-0.188356,"check_collision":false},{"head":[[0.960717,0.233724,0.149655,-0.004846],[-0.230868,0.972303,-0.036431,0.009208],[-0.154024,0.000449,0.988067,0.006224],[0.0,0.0,0.0,1.0]],"antennas":[-0.054268,0.036822],"body_yaw":-0.188356,"check_collision":false},{"head":[[0.95975,0.235188,0.153516,-0.004904],[-0.232167,0.97195,-0.037578,0.009226],[-0.158048,0.000424,0.987431,0.00597],[0.0,0.0,0.0,1.0]],"antennas":[-0.019908,0.004959],"body_yaw":-0.188356,"check_collision":false},{"head":[[0.958467,0.236272,0.159737,-0.00485],[-0.232674,0.971684,-0.041138,0.009191],[-0.164934,0.002263,0.986302,0.005721],[0.0,0.0,0.0,1.0]],"antennas":[0.005927,-0.011779],"body_yaw":-0.188356,"check_collision":false},{"head":[[0.956904,0.237672,0.166874,-0.004804],[-0.233478,0.971338,-0.044607,0.009174],[-0.172693,0.003723,0.984969,0.005412],[0.0,0.0,0.0,1.0]],"antennas":[0.011773,-0.005876],"body_yaw":-0.188356,"check_collision":false},{"head":[[0.955681,0.238829,0.172145,-0.004912],[-0.234178,0.97105,-0.047144,0.00917],[-0.178421,0.004742,0.983943,0.00518],[0.0,0.0,0.0,1.0]],"antennas":[-0.00513,0.020069],"body_yaw":-0.188356,"check_collision":false},{"head":[[0.954963,0.239338,0.175392,-0.005047],[-0.234146,0.970913,-0.050038,0.009147],[-0.182266,0.006717,0.983226,0.005131],[0.0,0.0,0.0,1.0]],"antennas":[-0.036977,0.054399],"body_yaw":-0.188356,"check_collision":false},{"head":[[0.954042,0.240995,0.178117,-0.005055],[-0.235384,0.970493,-0.052315,0.009131],[-0.185469,0.007985,0.982618,0.005061],[0.0,0.0,0.0,1.0]],"antennas":[-0.069919,0.082021],"body_yaw":-0.188356,"check_collision":false},{"head":[[0.952356,0.244323,0.182549,-0.004984],[-0.23806,0.969645,-0.055815,0.009072],[-0.190645,0.009698,0.981611,0.004848],[0.0,0.0,0.0,1.0]],"antennas":[-0.089057,0.090472],"body_yaw":-0.188356,"check_collision":false},{"head":[[0.950368,0.247743,0.188213,-0.004931],[-0.240578,0.96875,-0.060376,0.008966],[-0.197289,0.012099,0.980271,0.004577],[0.0,0.0,0.0,1.0]],"antennas":[-0.085923,0.076105],"body_yaw":-0.188356,"check_collision":false},{"head":[[0.94874,0.250462,0.19277,-0.004926],[-0.242814,0.968043,-0.062722,0.008793],[-0.202319,0.0127,0.979237,0.004417],[0.0,0.0,0.0,1.0]],"antennas":[-0.062099,0.045248],"body_yaw":-0.188356,"check_collision":false},{"head":[[0.947902,0.251915,0.194989,-0.004949],[-0.244048,0.967664,-0.063774,0.008706],[-0.204749,0.012865,0.97873,0.004288],[0.0,0.0,0.0,1.0]],"antennas":[-0.028007,0.011676],"body_yaw":-0.188356,"check_collision":false},{"head":[[0.946668,0.253325,0.199112,-0.004953],[-0.245027,0.967289,-0.065685,0.008576],[-0.209239,0.013394,0.977773,0.004075],[0.0,0.0,0.0,1.0]],"antennas":[0.001345,-0.009756],"body_yaw":-0.188356,"check_collision":false},{"head":[[0.94396,0.25731,0.206716,-0.004938],[-0.248917,0.966267,-0.066096,0.008408],[-0.21675,0.010937,0.976166,0.003783],[0.0,0.0,0.0,1.0]],"antennas":[0.012576,-0.009457],"body_yaw":-0.188356,"check_collision":false},{"head":[[0.941654,0.26065,0.212952,-0.005046],[-0.252402,0.965401,-0.065533,0.008326],[-0.222666,0.00796,0.974862,0.003579],[0.0,0.0,0.0,1.0]],"antennas":[0.000788,0.01248],"body_yaw":-0.188356,"check_collision":false},{"head":[[0.940189,0.262884,0.216648,-0.005235],[-0.254639,0.964805,-0.065652,0.008326],[-0.226282,0.006558,0.97404,0.003413],[0.0,0.0,0.0,1.0]],"antennas":[-0.028707,0.046242],"body_yaw":-0.188356,"check_collision":false},{"head":[[0.938464,0.265308,0.221127,-0.005312],[-0.256927,0.964148,-0.066386,0.008347],[-0.230812,0.005488,0.972983,0.003223],[0.0,0.0,0.0,1.0]],"antennas":[-0.062751,0.076858],"body_yaw":-0.188356,"check_collision":false},{"head":[[0.936123,0.267587,0.228188,-0.005291],[-0.258938,0.963524,-0.067614,0.008342],[-0.237958,0.004208,0.971266,0.002992],[0.0,0.0,0.0,1.0]],"antennas":[-0.086446,0.09069],"body_yaw":-0.188356,"check_collision":false},{"head":[[0.934745,0.268214,0.233051,-0.005365],[-0.25954,0.963355,-0.067717,0.00833],[-0.242674,0.002812,0.970104,0.002775],[0.0,0.0,0.0,1.0]],"antennas":[-0.089089,0.081633],"body_yaw":-0.188356,"check_collision":false},{"head":[[0.934483,0.267494,0.234924,-0.005449],[-0.258794,0.963556,-0.067711,0.008274],[-0.244475,0.002477,0.969653,0.002699],[0.0,0.0,0.0,1.0]],"antennas":[-0.069257,0.053555],"body_yaw":-0.188356,"check_collision":false},{"head":[[0.933535,0.266965,0.239253,-0.00544],[-0.258295,0.963705,-0.067496,0.008164],[-0.248589,0.001213,0.968608,0.002458],[0.0,0.0,0.0,1.0]],"antennas":[-0.036208,0.019107],"body_yaw":-0.188356,"check_collision":false},{"head":[[0.930457,0.26833,0.249498,-0.005353],[-0.259386,0.963327,-0.068706,0.008099],[-0.258784,-0.000788,0.965935,0.002036],[0.0,0.0,0.0,1.0]],"antennas":[-0.004412,-0.006482],"body_yaw":-0.188356,"check_collision":false},{"head":[[0.927959,0.269172,0.257756,-0.00537],[-0.26,0.963089,-0.069706,0.00807],[-0.267005,-0.002332,0.963692,0.001755],[0.0,0.0,0.0,1.0]],"antennas":[0.012069,-0.011824],"body_yaw":-0.188356,"check_collision":false},{"head":[[0.927301,0.26819,0.261128,-0.005532],[-0.258632,0.963364,-0.070983,0.008128],[-0.270598,-0.001713,0.962691,0.001796],[0.0,0.0,0.0,1.0]],"antennas":[0.005738,0.005541],"body_yaw":-0.188356,"check_collision":false},{"head":[[0.926673,0.266433,0.265124,-0.005439],[-0.256617,0.963852,-0.071672,0.007971],[-0.274636,-0.001619,0.961547,0.001823],[0.0,0.0,0.0,1.0]],"antennas":[-0.020476,0.037826],"body_yaw":-0.188356,"check_collision":false},{"head":[[0.92485,0.266198,0.271645,-0.005461],[-0.257243,0.963898,-0.068754,0.008061],[-0.28014,-0.006292,0.959938,0.001598],[0.0,0.0,0.0,1.0]],"antennas":[-0.055231,0.070723],"body_yaw":-0.188356,"check_collision":false},{"head":[[0.924891,0.264175,0.273476,-0.005545],[-0.255832,0.964437,-0.06642,0.008171],[-0.281296,-0.008532,0.959583,0.001443],[0.0,0.0,0.0,1.0]],"antennas":[-0.082539,0.089575],"body_yaw":-0.188356,"check_collision":false},{"head":[[0.926,0.261872,0.271932,-0.005595],[-0.254057,0.965055,-0.064224,0.008247],[-0.279248,-0.009615,0.960171,0.001501],[0.0,0.0,0.0,1.0]],"antennas":[-0.090745,0.085965],"body_yaw":-0.188356,"check_collision":false},{"head":[[0.926809,0.259532,0.271418,-0.005453],[-0.252141,0.965676,-0.062406,0.00818],[-0.278298,-0.010597,0.960436,0.001336],[0.0,0.0,0.0,1.0]],"antennas":[-0.075943,0.061535],"body_yaw":-0.19281,"check_collision":false},{"head":[[0.926698,0.257977,0.273274,-0.005293],[-0.250495,0.966094,-0.062563,0.008114],[-0.280148,-0.010476,0.9599,0.00095],[0.0,0.0,0.0,1.0]],"antennas":[-0.044677,0.027064],"body_yaw":-0.205972,"check_collision":false},{"head":[[0.925961,0.257489,0.276218,-0.005296],[-0.249521,0.966235,-0.064254,0.008147],[-0.283436,-0.009425,0.958945,0.000711],[0.0,0.0,0.0,1.0]],"antennas":[-0.011001,-0.002035],"body_yaw":-0.224255,"check_collision":false},{"head":[[0.92533,0.25722,0.278571,-0.005334],[-0.248885,0.966314,-0.065528,0.008236],[-0.286042,-0.008697,0.958178,0.000658],[0.0,0.0,0.0,1.0]],"antennas":[0.01024,-0.01293],"body_yaw":-0.244784,"check_collision":false},{"head":[[0.925636,0.256427,0.278286,-0.005479],[-0.248059,0.966527,-0.065513,0.008713],[-0.28577,-0.008391,0.958262,0.000763],[0.0,0.0,0.0,1.0]],"antennas":[0.009457,-0.000572],"body_yaw":-0.266328,"check_collision":false},{"head":[[0.925949,0.255102,0.278464,-0.005664],[-0.246976,0.966872,-0.064511,0.008798],[-0.285696,-0.00904,0.958278,0.000875],[0.0,0.0,0.0,1.0]],"antennas":[-0.012686,0.029372],"body_yaw":-0.28734,"check_collision":false},{"head":[[0.925293,0.254396,0.281277,-0.005718],[-0.246747,0.967036,-0.062916,0.008795],[-0.28801,-0.011188,0.957562,0.000829],[0.0,0.0,0.0,1.0]],"antennas":[-0.047014,0.063735],"body_yaw":-0.30876,"check_collision":false},{"head":[[0.924298,0.254544,0.284394,-0.005537],[-0.246876,0.966988,-0.063131,0.008776],[-0.291075,-0.011858,0.956627,0.00034],[0.0,0.0,0.0,1.0]],"antennas":[-0.077529,0.087136],"body_yaw":-0.330188,"check_collision":false},{"head":[[0.923601,0.254828,0.286399,-0.005564],[-0.247113,0.966909,-0.063414,0.00875],[-0.293082,-0.012204,0.956009,0.000265],[0.0,0.0,0.0,1.0]],"antennas":[-0.09118,0.089247],"body_yaw":-0.351675,"check_collision":false},{"head":[[0.924004,0.254339,0.285531,-0.00565],[-0.246402,0.96705,-0.064028,0.008645],[-0.292407,-0.011193,0.956228,0.000232],[0.0,0.0,0.0,1.0]],"antennas":[-0.081537,0.068946],"body_yaw":-0.373454,"check_collision":false},{"head":[[0.923834,0.254297,0.286118,-0.005694],[-0.246083,0.96707,-0.064947,0.008731],[-0.293212,-0.010408,0.955991,0.000182],[0.0,0.0,0.0,1.0]],"antennas":[-0.053247,0.035476],"body_yaw":-0.39514,"check_collision":false},{"head":[[0.923188,0.255017,0.287558,-0.005604],[-0.246551,0.966885,-0.065931,0.008655],[-0.294849,-0.010031,0.955491,0.000116],[0.0,0.0,0.0,1.0]],"antennas":[-0.018469,0.003454],"body_yaw":-0.417414,"check_collision":false},{"head":[[0.922418,0.256077,0.289086,-0.005644],[-0.247994,0.966584,-0.064912,0.008554],[-0.296048,-0.011816,0.9551,0.000191],[0.0,0.0,0.0,1.0]],"antennas":[0.007218,-0.01268],"body_yaw":-0.440472,"check_collision":false},{"head":[[0.922791,0.256124,0.287851,-0.005819],[-0.248168,0.96657,-0.064459,0.00856],[-0.294737,-0.011953,0.955504,0.000403],[0.0,0.0,0.0,1.0]],"antennas":[0.012226,-0.005777],"body_yaw":-0.463565,"check_collision":false},{"head":[[0.92317,0.25627,0.2865,-0.005851],[-0.24811,0.966543,-0.065089,0.008518],[-0.293595,-0.010996,0.955867,0.000481],[0.0,0.0,0.0,1.0]],"antennas":[-0.005757,0.02113],"body_yaw":-0.485406,"check_collision":false},{"head":[[0.923197,0.256848,0.285895,-0.005661],[-0.248571,0.966394,-0.065534,0.00836],[-0.293119,-0.010564,0.956018,0.000429],[0.0,0.0,0.0,1.0]],"antennas":[-0.038543,0.056072],"body_yaw":-0.504893,"check_collision":false},{"head":[[0.92293,0.257909,0.285804,-0.005714],[-0.249457,0.966116,-0.066262,0.008354],[-0.293209,-0.01014,0.955994,0.000437],[0.0,0.0,0.0,1.0]],"antennas":[-0.071385,0.083354],"body_yaw":-0.520743,"check_collision":false},{"head":[[0.923075,0.258568,0.284737,-0.005778],[-0.25001,0.965945,-0.066674,0.008354],[-0.29228,-0.009642,0.956284,0.000395],[0.0,0.0,0.0,1.0]],"antennas":[-0.090059,0.090995],"body_yaw":-0.530416,"check_collision":false},{"head":[[0.923446,0.258966,0.283168,-0.005756],[-0.250071,0.965852,-0.06779,0.008339],[-0.291053,-0.008211,0.956672,0.000276],[0.0,0.0,0.0,1.0]],"antennas":[-0.08601,0.075533],"body_yaw":-0.533857,"check_collision":false},{"head":[[0.923594,0.259719,0.281994,-0.005739],[-0.25063,0.965656,-0.068505,0.008379],[-0.290102,-0.007405,0.956967,0.000261],[0.0,0.0,0.0,1.0]],"antennas":[-0.060886,0.043845],"body_yaw":-0.533857,"check_collision":false},{"head":[[0.92372,0.260422,0.280929,-0.005979],[-0.250974,0.965476,-0.069773,0.008598],[-0.2894,-0.006055,0.957189,0.000368],[0.0,0.0,0.0,1.0]],"antennas":[-0.026259,0.010141],"body_yaw":-0.533857,"check_collision":false},{"head":[[0.923632,0.261032,0.280653,-0.006021],[-0.251117,0.965319,-0.071405,0.008619],[-0.289558,-0.004524,0.95715,0.000356],[0.0,0.0,0.0,1.0]],"antennas":[0.002612,-0.010672],"body_yaw":-0.533857,"check_collision":false},{"head":[[0.923528,0.261708,0.280367,-0.005856],[-0.251371,0.965142,-0.072893,0.008602],[-0.289671,-0.003158,0.957121,0.00021],[0.0,0.0,0.0,1.0]],"antennas":[0.01298,-0.00933],"body_yaw":-0.533857,"check_collision":false},{"head":[[0.923425,0.262923,0.279567,-0.005813],[-0.252077,0.964816,-0.074752,0.008512],[-0.289384,-0.001445,0.957212,0.00025],[0.0,0.0,0.0,1.0]],"antennas":[0.000288,0.01355],"body_yaw":-0.533857,"check_collision":false},{"head":[[0.923774,0.26351,0.277855,-0.006048],[-0.252183,0.964656,-0.076432,0.008653],[-0.288175,0.000536,0.957577,0.000413],[0.0,0.0,0.0,1.0]],"antennas":[-0.030125,0.047789],"body_yaw":-0.533857,"check_collision":false},{"head":[[0.923661,0.26452,0.277273,-0.005963],[-0.252574,0.964377,-0.078637,0.008678],[-0.288197,0.002602,0.957568,0.000316],[0.0,0.0,0.0,1.0]],"antennas":[-0.064289,0.078064],"body_yaw":-0.533857,"check_collision":false},{"head":[[0.922933,0.266364,0.277929,-0.005796],[-0.253845,0.963864,-0.080802,0.008637],[-0.289409,0.004024,0.957197,0.000173],[0.0,0.0,0.0,1.0]],"antennas":[-0.087275,0.091047],"body_yaw":-0.533857,"check_collision":false},{"head":[[0.922791,0.267621,0.277194,-0.005804],[-0.254738,0.96351,-0.082201,0.008604],[-0.289078,0.005243,0.957291,0.000227],[0.0,0.0,0.0,1.0]],"antennas":[-0.088843,0.080903],"body_yaw":-0.533857,"check_collision":false},{"head":[[0.922963,0.268135,0.276123,-0.00591],[-0.254855,0.963357,-0.083614,0.008537],[-0.288425,0.006801,0.957478,0.000309],[0.0,0.0,0.0,1.0]],"antennas":[-0.068282,0.052168],"body_yaw":-0.533857,"check_collision":false},{"head":[[0.922848,0.268967,0.275697,-0.005887],[-0.255342,0.963117,-0.084893,0.008411],[-0.288362,0.007946,0.957489,0.000393],[0.0,0.0,0.0,1.0]],"antennas":[-0.034707,0.017662],"body_yaw":-0.533857,"check_collision":false},{"head":[[0.922465,0.270092,0.275876,-0.00578],[-0.256133,0.962794,-0.086161,0.008306],[-0.288883,0.008819,0.957324,0.000431],[0.0,0.0,0.0,1.0]],"antennas":[-0.003166,-0.007284],"body_yaw":-0.533857,"check_collision":false},{"head":[[0.922163,0.270794,0.2762,-0.005627],[-0.256409,0.962585,-0.087661,0.007942],[-0.289604,0.010017,0.957094,0.000541],[0.0,0.0,0.0,1.0]],"antennas":[0.012313,-0.011563],"body_yaw":-0.533857,"check_collision":false},{"head":[[0.922205,0.271235,0.275626,-0.005731],[-0.256777,0.962457,-0.087986,0.007778],[-0.289143,0.010367,0.95723,0.000479],[0.0,0.0,0.0,1.0]],"antennas":[0.005,0.006659],"body_yaw":-0.533857,"check_collision":false},{"head":[[0.922352,0.271182,0.275186,-0.005801],[-0.25695,0.962479,-0.087245,0.007852],[-0.288519,0.009761,0.957424,0.000453],[0.0,0.0,0.0,1.0]],"antennas":[-0.021907,0.039292],"body_yaw":-0.533857,"check_collision":false},{"head":[[0.922392,0.270932,0.275296,-0.005842],[-0.256666,0.962548,-0.087319,0.008042],[-0.288643,0.009883,0.957386,0.000543],[0.0,0.0,0.0,1.0]],"antennas":[-0.056361,0.071815],"body_yaw":-0.533857,"check_collision":false},{"head":[[0.922342,0.270949,0.27545,-0.005877],[-0.256653,0.962543,-0.087411,0.008238],[-0.288816,0.009928,0.957333,0.000572],[0.0,0.0,0.0,1.0]],"antennas":[-0.083326,0.089795],"body_yaw":-0.533857,"check_collision":false},{"head":[[0.922338,0.271098,0.275314,-0.005907],[-0.256866,0.962503,-0.087227,0.008311],[-0.288638,0.009734,0.957389,0.000535],[0.0,0.0,0.0,1.0]],"antennas":[-0.090439,0.085187],"body_yaw":-0.533857,"check_collision":false},{"head":[[0.922516,0.270626,0.275182,-0.005831],[-0.256575,0.96264,-0.086565,0.008318],[-0.288328,0.009253,0.957487,0.000388],[0.0,0.0,0.0,1.0]],"antennas":[-0.074764,0.060101],"body_yaw":-0.533857,"check_collision":false},{"head":[[0.92266,0.270201,0.27512,-0.00584],[-0.256098,0.962757,-0.086676,0.008434],[-0.288293,0.009515,0.957495,0.000331],[0.0,0.0,0.0,1.0]],"antennas":[-0.043279,0.02571],"body_yaw":-0.533857,"check_collision":false},{"head":[[0.922736,0.270084,0.274976,-0.005885],[-0.255969,0.962789,-0.086705,0.00831],[-0.288162,0.00962,0.957533,0.000346],[0.0,0.0,0.0,1.0]],"antennas":[-0.009774,-0.002769],"body_yaw":-0.533857,"check_collision":false},{"head":[[0.922933,0.269639,0.274754,-0.005837],[-0.255564,0.962913,-0.086515,0.008197],[-0.287892,0.00963,0.957614,0.000265],[0.0,0.0,0.0,1.0]],"antennas":[0.010398,-0.012537],"body_yaw":-0.533857,"check_collision":false},{"head":[[0.923141,0.269136,0.274547,-0.005777],[-0.255088,0.963053,-0.086362,0.008204],[-0.287647,0.009691,0.957688,0.000145],[0.0,0.0,0.0,1.0]],"antennas":[0.008695,0.000625],"body_yaw":-0.533857,"check_collision":false},{"head":[[0.92342,0.268355,0.274375,-0.005825],[-0.254485,0.963276,-0.085659,0.008233],[-0.287286,0.009275,0.9578,0.000281],[0.0,0.0,0.0,1.0]],"antennas":[-0.014231,0.03087],"body_yaw":-0.533857,"check_collision":false},{"head":[[0.924379,0.265954,0.273482,-0.00596],[-0.252423,0.963946,-0.084213,0.008295],[-0.286018,0.008811,0.958184,0.000566],[0.0,0.0,0.0,1.0]],"antennas":[-0.048258,0.064783],"body_yaw":-0.533857,"check_collision":false},{"head":[[0.925297,0.263076,0.273161,-0.005846],[-0.249731,0.964736,-0.083185,0.008217],[-0.285412,0.008754,0.958365,0.000646],[0.0,0.0,0.0,1.0]],"antennas":[-0.078256,0.087284],"body_yaw":-0.533857,"check_collision":false},{"head":[[0.925431,0.262095,0.27365,-0.005599],[-0.248801,0.965004,-0.082857,0.008061],[-0.28579,0.008594,0.958254,0.000559],[0.0,0.0,0.0,1.0]],"antennas":[-0.090707,0.088337],"body_yaw":-0.532004,"check_collision":false},{"head":[[0.925641,0.261137,0.273854,-0.005587],[-0.248002,0.965267,-0.082183,0.00808],[-0.285803,0.008156,0.958254,0.000473],[0.0,0.0,0.0,1.0]],"antennas":[-0.080303,0.06745],"body_yaw":-0.521756,"check_collision":false},{"head":[[0.92608,0.25979,0.273653,-0.005671],[-0.246859,0.965634,-0.081311,0.00806],[-0.285372,0.007747,0.958385,0.000464],[0.0,0.0,0.0,1.0]],"antennas":[-0.051542,0.034014],"body_yaw":-0.507973,"check_collision":false},{"head":[[0.926322,0.25874,0.273826,-0.00565],[-0.246023,0.965921,-0.080438,0.007983],[-0.285306,0.007144,0.95841,0.00043],[0.0,0.0,0.0,1.0]],"antennas":[-0.017267,0.002839],"body_yaw":-0.49294,"check_collision":false},{"head":[[0.926856,0.257295,0.273382,-0.005585],[-0.244753,0.966308,-0.07965,0.007907],[-0.284665,0.006913,0.958602,0.000478],[0.0,0.0,0.0,1.0]],"antennas":[0.007304,-0.012199],"body_yaw":-0.475559,"check_collision":false},{"head":[[0.927503,0.255861,0.27253,-0.005599],[-0.243474,0.966689,-0.078945,0.007949],[-0.283651,0.006868,0.958903,0.000601],[0.0,0.0,0.0,1.0]],"antennas":[0.011192,-0.004432],"body_yaw":-0.45635,"check_collision":false},{"head":[[0.927848,0.255093,0.272076,-0.005618],[-0.242714,0.966891,-0.07882,0.007998],[-0.283174,0.007096,0.959042,0.000659],[0.0,0.0,0.0,1.0]],"antennas":[-0.007172,0.022655],"body_yaw":-0.4368,"check_collision":false},{"head":[[0.928316,0.25406,0.271446,-0.005658],[-0.241714,0.967161,-0.07858,0.008072],[-0.282496,0.007335,0.959241,0.000572],[0.0,0.0,0.0,1.0]],"antennas":[-0.039929,0.057161],"body_yaw":-0.417386,"check_collision":false},{"head":[[0.928989,0.252768,0.270346,-0.005648],[-0.240134,0.967486,-0.07941,0.008178],[-0.281628,0.008852,0.959483,0.000654],[0.0,0.0,0.0,1.0]],"antennas":[-0.072019,0.083483],"body_yaw":-0.398387,"check_collision":false},{"head":[[0.929492,0.251985,0.269348,-0.00559],[-0.238891,0.96767,-0.080903,0.008295],[-0.281027,0.010854,0.959639,0.000694],[0.0,0.0,0.0,1.0]],"antennas":[-0.089737,0.090172],"body_yaw":-0.379242,"check_collision":false},{"head":[[0.929632,0.251617,0.269207,-0.005544],[-0.238411,0.96776,-0.081241,0.008219],[-0.280969,0.011342,0.95965,0.000606],[0.0,0.0,0.0,1.0]],"antennas":[-0.084775,0.074103],"body_yaw":-0.359953,"check_collision":false},{"head":[[0.930024,0.250849,0.268571,-0.005511],[-0.237475,0.967949,-0.081737,0.008153],[-0.280467,0.012239,0.959786,0.000533],[0.0,0.0,0.0,1.0]],"antennas":[-0.06008,0.043006],"body_yaw":-0.341202,"check_collision":false},{"head":[[0.930593,0.249814,0.267561,-0.005525],[-0.236238,0.968201,-0.082332,0.008279],[-0.279621,0.013409,0.960017,0.000671],[0.0,0.0,0.0,1.0]],"antennas":[-0.025126,0.009329],"body_yaw":-0.32176,"check_collision":false},{"head":[[0.931064,0.248864,0.266808,-0.005568],[-0.235071,0.968429,-0.082985,0.008456],[-0.279037,0.014546,0.96017,0.000775],[0.0,0.0,0.0,1.0]],"antennas":[0.002953,-0.010542],"body_yaw":-0.302605,"check_collision":false},{"head":[[0.931255,0.24837,0.2666,-0.005536],[-0.234421,0.968545,-0.083465,0.008497],[-0.278945,0.01523,0.960186,0.000647],[0.0,0.0,0.0,1.0]],"antennas":[0.012393,-0.008332],"body_yaw":-0.283508,"check_collision":false},{"head":[[0.931322,0.248048,0.266669,-0.005433],[-0.234039,0.968624,-0.083624,0.008424],[-0.279044,0.01547,0.960154,0.000553],[0.0,0.0,0.0,1.0]],"antennas":[-0.001015,0.01494],"body_yaw":-0.264638,"check_collision":false},{"head":[[0.931633,0.247286,0.266289,-0.005449],[-0.233324,0.968818,-0.083379,0.008462],[-0.278604,0.015547,0.96028,0.000672],[0.0,0.0,0.0,1.0]],"antennas":[-0.031484,0.049014],"body_yaw":-0.245536,"check_collision":false},{"head":[[0.932041,0.246242,0.265827,-0.005551],[-0.232364,0.969083,-0.082973,0.008536],[-0.27804,0.015565,0.960443,0.000822],[0.0,0.0,0.0,1.0]],"antennas":[-0.065257,0.078661],"body_yaw":-0.226732,"check_collision":false},{"head":[[0.932348,0.245129,0.26578,-0.005569],[-0.231307,0.969366,-0.082628,0.008559],[-0.277893,0.015561,0.960486,0.000827],[0.0,0.0,0.0,1.0]],"antennas":[-0.087446,0.090712],"body_yaw":-0.207747,"check_collision":false},{"head":[[0.93247,0.244625,0.265818,-0.005456],[-0.23092,0.969498,-0.082153,0.008554],[-0.277807,0.015223,0.960516,0.000787],[0.0,0.0,0.0,1.0]],"antennas":[-0.088087,0.079792],"body_yaw":-0.188704,"check_collision":false},{"head":[[0.932508,0.244387,0.265904,-0.005377],[-0.230911,0.969571,-0.08132,0.008471],[-0.277686,0.014431,0.960564,0.000819],[0.0,0.0,0.0,1.0]],"antennas":[-0.067,0.050797],"body_yaw":-0.169729,"check_collision":false},{"head":[[0.932466,0.24426,0.266167,-0.005347],[-0.231034,0.969616,-0.080428,0.008324],[-0.277725,0.013502,0.960566,0.000711],[0.0,0.0,0.0,1.0]],"antennas":[-0.033439,0.016544],"body_yaw":-0.150618,"check_collision":false},{"head":[[0.932467,0.243978,0.26642,-0.005357],[-0.230791,0.969689,-0.080242,0.00834],[-0.277921,0.013336,0.960511,0.000538],[0.0,0.0,0.0,1.0]],"antennas":[-0.002419,-0.007643],"body_yaw":-0.131435,"check_collision":false},{"head":[[0.932487,0.243986,0.266345,-0.005388],[-0.23087,0.96969,-0.079999,0.008491],[-0.277791,0.013107,0.960552,0.000549],[0.0,0.0,0.0,1.0]],"antennas":[0.012281,-0.011054],"body_yaw":-0.112343,"check_collision":false},{"head":[[0.932552,0.243883,0.266209,-0.005507],[-0.230849,0.969719,-0.079711,0.008634],[-0.277588,0.012881,0.960614,0.000671],[0.0,0.0,0.0,1.0]],"antennas":[0.004155,0.007832],"body_yaw":-0.093504,"check_collision":false},{"head":[[0.932608,0.243566,0.266304,-0.00557],[-0.230593,0.969801,-0.07945,0.008627],[-0.277613,0.012688,0.960609,0.000721],[0.0,0.0,0.0,1.0]],"antennas":[-0.023232,0.040652],"body_yaw":-0.074504,"check_collision":false},{"head":[[0.932566,0.24333,0.266668,-0.005523],[-0.230426,0.969865,-0.07916,0.008593],[-0.277894,0.012375,0.960532,0.000746],[0.0,0.0,0.0,1.0]],"antennas":[-0.057685,0.072774],"body_yaw":-0.05491,"check_collision":false},{"head":[[0.932511,0.243249,0.266933,-0.005397],[-0.230473,0.969891,-0.078694,0.008504],[-0.278039,0.011862,0.960497,0.000767],[0.0,0.0,0.0,1.0]],"antennas":[-0.083941,0.089969],"body_yaw":-0.034828,"check_collision":false},{"head":[[0.932553,0.242997,0.267015,-0.005239],[-0.230288,0.969957,-0.078427,0.008204],[-0.278051,0.011647,0.960496,0.00085],[0.0,0.0,0.0,1.0]],"antennas":[-0.090243,0.084623],"body_yaw":-0.014981,"check_collision":false},{"head":[[0.932729,0.242463,0.266885,-0.005054],[-0.229805,0.970092,-0.07818,0.007643],[-0.277859,0.011589,0.960552,0.000967],[0.0,0.0,0.0,1.0]],"antennas":[-0.073667,0.058825],"body_yaw":0.005569,"check_collision":false},{"head":[[0.932855,0.242172,0.266709,-0.005192],[-0.229566,0.970165,-0.077969,0.007911],[-0.277634,0.011507,0.960618,0.000853],[0.0,0.0,0.0,1.0]],"antennas":[-0.04189,0.024384],"body_yaw":0.025509,"check_collision":false},{"head":[[0.932805,0.242041,0.267004,-0.005276],[-0.229654,0.970207,-0.077183,0.00802],[-0.277731,0.010678,0.9606,0.000945],[0.0,0.0,0.0,1.0]],"antennas":[-0.008797,-0.003524],"body_yaw":0.045359,"check_collision":false},{"head":[[0.93269,0.242152,0.267306,-0.005298],[-0.229849,0.970184,-0.076892,0.007985],[-0.277956,0.010276,0.960539,0.001008],[0.0,0.0,0.0,1.0]],"antennas":[0.010926,-0.012531],"body_yaw":0.065548,"check_collision":false},{"head":[[0.932687,0.242157,0.267311,-0.005261],[-0.229809,0.970181,-0.077052,0.007933],[-0.277999,0.010435,0.960525,0.00104],[0.0,0.0,0.0,1.0]],"antennas":[0.008363,0.00141],"body_yaw":0.086105,"check_collision":false},{"head":[[0.932878,0.241579,0.267167,-0.005208],[-0.229275,0.970325,-0.076826,0.007839],[-0.277798,0.010415,0.960583,0.001059],[0.0,0.0,0.0,1.0]],"antennas":[-0.015424,0.032237],"body_yaw":0.107052,"check_collision":false},{"head":[[0.933208,0.240699,0.26681,-0.005106],[-0.22846,0.970544,-0.07649,0.007748],[-0.277362,0.010425,0.960709,0.001055],[0.0,0.0,0.0,1.0]],"antennas":[-0.049619,0.066039],"body_yaw":0.127119,"check_collision":false},{"head":[[0.933247,0.240624,0.266738,-0.005108],[-0.228468,0.970565,-0.076197,0.007858],[-0.277222,0.01017,0.960752,0.000978],[0.0,0.0,0.0,1.0]],"antennas":[-0.079245,0.087929],"body_yaw":0.145242,"check_collision":false},{"head":[[0.933242,0.240624,0.266757,-0.005128],[-0.228445,0.970564,-0.076275,0.007921],[-0.277259,0.010244,0.960741,0.000902],[0.0,0.0,0.0,1.0]],"antennas":[-0.090999,0.088103],"body_yaw":0.15835,"check_collision":false},{"head":[[0.933473,0.240021,0.266491,-0.005125],[-0.227787,0.97071,-0.076391,0.00796],[-0.27702,0.010606,0.960806,0.000902],[0.0,0.0,0.0,1.0]],"antennas":[-0.079704,0.066474],"body_yaw":0.15835,"check_collision":false},{"head":[[0.933574,0.239716,0.266412,-0.00515],[-0.227511,0.970786,-0.076252,0.007982],[-0.276908,0.010575,0.960838,0.000975],[0.0,0.0,0.0,1.0]],"antennas":[-0.050279,0.03264],"body_yaw":0.15835,"check_collision":false},{"head":[[0.933579,0.239639,0.266466,-0.005164],[-0.227412,0.970804,-0.076312,0.008119],[-0.276973,0.010646,0.960819,0.000878],[0.0,0.0,0.0,1.0]],"antennas":[-0.015821,0.001636],"body_yaw":0.150521,"check_collision":false},{"head":[[0.933577,0.239754,0.266368,-0.005144],[-0.227504,0.970774,-0.076415,0.008143],[-0.276904,0.01074,0.960838,0.000866],[0.0,0.0,0.0,1.0]],"antennas":[0.0082,-0.012699],"body_yaw":0.132523,"check_collision":false},{"head":[[0.933444,0.240157,0.266471,-0.005013],[-0.22795,0.970677,-0.076317,0.008194],[-0.276985,0.010496,0.960817,0.00079],[0.0,0.0,0.0,1.0]],"antennas":[0.011235,-0.003967],"body_yaw":0.111826,"check_collision":false},{"head":[[0.93334,0.240322,0.266685,-0.005068],[-0.228103,0.970637,-0.076375,0.008287],[-0.277209,0.010452,0.960753,0.000772],[0.0,0.0,0.0,1.0]],"antennas":[-0.008065,0.023883],"body_yaw":0.089656,"check_collision":false},{"head":[[0.933297,0.240501,0.266677,-0.00514],[-0.228205,0.97059,-0.076668,0.008254],[-0.277273,0.010697,0.960732,0.000774],[0.0,0.0,0.0,1.0]],"antennas":[-0.041329,0.058602],"body_yaw":0.062836,"check_collision":false},{"head":[[0.933171,0.240726,0.266914,-0.005133],[-0.22838,0.970533,-0.076861,0.008251],[-0.277552,0.010766,0.96065,0.000855],[0.0,0.0,0.0,1.0]],"antennas":[-0.073438,0.084651],"body_yaw":0.030914,"check_collision":false},{"head":[[0.932956,0.241112,0.267317,-0.005084],[-0.228842,0.970442,-0.076636,0.008292],[-0.277893,0.010324,0.960556,0.00088],[0.0,0.0,0.0,1.0]],"antennas":[-0.090481,0.090549],"body_yaw":-0.00323,"check_collision":false},{"head":[[0.932983,0.241079,0.267253,-0.005029],[-0.228827,0.970451,-0.076572,0.008324],[-0.277816,0.010285,0.960579,0.00075],[0.0,0.0,0.0,1.0]],"antennas":[-0.084616,0.073432],"body_yaw":-0.038277,"check_collision":false},{"head":[[0.933059,0.240966,0.267088,-0.005021],[-0.228624,0.970475,-0.076874,0.00844],[-0.277726,0.010665,0.960601,0.000482],[0.0,0.0,0.0,1.0]],"antennas":[-0.058627,0.04114],"body_yaw":-0.071429,"check_collision":false},{"head":[[0.932989,0.241077,0.267232,-0.005037],[-0.22877,0.970449,-0.076762,0.008486],[-0.277841,0.010484,0.96057,0.000525],[0.0,0.0,0.0,1.0]],"antennas":[-0.023798,0.007837],"body_yaw":-0.102379,"check_collision":false},{"head":[[0.932892,0.24117,0.267488,-0.005059],[-0.228916,0.970429,-0.076581,0.008603],[-0.278047,0.010209,0.960513,0.000567],[0.0,0.0,0.0,1.0]],"antennas":[0.004217,-0.011575],"body_yaw":-0.130045,"check_collision":false},{"head":[[0.932946,0.241104,0.267358,-0.005071],[-0.228829,0.970444,-0.076649,0.008573],[-0.277937,0.01033,0.960544,0.000549],[0.0,0.0,0.0,1.0]],"antennas":[0.013002,-0.008415],"body_yaw":-0.152437,"check_collision":false},{"head":[[0.932918,0.241222,0.26735,-0.005023],[-0.228951,0.970415,-0.076652,0.008436],[-0.277931,0.0103,0.960546,0.000568],[0.0,0.0,0.0,1.0]],"antennas":[-0.001478,0.015882],"body_yaw":-0.16295,"check_collision":false},{"head":[[0.932852,0.241339,0.267476,-0.005013],[-0.229108,0.970388,-0.076527,0.008407],[-0.278024,0.010108,0.960521,0.000668],[0.0,0.0,0.0,1.0]],"antennas":[-0.032627,0.050547],"body_yaw":-0.16295,"check_collision":false},{"head":[[0.932689,0.241536,0.267866,-0.005024],[-0.229353,0.970343,-0.076371,0.00846],[-0.278369,0.009794,0.960424,0.000542],[0.0,0.0,0.0,1.0]],"antennas":[-0.066889,0.08011],"body_yaw":-0.16295,"check_collision":false},{"head":[[0.932687,0.241412,0.267982,-0.005013],[-0.229169,0.970371,-0.076561,0.008457],[-0.278525,0.009994,0.960377,0.00066],[0.0,0.0,0.0,1.0]],"antennas":[-0.088619,0.091393],"body_yaw":-0.16295,"check_collision":false},{"head":[[0.932706,0.241412,0.267916,-0.005013],[-0.229155,0.970371,-0.076608,0.008541],[-0.278472,0.010058,0.960392,0.000617],[0.0,0.0,0.0,1.0]],"antennas":[-0.088211,0.079382],"body_yaw":-0.16295,"check_collision":false},{"head":[[0.932687,0.241586,0.267828,-0.005028],[-0.229261,0.970325,-0.076872,0.008638],[-0.278451,0.010295,0.960395,0.000547],[0.0,0.0,0.0,1.0]],"antennas":[-0.065988,0.049491],"body_yaw":-0.16295,"check_collision":false},{"head":[[0.932623,0.241886,0.267778,-0.005024],[-0.229575,0.970251,-0.076867,0.008601],[-0.278405,0.010213,0.96041,0.000524],[0.0,0.0,0.0,1.0]],"antennas":[-0.032109,0.015116],"body_yaw":-0.16295,"check_collision":false},{"head":[[0.932548,0.242055,0.267886,-0.00506],[-0.229752,0.97021,-0.076858,0.008623],[-0.27851,0.010127,0.96038,0.000561],[0.0,0.0,0.0,1.0]],"antennas":[-0.000968,-0.00868],"bod