{"description":"A firm, categorical no. Like that\u2019s final.","time":[0.0,0.02,0.04,0.06,0.08,0.1,0.12,0.14,0.16,0.18,0.2,0.22,0.24,0.26,0.28,0.3,0.32,0.34,0.36,0.38,0.4,0.42,0.44,0.46,0.48,0.5,0.52,0.54,0.56,0.58,0.6,0.62,0.64,0.66,0.68,0.7,0.72,0.74,0.76,0.78,0.8,0.82,0.84,0.86,0.88,0.9,0.92,0.94,0.96,0.98,1.0,1.02,1.04,1.06,1.08,1.1,1.12,1.14,1.16,1.18,1.2,1.22,1.24,1.26,1.28,1.3,1.32,1.34,1.36,1.38,1.4,1.42,1.44,1.46,1.48,1.5,1.52,1.54,1.56,1.58,1.6,1.62,1.64,1.66,1.68,1.7,1.72,1.74,1.76,1.78,1.8,1.82,1.84,1.86,1.88,1.9,1.92,1.94,1.96,1.98,2.0,2.02,2.04,2.06,2.08,2.1,2.12,2.14,2.16,2.18,2.2,2.22,2.24,2.26,2.28,2.3,2.32,2.34,2.36,2.38,2.4,2.42,2.44,2.46,2.48,2.5,2.52,2.54,2.56,2.58,2.6,2.62,2.64,2.66,2.68],"set_target_data":[{"head":[[0.960425,-0.240909,0.139808,-0.007056],[0.243414,0.969922,-0.00084,-0.003425],[-0.1354,0.034838,0.990178,0.005527],[0.0,0.0,0.0,1.0]],"antennas":[0.004168,0.210013],"body_yaw":0.314072,"check_collision":false},{"head":[[0.960496,-0.240627,0.139806,-0.007067],[0.243163,0.969985,-0.00109,-0.003388],[-0.135347,0.035042,0.990178,0.005615],[0.0,0.0,0.0,1.0]],"antennas":[0.004168,0.210013],"body_yaw":0.314072,"check_collision":false},{"head":[[0.960486,-0.240649,0.139839,-0.007034],[0.243219,0.96997,-0.001331,-0.003295],[-0.135319,0.03529,0.990173,0.005595],[0.0,0.0,0.0,1.0]],"antennas":[0.004168,0.210013],"body_yaw":0.314072,"check_collision":false},{"head":[[0.960529,-0.240521,0.139765,-0.007006],[0.243098,0.970001,-0.001411,-0.003253],[-0.135233,0.035332,0.990184,0.005509],[0.0,0.0,0.0,1.0]],"antennas":[0.004168,0.210013],"body_yaw":0.314072,"check_collision":false},{"head":[[0.96048,-0.240437,0.140246,-0.006936],[0.243045,0.970014,-0.001518,-0.003315],[-0.135676,0.035544,0.990116,0.005415],[0.0,0.0,0.0,1.0]],"antennas":[0.004168,0.210013],"body_yaw":0.314072,"check_collision":false},{"head":[[0.96042,-0.240459,0.140619,-0.006857],[0.243078,0.970006,-0.001495,-0.003141],[-0.136042,0.035617,0.990063,0.005407],[0.0,0.0,0.0,1.0]],"antennas":[0.004168,0.210013],"body_yaw":0.314072,"check_collision":false},{"head":[[0.960454,-0.240362,0.140548,-0.006847],[0.242995,0.970026,-0.001618,-0.003349],[-0.135946,0.035707,0.990073,0.0055],[0.0,0.0,0.0,1.0]],"antennas":[0.004168,0.210013],"body_yaw":0.314072,"check_collision":false},{"head":[[0.960525,-0.240105,0.140506,-0.006803],[0.242785,0.970078,-0.001992,-0.003548],[-0.135823,0.036026,0.990078,0.005601],[0.0,0.0,0.0,1.0]],"antennas":[0.004168,0.210013],"body_yaw":0.314072,"check_collision":false},{"head":[[0.960546,-0.239869,0.140764,-0.006733],[0.242545,0.970138,-0.001916,-0.003592],[-0.136101,0.035982,0.990041,0.005658],[0.0,0.0,0.0,1.0]],"antennas":[0.004168,0.210013],"body_yaw":0.314072,"check_collision":false},{"head":[[0.960582,-0.239619,0.140945,-0.006702],[0.24232,0.970194,-0.002065,-0.003531],[-0.136249,0.036137,0.990015,0.005708],[0.0,0.0,0.0,1.0]],"antennas":[0.004168,0.210013],"body_yaw":0.314072,"check_collision":false},{"head":[[0.960549,-0.239646,0.141124,-0.00654],[0.24236,0.970184,-0.002114,-0.003407],[-0.13641,0.036233,0.98999,0.005574],[0.0,0.0,0.0,1.0]],"antennas":[0.004168,0.210013],"body_yaw":0.314072,"check_collision":false},{"head":[[0.960538,-0.23962,0.141242,-0.006526],[0.242328,0.970192,-0.002033,-0.003405],[-0.136545,0.03618,0.989973,0.00561],[0.0,0.0,0.0,1.0]],"antennas":[0.004168,0.210013],"body_yaw":0.314072,"check_collision":false},{"head":[[0.960531,-0.23954,0.141424,-0.006563],[0.24226,0.970209,-0.002081,-0.003512],[-0.136713,0.03626,0.989947,0.005534],[0.0,0.0,0.0,1.0]],"antennas":[0.004168,0.210013],"body_yaw":0.314072,"check_collision":false},{"head":[[0.960492,-0.239462,0.141822,-0.006454],[0.242209,0.970222,-0.002178,-0.003411],[-0.137077,0.036442,0.98989,0.005534],[0.0,0.0,0.0,1.0]],"antennas":[0.004168,0.210013],"body_yaw":0.314072,"check_collision":false},{"head":[[0.960562,-0.239144,0.141881,-0.006471],[0.241879,0.970304,-0.002103,-0.003423],[-0.137165,0.036338,0.989881,0.005594],[0.0,0.0,0.0,1.0]],"antennas":[0.004168,0.210013],"body_yaw":0.314072,"check_collision":false},{"head":[[0.960615,-0.238921,0.141898,-0.006466],[0.241646,0.970362,-0.002031,-0.003273],[-0.137207,0.03624,0.989879,0.005504],[0.0,0.0,0.0,1.0]],"antennas":[0.004168,0.210013],"body_yaw":0.314072,"check_collision":false},{"head":[[0.960641,-0.238922,0.141721,-0.006474],[0.24163,0.970366,-0.001961,-0.003124],[-0.137053,0.036128,0.989905,0.005428],[0.0,0.0,0.0,1.0]],"antennas":[0.004168,0.210013],"body_yaw":0.314072,"check_collision":false},{"head":[[0.960545,-0.239189,0.141919,-0.006367],[0.241899,0.9703,-0.001898,-0.003163],[-0.13725,0.036153,0.989876,0.005452],[0.0,0.0,0.0,1.0]],"antennas":[0.004168,0.204089],"body_yaw":0.314072,"check_collision":false},{"head":[[0.960528,-0.2391,0.142185,-0.006291],[0.241835,0.970315,-0.002017,-0.003164],[-0.137482,0.036323,0.989838,0.00545],[0.0,0.0,0.0,1.0]],"antennas":[0.004168,0.169553],"body_yaw":0.314072,"check_collision":false},{"head":[[0.960507,-0.239007,0.142487,-0.006187],[0.241716,0.970346,-0.001755,-0.002943],[-0.137842,0.036127,0.989795,0.005289],[0.0,0.0,0.0,1.0]],"antennas":[0.014824,0.104635],"body_yaw":0.314072,"check_collision":false},{"head":[[0.960447,-0.239229,0.14252,-0.006204],[0.241892,0.970302,-0.001403,-0.003101],[-0.137952,0.035822,0.989791,0.005312],[0.0,0.0,0.0,1.0]],"antennas":[0.036933,0.036249],"body_yaw":0.314072,"check_collision":false},{"head":[[0.960476,-0.239248,0.142289,-0.006283],[0.241853,0.970312,-0.001048,-0.002935],[-0.137814,0.035419,0.989825,0.005192],[0.0,0.0,0.0,1.0]],"antennas":[0.078999,-0.033058],"body_yaw":0.314072,"check_collision":false},{"head":[[0.960403,-0.239434,0.142468,-0.006349],[0.242041,0.970266,-0.000997,-0.002867],[-0.137993,0.035441,0.989799,0.005242],[0.0,0.0,0.0,1.0]],"antennas":[0.142103,-0.102737],"body_yaw":0.314072,"check_collision":false},{"head":[[0.960379,-0.239346,0.142775,-0.006292],[0.241975,0.970282,-0.001082,-0.002794],[-0.138273,0.035587,0.989755,0.005336],[0.0,0.0,0.0,1.0]],"antennas":[0.211638,-0.172274],"body_yaw":0.314072,"check_collision":false},{"head":[[0.960396,-0.239336,0.142683,-0.006237],[0.241973,0.970282,-0.001164,-0.002565],[-0.138164,0.035643,0.989768,0.005092],[0.0,0.0,0.0,1.0]],"antennas":[0.280893,-0.241531],"body_yaw":0.314072,"check_collision":false},{"head":[[0.960356,-0.239336,0.142952,-0.006076],[0.241961,0.970285,-0.001014,-0.00275],[-0.138462,0.035562,0.989729,0.005036],[0.0,0.0,0.0,1.0]],"antennas":[0.350099,-0.310739],"body_yaw":0.314072,"check_collision":false},{"head":[[0.960346,-0.239365,0.142969,-0.006061],[0.241961,0.970286,-0.000796,-0.00283],[-0.13853,0.035357,0.989727,0.005264],[0.0,0.0,0.0,1.0]],"antennas":[0.419796,-0.380438],"body_yaw":0.314072,"check_collision":false},{"head":[[0.960337,-0.239438,0.142903,-0.006137],[0.242026,0.970269,-0.00075,-0.003032],[-0.138475,0.035307,0.989736,0.00553],[0.0,0.0,0.0,1.0]],"antennas":[0.48906,-0.449704],"body_yaw":0.314072,"check_collision":false},{"head":[[0.960339,-0.239448,0.142878,-0.006126],[0.242024,0.97027,-0.000673,-0.002999],[-0.138469,0.035226,0.98974,0.005568],[0.0,0.0,0.0,1.0]],"antennas":[0.558664,-0.519311],"body_yaw":0.314072,"check_collision":false},{"head":[[0.960371,-0.239213,0.143058,-0.005983],[0.241747,0.970339,-0.00034,-0.003285],[-0.138733,0.03491,0.989714,0.005639],[0.0,0.0,0.0,1.0]],"antennas":[0.62304,-0.551773],"body_yaw":0.314072,"check_collision":false},{"head":[[0.96038,-0.239205,0.143007,-0.005963],[0.241778,0.970331,-0.000633,-0.003387],[-0.138613,0.035184,0.989721,0.005561],[0.0,0.0,0.0,1.0]],"antennas":[0.63356,-0.549584],"body_yaw":0.314072,"check_collision":false},{"head":[[0.960363,-0.239086,0.143323,-0.005858],[0.241725,0.970344,-0.001029,-0.003544],[-0.138827,0.035633,0.989675,0.005507],[0.0,0.0,0.0,1.0]],"antennas":[0.63356,-0.549584],"body_yaw":0.314072,"check_collision":false},{"head":[[0.960434,-0.238711,0.143471,-0.005884],[0.24135,0.970438,-0.001026,-0.003204],[-0.138984,0.035612,0.989654,0.005422],[0.0,0.0,0.0,1.0]],"antennas":[0.63356,-0.549584],"body_yaw":0.314072,"check_collision":false},{"head":[[0.960385,-0.238969,0.143371,-0.005966],[0.241643,0.970364,-0.001281,-0.003191],[-0.138816,0.035875,0.989668,0.005513],[0.0,0.0,0.0,1.0]],"antennas":[0.63356,-0.549584],"body_yaw":0.314072,"check_collision":false},{"head":[[0.960293,-0.239043,0.143862,-0.005993],[0.241677,0.970356,-0.000857,-0.003199],[-0.139392,0.035591,0.989597,0.00554],[0.0,0.0,0.0,1.0]],"antennas":[0.63356,-0.549584],"body_yaw":0.314072,"check_collision":false},{"head":[[0.960141,-0.239874,0.143492,-0.006014],[0.242523,0.970145,-0.001001,-0.003171],[-0.138968,0.035761,0.989651,0.00555],[0.0,0.0,0.0,1.0]],"antennas":[0.63356,-0.549584],"body_yaw":0.314072,"check_collision":false},{"head":[[0.960044,-0.240089,0.143782,-0.005954],[0.242724,0.970095,-0.00081,-0.00315],[-0.139287,0.035677,0.989609,0.005557],[0.0,0.0,0.0,1.0]],"antennas":[0.63356,-0.549584],"body_yaw":0.314072,"check_collision":false},{"head":[[0.960046,-0.240018,0.143889,-0.005931],[0.242651,0.970113,-0.000774,-0.002914],[-0.139403,0.035657,0.989594,0.005261],[0.0,0.0,0.0,1.0]],"antennas":[0.63356,-0.549584],"body_yaw":0.314072,"check_collision":false},{"head":[[0.959832,-0.240791,0.14402,-0.005958],[0.243403,0.969925,-0.000529,-0.003056],[-0.139561,0.035563,0.989575,0.005334],[0.0,0.0,0.0,1.0]],"antennas":[0.63356,-0.549584],"body_yaw":0.314072,"check_collision":false},{"head":[[0.959223,-0.243128,0.144156,-0.006079],[0.245569,0.969379,0.000881,-0.003155],[-0.139956,0.034555,0.989555,0.005559],[0.0,0.0,0.0,1.0]],"antennas":[0.63356,-0.549584],"body_yaw":0.314072,"check_collision":false},{"head":[[0.958065,-0.247243,0.144855,-0.006096],[0.249437,0.968386,0.003101,-0.003081],[-0.141042,0.033161,0.989448,0.005611],[0.0,0.0,0.0,1.0]],"antennas":[0.63356,-0.549584],"body_yaw":0.314072,"check_collision":false},{"head":[[0.95651,-0.252708,0.145695,-0.006084],[0.25452,0.967046,0.006374,-0.003386],[-0.142504,0.030985,0.989309,0.005656],[0.0,0.0,0.0,1.0]],"antennas":[0.63356,-0.549584],"body_yaw":0.314072,"check_collision":false},{"head":[[0.953814,-0.262199,0.146595,-0.005872],[0.26332,0.964633,0.012059,-0.003669],[-0.144572,0.0271,0.989123,0.005461],[0.0,0.0,0.0,1.0]],"antennas":[0.63356,-0.549584],"body_yaw":0.314072,"check_collision":false},{"head":[[0.946712,-0.284619,0.150762,-0.005563],[0.284223,0.958442,0.024628,-0.004284],[-0.151506,0.019535,0.988263,0.005014],[0.0,0.0,0.0,1.0]],"antennas":[0.63356,-0.549584],"body_yaw":0.314072,"check_collision":false},{"head":[[0.935476,-0.315562,0.159076,-0.005502],[0.312973,0.948844,0.041744,-0.004647],[-0.164111,0.010736,0.986383,0.004714],[0.0,0.0,0.0,1.0]],"antennas":[0.63356,-0.549584],"body_yaw":0.314072,"check_collision":false},{"head":[[0.923477,-0.345794,0.166183,-0.005606],[0.340507,0.93831,0.060247,-0.005032],[-0.176764,0.000949,0.984253,0.004615],[0.0,0.0,0.0,1.0]],"antennas":[0.63356,-0.549584],"body_yaw":0.314072,"check_collision":false},{"head":[[0.917175,-0.359647,0.171594,-0.005836],[0.352684,0.933079,0.070551,-0.005573],[-0.185484,-0.004189,0.982638,0.005178],[0.0,0.0,0.0,1.0]],"antennas":[0.63356,-0.549584],"body_yaw":0.314072,"check_collision":false},{"head":[[0.911091,-0.372586,0.176329,-0.005748],[0.364293,0.927969,0.078516,-0.006122],[-0.192882,-0.0073,0.981195,0.005631],[0.0,0.0,0.0,1.0]],"antennas":[0.63356,-0.549584],"body_yaw":0.314072,"check_collision":false},{"head":[[0.904684,-0.385486,0.181513,-0.005477],[0.376315,0.922682,0.083931,-0.006673],[-0.199833,-0.007625,0.9798,0.005649],[0.0,0.0,0.0,1.0]],"antennas":[0.63356,-0.549584],"body_yaw":0.314072,"check_collision":false},{"head":[[0.899308,-0.39705,0.183293,-0.005176],[0.386716,0.917736,0.090619,-0.007624],[-0.204194,-0.010612,0.978873,0.005457],[0.0,0.0,0.0,1.0]],"antennas":[0.63356,-0.549584],"body_yaw":0.314072,"check_collision":false},{"head":[[0.894698,-0.407975,0.181857,-0.005009],[0.396698,0.912886,0.096286,-0.008561],[-0.205297,-0.014005,0.9786,0.005242],[0.0,0.0,0.0,1.0]],"antennas":[0.63356,-0.549584],"body_yaw":0.314072,"check_collision":false},{"head":[[0.88961,-0.419365,0.180906,-0.00492],[0.407398,0.907678,0.100735,-0.009086],[-0.20645,-0.015914,0.978328,0.00512],[0.0,0.0,0.0,1.0]],"antennas":[0.63356,-0.549584],"body_yaw":0.314072,"check_collision":false},{"head":[[0.888079,-0.421224,0.184082,-0.004879],[0.408801,0.906815,0.102808,-0.009168],[-0.210233,-0.016049,0.97752,0.005498],[0.0,0.0,0.0,1.0]],"antennas":[0.63356,-0.549584],"body_yaw":0.314072,"check_collision":false},{"head":[[0.890417,-0.413565,0.190054,-0.004961],[0.401242,0.91037,0.101151,-0.008767],[-0.214852,-0.013809,0.976549,0.005821],[0.0,0.0,0.0,1.0]],"antennas":[0.63356,-0.549584],"body_yaw":0.314072,"check_collision":false},{"head":[[0.89523,-0.399346,0.197701,-0.005176],[0.387469,0.916741,0.09723,-0.008465],[-0.220069,-0.01044,0.975428,0.006241],[0.0,0.0,0.0,1.0]],"antennas":[0.63356,-0.549584],"body_yaw":0.314072,"check_collision":false},{"head":[[0.902526,-0.37915,0.204185,-0.005244],[0.368522,0.92532,0.089301,-0.008046],[-0.222795,-0.00535,0.974851,0.006411],[0.0,0.0,0.0,1.0]],"antennas":[0.63356,-0.549584],"body_yaw":0.314072,"check_collision":false},{"head":[[0.913694,-0.34388,0.216587,-0.005289],[0.335191,0.93901,0.076854,-0.007345],[-0.229806,0.002377,0.973233,0.006265],[0.0,0.0,0.0,1.0]],"antennas":[0.63356,-0.549584],"body_yaw":0.314072,"check_collision":false},{"head":[[0.924596,-0.301515,0.232832,-0.005514],[0.295197,0.953397,0.062386,-0.006612],[-0.240792,0.01105,0.970514,0.006071],[0.0,0.0,0.0,1.0]],"antennas":[0.63356,-0.549584],"body_yaw":0.314072,"check_collision":false},{"head":[[0.934096,-0.261527,0.243038,-0.005466],[0.259126,0.964913,0.04239,-0.005909],[-0.245597,0.023381,0.96909,0.005893],[0.0,0.0,0.0,1.0]],"antennas":[0.63356,-0.549584],"body_yaw":0.314072,"check_collision":false},{"head":[[0.941659,-0.228908,0.246738,-0.005216],[0.230209,0.972846,0.023967,-0.005636],[-0.245525,0.034233,0.968786,0.005683],[0.0,0.0,0.0,1.0]],"antennas":[0.63356,-0.549584],"body_yaw":0.314072,"check_collision":false},{"head":[[0.947459,-0.19707,0.251963,-0.005074],[0.200437,0.979627,0.012499,-0.005115],[-0.249293,0.03866,0.967656,0.005465],[0.0,0.0,0.0,1.0]],"antennas":[0.63356,-0.549584],"body_yaw":0.314072,"check_collision":false},{"head":[[0.95183,-0.169057,0.255812,-0.005124],[0.174329,0.984685,0.002097,-0.004753],[-0.252249,0.0426,0.966724,0.005267],[0.0,0.0,0.0,1.0]],"antennas":[0.63356,-0.549584],"body_yaw":0.314072,"check_collision":false},{"head":[[0.955097,-0.145047,0.258362,-0.00514],[0.1524,0.988282,-0.008554,-0.004561],[-0.254093,0.047544,0.96601,0.005043],[0.0,0.0,0.0,1.0]],"antennas":[0.63356,-0.549584],"body_yaw":0.314072,"check_collision":false},{"head":[[0.957405,-0.123194,0.261151,-0.005041],[0.133114,0.990887,-0.020571,-0.003994],[-0.256237,0.054458,0.965079,0.004672],[0.0,0.0,0.0,1.0]],"antennas":[0.63356,-0.549584],"body_yaw":0.314072,"check_collision":false},{"head":[[0.958459,-0.104316,0.265471,-0.005128],[0.117051,0.992592,-0.032566,-0.003619],[-0.260107,0.062287,0.963569,0.003959],[0.0,0.0,0.0,1.0]],"antennas":[0.63356,-0.549584],"body_yaw":0.314072,"check_collision":false},{"head":[[0.958922,-0.101872,0.264745,-0.005148],[0.115844,0.992553,-0.037666,-0.003765],[-0.258937,0.066788,0.963582,0.003578],[0.0,0.0,0.0,1.0]],"antennas":[0.63356,-0.549584],"body_yaw":0.314072,"check_collision":false},{"head":[[0.958129,-0.115657,0.261938,-0.004907],[0.129362,0.990957,-0.035636,-0.004189],[-0.255448,0.068028,0.964427,0.003287],[0.0,0.0,0.0,1.0]],"antennas":[0.63356,-0.549584],"body_yaw":0.314072,"check_collision":false},{"head":[[0.956246,-0.138707,0.257594,-0.004529],[0.15089,0.988153,-0.028045,-0.004607],[-0.250652,0.065687,0.965846,0.002824],[0.0,0.0,0.0,1.0]],"antennas":[0.63356,-0.549584],"body_yaw":0.314072,"check_collision":false},{"head":[[0.950798,-0.182063,0.250672,-0.004351],[0.191107,0.981496,-0.012005,-0.005609],[-0.243848,0.059319,0.967998,0.002375],[0.0,0.0,0.0,1.0]],"antennas":[0.63356,-0.549584],"body_yaw":0.314072,"check_collision":false},{"head":[[0.941803,-0.234983,0.240396,-0.004342],[0.240136,0.970706,0.008062,-0.006131],[-0.235248,0.050134,0.970641,0.002076],[0.0,0.0,0.0,1.0]],"antennas":[0.63356,-0.549584],"body_yaw":0.314072,"check_collision":false},{"head":[[0.933402,-0.275667,0.229714,-0.004415],[0.277951,0.960319,0.023023,-0.006409],[-0.226946,0.04236,0.972986,0.001892],[0.0,0.0,0.0,1.0]],"antennas":[0.63356,-0.549584],"body_yaw":0.314072,"check_collision":false},{"head":[[0.927623,-0.303154,0.218206,-0.004154],[0.303416,0.952282,0.033147,-0.007142],[-0.217842,0.035459,0.97534,0.002115],[0.0,0.0,0.0,1.0]],"antennas":[0.63356,-0.549584],"body_yaw":0.314072,"check_collision":false},{"head":[[0.920797,-0.327215,0.212282,-0.003567],[0.326066,0.944439,0.041427,-0.007694],[-0.214043,0.031072,0.97633,0.00219],[0.0,0.0,0.0,1.0]],"antennas":[0.63356,-0.549584],"body_yaw":0.314072,"check_collision":false},{"head":[[0.914931,-0.34462,0.210091,-0.003225],[0.342319,0.938336,0.048412,-0.008359],[-0.21382,0.027624,0.976482,0.002117],[0.0,0.0,0.0,1.0]],"antennas":[0.63356,-0.549584],"body_yaw":0.314072,"check_collision":false},{"head":[[0.912785,-0.348478,0.213044,-0.003316],[0.346217,0.93687,0.049082,-0.008726],[-0.216698,0.028958,0.975809,0.002062],[0.0,0.0,0.0,1.0]],"antennas":[0.63356,-0.549584],"body_yaw":0.314072,"check_collision":false},{"head":[[0.913194,-0.343951,0.218574,-0.003426],[0.342106,0.938462,0.04747,-0.008633],[-0.221451,0.031426,0.974665,0.001972],[0.0,0.0,0.0,1.0]],"antennas":[0.63356,-0.549584],"body_yaw":0.314072,"check_collision":false},{"head":[[0.919607,-0.317209,0.231737,-0.003671],[0.316553,0.947687,0.041038,-0.007862],[-0.232632,0.035619,0.971912,0.00217],[0.0,0.0,0.0,1.0]],"antennas":[0.63356,-0.549584],"body_yaw":0.314072,"check_collision":false},{"head":[[0.927548,-0.279298,0.24829,-0.003896],[0.280404,0.95936,0.031654,-0.007048],[-0.247041,0.040261,0.968168,0.002502],[0.0,0.0,0.0,1.0]],"antennas":[0.63356,-0.549584],"body_yaw":0.314072,"check_collision":false},{"head":[[0.936645,-0.235236,0.259538,-0.004139],[0.239963,0.970684,0.013794,-0.005988],[-0.255175,0.049359,0.965634,0.002523],[0.0,0.0,0.0,1.0]],"antennas":[0.63356,-0.549584],"body_yaw":0.314072,"check_collision":false},{"head":[[0.942032,-0.207091,0.263985,-0.004148],[0.214592,0.976704,0.000435,-0.00553],[-0.257925,0.056239,0.964527,0.002604],[0.0,0.0,0.0,1.0]],"antennas":[0.63356,-0.549584],"body_yaw":0.314072,"check_collision":false},{"head":[[0.94656,-0.179847,0.26773,-0.004112],[0.189811,0.981752,-0.011585,-0.004898],[-0.260761,0.061784,0.963424,0.002573],[0.0,0.0,0.0,1.0]],"antennas":[0.63356,-0.549584],"body_yaw":0.314072,"check_collision":false},{"head":[[0.951247,-0.149634,0.269701,-0.003987],[0.161299,0.986672,-0.021492,-0.003986],[-0.262891,0.063946,0.962704,0.002377],[0.0,0.0,0.0,1.0]],"antennas":[0.63356,-0.549584],"body_yaw":0.314072,"check_collision":false},{"head":[[0.954277,-0.133311,0.26755,-0.003959],[0.145732,0.988955,-0.027025,-0.003379],[-0.260992,0.06478,0.963165,0.002059],[0.0,0.0,0.0,1.0]],"antennas":[0.63356,-0.549584],"body_yaw":0.314072,"check_collision":false},{"head":[[0.955217,-0.129762,0.265936,-0.003972],[0.142466,0.989376,-0.028965,-0.002879],[-0.259352,0.065555,0.963555,0.001877],[0.0,0.0,0.0,1.0]],"antennas":[0.63356,-0.549584],"body_yaw":0.314072,"check_collision":false},{"head":[[0.954785,-0.13426,0.265253,-0.003968],[0.146494,0.988849,-0.026794,-0.002625],[-0.258698,0.06444,0.963806,0.001725],[0.0,0.0,0.0,1.0]],"antennas":[0.63356,-0.549584],"body_yaw":0.314072,"check_collision":false},{"head":[[0.954358,-0.144086,0.261611,-0.003792],[0.155764,0.987494,-0.024347,-0.002644],[-0.254831,0.063986,0.964866,0.0016],[0.0,0.0,0.0,1.0]],"antennas":[0.63356,-0.549584],"body_yaw":0.314072,"check_collision":false},{"head":[[0.953294,-0.15927,0.256641,-0.003667],[0.169874,0.985272,-0.019544,-0.002875],[-0.249748,0.062228,0.966309,0.001447],[0.0,0.0,0.0,1.0]],"antennas":[0.63356,-0.549584],"body_yaw":0.314072,"check_collision":false},{"head":[[0.948048,-0.199815,0.247548,-0.003448],[0.207483,0.978226,-0.005009,-0.003716],[-0.241157,0.056111,0.968863,0.001411],[0.0,0.0,0.0,1.0]],"antennas":[0.63356,-0.549584],"body_yaw":0.314072,"check_collision":false},{"head":[[0.934909,-0.268047,0.232584,-0.003156],[0.27263,0.962033,0.012836,-0.005053],[-0.227194,0.051409,0.972492,0.001102],[0.0,0.0,0.0,1.0]],"antennas":[0.63356,-0.549584],"body_yaw":0.314072,"check_collision":false},{"head":[[0.917762,-0.329133,0.222228,-0.002986],[0.330235,0.943311,0.033289,-0.006553],[-0.220586,0.042836,0.974426,0.000853],[0.0,0.0,0.0,1.0]],"antennas":[0.63356,-0.549584],"body_yaw":0.314072,"check_collision":false},{"head":[[0.910768,-0.355017,0.210867,-0.002732],[0.353773,0.934252,0.044912,-0.007613],[-0.212948,0.033695,0.976482,0.001066],[0.0,0.0,0.0,1.0]],"antennas":[0.63356,-0.549584],"body_yaw":0.314072,"check_collision":false},{"head":[[0.904844,-0.37257,0.206031,-0.002512],[0.36977,0.927586,0.053423,-0.008219],[-0.211016,0.027845,0.977086,0.001241],[0.0,0.0,0.0,1.0]],"antennas":[0.63356,-0.549584],"body_yaw":0.314072,"check_collision":false},{"head":[[0.900186,-0.383581,0.20623,-0.002255],[0.380079,0.923135,0.057973,-0.008444],[-0.212615,0.026197,0.976785,0.001189],[0.0,0.0,0.0,1.0]],"antennas":[0.63356,-0.549584],"body_yaw":0.314072,"check_collision":false},{"head":[[0.897557,-0.390864,0.204003,-0.002269],[0.386894,0.920124,0.060704,-0.009083],[-0.211435,0.024442,0.977086,0.00167],[0.0,0.0,0.0,1.0]],"antennas":[0.63356,-0.549584],"body_yaw":0.314072,"check_collision":false},{"head":[[0.894152,-0.399123,0.202962,-0.002361],[0.394469,0.916628,0.064705,-0.009284],[-0.211866,0.022206,0.977046,0.001932],[0.0,0.0,0.0,1.0]],"antennas":[0.63356,-0.549584],"body_yaw":0.314072,"check_collision":false},{"head":[[0.894175,-0.396488,0.207963,-0.002428],[0.391562,0.91777,0.066163,-0.009064],[-0.217095,0.022269,0.975896,0.001989],[0.0,0.0,0.0,1.0]],"antennas":[0.63356,-0.549584],"body_yaw":0.314072,"check_collision":false},{"head":[[0.901486,-0.37457,0.216843,-0.002291],[0.370094,0.92689,0.062491,-0.008869],[-0.224397,0.023918,0.974204,0.002093],[0.0,0.0,0.0,1.0]],"antennas":[0.63356,-0.549584],"body_yaw":0.314072,"check_collision":false},{"head":[[0.90951,-0.347814,0.227635,-0.002352],[0.344906,0.937096,0.053768,-0.008088],[-0.232017,0.02961,0.972261,0.002225],[0.0,0.0,0.0,1.0]],"antennas":[0.63356,-0.549584],"body_yaw":0.314072,"check_collision":false},{"head":[[0.918729,-0.311675,0.242479,-0.002835],[0.311057,0.949469,0.041855,-0.006906],[-0.243272,0.036972,0.969253,0.002404],[0.0,0.0,0.0,1.0]],"antennas":[0.63356,-0.549584],"body_yaw":0.314072,"check_collision":false},{"head":[[0.929079,-0.261264,0.261828,-0.003597],[0.263648,0.964251,0.026637,-0.005277],[-0.259428,0.044283,0.964747,0.002493],[0.0,0.0,0.0,1.0]],"antennas":[0.63356,-0.549584],"body_yaw":0.314072,"check_collision":false},{"head":[[0.939262,-0.21013,0.271351,-0.003882],[0.216506,0.976259,0.006579,-0.003646],[-0.266292,0.05257,0.962458,0.002477],[0.0,0.0,0.0,1.0]],"antennas":[0.63356,-0.549584],"body_yaw":0.314072,"check_collision":false},{"head":[[0.944672,-0.182091,0.272833,-0.003726],[0.192254,0.981286,-0.010753,-0.00271],[-0.265769,0.062612,0.962001,0.002462],[0.0,0.0,0.0,1.0]],"antennas":[0.63356,-0.549584],"body_yaw":0.314072,"check_collision":false},{"head":[[0.948827,-0.159694,0.272442,-0.003383],[0.172593,0.984703,-0.023895,-0.002182],[-0.264459,0.069694,0.961875,0.002646],[0.0,0.0,0.0,1.0]],"antennas":[0.63356,-0.549584],"body_yaw":0.314072,"check_collision":false},{"head":[[0.952276,-0.142279,0.270052,-0.003152],[0.155858,0.987342,-0.029408,-0.002102],[-0.26245,0.070094,0.962397,0.00266],[0.0,0.0,0.0,1.0]],"antennas":[0.63356,-0.549584],"body_yaw":0.314072,"check_collision":false},{"head":[[0.95329,-0.142419,0.266375,-0.002987],[0.155364,0.987459,-0.028058,-0.002709],[-0.259038,0.068132,0.963461,0.002715],[0.0,0.0,0.0,1.0]],"antennas":[0.63356,-0.549584],"body_yaw":0.314072,"check_collision":false},{"head":[[0.952696,-0.158518,0.259311,-0.002698],[0.170292,0.985115,-0.023437,-0.003685],[-0.251736,0.066487,0.96551,0.002757],[0.0,0.0,0.0,1.0]],"antennas":[0.63356,-0.549584],"body_yaw":0.314072,"check_collision":false},{"head":[[0.950178,-0.186644,0.249651,-0.00228],[0.196266,0.980451,-0.013988,-0.004393],[-0.24216,0.062289,0.968235,0.002682],[0.0,0.0,0.0,1.0]],"antennas":[0.63356,-0.549584],"body_yaw":0.314072,"check_collision":false},{"head":[[0.945183,-0.221611,0.23983,-0.001856],[0.229091,0.973399,-0.003409,-0.005337],[-0.232695,0.058165,0.970809,0.002742],[0.0,0.0,0.0,1.0]],"antennas":[0.63356,-0.549584],"body_yaw":0.314072,"check_collision":false},{"head":[[0.93839,-0.261185,0.226289,-0.001648],[0.266193,0.963881,0.008651,-0.005859],[-0.220375,0.052119,0.974022,0.002461],[0.0,0.0,0.0,1.0]],"antennas":[0.63356,-0.549584],"body_yaw":0.314072,"check_collision":false},{"head":[[0.92921,-0.300915,0.214519,-0.001514],[0.303829,0.952515,0.02007,-0.006715],[-0.210372,0.046528,0.976514,0.00248],[0.0,0.0,0.0,1.0]],"antennas":[0.63356,-0.549584],"body_yaw":0.314072,"check_collision":false},{"head":[[0.920404,-0.332292,0.206006,-0.00141],[0.333759,0.942223,0.028642,-0.007548],[-0.203621,0.042395,0.978131,0.002494],[0.0,0.0,0.0,1.0]],"antennas":[0.63356,-0.549584],"body_yaw":0.314072,"check_collision":false},{"head":[[0.915815,-0.34749,0.201332,-0.001076],[0.348285,0.93682,0.032639,-0.007967],[-0.199953,0.04023,0.978979,0.002438],[0.0,0.0,0.0,1.0]],"antennas":[0.63356,-0.549584],"body_yaw":0.314072,"check_collision":false},{"head":[[0.912045,-0.357112,0.201603,-0.000963],[0.357136,0.933298,0.037539,-0.008074],[-0.201562,0.037762,0.978748,0.002443],[0.0,0.0,0.0,1.0]],"antennas":[0.63356,-0.549584],"body_yaw":0.314072,"check_collision":false},{"head":[[0.911755,-0.353542,0.209071,-0.00133],[0.353835,0.934564,0.03729,-0.007859],[-0.208574,0.039977,0.977189,0.002603],[0.0,0.0,0.0,1.0]],"antennas":[0.63356,-0.549584],"body_yaw":0.314072,"check_collision":false},{"head":[[0.91519,-0.337924,0.219624,-0.001837],[0.339494,0.940072,0.031745,-0.007201],[-0.21719,0.045508,0.975068,0.002773],[0.0,0.0,0.0,1.0]],"antennas":[0.63356,-0.549584],"body_yaw":0.314072,"check_collision":false},{"head":[[0.919933,-0.315437,0.232859,-0.00223],[0.318577,0.947566,0.025025,-0.006324],[-0.228543,0.051162,0.972189,0.002888],[0.0,0.0,0.0,1.0]],"antennas":[0.63356,-0.549584],"body_yaw":0.314072,"check_collision":false},{"head":[[0.927375,-0.282649,0.245124,-0.002515],[0.287684,0.957595,0.015799,-0.005286],[-0.239195,0.055866,0.969363,0.002908],[0.0,0.0,0.0,1.0]],"antennas":[0.63356,-0.549584],"body_yaw":0.314072,"check_collision":false},{"head":[[0.936705,-0.242903,0.252155,-0.002751],[0.250603,0.968089,0.001626,-0.004172],[-0.244503,0.061668,0.967686,0.002746],[0.0,0.0,0.0,1.0]],"antennas":[0.63356,-0.549584],"body_yaw":0.314072,"check_collision":false},{"head":[[0.943343,-0.208145,0.258419,-0.002969],[0.218461,0.975777,-0.011533,-0.003069],[-0.249758,0.067334,0.965964,0.002603],[0.0,0.0,0.0,1.0]],"antennas":[0.63356,-0.549584],"body_yaw":0.314072,"check_collision":false},{"head":[[0.945353,-0.191516,0.263875,-0.003237],[0.203671,0.97885,-0.019235,-0.002452],[-0.25461,0.071928,0.964365,0.002659],[0.0,0.0,0.0,1.0]],"antennas":[0.63356,-0.549584],"body_yaw":0.314072,"check_collision":false},{"head":[[0.945439,-0.188554,0.265692,-0.003497],[0.20153,0.979231,-0.022191,-0.002409],[-0.25599,0.074525,0.963802,0.002719],[0.0,0.0,0.0,1.0]],"antennas":[0.63356,-0.549584],"body_yaw":0.314072,"check_collision":false},{"head":[[0.945508,-0.18513,0.267846,-0.003697],[0.198059,0.979947,-0.021836,-0.002588],[-0.258432,0.073696,0.963214,0.00269],[0.0,0.0,0.0,1.0]],"antennas":[0.63356,-0.549584],"body_yaw":0.314072,"check_collision":false},{"head":[[0.945813,-0.183832,0.267662,-0.003682],[0.196373,0.980312,-0.020621,-0.002667],[-0.258601,0.072065,0.963292,0.002805],[0.0,0.0,0.0,1.0]],"antennas":[0.63356,-0.549584],"body_yaw":0.314072,"check_collision":false},{"head":[[0.946082,-0.191477,0.261275,-0.003514],[0.203622,0.978846,-0.019965,-0.00252],[-0.251925,0.072089,0.965058,0.002974],[0.0,0.0,0.0,1.0]],"antennas":[0.63356,-0.549584],"body_yaw":0.314072,"check_collision":false},{"head":[[0.945517,-0.207319,0.251031,-0.003422],[0.21869,0.975629,-0.017962,-0.00255],[-0.241189,0.071882,0.967812,0.003032],[0.0,0.0,0.0,1.0]],"antennas":[0.63356,-0.549584],"body_yaw":0.314072,"check_collision":false},{"head":[[0.943556,-0.226212,0.241931,-0.0034],[0.237041,0.971364,-0.01623,-0.002814],[-0.231332,0.072661,0.970158,0.003198],[0.0,0.0,0.0,1.0]],"antennas":[0.63356,-0.549584],"body_yaw":0.314072,"check_collision":false},{"head":[[0.940944,-0.244247,0.234453,-0.003341],[0.25436,0.967017,-0.013422,-0.003096],[-0.223442,0.072265,0.972035,0.003404],[0.0,0.0,0.0,1.0]],"antennas":[0.63356,-0.549584],"body_yaw":0.314072,"check_collision":false},{"head":[[0.939486,-0.255087,0.228686,-0.003485],[0.264553,0.964306,-0.011204,-0.003218],[-0.217665,0.071025,0.973436,0.003649],[0.0,0.0,0.0,1.0]],"antennas":[0.63356,-0.549584],"body_yaw":0.314072,"check_collision":false},{"head":[[0.939819,-0.258614,0.223291,-0.003888],[0.267634,0.963462,-0.010583,-0.003316],[-0.212396,0.069706,0.974694,0.004125],[0.0,0.0,0.0,1.0]],"antennas":[0.63356,-0.549584],"body_yaw":0.314072,"check_collision":false},{"head":[[0.940076,-0.259663,0.220979,-0.00424],[0.268469,0.963234,-0.01025,-0.003654],[-0.210193,0.068962,0.975225,0.004694],[0.0,0.0,0.0,1.0]],"antennas":[0.63356,-0.549584],"body_yaw":0.314072,"check_collision":false},{"head":[[0.940846,-0.257683,0.220019,-0.004485],[0.26654,0.963761,-0.011036,-0.003953],[-0.209202,0.069027,0.975433,0.005127],[0.0,0.0,0.0,1.0]],"antennas":[0.63356,-0.549584],"body_yaw":0.314072,"check_collision":false},{"head":[[0.9421,-0.255562,0.217109,-0.00476],[0.264554,0.964284,-0.012907,-0.004113],[-0.206056,0.069597,0.976062,0.005513],[0.0,0.0,0.0,1.0]],"antennas":[0.63356,-0.549584],"body_yaw":0.314072,"check_collision":false},{"head":[[0.943394,-0.253539,0.213838,-0.00514],[0.262405,0.964861,-0.013662,-0.004164],[-0.20286,0.069001,0.976774,0.005912],[0.0,0.0,0.0,1.0]],"antennas":[0.63356,-0.549584],"body_yaw":0.314072,"check_collision":false},{"head":[[0.944682,-0.251666,0.210332,-0.005615],[0.260266,0.965438,-0.01379,-0.003818],[-0.199592,0.06777,0.977533,0.006212],[0.0,0.0,0.0,1.0]],"antennas":[0.63356,-0.549584],"body_yaw":0.314072,"check_collision":false},{"head":[[0.945573,-0.249905,0.208419,-0.005903],[0.258476,0.965909,-0.0145,-0.003533],[-0.19769,0.067582,0.977932,0.006343],[0.0,0.0,0.0,1.0]],"antennas":[0.63356,-0.549584],"body_yaw":0.314072,"check_collision":false}]}