{"description":"An animated negative response, for example, when you don\u2019t want to do something but want to explain it playfully.","time":[0.0,0.02,0.04,0.06,0.08,0.1,0.12,0.14,0.16,0.18,0.2,0.22,0.24,0.26,0.28,0.3,0.32,0.34,0.36,0.38,0.4,0.42,0.44,0.46,0.48,0.5,0.52,0.54,0.56,0.58,0.6,0.62,0.64,0.66,0.68,0.7,0.72,0.74,0.76,0.78,0.8,0.82,0.84,0.86,0.88,0.9,0.92,0.94,0.96,0.98,1.0,1.02,1.04,1.06,1.08,1.1,1.12,1.14,1.16,1.18,1.2,1.22,1.24,1.26,1.28,1.3,1.32,1.34,1.36,1.38,1.4,1.42,1.44,1.46,1.48,1.5,1.52,1.54,1.56,1.58,1.6,1.62,1.64,1.66,1.68,1.7,1.72,1.74,1.76,1.78,1.8,1.82,1.84,1.86,1.88,1.9,1.92,1.94,1.96,1.98,2.0,2.02,2.04,2.06,2.08,2.1,2.12,2.14,2.16,2.18,2.2,2.22,2.24,2.26,2.28,2.3,2.32,2.34,2.36,2.38,2.4,2.42,2.44,2.46,2.48,2.5,2.52,2.54,2.56,2.58,2.6,2.62,2.64,2.66,2.68,2.7,2.72,2.74,2.76,2.78,2.8,2.82,2.84,2.86,2.88,2.9,2.92,2.94,2.96,2.98,3.0,3.02,3.04,3.06,3.08,3.1,3.12,3.14,3.16,3.18,3.2,3.22,3.24,3.26,3.28,3.3,3.32,3.34,3.36,3.38,3.4,3.42,3.44,3.46,3.48,3.5,3.52,3.54,3.56,3.58,3.6,3.62,3.64,3.66,3.68,3.7,3.72,3.74,3.76,3.78,3.8,3.82,3.84,3.86,3.88,3.9,3.92,3.94,3.96,3.98,4.0,4.02,4.04,4.06,4.08,4.1,4.12,4.14,4.16,4.18,4.2,4.22,4.24,4.26,4.28,4.3,4.32,4.34,4.36,4.38,4.4,4.42,4.44,4.46,4.48],"set_target_data":[{"head":[[0.996563,-0.072778,-0.039572,-0.012338],[0.069994,0.995249,-0.067683,-0.006784],[0.04431,0.064681,0.996922,-0.004678],[0.0,0.0,0.0,1.0]],"antennas":[-0.055865,0.040279],"body_yaw":0.101844,"check_collision":false},{"head":[[0.996545,-0.073021,-0.039562,-0.012365],[0.070226,0.995214,-0.067956,-0.006767],[0.044335,0.064943,0.996904,-0.004568],[0.0,0.0,0.0,1.0]],"antennas":[-0.055865,0.040279],"body_yaw":0.101844,"check_collision":false},{"head":[[0.996537,-0.073138,-0.039557,-0.012384],[0.070333,0.995192,-0.068162,-0.00676],[0.044352,0.065143,0.99689,-0.004684],[0.0,0.0,0.0,1.0]],"antennas":[-0.055865,0.040279],"body_yaw":0.101844,"check_collision":false},{"head":[[0.9965,-0.073659,-0.039512,-0.012427],[0.070835,0.995123,-0.068654,-0.006837],[0.044376,0.065615,0.996858,-0.004597],[0.0,0.0,0.0,1.0]],"antennas":[-0.055865,0.040279],"body_yaw":0.101844,"check_collision":false},{"head":[[0.996473,-0.07391,-0.039738,-0.01243],[0.071056,0.995085,-0.068969,-0.00688],[0.044641,0.065902,0.996827,-0.004487],[0.0,0.0,0.0,1.0]],"antennas":[-0.055865,0.040279],"body_yaw":0.101844,"check_collision":false},{"head":[[0.996462,-0.074088,-0.039679,-0.012437],[0.07122,0.995044,-0.06939,-0.006864],[0.044624,0.066319,0.9968,-0.004512],[0.0,0.0,0.0,1.0]],"antennas":[-0.055865,0.040279],"body_yaw":0.101844,"check_collision":false},{"head":[[0.996468,-0.073845,-0.039988,-0.012448],[0.07095,0.995054,-0.069527,-0.006822],[0.044924,0.066444,0.996778,-0.004576],[0.0,0.0,0.0,1.0]],"antennas":[-0.055865,0.040279],"body_yaw":0.101844,"check_collision":false},{"head":[[0.996454,-0.074014,-0.040018,-0.012433],[0.071103,0.995022,-0.069833,-0.006724],[0.044987,0.06674,0.996756,-0.004611],[0.0,0.0,0.0,1.0]],"antennas":[-0.055865,0.040279],"body_yaw":0.101844,"check_collision":false},{"head":[[0.996455,-0.074045,-0.039923,-0.012397],[0.071139,0.995017,-0.069856,-0.006828],[0.044897,0.066768,0.996758,-0.004595],[0.0,0.0,0.0,1.0]],"antennas":[-0.055865,0.040279],"body_yaw":0.101844,"check_collision":false},{"head":[[0.99645,-0.074134,-0.039891,-0.012369],[0.071225,0.995003,-0.069971,-0.006885],[0.044879,0.066881,0.996751,-0.004545],[0.0,0.0,0.0,1.0]],"antennas":[-0.055865,0.040279],"body_yaw":0.101844,"check_collision":false},{"head":[[0.996447,-0.074091,-0.040056,-0.01239],[0.071167,0.995001,-0.070054,-0.006877],[0.045046,0.066954,0.996739,-0.004538],[0.0,0.0,0.0,1.0]],"antennas":[-0.055865,0.040279],"body_yaw":0.101844,"check_collision":false},{"head":[[0.996439,-0.07414,-0.040163,-0.012475],[0.071207,0.994996,-0.07009,-0.006889],[0.045159,0.066981,0.996732,-0.004476],[0.0,0.0,0.0,1.0]],"antennas":[-0.055865,0.040279],"body_yaw":0.101844,"check_collision":false},{"head":[[0.996439,-0.074186,-0.04006,-0.012427],[0.071254,0.994984,-0.070216,-0.006953],[0.045069,0.067111,0.996727,-0.00451],[0.0,0.0,0.0,1.0]],"antennas":[-0.055865,0.040279],"body_yaw":0.101844,"check_collision":false},{"head":[[0.996439,-0.074229,-0.039998,-0.012365],[0.071295,0.99497,-0.070374,-0.006935],[0.04502,0.067271,0.996718,-0.00451],[0.0,0.0,0.0,1.0]],"antennas":[-0.055865,0.040279],"body_yaw":0.101844,"check_collision":false},{"head":[[0.996444,-0.074232,-0.039874,-0.012383],[0.071297,0.994955,-0.070574,-0.006913],[0.044912,0.06748,0.996709,-0.004608],[0.0,0.0,0.0,1.0]],"antennas":[-0.055865,0.040279],"body_yaw":0.101844,"check_collision":false},{"head":[[0.996457,-0.074246,-0.039506,-0.012381],[0.071331,0.994946,-0.070674,-0.006929],[0.044553,0.067606,0.996717,-0.004533],[0.0,0.0,0.0,1.0]],"antennas":[-0.055865,0.040279],"body_yaw":0.101844,"check_collision":false},{"head":[[0.99645,-0.074332,-0.039523,-0.012412],[0.071409,0.99493,-0.070823,-0.006878],[0.044587,0.067749,0.996706,-0.004549],[0.0,0.0,0.0,1.0]],"antennas":[-0.055865,0.040279],"body_yaw":0.101844,"check_collision":false},{"head":[[0.996467,-0.074275,-0.039197,-0.012367],[0.071362,0.994913,-0.071105,-0.006808],[0.044279,0.068057,0.996698,-0.004603],[0.0,0.0,0.0,1.0]],"antennas":[-0.055865,0.040279],"body_yaw":0.101844,"check_collision":false},{"head":[[0.996477,-0.074182,-0.039123,-0.01229],[0.071278,0.994926,-0.071007,-0.006835],[0.044192,0.067968,0.996708,-0.00466],[0.0,0.0,0.0,1.0]],"antennas":[-0.055865,0.040279],"body_yaw":0.101844,"check_collision":false},{"head":[[0.996479,-0.074173,-0.039083,-0.01226],[0.071275,0.994929,-0.070965,-0.006818],[0.044148,0.067929,0.996713,-0.00469],[0.0,0.0,0.0,1.0]],"antennas":[-0.055865,0.040279],"body_yaw":0.101844,"check_collision":false},{"head":[[0.996509,-0.073803,-0.039022,-0.012231],[0.070902,0.994944,-0.071126,-0.006779],[0.044074,0.068111,0.996704,-0.004715],[0.0,0.0,0.0,1.0]],"antennas":[-0.055865,0.040279],"body_yaw":0.101844,"check_collision":false},{"head":[[0.996521,-0.073617,-0.03907,-0.012219],[0.070711,0.994955,-0.071166,-0.006698],[0.044112,0.068156,0.996699,-0.004707],[0.0,0.0,0.0,1.0]],"antennas":[-0.055865,0.040279],"body_yaw":0.101844,"check_collision":false},{"head":[[0.996537,-0.0735,-0.038868,-0.012189],[0.070605,0.994957,-0.071245,-0.006736],[0.043909,0.068254,0.996701,-0.004654],[0.0,0.0,0.0,1.0]],"antennas":[-0.055865,0.040279],"body_yaw":0.101844,"check_collision":false},{"head":[[0.996562,-0.07329,-0.038639,-0.012135],[0.07041,0.994969,-0.071267,-0.006696],[0.043668,0.068301,0.996709,-0.004553],[0.0,0.0,0.0,1.0]],"antennas":[-0.036053,0.02581],"body_yaw":0.101844,"check_collision":false},{"head":[[0.996569,-0.07314,-0.038729,-0.012044],[0.070246,0.994969,-0.071431,-0.006655],[0.043759,0.068466,0.996693,-0.004675],[0.0,0.0,0.0,1.0]],"antennas":[0.024668,-0.017674],"body_yaw":0.101844,"check_collision":false},{"head":[[0.996569,-0.073145,-0.03872,-0.011978],[0.070247,0.994961,-0.071539,-0.00672],[0.043758,0.068573,0.996686,-0.004656],[0.0,0.0,0.0,1.0]],"antennas":[0.111376,-0.097196],"body_yaw":0.101844,"check_collision":false},{"head":[[0.99659,-0.072929,-0.038596,-0.011937],[0.070045,0.994984,-0.071423,-0.006614],[0.043611,0.068476,0.996699,-0.004673],[0.0,0.0,0.0,1.0]],"antennas":[0.19818,-0.184003],"body_yaw":0.101844,"check_collision":false},{"head":[[0.996592,-0.073025,-0.038359,-0.011898],[0.070151,0.994964,-0.071587,-0.006503],[0.043394,0.068652,0.996696,-0.004776],[0.0,0.0,0.0,1.0]],"antennas":[0.284922,-0.270748],"body_yaw":0.101844,"check_collision":false},{"head":[[0.996604,-0.072856,-0.038364,-0.011936],[0.069979,0.994973,-0.071638,-0.006466],[0.04339,0.06871,0.996693,-0.004701],[0.0,0.0,0.0,1.0]],"antennas":[0.371452,-0.35728],"body_yaw":0.101844,"check_collision":false},{"head":[[0.996617,-0.072603,-0.038519,-0.011984],[0.06972,0.994997,-0.071555,-0.006409],[0.043521,0.068627,0.996693,-0.004581],[0.0,0.0,0.0,1.0]],"antennas":[0.458413,-0.444243],"body_yaw":0.101844,"check_collision":false},{"head":[[0.996628,-0.072517,-0.038382,-0.0119],[0.069626,0.994975,-0.071951,-0.006338],[0.043407,0.069036,0.996669,-0.00472],[0.0,0.0,0.0,1.0]],"antennas":[0.545293,-0.531126],"body_yaw":0.101844,"check_collision":false},{"head":[[0.996647,-0.072474,-0.037989,-0.011825],[0.069583,0.994931,-0.072593,-0.006391],[0.043058,0.069706,0.996638,-0.004848],[0.0,0.0,0.0,1.0]],"antennas":[0.630325,-0.616811],"body_yaw":0.101844,"check_collision":false},{"head":[[0.996682,-0.072181,-0.037611,-0.011835],[0.06929,0.994907,-0.073205,-0.006236],[0.042704,0.070356,0.996607,-0.004921],[0.0,0.0,0.0,1.0]],"antennas":[0.672696,-0.654595],"body_yaw":0.101844,"check_collision":false},{"head":[[0.99672,-0.071643,-0.037641,-0.011891],[0.068754,0.99495,-0.073129,-0.006246],[0.04269,0.070301,0.996612,-0.004873],[0.0,0.0,0.0,1.0]],"antennas":[0.670305,-0.652722],"body_yaw":0.101844,"check_collision":false},{"head":[[0.996726,-0.071425,-0.037903,-0.011936],[0.068512,0.994955,-0.073284,-0.006107],[0.042946,0.070447,0.996591,-0.00495],[0.0,0.0,0.0,1.0]],"antennas":[0.670305,-0.652722],"body_yaw":0.101844,"check_collision":false},{"head":[[0.996712,-0.071741,-0.037673,-0.011913],[0.068823,0.9949,-0.073742,-0.005905],[0.042772,0.070907,0.996566,-0.005009],[0.0,0.0,0.0,1.0]],"antennas":[0.670305,-0.652722],"body_yaw":0.101844,"check_collision":false},{"head":[[0.996737,-0.071651,-0.037164,-0.011805],[0.06877,0.994904,-0.07373,-0.005874],[0.042257,0.070934,0.996586,-0.004955],[0.0,0.0,0.0,1.0]],"antennas":[0.670305,-0.652722],"body_yaw":0.101844,"check_collision":false},{"head":[[0.996742,-0.071473,-0.037389,-0.01164],[0.068562,0.994893,-0.07407,-0.005945],[0.042492,0.071265,0.996552,-0.005189],[0.0,0.0,0.0,1.0]],"antennas":[0.670305,-0.652722],"body_yaw":0.101844,"check_collision":false},{"head":[[0.996769,-0.071293,-0.036985,-0.011643],[0.068404,0.994891,-0.074245,-0.006102],[0.04209,0.071475,0.996554,-0.005418],[0.0,0.0,0.0,1.0]],"antennas":[0.670305,-0.652722],"body_yaw":0.101844,"check_collision":false},{"head":[[0.996791,-0.070717,-0.037496,-0.011681],[0.067812,0.994967,-0.073778,-0.006235],[0.042525,0.070998,0.99657,-0.005301],[0.0,0.0,0.0,1.0]],"antennas":[0.670305,-0.652722],"body_yaw":0.101844,"check_collision":false},{"head":[[0.996789,-0.070663,-0.037663,-0.011709],[0.067745,0.994967,-0.073832,-0.006127],[0.04269,0.071043,0.996559,-0.004921],[0.0,0.0,0.0,1.0]],"antennas":[0.670305,-0.652722],"body_yaw":0.101844,"check_collision":false},{"head":[[0.996831,-0.070166,-0.037472,-0.011806],[0.067269,0.995012,-0.073663,-0.005979],[0.042454,0.070909,0.996579,-0.00476],[0.0,0.0,0.0,1.0]],"antennas":[0.670305,-0.652722],"body_yaw":0.101844,"check_collision":false},{"head":[[0.996855,-0.069805,-0.037521,-0.011809],[0.0669,0.995028,-0.073783,-0.005994],[0.042485,0.071041,0.996568,-0.004676],[0.0,0.0,0.0,1.0]],"antennas":[0.670305,-0.652722],"body_yaw":0.101844,"check_collision":false},{"head":[[0.996877,-0.069333,-0.037815,-0.01165],[0.066412,0.995067,-0.073693,-0.005921],[0.042738,0.070951,0.996564,-0.004862],[0.0,0.0,0.0,1.0]],"antennas":[0.670305,-0.652722],"body_yaw":0.101844,"check_collision":false},{"head":[[0.996885,-0.069262,-0.037729,-0.011433],[0.066348,0.995074,-0.073661,-0.006335],[0.042645,0.070928,0.996569,-0.005023],[0.0,0.0,0.0,1.0]],"antennas":[0.670305,-0.652722],"body_yaw":0.101844,"check_collision":false},{"head":[[0.996877,-0.069329,-0.037824,-0.011517],[0.066409,0.995071,-0.073648,-0.006494],[0.042743,0.070906,0.996567,-0.005133],[0.0,0.0,0.0,1.0]],"antennas":[0.670305,-0.652722],"body_yaw":0.101844,"check_collision":false},{"head":[[0.996879,-0.069133,-0.03811,-0.011725],[0.066204,0.995103,-0.073397,-0.006533],[0.042998,0.070645,0.996574,-0.004956],[0.0,0.0,0.0,1.0]],"antennas":[0.670305,-0.652722],"body_yaw":0.101844,"check_collision":false},{"head":[[0.99688,-0.069048,-0.03824,-0.011745],[0.066105,0.995101,-0.073513,-0.006347],[0.043128,0.070755,0.996561,-0.004927],[0.0,0.0,0.0,1.0]],"antennas":[0.670305,-0.652722],"body_yaw":0.101844,"check_collision":false},{"head":[[0.996912,-0.068596,-0.038235,-0.011734],[0.065646,0.995118,-0.073697,-0.006272],[0.043103,0.070959,0.996547,-0.00477],[0.0,0.0,0.0,1.0]],"antennas":[0.670305,-0.652722],"body_yaw":0.101844,"check_collision":false},{"head":[[0.99692,-0.068513,-0.038157,-0.011771],[0.065557,0.995103,-0.073972,-0.006191],[0.043038,0.071243,0.99653,-0.004781],[0.0,0.0,0.0,1.0]],"antennas":[0.670305,-0.652722],"body_yaw":0.101844,"check_collision":false},{"head":[[0.996905,-0.068786,-0.038062,-0.011714],[0.065828,0.995071,-0.074163,-0.006296],[0.042976,0.071428,0.996519,-0.004862],[0.0,0.0,0.0,1.0]],"antennas":[0.670305,-0.652722],"body_yaw":0.101844,"check_collision":false},{"head":[[0.99685,-0.069626,-0.037982,-0.011581],[0.066668,0.995009,-0.074245,-0.006602],[0.042962,0.071479,0.996516,-0.005001],[0.0,0.0,0.0,1.0]],"antennas":[0.670305,-0.652722],"body_yaw":0.101844,"check_collision":false},{"head":[[0.996802,-0.07031,-0.037977,-0.01168],[0.067346,0.994953,-0.074387,-0.006519],[0.043016,0.071591,0.996506,-0.004968],[0.0,0.0,0.0,1.0]],"antennas":[0.670305,-0.652722],"body_yaw":0.101844,"check_collision":false},{"head":[[0.996761,-0.070921,-0.037917,-0.011814],[0.067951,0.994897,-0.074587,-0.006735],[0.043013,0.071769,0.996493,-0.004652],[0.0,0.0,0.0,1.0]],"antennas":[0.670305,-0.652722],"body_yaw":0.101844,"check_collision":false},{"head":[[0.996723,-0.071331,-0.038159,-0.011825],[0.068345,0.994874,-0.074534,-0.006655],[0.04328,0.071681,0.996488,-0.004592],[0.0,0.0,0.0,1.0]],"antennas":[0.670305,-0.652722],"body_yaw":0.101844,"check_collision":false},{"head":[[0.996639,-0.072389,-0.03835,-0.01172],[0.069383,0.994794,-0.074639,-0.006594],[0.043553,0.071727,0.996473,-0.004658],[0.0,0.0,0.0,1.0]],"antennas":[0.670305,-0.652722],"body_yaw":0.085513,"check_collision":false},{"head":[[0.996485,-0.073901,-0.039444,-0.011684],[0.070796,0.994665,-0.075034,-0.006723],[0.044778,0.071978,0.996401,-0.00469],[0.0,0.0,0.0,1.0]],"antennas":[0.670305,-0.652722],"body_yaw":0.034093,"check_collision":false},{"head":[[0.996371,-0.075208,-0.039861,-0.011652],[0.072057,0.994553,-0.075315,-0.006528],[0.045308,0.072169,0.996363,-0.004865],[0.0,0.0,0.0,1.0]],"antennas":[0.670305,-0.652722],"body_yaw":-0.021372,"check_collision":false},{"head":[[0.996275,-0.076205,-0.040364,-0.01158],[0.073003,0.994461,-0.07561,-0.006694],[0.045903,0.072382,0.99632,-0.004871],[0.0,0.0,0.0,1.0]],"antennas":[0.670305,-0.652722],"body_yaw":-0.07698,"check_collision":false},{"head":[[0.996194,-0.076773,-0.041264,-0.011629],[0.073484,0.994394,-0.076036,-0.006591],[0.04687,0.072715,0.996251,-0.004944],[0.0,0.0,0.0,1.0]],"antennas":[0.670305,-0.652722],"body_yaw":-0.132667,"check_collision":false},{"head":[[0.996227,-0.076293,-0.041371,-0.011648],[0.072976,0.994396,-0.076486,-0.006429],[0.046975,0.073179,0.996212,-0.004859],[0.0,0.0,0.0,1.0]],"antennas":[0.670305,-0.652722],"body_yaw":-0.187912,"check_collision":false},{"head":[[0.99634,-0.075178,-0.040691,-0.011632],[0.071873,0.99441,-0.077351,-0.006517],[0.046279,0.074144,0.996173,-0.004932],[0.0,0.0,0.0,1.0]],"antennas":[0.670305,-0.652722],"body_yaw":-0.243396,"check_collision":false},{"head":[[0.996454,-0.07397,-0.040099,-0.011564],[0.070672,0.994429,-0.078205,-0.006671],[0.04566,0.075094,0.996131,-0.005086],[0.0,0.0,0.0,1.0]],"antennas":[0.670305,-0.652722],"body_yaw":-0.295585,"check_collision":false},{"head":[[0.996555,-0.072629,-0.040034,-0.011543],[0.069293,0.994447,-0.079208,-0.006779],[0.045565,0.076161,0.996054,-0.005102],[0.0,0.0,0.0,1.0]],"antennas":[0.670305,-0.652722],"body_yaw":-0.303817,"check_collision":false},{"head":[[0.996664,-0.070685,-0.040801,-0.011669],[0.067277,0.994554,-0.079597,-0.006659],[0.046206,0.076587,0.995992,-0.005102],[0.0,0.0,0.0,1.0]],"antennas":[0.670305,-0.652722],"body_yaw":-0.248277,"check_collision":false},{"head":[[0.996743,-0.069465,-0.040966,-0.011706],[0.066023,0.994597,-0.080106,-0.006676],[0.04631,0.07714,0.995944,-0.005033],[0.0,0.0,0.0,1.0]],"antennas":[0.670305,-0.652722],"body_yaw":-0.192762,"check_collision":false},{"head":[[0.996769,-0.069034,-0.041052,-0.011658],[0.065585,0.994624,-0.080137,-0.006461],[0.046364,0.077186,0.995938,-0.004926],[0.0,0.0,0.0,1.0]],"antennas":[0.670305,-0.652722],"body_yaw":-0.137098,"check_collision":false},{"head":[[0.996722,-0.069527,-0.041375,-0.011588],[0.066028,0.994554,-0.080635,-0.006442],[0.046756,0.077639,0.995885,-0.004933],[0.0,0.0,0.0,1.0]],"antennas":[0.670305,-0.652722],"body_yaw":-0.0822,"check_collision":false},{"head":[[0.996605,-0.0709,-0.041843,-0.011437],[0.067344,0.994435,-0.081016,-0.00667],[0.047354,0.077923,0.995834,-0.004967],[0.0,0.0,0.0,1.0]],"antennas":[0.670305,-0.652722],"body_yaw":-0.026178,"check_collision":false},{"head":[[0.996458,-0.072475,-0.042657,-0.011461],[0.06884,0.994312,-0.081265,-0.006673],[0.048304,0.078041,0.995779,-0.005178],[0.0,0.0,0.0,1.0]],"antennas":[0.670305,-0.652722],"body_yaw":0.029372,"check_collision":false},{"head":[[0.996274,-0.074497,-0.043449,-0.011376],[0.070811,0.994199,-0.080956,-0.006693],[0.049228,0.077578,0.99577,-0.00513],[0.0,0.0,0.0,1.0]],"antennas":[0.670305,-0.652722],"body_yaw":0.083111,"check_collision":false},{"head":[[0.996159,-0.075632,-0.044115,-0.011437],[0.071923,0.99417,-0.080333,-0.006515],[0.049933,0.076851,0.995791,-0.004955],[0.0,0.0,0.0,1.0]],"antennas":[0.670305,-0.652722],"body_yaw":0.102405,"check_collision":false},{"head":[[0.996016,-0.077092,-0.044831,-0.01141],[0.073316,0.994053,-0.080515,-0.006622],[0.050772,0.076907,0.995745,-0.005026],[0.0,0.0,0.0,1.0]],"antennas":[0.670305,-0.652722],"body_yaw":0.058316,"check_collision":false},{"head":[[0.995968,-0.077355,-0.04544,-0.011393],[0.073539,0.994048,-0.080377,-0.006638],[0.051387,0.076711,0.995728,-0.004981],[0.0,0.0,0.0,1.0]],"antennas":[0.670305,-0.652722],"body_yaw":0.002627,"check_collision":false},{"head":[[0.995952,-0.077651,-0.045278,-0.011362],[0.073837,0.994011,-0.080568,-0.006573],[0.051263,0.076899,0.99572,-0.004972],[0.0,0.0,0.0,1.0]],"antennas":[0.670305,-0.652722],"body_yaw":-0.052585,"check_collision":false},{"head":[[0.995978,-0.077287,-0.045332,-0.011335],[0.073459,0.994022,-0.080776,-0.006645],[0.051304,0.077121,0.995701,-0.005051],[0.0,0.0,0.0,1.0]],"antennas":[0.670305,-0.652722],"body_yaw":-0.108338,"check_collision":false},{"head":[[0.995993,-0.076975,-0.045539,-0.01135],[0.073119,0.994027,-0.081013,-0.006749],[0.051503,0.077358,0.995672,-0.005118],[0.0,0.0,0.0,1.0]],"antennas":[0.670305,-0.652722],"body_yaw":-0.163845,"check_collision":false},{"head":[[0.995995,-0.076884,-0.045645,-0.011469],[0.073009,0.994018,-0.081233,-0.006596],[0.051618,0.077575,0.995649,-0.00507],[0.0,0.0,0.0,1.0]],"antennas":[0.670305,-0.652722],"body_yaw":-0.215581,"check_collision":false},{"head":[[0.995997,-0.076803,-0.045723,-0.011523],[0.072921,0.994024,-0.081236,-0.006556],[0.051689,0.077577,0.995646,-0.004986],[0.0,0.0,0.0,1.0]],"antennas":[0.670305,-0.652722],"body_yaw":-0.200829,"check_collision":false},{"head":[[0.995968,-0.077151,-0.045783,-0.011434],[0.073249,0.993975,-0.081543,-0.006855],[0.051799,0.077861,0.995618,-0.004996],[0.0,0.0,0.0,1.0]],"antennas":[0.670305,-0.652722],"body_yaw":-0.145077,"check_collision":false},{"head":[[0.995983,-0.077021,-0.04566,-0.011345],[0.073122,0.993974,-0.081663,-0.006969],[0.051675,0.077997,0.995613,-0.005152],[0.0,0.0,0.0,1.0]],"antennas":[0.670305,-0.652722],"body_yaw":-0.089657,"check_collision":false},{"head":[[0.996003,-0.076778,-0.045631,-0.011367],[0.072891,0.994006,-0.081484,-0.006915],[0.051613,0.077833,0.99563,-0.00507],[0.0,0.0,0.0,1.0]],"antennas":[0.670305,-0.652722],"body_yaw":-0.034199,"check_collision":false},{"head":[[0.995991,-0.076649,-0.046119,-0.011473],[0.072742,0.994045,-0.081132,-0.006885],[0.052063,0.077452,0.995636,-0.004961],[0.0,0.0,0.0,1.0]],"antennas":[0.670305,-0.652722],"body_yaw":-0.002847,"check_collision":false},{"head":[[0.995988,-0.076551,-0.046345,-0.011427],[0.072636,0.994066,-0.080973,-0.006831],[0.052269,0.077282,0.995638,-0.004962],[0.0,0.0,0.0,1.0]],"antennas":[0.670305,-0.652722],"body_yaw":-0.002985,"check_collision":false},{"head":[[0.996003,-0.076401,-0.046273,-0.011381],[0.072492,0.994077,-0.080966,-0.006735],[0.052185,0.077288,0.995642,-0.004893],[0.0,0.0,0.0,1.0]],"antennas":[0.670305,-0.652722],"body_yaw":-0.044201,"check_collision":false},{"head":[[0.996015,-0.076396,-0.046015,-0.011335],[0.072512,0.994084,-0.080863,-0.00651],[0.051921,0.077204,0.995662,-0.004858],[0.0,0.0,0.0,1.0]],"antennas":[0.670305,-0.652722],"body_yaw":-0.099512,"check_collision":false},{"head":[[0.996004,-0.076358,-0.04633,-0.011287],[0.072442,0.994077,-0.081012,-0.006474],[0.052241,0.077332,0.995636,-0.005071],[0.0,0.0,0.0,1.0]],"antennas":[0.670305,-0.652722],"body_yaw":-0.155213,"check_collision":false},{"head":[[0.995976,-0.077071,-0.045732,-0.011153],[0.073191,0.994007,-0.081196,-0.006739],[0.051715,0.077522,0.995648,-0.005257],[0.0,0.0,0.0,1.0]],"antennas":[0.670305,-0.652722],"body_yaw":-0.208022,"check_collision":false},{"head":[[0.995962,-0.077059,-0.046067,-0.011214],[0.07316,0.994021,-0.081049,-0.006727],[0.052037,0.077351,0.995645,-0.005094],[0.0,0.0,0.0,1.0]],"antennas":[0.670305,-0.652722],"body_yaw":-0.266125,"check_collision":false},{"head":[[0.995958,-0.076756,-0.046655,-0.011322],[0.072832,0.994075,-0.080682,-0.006735],[0.052571,0.076958,0.995647,-0.00498],[0.0,0.0,0.0,1.0]],"antennas":[0.670305,-0.652722],"body_yaw":-0.315894,"check_collision":false},{"head":[[0.995951,-0.076723,-0.046858,-0.011326],[0.072766,0.994055,-0.080997,-0.006783],[0.052793,0.077259,0.995612,-0.005153],[0.0,0.0,0.0,1.0]],"antennas":[0.670305,-0.652722],"body_yaw":-0.297916,"check_collision":false},{"head":[[0.995935,-0.076781,-0.047088,-0.011357],[0.072792,0.994031,-0.081259,-0.006846],[0.053046,0.077501,0.99558,-0.005166],[0.0,0.0,0.0,1.0]],"antennas":[0.670305,-0.652722],"body_yaw":-0.243882,"check_collision":false},{"head":[[0.995906,-0.076803,-0.047672,-0.011488],[0.072775,0.994043,-0.081136,-0.006345],[0.053619,0.077335,0.995562,-0.005036],[0.0,0.0,0.0,1.0]],"antennas":[0.670305,-0.652722],"body_yaw":-0.230517,"check_collision":false},{"head":[[0.995895,-0.076898,-0.047757,-0.011475],[0.072841,0.994004,-0.081555,-0.006388],[0.053742,0.077741,0.995524,-0.004989],[0.0,0.0,0.0,1.0]],"antennas":[0.670305,-0.652722],"body_yaw":-0.230517,"check_collision":false},{"head":[[0.99587,-0.076644,-0.04866,-0.011399],[0.072485,0.993981,-0.082148,-0.006544],[0.054663,0.078281,0.995432,-0.005045],[0.0,0.0,0.0,1.0]],"antennas":[0.670305,-0.652722],"body_yaw":-0.230517,"check_collision":false},{"head":[[0.995845,-0.076661,-0.049158,-0.011321],[0.072424,0.993929,-0.08283,-0.006536],[0.055209,0.078926,0.995351,-0.005038],[0.0,0.0,0.0,1.0]],"antennas":[0.670305,-0.652722],"body_yaw":-0.262431,"check_collision":false},{"head":[[0.995787,-0.076452,-0.050637,-0.01135],[0.072037,0.993866,-0.08391,-0.006423],[0.056742,0.079908,0.995186,-0.004936],[0.0,0.0,0.0,1.0]],"antennas":[0.670305,-0.652722],"body_yaw":-0.317463,"check_collision":false},{"head":[[0.995705,-0.076561,-0.052053,-0.011241],[0.071952,0.993753,-0.085305,-0.006574],[0.058259,0.081193,0.994994,-0.005019],[0.0,0.0,0.0,1.0]],"antennas":[0.670305,-0.652722],"body_yaw":-0.372894,"check_collision":false},{"head":[[0.99567,-0.076547,-0.052738,-0.011241],[0.071837,0.993697,-0.086054,-0.006446],[0.058993,0.081893,0.994894,-0.00516],[0.0,0.0,0.0,1.0]],"antennas":[0.670305,-0.652722],"body_yaw":-0.428303,"check_collision":false},{"head":[[0.995672,-0.076201,-0.053211,-0.011207],[0.071422,0.993682,-0.086577,-0.006525],[0.059472,0.082402,0.994823,-0.005105],[0.0,0.0,0.0,1.0]],"antennas":[0.670305,-0.652722],"body_yaw":-0.483927,"check_collision":false},{"head":[[0.995682,-0.076017,-0.053274,-0.011222],[0.071267,0.993741,-0.086023,-0.006332],[0.05948,0.081855,0.994868,-0.004941],[0.0,0.0,0.0,1.0]],"antennas":[0.670305,-0.652722],"body_yaw":-0.539413,"check_collision":false},{"head":[[0.995691,-0.075756,-0.053492,-0.011261],[0.071014,0.993797,-0.085585,-0.006331],[0.059644,0.081418,0.994894,-0.004992],[0.0,0.0,0.0,1.0]],"antennas":[0.670305,-0.652722],"body_yaw":-0.594896,"check_collision":false},{"head":[[0.995677,-0.075622,-0.053939,-0.011376],[0.070867,0.99384,-0.085205,-0.00623],[0.06005,0.081014,0.994902,-0.004915],[0.0,0.0,0.0,1.0]],"antennas":[0.670305,-0.652722],"body_yaw":-0.650458,"check_collision":false},{"head":[[0.995661,-0.075806,-0.053965,-0.011339],[0.071056,0.993838,-0.085067,-0.006219],[0.060081,0.080863,0.994913,-0.00488],[0.0,0.0,0.0,1.0]],"antennas":[0.670305,-0.652722],"body_yaw":-0.703268,"check_collision":false},{"head":[[0.995646,-0.07599,-0.053984,-0.011283],[0.071239,0.993825,-0.085065,-0.006408],[0.060114,0.080849,0.994912,-0.004885],[0.0,0.0,0.0,1.0]],"antennas":[0.670305,-0.652722],"body_yaw":-0.718002,"check_collision":false},{"head":[[0.995648,-0.075945,-0.054011,-0.011307],[0.071174,0.993805,-0.085357,-0.006373],[0.060158,0.081141,0.994885,-0.00505],[0.0,0.0,0.0,1.0]],"antennas":[0.670305,-0.652722],"body_yaw":-0.679705,"check_collision":false},{"head":[[0.995606,-0.076214,-0.054413,-0.011403],[0.071377,0.993745,-0.08589,-0.006124],[0.060619,0.081629,0.994818,-0.005117],[0.0,0.0,0.0,1.0]],"antennas":[0.670305,-0.652722],"body_yaw":-0.624479,"check_collision":false},{"head":[[0.995559,-0.076537,-0.054819,-0.011415],[0.071649,0.993701,-0.086163,-0.006224],[0.061068,0.081852,0.994772,-0.005091],[0.0,0.0,0.0,1.0]],"antennas":[0.670305,-0.652722],"body_yaw":-0.569011,"check_collision":false},{"head":[[0.995523,-0.076763,-0.055152,-0.011424],[0.071839,0.993674,-0.086318,-0.006145],[0.061429,0.08197,0.99474,-0.005142],[0.0,0.0,0.0,1.0]],"antennas":[0.670305,-0.652722],"body_yaw":-0.513864,"check_collision":false},{"head":[[0.995503,-0.077003,-0.055176,-0.011427],[0.072064,0.99364,-0.086524,-0.006041],[0.061487,0.082159,0.994721,-0.005161],[0.0,0.0,0.0,1.0]],"antennas":[0.670305,-0.652722],"body_yaw":-0.458016,"check_collision":false},{"head":[[0.995507,-0.076857,-0.055309,-0.011486],[0.071913,0.99366,-0.086424,-0.005674],[0.0616,0.082058,0.994722,-0.005178],[0.0,0.0,0.0,1.0]],"antennas":[0.670305,-0.652722],"body_yaw":-0.402597,"check_collision":false},{"head":[[0.99546,-0.077425,-0.055359,-0.011413],[0.072462,0.993601,-0.086639,-0.005826],[0.061713,0.082234,0.994701,-0.00507],[0.0,0.0,0.0,1.0]],"antennas":[0.670305,-0.652722],"body_yaw":-0.347055,"check_collision":false},{"head":[[0.995403,-0.077959,-0.055639,-0.011419],[0.072967,0.993557,-0.08672,-0.0058],[0.062041,0.082262,0.994678,-0.0051],[0.0,0.0,0.0,1.0]],"antennas":[0.670305,-0.652722],"body_yaw":-0.291631,"check_collision":false},{"head":[[0.995322,-0.078855,-0.055823,-0.011466],[0.073842,0.993487,-0.08678,-0.005679],[0.062303,0.082252,0.994662,-0.005183],[0.0,0.0,0.0,1.0]],"antennas":[0.670305,-0.652722],"body_yaw":-0.236028,"check_collision":false},{"head":[[0.995217,-0.080025,-0.05603,-0.011424],[0.074959,0.993357,-0.087311,-0.005784],[0.062645,0.082693,0.994604,-0.00514],[0.0,0.0,0.0,1.0]],"antennas":[0.670305,-0.652722],"body_yaw":-0.18053,"check_collision":false},{"head":[[0.99516,-0.08066,-0.056134,-0.011329],[0.075561,0.993277,-0.0877,-0.005969],[0.062831,0.083034,0.994564,-0.005178],[0.0,0.0,0.0,1.0]],"antennas":[0.670305,-0.652722],"body_yaw":-0.125395,"check_collision":false},{"head":[[0.995128,-0.080833,-0.056446,-0.011328],[0.075692,0.993247,-0.087927,-0.005894],[0.063172,0.083226,0.994526,-0.00532],[0.0,0.0,0.0,1.0]],"antennas":[0.670305,-0.652722],"body_yaw":-0.085238,"check_collision":false},{"head":[[0.995055,-0.081367,-0.056966,-0.011449],[0.076189,0.993217,-0.087838,-0.005874],[0.063727,0.083063,0.994505,-0.005238],[0.0,0.0,0.0,1.0]],"antennas":[0.670305,-0.652722],"body_yaw":-0.062379,"check_collision":false},{"head":[[0.994988,-0.082085,-0.0571,-0.011525],[0.076894,0.993163,-0.08783,-0.005954],[0.063919,0.082999,0.994498,-0.005141],[0.0,0.0,0.0,1.0]],"antennas":[0.670305,-0.652722],"body_yaw":-0.040536,"check_collision":false},{"head":[[0.994956,-0.082534,-0.057021,-0.011564],[0.077342,0.993119,-0.087936,-0.005972],[0.063886,0.083082,0.994493,-0.005019],[0.0,0.0,0.0,1.0]],"antennas":[0.670305,-0.652722],"body_yaw":-0.018135,"check_collision":false},{"head":[[0.994917,-0.082836,-0.057263,-0.011589],[0.077613,0.993083,-0.088102,-0.005899],[0.064165,0.08321,0.994464,-0.004881],[0.0,0.0,0.0,1.0]],"antennas":[0.670305,-0.652722],"body_yaw":0.003652,"check_collision":false},{"head":[[0.99489,-0.083059,-0.057405,-0.011602],[0.077812,0.993053,-0.088268,-0.006038],[0.064338,0.08335,0.994441,-0.004853],[0.0,0.0,0.0,1.0]],"antennas":[0.670305,-0.652722],"body_yaw":0.011937,"check_collision":false},{"head":[[0.9949,-0.082928,-0.057426,-0.011548],[0.077696,0.993084,-0.088017,-0.005878],[0.064328,0.083106,0.994462,-0.005284],[0.0,0.0,0.0,1.0]],"antennas":[0.670305,-0.652722],"body_yaw":0.011937,"check_collision":false},{"head":[[0.994892,-0.083073,-0.05735,-0.01145],[0.077846,0.99307,-0.088051,-0.00596],[0.064268,0.083137,0.994464,-0.005492],[0.0,0.0,0.0,1.0]],"antennas":[0.670305,-0.652722],"body_yaw":0.011937,"check_collision":false},{"head":[[0.994889,-0.083089,-0.057386,-0.011497],[0.077872,0.993087,-0.08783,-0.005878],[0.064287,0.082912,0.994481,-0.005513],[0.0,0.0,0.0,1.0]],"antennas":[0.670305,-0.652722],"body_yaw":0.009759,"check_collision":false},{"head":[[0.994893,-0.083055,-0.057349,-0.011552],[0.077852,0.993102,-0.087676,-0.005639],[0.064235,0.082764,0.994497,-0.005323],[0.0,0.0,0.0,1.0]],"antennas":[0.670305,-0.652722],"body_yaw":-0.020124,"check_collision":false},{"head":[[0.994898,-0.082892,-0.0575,-0.011568],[0.077677,0.993118,-0.087655,-0.005627],[0.064371,0.082741,0.99449,-0.005102],[0.0,0.0,0.0,1.0]],"antennas":[0.670305,-0.652722],"body_yaw":-0.073354,"check_collision":false},{"head":[[0.994915,-0.082692,-0.0575,-0.011524],[0.077471,0.993125,-0.087759,-0.005402],[0.064361,0.082858,0.994481,-0.005129],[0.0,0.0,0.0,1.0]],"antennas":[0.670305,-0.652722],"body_yaw":-0.128701,"check_collision":false},{"head":[[0.994946,-0.082367,-0.057425,-0.01153],[0.07716,0.993158,-0.087652,-0.005563],[0.064252,0.082778,0.994495,-0.004994],[0.0,0.0,0.0,1.0]],"antennas":[0.670305,-0.652722],"body_yaw":-0.184193,"check_collision":false},{"head":[[0.994913,-0.082773,-0.057426,-0.011396],[0.077542,0.993097,-0.088005,-0.005876],[0.064314,0.083105,0.994463,-0.005105],[0.0,0.0,0.0,1.0]],"antennas":[0.670305,-0.652722],"body_yaw":-0.239702,"check_collision":false},{"head":[[0.994905,-0.082726,-0.05762,-0.011249],[0.077485,0.993109,-0.087923,-0.006048],[0.064497,0.08301,0.994459,-0.005288],[0.0,0.0,0.0,1.0]],"antennas":[0.670305,-0.652722],"body_yaw":-0.295369,"check_collision":false},{"head":[[0.9949,-0.082753,-0.057678,-0.011269],[0.0775,0.993099,-0.088021,-0.005964],[0.064564,0.083102,0.994447,-0.005465],[0.0,0.0,0.0,1.0]],"antennas":[0.670305,-0.652722],"body_yaw":-0.339437,"check_collision":false},{"head":[[0.994922,-0.082533,-0.057608,-0.011429],[0.077291,0.993122,-0.087942,-0.006189],[0.06447,0.083043,0.994458,-0.005084],[0.0,0.0,0.0,1.0]],"antennas":[0.670305,-0.652722],"body_yaw":-0.30681,"check_collision":false},{"head":[[0.994925,-0.082307,-0.057874,-0.011554],[0.077044,0.993142,-0.087944,-0.006283],[0.064715,0.083039,0.994443,-0.004809],[0.0,0.0,0.0,1.0]],"antennas":[0.670305,-0.652722],"body_yaw":-0.251943,"check_collision":false},{"head":[[0.994918,-0.08207,-0.058331,-0.011583],[0.076762,0.993154,-0.088048,-0.006266],[0.065157,0.083123,0.994407,-0.004646],[0.0,0.0,0.0,1.0]],"antennas":[0.670305,-0.652722],"body_yaw":-0.195849,"check_collision":false},{"head":[[0.994938,-0.081756,-0.058441,-0.011612],[0.076436,0.993174,-0.088104,-0.006306],[0.065245,0.083191,0.994395,-0.004581],[0.0,0.0,0.0,1.0]],"antennas":[0.670305,-0.652722],"body_yaw":-0.140414,"check_collision":false},{"head":[[0.994967,-0.081401,-0.05843,-0.011571],[0.076088,0.993209,-0.088017,-0.006307],[0.065198,0.083128,0.994404,-0.004584],[0.0,0.0,0.0,1.0]],"antennas":[0.670305,-0.652722],"body_yaw":-0.084853,"check_collision":false},{"head":[[0.99497,-0.081388,-0.058397,-0.011395],[0.076077,0.993208,-0.08804,-0.006697],[0.065166,0.083155,0.994404,-0.00477],[0.0,0.0,0.0,1.0]],"antennas":[0.670305,-0.652722],"body_yaw":-0.029518,"check_collision":false},{"head":[[0.994972,-0.081386,-0.058374,-0.011312],[0.076087,0.993222,-0.087873,-0.006542],[0.06513,0.08299,0.99442,-0.005185],[0.0,0.0,0.0,1.0]],"antennas":[0.670305,-0.652722],"body_yaw":0.02628,"check_collision":false},{"head":[[0.994937,-0.081672,-0.05857,-0.01134],[0.07637,0.993218,-0.087672,-0.006394],[0.065333,0.082755,0.994426,-0.005115],[0.0,0.0,0.0,1.0]],"antennas":[0.670305,-0.652722],"body_yaw":0.081782,"check_collision":false},{"head":[[0.994921,-0.081921,-0.058499,-0.011445],[0.076643,0.993222,-0.087388,-0.006478],[0.065261,0.082461,0.994455,-0.004971],[0.0,0.0,0.0,1.0]],"antennas":[0.670305,-0.652722],"body_yaw":0.132916,"check_collision":false},{"head":[[0.99491,-0.08229,-0.058161,-0.011355],[0.077046,0.993199,-0.08729,-0.006621],[0.064948,0.082365,0.994484,-0.004891],[0.0,0.0,0.0,1.0]],"antennas":[0.670305,-0.652722],"body_yaw":0.142581,"check_collision":false},{"head":[[0.994871,-0.082558,-0.058448,-0.011434],[0.077289,0.993179,-0.087299,-0.006311],[0.065257,0.082334,0.994466,-0.004606],[0.0,0.0,0.0,1.0]],"antennas":[0.670305,-0.652722],"body_yaw":0.142581,"check_collision":false},{"head":[[0.994832,-0.082891,-0.05864,-0.011508],[0.077612,0.993163,-0.0872,-0.006183],[0.065467,0.082198,0.994463,-0.004483],[0.0,0.0,0.0,1.0]],"antennas":[0.670305,-0.652722],"body_yaw":0.142581,"check_collision":false},{"head":[[0.994817,-0.083213,-0.058434,-0.011418],[0.077944,0.993128,-0.087297,-0.006198],[0.065297,0.08229,0.994467,-0.004673],[0.0,0.0,0.0,1.0]],"antennas":[0.670305,-0.652722],"body_yaw":0.142581,"check_collision":false},{"head":[[0.994822,-0.083403,-0.058076,-0.011248],[0.078152,0.993097,-0.087465,-0.006279],[0.06497,0.082474,0.994473,-0.005025],[0.0,0.0,0.0,1.0]],"antennas":[0.670305,-0.652722],"body_yaw":0.142581,"check_collision":false},{"head":[[0.994793,-0.08355,-0.058361,-0.011298],[0.078269,0.993079,-0.087564,-0.006383],[0.065273,0.08254,0.994448,-0.005015],[0.0,0.0,0.0,1.0]],"antennas":[0.670305,-0.652722],"body_yaw":0.142581,"check_collision":false},{"head":[[0.994777,-0.083754,-0.05835,-0.011381],[0.078464,0.993051,-0.087709,-0.006248],[0.06529,0.082672,0.994436,-0.005132],[0.0,0.0,0.0,1.0]],"antennas":[0.670305,-0.652722],"body_yaw":0.142581,"check_collision":false},{"head":[[0.994758,-0.084025,-0.058284,-0.011434],[0.078731,0.993018,-0.087847,-0.006212],[0.065259,0.082798,0.994427,-0.00525],[0.0,0.0,0.0,1.0]],"antennas":[0.670305,-0.652722],"body_yaw":0.142581,"check_collision":false},{"head":[[0.994782,-0.083802,-0.058196,-0.011399],[0.078521,0.993042,-0.087757,-0.006255],[0.065146,0.082729,0.99444,-0.005213],[0.0,0.0,0.0,1.0]],"antennas":[0.670305,-0.652722],"body_yaw":0.142581,"check_collision":false},{"head":[[0.99479,-0.083719,-0.058178,-0.011587],[0.078445,0.993055,-0.087685,-0.006017],[0.065115,0.082664,0.994448,-0.004901],[0.0,0.0,0.0,1.0]],"antennas":[0.670305,-0.652722],"body_yaw":0.142581,"check_collision":false},{"head":[[0.99481,-0.083414,-0.058269,-0.011725],[0.078147,0.993098,-0.087466,-0.005765],[0.065163,0.082458,0.994462,-0.004722],[0.0,0.0,0.0,1.0]],"antennas":[0.670305,-0.652722],"body_yaw":0.142581,"check_collision":false},{"head":[[0.994804,-0.083365,-0.058444,-0.011615],[0.078084,0.993103,-0.087464,-0.005532],[0.065332,0.082446,0.994452,-0.004889],[0.0,0.0,0.0,1.0]],"antennas":[0.670305,-0.652722],"body_yaw":0.142581,"check_collision":false},{"head":[[0.994784,-0.083557,-0.058511,-0.011345],[0.078256,0.993069,-0.087689,-0.005569],[0.065432,0.082653,0.994428,-0.005256],[0.0,0.0,0.0,1.0]],"antennas":[0.670305,-0.652722],"body_yaw":0.142581,"check_collision":false},{"head":[[0.994779,-0.083456,-0.058735,-0.011318],[0.078131,0.993073,-0.087762,-0.005688],[0.065652,0.082715,0.994408,-0.005378],[0.0,0.0,0.0,1.0]],"antennas":[0.670305,-0.652722],"body_yaw":0.142581,"check_collision":false},{"head":[[0.994775,-0.083386,-0.058897,-0.011443],[0.078067,0.993103,-0.087481,-0.00561],[0.065785,0.082426,0.994424,-0.005582],[0.0,0.0,0.0,1.0]],"antennas":[0.670305,-0.652722],"body_yaw":0.142581,"check_collision":false},{"head":[[0.994791,-0.083288,-0.058768,-0.011532],[0.077982,0.993113,-0.087434,-0.005448],[0.065645,0.082396,0.994435,-0.005793],[0.0,0.0,0.0,1.0]],"antennas":[0.670305,-0.652722],"body_yaw":0.142581,"check_collision":false},{"head":[[0.99479,-0.0833,-0.058772,-0.011552],[0.077989,0.993106,-0.08751,-0.00513],[0.065656,0.08247,0.994428,-0.005669],[0.0,0.0,0.0,1.0]],"antennas":[0.670305,-0.652722],"body_yaw":0.142581,"check_collision":false},{"head":[[0.994782,-0.083277,-0.058941,-0.011644],[0.077937,0.993091,-0.087731,-0.004939],[0.065839,0.082679,0.994399,-0.005325],[0.0,0.0,0.0,1.0]],"antennas":[0.670305,-0.652722],"body_yaw":0.142581,"check_collision":false},{"head":[[0.994759,-0.083449,-0.059081,-0.01166],[0.078092,0.993072,-0.087808,-0.005111],[0.065999,0.082734,0.994384,-0.004992],[0.0,0.0,0.0,1.0]],"antennas":[0.670305,-0.652722],"body_yaw":0.142581,"check_collision":false},{"head":[[0.994732,-0.083649,-0.059259,-0.011611],[0.078287,0.993068,-0.087671,-0.005248],[0.066182,0.08257,0.994385,-0.004965],[0.0,0.0,0.0,1.0]],"antennas":[0.670305,-0.652722],"body_yaw":0.142581,"check_collision":false},{"head":[[0.994728,-0.083678,-0.05928,-0.011488],[0.078305,0.993056,-0.087792,-0.005111],[0.066215,0.082688,0.994373,-0.005275],[0.0,0.0,0.0,1.0]],"antennas":[0.670305,-0.652722],"body_yaw":0.142581,"check_collision":false},{"head":[[0.994686,-0.084002,-0.059522,-0.011512],[0.078584,0.993001,-0.088168,-0.005082],[0.066512,0.083022,0.994326,-0.005603],[0.0,0.0,0.0,1.0]],"antennas":[0.670305,-0.652722],"body_yaw":0.142581,"check_collision":false},{"head":[[0.994686,-0.08387,-0.059718,-0.011572],[0.078422,0.992996,-0.088373,-0.005001],[0.066712,0.08322,0.994296,-0.005978],[0.0,0.0,0.0,1.0]],"antennas":[0.670305,-0.652722],"body_yaw":0.142581,"check_collision":false},{"head":[[0.994684,-0.0837,-0.059991,-0.011629],[0.078232,0.993015,-0.088326,-0.005068],[0.066965,0.083163,0.994283,-0.00599],[0.0,0.0,0.0,1.0]],"antennas":[0.670305,-0.652722],"body_yaw":0.142581,"check_collision":false},{"head":[[0.994631,-0.083842,-0.060667,-0.011684],[0.078338,0.993033,-0.088029,-0.005213],[0.067625,0.082803,0.994269,-0.005681],[0.0,0.0,0.0,1.0]],"antennas":[0.670305,-0.652722],"body_yaw":0.142581,"check_collision":false},{"head":[[0.994125,-0.087114,-0.064237,-0.011648],[0.081313,0.992798,-0.08798,-0.005359],[0.071439,0.08224,0.994049,-0.005647],[0.0,0.0,0.0,1.0]],"antennas":[0.670305,-0.652722],"body_yaw":0.142581,"check_collision":false},{"head":[[0.993721,-0.089838,-0.066696,-0.01146],[0.08386,0.992621,-0.087589,-0.005525],[0.074073,0.081446,0.993921,-0.005488],[0.0,0.0,0.0,1.0]],"antennas":[0.670305,-0.652722],"body_yaw":0.142581,"check_collision":false},{"head":[[0.993446,-0.092173,-0.067599,-0.011308],[0.086118,0.992427,-0.087595,-0.005554],[0.075161,0.0812,0.99386,-0.005528],[0.0,0.0,0.0,1.0]],"antennas":[0.670305,-0.652722],"body_yaw":0.142581,"check_collision":false},{"head":[[0.993249,-0.093675,-0.068414,-0.011187],[0.087582,0.992333,-0.087208,-0.005456],[0.076059,0.080627,0.993838,-0.005644],[0.0,0.0,0.0,1.0]],"antennas":[0.670305,-0.652722],"body_yaw":0.142581,"check_collision":false},{"head":[[0.993137,-0.09432,-0.069151,-0.011157],[0.088242,0.992359,-0.086235,-0.005691],[0.076757,0.079541,0.993872,-0.00583],[0.0,0.0,0.0,1.0]],"antennas":[0.670305,-0.652722],"body_yaw":0.142581,"check_collision":false},{"head":[[0.993168,-0.09493,-0.067863,-0.01103],[0.089016,0.992361,-0.085418,-0.005946],[0.075453,0.078794,0.994031,-0.006003],[0.0,0.0,0.0,1.0]],"antennas":[0.670305,-0.652722],"body_yaw":0.142581,"check_collision":false},{"head":[[0.993194,-0.095497,-0.066675,-0.010937],[0.089698,0.992324,-0.085136,-0.006151],[0.074294,0.078576,0.994136,-0.006044],[0.0,0.0,0.0,1.0]],"antennas":[0.670305,-0.652722],"body_yaw":0.142581,"check_collision