{"description":"A sad or resigned \u201cno.\u201d When you don\u2019t want to do something but feel you must.","time":[0.0,0.02,0.04,0.06,0.08,0.1,0.12,0.14,0.16,0.18,0.2,0.22,0.24,0.26,0.28,0.3,0.32,0.34,0.36,0.38,0.4,0.42,0.44,0.46,0.48,0.5,0.52,0.54,0.56,0.58,0.6,0.62,0.64,0.66,0.68,0.7,0.72,0.74,0.76,0.78,0.8,0.82,0.84,0.86,0.88,0.9,0.92,0.94,0.96,0.98,1.0,1.02,1.04,1.06,1.08,1.1,1.12,1.14,1.16,1.18,1.2,1.22,1.24,1.26,1.28,1.3,1.32,1.34,1.36,1.38,1.4,1.42,1.44,1.46,1.48,1.5,1.52,1.54,1.56,1.58,1.6,1.62,1.64,1.66,1.68,1.7,1.72,1.74,1.76,1.78,1.8,1.82,1.84,1.86,1.88,1.9,1.92,1.94,1.96,1.98,2.0,2.02,2.04,2.06,2.08,2.1,2.12,2.14,2.16,2.18,2.2,2.22,2.24,2.26,2.28,2.3,2.32,2.34,2.36,2.38,2.4,2.42,2.44,2.46,2.48,2.5,2.52,2.54,2.56,2.58,2.6,2.62,2.64,2.66,2.68,2.7,2.72,2.74,2.76,2.78,2.8,2.82,2.84,2.86,2.88,2.9,2.92,2.94,2.96,2.98,3.0,3.02,3.04,3.06,3.08,3.1,3.12,3.14,3.16,3.18,3.2,3.22,3.24,3.26,3.28,3.3,3.32,3.34,3.36,3.38,3.4,3.42,3.44,3.46,3.48,3.5,3.52,3.54,3.56,3.58,3.6,3.62,3.64,3.66,3.68,3.7,3.72,3.74,3.76,3.78,3.8,3.82,3.84,3.86,3.88,3.9,3.92,3.94,3.96,3.98,4.0,4.02,4.04,4.06,4.08,4.1,4.12,4.14,4.16,4.18,4.2,4.22,4.24,4.26,4.28,4.3,4.32,4.34,4.36,4.38,4.4,4.42,4.44,4.46,4.48,4.5,4.52,4.54,4.56,4.58,4.6,4.62,4.64,4.66,4.68,4.7,4.72,4.74,4.76,4.78,4.8,4.82,4.84,4.86,4.88,4.9,4.92,4.94,4.96,4.98,5.0,5.02,5.04,5.06,5.08,5.1,5.12,5.14,5.16,5.18,5.2,5.22,5.24,5.26,5.28,5.3,5.32,5.34,5.36,5.38,5.4,5.42,5.44,5.46,5.48,5.5,5.52,5.54,5.56,5.58,5.6,5.62,5.64,5.66,5.68,5.7,5.72,5.74,5.76,5.78,5.8,5.82,5.84,5.86,5.88,5.9,5.92,5.94,5.96,5.98,6.0,6.02,6.04,6.06,6.08,6.1,6.12,6.14,6.16,6.18,6.2,6.22,6.24,6.26,6.28,6.3,6.32,6.34,6.36,6.38,6.4,6.42,6.44,6.46,6.48,6.5,6.52,6.54,6.56,6.58,6.6,6.62,6.64,6.66,6.68,6.7,6.72,6.74,6.76,6.78,6.8,6.82,6.84,6.86,6.88,6.9,6.92,6.94,6.96,6.98,7.0,7.02,7.04],"set_target_data":[{"head":[[0.989668,0.042997,0.136782,-0.019093],[-0.03398,0.997135,-0.067586,0.001327],[-0.139296,0.06224,0.988293,0.007211],[0.0,0.0,0.0,1.0]],"antennas":[-0.167642,0.458439],"body_yaw":0.167549,"check_collision":false},{"head":[[0.989691,0.043175,0.136556,-0.019082],[-0.034172,0.997127,-0.067602,0.001352],[-0.139082,0.062239,0.988323,0.007317],[0.0,0.0,0.0,1.0]],"antennas":[-0.167642,0.458439],"body_yaw":0.167549,"check_collision":false},{"head":[[0.989681,0.043505,0.136524,-0.01914],[-0.034523,0.997123,-0.067478,0.001351],[-0.139067,0.062068,0.988336,0.007317],[0.0,0.0,0.0,1.0]],"antennas":[-0.167642,0.458439],"body_yaw":0.167549,"check_collision":false},{"head":[[0.989673,0.043686,0.136527,-0.019129],[-0.034703,0.997116,-0.067495,0.001367],[-0.139081,0.062061,0.988334,0.00713],[0.0,0.0,0.0,1.0]],"antennas":[-0.167642,0.458439],"body_yaw":0.167549,"check_collision":false},{"head":[[0.98963,0.043815,0.136792,-0.01915],[-0.034807,0.997107,-0.067568,0.001277],[-0.139357,0.062106,0.988293,0.007043],[0.0,0.0,0.0,1.0]],"antennas":[-0.167642,0.458439],"body_yaw":0.167549,"check_collision":false},{"head":[[0.989607,0.043792,0.136969,-0.019146],[-0.034756,0.997101,-0.067682,0.00129],[-0.139536,0.062218,0.98826,0.006903],[0.0,0.0,0.0,1.0]],"antennas":[-0.167642,0.458439],"body_yaw":0.167549,"check_collision":false},{"head":[[0.98962,0.043721,0.136898,-0.019034],[-0.034686,0.997103,-0.067699,0.001275],[-0.139461,0.062247,0.988269,0.006911],[0.0,0.0,0.0,1.0]],"antennas":[-0.167642,0.458439],"body_yaw":0.167549,"check_collision":false},{"head":[[0.989665,0.043672,0.136586,-0.018989],[-0.034681,0.997114,-0.067528,0.001559],[-0.139141,0.062093,0.988324,0.006939],[0.0,0.0,0.0,1.0]],"antennas":[-0.167642,0.458439],"body_yaw":0.167549,"check_collision":false},{"head":[[0.989684,0.043456,0.136515,-0.018938],[-0.034416,0.997099,-0.067897,0.001763],[-0.139069,0.062498,0.988309,0.006927],[0.0,0.0,0.0,1.0]],"antennas":[-0.167642,0.458439],"body_yaw":0.167549,"check_collision":false},{"head":[[0.989664,0.043534,0.136639,-0.018849],[-0.034413,0.997063,-0.068422,0.001725],[-0.139217,0.063013,0.988255,0.006992],[0.0,0.0,0.0,1.0]],"antennas":[-0.167642,0.458439],"body_yaw":0.167549,"check_collision":false},{"head":[[0.989604,0.043775,0.136998,-0.018702],[-0.034594,0.997038,-0.068692,0.001677],[-0.1396,0.063239,0.988187,0.007068],[0.0,0.0,0.0,1.0]],"antennas":[-0.167642,0.458439],"body_yaw":0.167549,"check_collision":false},{"head":[[0.98954,0.043853,0.137431,-0.018576],[-0.034619,0.997025,-0.06887,0.001745],[-0.140042,0.063392,0.988114,0.006997],[0.0,0.0,0.0,1.0]],"antennas":[-0.167642,0.458439],"body_yaw":0.167549,"check_collision":false},{"head":[[0.989496,0.044139,0.137656,-0.018455],[-0.034852,0.996997,-0.06916,0.001878],[-0.140296,0.063636,0.988063,0.006818],[0.0,0.0,0.0,1.0]],"antennas":[-0.167642,0.458439],"body_yaw":0.167549,"check_collision":false},{"head":[[0.989426,0.044613,0.138005,-0.018362],[-0.035221,0.996941,-0.069767,0.001817],[-0.140696,0.064168,0.987971,0.006665],[0.0,0.0,0.0,1.0]],"antennas":[-0.167642,0.458439],"body_yaw":0.167549,"check_collision":false},{"head":[[0.989337,0.04498,0.138523,-0.018263],[-0.035467,0.996888,-0.070395,0.001771],[-0.141258,0.064732,0.987854,0.006601],[0.0,0.0,0.0,1.0]],"antennas":[-0.167642,0.458439],"body_yaw":0.167549,"check_collision":false},{"head":[[0.989249,0.045321,0.139044,-0.018165],[-0.035688,0.996837,-0.071012,0.001847],[-0.141822,0.065286,0.987737,0.006603],[0.0,0.0,0.0,1.0]],"antennas":[-0.167642,0.458439],"body_yaw":0.167549,"check_collision":false},{"head":[[0.989125,0.04578,0.139773,-0.01813],[-0.036013,0.996781,-0.071627,0.002028],[-0.142602,0.065814,0.98759,0.006641],[0.0,0.0,0.0,1.0]],"antennas":[-0.167642,0.458439],"body_yaw":0.167549,"check_collision":false},{"head":[[0.988972,0.046284,0.140683,-0.018048],[-0.036301,0.996692,-0.072718,0.00203],[-0.143584,0.066809,0.987381,0.006697],[0.0,0.0,0.0,1.0]],"antennas":[-0.17184,0.458439],"body_yaw":0.167549,"check_collision":false},{"head":[[0.988847,0.046741,0.141412,-0.017938],[-0.036589,0.996619,-0.07356,0.001954],[-0.144372,0.067565,0.987214,0.006758],[0.0,0.0,0.0,1.0]],"antennas":[-0.186138,0.470259],"body_yaw":0.167549,"check_collision":false},{"head":[[0.988667,0.046805,0.142644,-0.017749],[-0.036366,0.996525,-0.074931,0.001766],[-0.145656,0.068895,0.986934,0.006734],[0.0,0.0,0.0,1.0]],"antennas":[-0.206891,0.491876],"body_yaw":0.167549,"check_collision":false},{"head":[[0.988283,0.047333,0.145108,-0.017593],[-0.036427,0.996372,-0.076912,0.001803],[-0.148222,0.070725,0.986422,0.006563],[0.0,0.0,0.0,1.0]],"antennas":[-0.234269,0.519836],"body_yaw":0.167549,"check_collision":false},{"head":[[0.987671,0.048434,0.148863,-0.017468],[-0.036944,0.996189,-0.079008,0.001681],[-0.152122,0.072534,0.985696,0.006438],[0.0,0.0,0.0,1.0]],"antennas":[-0.268863,0.551526],"body_yaw":0.167549,"check_collision":false},{"head":[[0.987242,0.048753,0.151582,-0.017353],[-0.036737,0.99603,-0.081089,0.001676],[-0.154933,0.074486,0.985113,0.006358],[0.0,0.0,0.0,1.0]],"antennas":[-0.307914,0.584041],"body_yaw":0.167549,"check_collision":false},{"head":[[0.986979,0.049018,0.153195,-0.017279],[-0.036606,0.995892,-0.082818,0.001607],[-0.156626,0.076132,0.984719,0.00642],[0.0,0.0,0.0,1.0]],"antennas":[-0.348201,0.619203],"body_yaw":0.167549,"check_collision":false},{"head":[[0.986664,0.049405,0.15509,-0.0172],[-0.036597,0.995762,-0.084377,0.00139],[-0.158601,0.077576,0.98429,0.006552],[0.0,0.0,0.0,1.0]],"antennas":[-0.389733,0.658299],"body_yaw":0.167549,"check_collision":false},{"head":[[0.986311,0.050117,0.157094,-0.017055],[-0.036867,0.9956,-0.086153,0.001177],[-0.160721,0.079182,0.983819,0.00664],[0.0,0.0,0.0,1.0]],"antennas":[-0.434139,0.70192],"body_yaw":0.167549,"check_collision":false},{"head":[[0.985968,0.0509,0.158985,-0.016973],[-0.037227,0.99544,-0.08783,0.00114],[-0.16273,0.080679,0.983367,0.006667],[0.0,0.0,0.0,1.0]],"antennas":[-0.482709,0.750599],"body_yaw":0.167549,"check_collision":false},{"head":[[0.985629,0.051125,0.161,-0.016926],[-0.037059,0.995325,-0.089187,0.00098],[-0.164807,0.081939,0.982916,0.006738],[0.0,0.0,0.0,1.0]],"antennas":[-0.534657,0.801759],"body_yaw":0.167549,"check_collision":false},{"head":[[0.985264,0.051579,0.16308,-0.016869],[-0.037091,0.99519,-0.09067,0.000894],[-0.166972,0.083286,0.982438,0.006727],[0.0,0.0,0.0,1.0]],"antennas":[-0.587653,0.854068],"body_yaw":0.167549,"check_collision":false},{"head":[[0.984754,0.052336,0.165892,-0.016771],[-0.037438,0.995083,-0.091695,0.001012],[-0.169875,0.084086,0.981872,0.006508],[0.0,0.0,0.0,1.0]],"antennas":[-0.639834,0.905573],"body_yaw":0.167549,"check_collision":false},{"head":[[0.984334,0.052854,0.168208,-0.016669],[-0.037637,0.99501,-0.092407,0.001115],[-0.172252,0.084628,0.981411,0.006349],[0.0,0.0,0.0,1.0]],"antennas":[-0.692848,0.957901],"body_yaw":0.167549,"check_collision":false},{"head":[[0.983895,0.053199,0.170649,-0.016607],[-0.037721,0.99498,-0.092696,0.001269],[-0.174724,0.084766,0.980962,0.006185],[0.0,0.0,0.0,1.0]],"antennas":[-0.745734,1.010101],"body_yaw":0.167549,"check_collision":false},{"head":[[0.983517,0.053312,0.172776,-0.01656],[-0.037525,0.994923,-0.093384,0.001408],[-0.176877,0.085362,0.980524,0.005953],[0.0,0.0,0.0,1.0]],"antennas":[-0.798345,1.062446],"body_yaw":0.167549,"check_collision":false},{"head":[[0.982999,0.053549,0.175626,-0.016473],[-0.037241,0.994792,-0.094875,0.00139],[-0.179792,0.086722,0.979875,0.005764],[0.0,0.0,0.0,1.0]],"antennas":[-0.851064,1.117199],"body_yaw":0.167549,"check_collision":false},{"head":[[0.982485,0.05395,0.178361,-0.016443],[-0.037171,0.994676,-0.096111,0.00152],[-0.182596,0.087798,0.97926,0.005537],[0.0,0.0,0.0,1.0]],"antennas":[-0.903905,1.175414],"body_yaw":0.167549,"check_collision":false},{"head":[[0.982045,0.05398,0.180758,-0.016485],[-0.036759,0.994576,-0.097303,0.001705],[-0.18503,0.088912,0.978703,0.005327],[0.0,0.0,0.0,1.0]],"antennas":[-0.956509,1.234662],"body_yaw":0.167549,"check_collision":false},{"head":[[0.98137,0.054007,0.184382,-0.016486],[-0.036295,0.994512,-0.098123,0.001757],[-0.18867,0.089602,0.977944,0.005279],[0.0,0.0,0.0,1.0]],"antennas":[-1.009197,1.294145],"body_yaw":0.167549,"check_collision":false},{"head":[[0.980451,0.0543,0.18912,-0.016412],[-0.036061,0.994475,-0.098582,0.001917],[-0.193428,0.089835,0.976993,0.005172],[0.0,0.0,0.0,1.0]],"antennas":[-1.061889,1.353633],"body_yaw":0.167549,"check_collision":false},{"head":[[0.979591,0.054531,0.193465,-0.016389],[-0.035764,0.994424,-0.099204,0.001893],[-0.197796,0.09026,0.976079,0.005029],[0.0,0.0,0.0,1.0]],"antennas":[-1.114605,1.413148],"body_yaw":0.167549,"check_collision":false},{"head":[[0.978896,0.054632,0.19692,-0.016299],[-0.035294,0.99432,-0.100412,0.001837],[-0.201287,0.091343,0.975264,0.004749],[0.0,0.0,0.0,1.0]],"antennas":[-1.167347,1.472693],"body_yaw":0.167549,"check_collision":false},{"head":[[0.977957,0.055181,0.201382,-0.016139],[-0.03498,0.994115,-0.102528,0.001876],[-0.205855,0.093224,0.974132,0.00434],[0.0,0.0,0.0,1.0]],"antennas":[-1.220118,1.53227],"body_yaw":0.167549,"check_collision":false},{"head":[[0.977098,0.056326,0.205198,-0.016079],[-0.035416,0.993927,-0.104186,0.001837],[-0.20982,0.094533,0.973159,0.004306],[0.0,0.0,0.0,1.0]],"antennas":[-1.272881,1.591838],"body_yaw":0.167549,"check_collision":false},{"head":[[0.97659,0.056903,0.207446,-0.016081],[-0.035556,0.993813,-0.105221,0.001858],[-0.21215,0.095382,0.972571,0.004207],[0.0,0.0,0.0,1.0]],"antennas":[-1.325445,1.651183],"body_yaw":0.167549,"check_collision":false},{"head":[[0.975861,0.056873,0.210857,-0.016003],[-0.034891,0.993695,-0.106546,0.001743],[-0.215587,0.096617,0.971693,0.004069],[0.0,0.0,0.0,1.0]],"antennas":[-1.37841,1.710978],"body_yaw":0.167549,"check_collision":false},{"head":[[0.974901,0.057372,0.215118,-0.015843],[-0.034647,0.993551,-0.107964,0.001456],[-0.219925,0.097801,0.970602,0.00405],[0.0,0.0,0.0,1.0]],"antennas":[-1.430983,1.770332],"body_yaw":0.167549,"check_collision":false},{"head":[[0.974106,0.057771,0.218584,-0.015701],[-0.03431,0.993378,-0.109647,0.001259],[-0.223471,0.099308,0.969638,0.003973],[0.0,0.0,0.0,1.0]],"antennas":[-1.483767,1.829924],"body_yaw":0.167549,"check_collision":false},{"head":[[0.973617,0.058263,0.220624,-0.015658],[-0.034226,0.993203,-0.111245,0.00108],[-0.225606,0.100759,0.968994,0.003844],[0.0,0.0,0.0,1.0]],"antennas":[-1.536454,1.889407],"body_yaw":0.167549,"check_collision":false},{"head":[[0.972846,0.059543,0.223665,-0.015633],[-0.034803,0.992989,-0.112967,0.001107],[-0.228823,0.102115,0.968097,0.003594],[0.0,0.0,0.0,1.0]],"antennas":[-1.589055,1.948792],"body_yaw":0.167549,"check_collision":false},{"head":[[0.9721,0.06064,0.226591,-0.015555],[-0.035193,0.992776,-0.114705,0.001185],[-0.23191,0.10353,0.967212,0.003471],[0.0,0.0,0.0,1.0]],"antennas":[-1.641888,2.00844],"body_yaw":0.167549,"check_collision":false},{"head":[[0.97126,0.061597,0.229912,-0.015464],[-0.035242,0.992503,-0.11703,0.001162],[-0.235397,0.105565,0.966149,0.003438],[0.0,0.0,0.0,1.0]],"antennas":[-1.694564,2.06791],"body_yaw":0.167549,"check_collision":false},{"head":[[0.969894,0.062743,0.235306,-0.0153],[-0.035108,0.992172,-0.119844,0.001206],[-0.240983,0.107975,0.964504,0.003188],[0.0,0.0,0.0,1.0]],"antennas":[-1.747311,2.12746],"body_yaw":0.167549,"check_collision":false},{"head":[[0.96879,0.064768,0.239273,-0.015094],[-0.036034,0.991805,-0.122571,0.001268],[-0.245251,0.110124,0.963185,0.002874],[0.0,0.0,0.0,1.0]],"antennas":[-1.800005,2.186951],"body_yaw":0.167549,"check_collision":false},{"head":[[0.968131,0.066737,0.241388,-0.014988],[-0.037617,0.991657,-0.123295,0.001091],[-0.247602,0.110286,0.962564,0.002765],[0.0,0.0,0.0,1.0]],"antennas":[-1.852721,2.246466],"body_yaw":0.167549,"check_collision":false},{"head":[[0.967292,0.068577,0.244219,-0.014859],[-0.038872,0.991465,-0.124442,0.000902],[-0.250668,0.110879,0.961702,0.002561],[0.0,0.0,0.0,1.0]],"antennas":[-1.905531,2.306087],"body_yaw":0.167549,"check_collision":false},{"head":[[0.965637,0.071056,0.249993,-0.014628],[-0.040333,0.991217,-0.125946,0.00097],[-0.256747,0.111536,0.960021,0.002079],[0.0,0.0,0.0,1.0]],"antennas":[-1.958185,2.365533],"body_yaw":0.167549,"check_collision":false},{"head":[[0.96328,0.074816,0.257865,-0.014455],[-0.043124,0.991036,-0.12644,0.001265],[-0.265014,0.110677,0.957872,0.001563],[0.0,0.0,0.0,1.0]],"antennas":[-2.010715,2.422961],"body_yaw":0.167549,"check_collision":false},{"head":[[0.96149,0.078132,0.263499,-0.014399],[-0.0457,0.990843,-0.127047,0.001421],[-0.271012,0.110113,0.956257,0.00144],[0.0,0.0,0.0,1.0]],"antennas":[-2.061274,2.466442],"body_yaw":0.167549,"check_collision":false},{"head":[[0.960041,0.080482,0.268037,-0.014271],[-0.046833,0.990452,-0.129656,0.001347],[-0.275913,0.111922,0.954644,0.001301],[0.0,0.0,0.0,1.0]],"antennas":[-2.092661,2.474383],"body_yaw":0.167549,"check_collision":false},{"head":[[0.958241,0.08414,0.273302,-0.014113],[-0.048943,0.989887,-0.133149,0.001519],[-0.281741,0.114213,0.952669,0.001017],[0.0,0.0,0.0,1.0]],"antennas":[-2.092661,2.474383],"body_yaw":0.167549,"check_collision":false},{"head":[[0.956842,0.087011,0.277278,-0.013949],[-0.050526,0.989403,-0.136124,0.001497],[-0.286184,0.116239,0.951098,0.00072],[0.0,0.0,0.0,1.0]],"antennas":[-2.092661,2.474383],"body_yaw":0.167549,"check_collision":false},{"head":[[0.955467,0.089192,0.281296,-0.013684],[-0.0518,0.989121,-0.137681,0.00123],[-0.290516,0.116979,0.949693,0.000412],[0.0,0.0,0.0,1.0]],"antennas":[-2.092661,2.474383],"body_yaw":0.167549,"check_collision":false},{"head":[[0.953641,0.091725,0.286628,-0.013411],[-0.053576,0.988951,-0.138224,0.000945],[-0.29614,0.11646,0.948018,0.00015],[0.0,0.0,0.0,1.0]],"antennas":[-2.092661,2.474383],"body_yaw":0.167549,"check_collision":false},{"head":[[0.951923,0.095005,0.291232,-0.013247],[-0.056263,0.988743,-0.138643,0.000851],[-0.301126,0.115591,0.946553,3.6e-05],[0.0,0.0,0.0,1.0]],"antennas":[-2.092661,2.474383],"body_yaw":0.167549,"check_collision":false},{"head":[[0.950834,0.098006,0.293785,-0.013145],[-0.058937,0.988534,-0.139022,0.000765],[-0.304042,0.114873,0.945708,4.6e-05],[0.0,0.0,0.0,1.0]],"antennas":[-2.092661,2.474383],"body_yaw":0.167549,"check_collision":false},{"head":[[0.949746,0.100323,0.29651,-0.012981],[-0.060521,0.988228,-0.140511,0.000583],[-0.307116,0.115505,0.944636,8e-06],[0.0,0.0,0.0,1.0]],"antennas":[-2.092661,2.474383],"body_yaw":0.167549,"check_collision":false},{"head":[[0.947456,0.103555,0.302662,-0.012785],[-0.062111,0.987699,-0.143506,0.000332],[-0.3138,0.117166,0.942232,-0.000162],[0.0,0.0,0.0,1.0]],"antennas":[-2.092661,2.474383],"body_yaw":0.167549,"check_collision":false},{"head":[[0.944457,0.107368,0.3106,-0.012671],[-0.064025,0.98713,-0.146545,0.00029],[-0.322337,0.118519,0.939176,-0.000486],[0.0,0.0,0.0,1.0]],"antennas":[-2.092661,2.474383],"body_yaw":0.167549,"check_collision":false},{"head":[[0.94246,0.110322,0.315592,-0.012554],[-0.065869,0.986756,-0.148236,0.000187],[-0.327766,0.118919,0.937245,-0.000629],[0.0,0.0,0.0,1.0]],"antennas":[-2.092661,2.474383],"body_yaw":0.167549,"check_collision":false},{"head":[[0.941742,0.111912,0.317171,-0.012454],[-0.066713,0.986437,-0.149974,0.000128],[-0.329653,0.120077,0.936435,-0.000703],[0.0,0.0,0.0,1.0]],"antennas":[-2.092661,2.474383],"body_yaw":0.167549,"check_collision":false},{"head":[[0.941127,0.113,0.318606,-0.012317],[-0.067017,0.986138,-0.151792,-2.8e-05],[-0.331342,0.121504,0.935654,-0.000666],[0.0,0.0,0.0,1.0]],"antennas":[-2.092661,2.474383],"body_yaw":0.167549,"check_collision":false},{"head":[[0.940477,0.114844,0.319864,-0.012191],[-0.06789,0.985691,-0.154289,-0.000221],[-0.333006,0.12339,0.934816,-0.000677],[0.0,0.0,0.0,1.0]],"antennas":[-2.092661,2.474383],"body_yaw":0.167549,"check_collision":false},{"head":[[0.939371,0.116348,0.32256,-0.012079],[-0.068433,0.985363,-0.156129,-0.000301],[-0.336004,0.12459,0.933584,-0.000807],[0.0,0.0,0.0,1.0]],"antennas":[-2.092661,2.474383],"body_yaw":0.167549,"check_collision":false},{"head":[[0.938691,0.117713,0.324041,-0.012029],[-0.069254,0.985128,-0.157247,-0.000331],[-0.337732,0.125165,0.932883,-0.000896],[0.0,0.0,0.0,1.0]],"antennas":[-2.092661,2.474383],"body_yaw":0.167549,"check_collision":false},{"head":[[0.937475,0.118934,0.327102,-0.012047],[-0.069538,0.984859,-0.158796,-0.00048],[-0.341036,0.126121,0.931551,-0.00084],[0.0,0.0,0.0,1.0]],"antennas":[-2.092661,2.474383],"body_yaw":0.167549,"check_collision":false},{"head":[[0.93441,0.121808,0.334725,-0.011992],[-0.070009,0.984186,-0.162714,-0.000649],[-0.349252,0.128608,0.928161,-0.001023],[0.0,0.0,0.0,1.0]],"antennas":[-2.092661,2.474383],"body_yaw":0.167549,"check_collision":false},{"head":[[0.93178,0.124714,0.34093,-0.011831],[-0.071321,0.983724,-0.164925,-0.000427],[-0.355949,0.129359,0.925509,-0.001371],[0.0,0.0,0.0,1.0]],"antennas":[-2.092661,2.474383],"body_yaw":0.167549,"check_collision":false},{"head":[[0.93024,0.127189,0.344204,-0.011802],[-0.072601,0.98326,-0.167122,-0.000476],[-0.359698,0.130474,0.923902,-0.001403],[0.0,0.0,0.0,1.0]],"antennas":[-2.092661,2.474383],"body_yaw":0.167549,"check_collision":false},{"head":[[0.929208,0.129161,0.346251,-0.011701],[-0.073261,0.982721,-0.169976,-0.000508],[-0.362222,0.132577,0.922615,-0.001505],[0.0,0.0,0.0,1.0]],"antennas":[-2.092661,2.474383],"body_yaw":0.167549,"check_collision":false},{"head":[[0.928206,0.131196,0.348167,-0.011597],[-0.074234,0.982256,-0.172226,-0.000719],[-0.364585,0.134015,0.921476,-0.001596],[0.0,0.0,0.0,1.0]],"antennas":[-2.092661,2.474383],"body_yaw":0.167549,"check_collision":false},{"head":[[0.926639,0.134952,0.350895,-0.011588],[-0.07637,0.981461,-0.175787,-0.000642],[-0.368113,0.136093,0.919767,-0.001783],[0.0,0.0,0.0,1.0]],"antennas":[-2.092661,2.474383],"body_yaw":0.167549,"check_collision":false},{"head":[[0.924644,0.137814,0.355023,-0.011678],[-0.077313,0.980743,-0.179349,-0.000838],[-0.372903,0.138386,0.917492,-0.00177],[0.0,0.0,0.0,1.0]],"antennas":[-2.092661,2.474383],"body_yaw":0.167549,"check_collision":false},{"head":[[0.922181,0.1402,0.360452,-0.011619],[-0.077974,0.980243,-0.181782,-0.000609],[-0.378817,0.13953,0.914893,-0.002098],[0.0,0.0,0.0,1.0]],"antennas":[-2.092661,2.474383],"body_yaw":0.167549,"check_collision":false},{"head":[[0.920429,0.143897,0.363462,-0.011481],[-0.08001,0.979447,-0.185154,-0.000716],[-0.382635,0.14134,0.913024,-0.002209],[0.0,0.0,0.0,1.0]],"antennas":[-2.092661,2.474383],"body_yaw":0.167549,"check_collision":false},{"head":[[0.92019,0.146641,0.362968,-0.011343],[-0.08248,0.979002,-0.18642,-0.000464],[-0.382683,0.141605,0.912963,-0.002442],[0.0,0.0,0.0,1.0]],"antennas":[-2.092661,2.474383],"body_yaw":0.167549,"check_collision":false},{"head":[[0.920108,0.147892,0.362669,-0.01131],[-0.083394,0.978712,-0.187532,-0.000542],[-0.382683,0.142305,0.912854,-0.00239],[0.0,0.0,0.0,1.0]],"antennas":[-2.092661,2.474383],"body_yaw":0.167549,"check_collision":false},{"head":[[0.920077,0.148801,0.362375,-0.011216],[-0.083731,0.978371,-0.189152,-0.000351],[-0.382683,0.143693,0.912637,-0.002709],[0.0,0.0,0.0,1.0]],"antennas":[-2.092661,2.474383],"body_yaw":0.167549,"check_collision":false},{"head":[[0.919973,0.150567,0.361911,-0.011126],[-0.084874,0.977896,-0.19109,-0.00046],[-0.382683,0.145081,0.912417,-0.002815],[0.0,0.0,0.0,1.0]],"antennas":[-2.092661,2.474383],"body_yaw":0.167549,"check_collision":false},{"head":[[0.919892,0.152299,0.361391,-0.011083],[-0.085745,0.977324,-0.193612,-0.000403],[-0.382683,0.147115,0.912091,-0.002882],[0.0,0.0,0.0,1.0]],"antennas":[-2.092661,2.474383],"body_yaw":0.167549,"check_collision":false},{"head":[[0.919833,0.153371,0.361087,-0.011104],[-0.086372,0.977002,-0.194956,-0.000129],[-0.382683,0.148139,0.911926,-0.002995],[0.0,0.0,0.0,1.0]],"antennas":[-2.092661,2.474383],"body_yaw":0.164047,"check_collision":false},{"head":[[0.91974,0.154918,0.360664,-0.011115],[-0.08736,0.976566,-0.19669,0.000118],[-0.382683,0.149396,0.911721,-0.003106],[0.0,0.0,0.0,1.0]],"antennas":[-2.092661,2.474383],"body_yaw":0.15377,"check_collision":false},{"head":[[0.919659,0.15635,0.360253,-0.01114],[-0.088207,0.976131,-0.198464,5.3e-05],[-0.382683,0.150743,0.911499,-0.00317],[0.0,0.0,0.0,1.0]],"antennas":[-2.092661,2.474383],"body_yaw":0.140144,"check_collision":false},{"head":[[0.919561,0.157757,0.359889,-0.011052],[-0.089223,0.975775,-0.199755,0.000294],[-0.382683,0.151576,0.911361,-0.00343],[0.0,0.0,0.0,1.0]],"antennas":[-2.092661,2.474383],"body_yaw":0.124649,"check_collision":false},{"head":[[0.919475,0.158636,0.359723,-0.011029],[-0.090106,0.975656,-0.199943,0.000491],[-0.382683,0.151429,0.911385,-0.003691],[0.0,0.0,0.0,1.0]],"antennas":[-2.092661,2.474383],"body_yaw":0.108015,"check_collision":false},{"head":[[0.919338,0.160201,0.359378,-0.010992],[-0.091491,0.975362,-0.200745,0.000828],[-0.382683,0.151673,0.911344,-0.003939],[0.0,0.0,0.0,1.0]],"antennas":[-2.092661,2.474383],"body_yaw":0.09066,"check_collision":false},{"head":[[0.919238,0.161645,0.358989,-0.011019],[-0.092496,0.974974,-0.202162,0.000899],[-0.382683,0.15263,0.911185,-0.003916],[0.0,0.0,0.0,1.0]],"antennas":[-2.092661,2.474383],"body_yaw":0.072481,"check_collision":false},{"head":[[0.91904,0.163875,0.358483,-0.011016],[-0.094439,0.974535,-0.20338,0.00103],[-0.382683,0.15306,0.911113,-0.003967],[0.0,0.0,0.0,1.0]],"antennas":[-2.092661,2.474383],"body_yaw":0.053848,"check_collision":false},{"head":[[0.918825,0.165951,0.358079,-0.011081],[-0.096508,0.97423,-0.203866,0.001391],[-0.382683,0.152759,0.911163,-0.004114],[0.0,0.0,0.0,1.0]],"antennas":[-2.092661,2.474383],"body_yaw":0.034432,"check_collision":false},{"head":[[0.918615,0.167981,0.357671,-0.011216],[-0.098485,0.973909,-0.204457,0.001583],[-0.382683,0.152592,0.911191,-0.004176],[0.0,0.0,0.0,1.0]],"antennas":[-2.092661,2.474383],"body_yaw":0.012834,"check_collision":false},{"head":[[0.918186,0.172013,0.356857,-0.011261],[-0.102412,0.973257,-0.205626,0.001891],[-0.382683,0.152257,0.911247,-0.004475],[0.0,0.0,0.0,1.0]],"antennas":[-2.092661,2.474383],"body_yaw":-0.011832,"check_collision":false},{"head":[[0.917673,0.176365,0.35605,-0.011259],[-0.106909,0.972643,-0.206244,0.002073],[-0.382684,0.1512,0.911423,-0.004713],[0.0,0.0,0.0,1.0]],"antennas":[-2.092661,2.474383],"body_yaw":-0.038414,"check_collision":false},{"head":[[0.917323,0.179447,0.355412,-0.011294],[-0.109876,0.972104,-0.207223,0.002334],[-0.382683,0.151039,0.91145,-0.004902],[0.0,0.0,0.0,1.0]],"antennas":[-2.092661,2.474383],"body_yaw":-0.067014,"check_collision":false},{"head":[[0.916861,0.183549,0.354508,-0.011349],[-0.113666,0.971303,-0.208927,0.002553],[-0.382683,0.151262,0.911413,-0.004976],[0.0,0.0,0.0,1.0]],"antennas":[-2.092661,2.474383],"body_yaw":-0.09503,"check_collision":false},{"head":[[0.916126,0.189598,0.353223,-0.011381],[-0.119446,0.97017,-0.210956,0.003011],[-0.382683,0.151071,0.911444,-0.00522],[0.0,0.0,0.0,1.0]],"antennas":[-2.092661,2.474383],"body_yaw":-0.123445,"check_collision":false},{"head":[[0.915612,0.193926,0.352204,-0.01143],[-0.123321,0.969223,-0.213067,0.003368],[-0.382683,0.151653,0.911348,-0.005366],[0.0,0.0,0.0,1.0]],"antennas":[-2.092661,2.474383],"body_yaw":-0.152169,"check_collision":false},{"head":[[0.91518,0.197566,0.351303,-0.011476],[-0.12649,0.968371,-0.215076,0.003726],[-0.382683,0.152398,0.911224,-0.005498],[0.0,0.0,0.0,1.0]],"antennas":[-2.092661,2.474383],"body_yaw":-0.181257,"check_collision":false},{"head":[[0.914239,0.204584,0.349733,-0.011573],[-0.133121,0.966912,-0.217624,0.004073],[-0.382683,0.152404,0.911223,-0.005615],[0.0,0.0,0.0,1.0]],"antennas":[-2.092661,2.474383],"body_yaw":-0.21021,"check_collision":false},{"head":[[0.913262,0.211294,0.348291,-0.011594],[-0.139661,0.965552,-0.219553,0.004419],[-0.382683,0.151867,0.911312,-0.00583],[0.0,0.0,0.0,1.0]],"antennas":[-2.092661,2.474383],"body_yaw":-0.237845,"check_collision":false},{"head":[[0.912481,0.216488,0.347149,-0.01154],[-0.144681,0.964448,-0.221152,0.00465],[-0.382683,0.151571,0.911361,-0.006088],[0.0,0.0,0.0,1.0]],"antennas":[-2.092661,2.474383],"body_yaw":-0.265301,"check_collision":false},{"head":[[0.911677,0.221722,0.345955,-0.011505],[-0.149662,0.96327,-0.222961,0.004868],[-0.382684,0.151492,0.911374,-0.006302],[0.0,0.0,0.0,1.0]],"antennas":[-2.092661,2.474383],"body_yaw":-0.291715,"check_collision":false},{"head":[[0.91111,0.225609,0.344935,-0.011579],[-0.153695,0.962496,-0.223561,0.005129],[-0.382436,0.150674,0.911614,-0.006475],[0.0,0.0,0.0,1.0]],"antennas":[-2.092661,2.474383],"body_yaw":-0.317388,"check_collision":false},{"head":[[0.911335,0.227497,0.343094,-0.011672],[-0.155854,0.962062,-0.223935,0.005288],[-0.381022,0.150608,0.912217,-0.006536],[0.0,0.0,0.0,1.0]],"antennas":[-2.092661,2.474383],"body_yaw":-0.337182,"check_collision":false},{"head":[[0.911506,0.229039,0.34161,-0.01171],[-0.157273,0.961569,-0.225055,0.005491],[-0.380028,0.151413,0.912498,-0.006668],[0.0,0.0,0.0,1.0]],"antennas":[-2.092661,2.474383],"body_yaw":-0.345063,"check_collision":false},{"head":[[0.91193,0.229259,0.340329,-0.011809],[-0.157669,0.96147,-0.225202,0.005482],[-0.378845,0.15171,0.91294,-0.006619],[0.0,0.0,0.0,1.0]],"antennas":[-2.092661,2.474383],"body_yaw":-0.345063,"check_collision":false},{"head":[[0.912717,0.227554,0.339363,-0.011854],[-0.156472,0.961909,-0.224161,0.005173],[-0.377445,0.151494,0.913556,-0.006562],[0.0,0.0,0.0,1.0]],"antennas":[-2.092661,2.474383],"body_yaw":-0.345063,"check_collision":false},{"head":[[0.913234,0.223309,0.340787,-0.011766],[-0.153115,0.963213,-0.220853,0.004996],[-0.377569,0.149511,0.913832,-0.006602],[0.0,0.0,0.0,1.0]],"antennas":[-2.092661,2.474383],"body_yaw":-0.33737,"check_collision":false},{"head":[[0.913106,0.221685,0.342189,-0.011629],[-0.152128,0.963902,-0.218516,0.004805],[-0.378278,0.147472,0.91387,-0.006674],[0.0,0.0,0.0,1.0]],"antennas":[-2.092661,2.474383],"body_yaw":-0.320855,"check_collision":false},{"head":[[0.913308,0.220963,0.342118,-0.01138],[-0.152061,0.964286,-0.216864,0.004517],[-0.377818,0.146041,0.91429,-0.006729],[0.0,0.0,0.0,1.0]],"antennas":[-2.092661,2.474383],"body_yaw":-0.302001,"check_collision":false},{"head":[[0.913789,0.219283,0.341913,-0.011186],[-0.151051,0.96484,-0.215097,0.004557],[-0.377058,0.144907,0.914784,-0.006803],[0.0,0.0,0.0,1.0]],"antennas":[-2.092661,2.474383],"body_yaw":-0.282648,"check_collision":false},{"head":[[0.914426,0.21806,0.340992,-0.011163],[-0.150191,0.965125,-0.214421,0.004456],[-0.375857,0.144858,0.915286,-0.006637],[0.0,0.0,0.0,1.0]],"antennas":[-2.092661,2.474383],"body_yaw":-0.262045,"check_collision":false},{"head":[[0.914705,0.217305,0.340725,-0.011119],[-0.149437,0.965241,-0.214427,0.004631],[-0.375478,0.14522,0.915384,-0.006673],[0.0,0.0,0.0,1.0]],"antennas":[-2.092661,2.474383],"body_yaw":-0.237254,"check_collision":false},{"head":[[0.915035,0.216561,0.340313,-0.011108],[-0.148669,0.965331,-0.214555,0.004668],[-0.374979,0.145731,0.915507,-0.006718],[0.0,0.0,0.0,1.0]],"antennas":[-2.092661,2.474383],"body_yaw":-0.205033,"check_collision":false},{"head":[[0.915493,0.215419,0.339805,-0.01119],[-0.147519,0.965491,-0.21463,0.004634],[-0.374314,0.146364,0.915678,-0.00675],[0.0,0.0,0.0,1.0]],"antennas":[-2.092661,2.474383],"body_yaw":-0.168799,"check_collision":false},{"head":[[0.916252,0.212531,0.339576,-0.011151],[-0.144651,0.966,-0.214291,0.004502],[-0.373574,0.147224,0.915843,-0.006915],[0.0,0.0,0.0,1.0]],"antennas":[-2.092661,2.474383],"body_yaw":-0.131034,"check_collision":false},{"head":[[0.916532,0.211191,0.339658,-0.011143],[-0.14327,0.96623,-0.214181,0.004431],[-0.373421,0.147641,0.915838,-0.006955],[0.0,0.0,0.0,1.0]],"antennas":[-2.092661,2.474383],"body_yaw":-0.09503,"check_collision":false},{"head":[[0.916628,0.211441,0.339242,-0.011213],[-0.143678,0.96621,-0.213998,0.004292],[-0.373027,0.147415,0.916035,-0.006824],[0.0,0.0,0.0,1.0]],"antennas":[-2.092661,2.474383],"body_yaw":-0.06016,"check_collision":false},{"head":[[0.916946,0.211108,0.33859,-0.011228],[-0.143565,0.966296,-0.213685,0.00434],[-0.372288,0.147327,0.916349,-0.006752],[0.0,0.0,0.0,1.0]],"antennas":[-2.092661,2.474383],"body_yaw":-0.02495,"check_collision":false},{"head":[[0.916895,0.210891,0.338863,-0.011146],[-0.143242,0.966318,-0.213804,0.004532],[-0.372538,0.147496,0.916221,-0.006833],[0.0,0.0,0.0,1.0]],"antennas":[-2.092661,2.474383],"body_yaw":0.010617,"check_collision":false},{"head":[[0.916828,0.210283,0.339424,-0.011117],[-0.142509,0.966428,-0.213794,0.00465],[-0.372986,0.147641,0.916015,-0.006955],[0.0,0.0,0.0,1.0]],"antennas":[-2.092661,2.474383],"body_yaw":0.045337,"check_collision":false},{"head":[[0.917246,0.208446,0.339426,-0.011241],[-0.140882,0.966835,-0.213033,0.004603],[-0.372575,0.147585,0.916192,-0.00677],[0.0,0.0,0.0,1.0]],"antennas":[-2.092661,2.474383],"body_yaw":0.077832,"check_collision":false},{"head":[[0.917586,0.205984,0.340008,-0.011308],[-0.138356,0.96729,-0.212622,0.004468],[-0.372683,0.148057,0.916071,-0.006702],[0.0,0.0,0.0,1.0]],"antennas":[-2.092661,2.474383],"body_yaw":0.106927,"check_collision":false},{"head":[[0.917679,0.204477,0.340667,-0.0112],[-0.136584,0.967503,-0.212796,0.004414],[-0.373108,0.148749,0.915786,-0.006783],[0.0,0.0,0.0,1.0]],"antennas":[-2.092661,2.474383],"body_yaw":0.133469,"check_collision":false},{"head":[[0.918095,0.202732,0.34059,-0.01121],[-0.134957,0.96784,-0.212303,0.004525],[-0.372677,0.14895,0.915929,-0.00692],[0.0,0.0,0.0,1.0]],"antennas":[-2.092661,2.474383],"body_yaw":0.157579,"check_collision":false},{"head":[[0.918196,0.201267,0.341184,-0.011329],[-0.133517,0.96815,-0.211798,0.004379],[-0.372946,0.148918,0.915825,-0.0067],[0.0,0.0,0.0,1.0]],"antennas":[-2.092661,2.474383],"body_yaw":0.179525,"check_collision":false},{"head":[[0.918011,0.200834,0.341937,-0.011293],[-0.132961,0.968243,-0.211724,0.004441],[-0.3736,0.148901,0.915561,-0.006608],[0.0,0.0,0.0,1.0]],"antennas":[-2.092661,2.474383],"body_yaw":0.199391,"check_collision":false},{"head":[[0.918089,0.20029,0.342046,-0.011243],[-0.132297,0.968295,-0.2119,0.004347],[-0.373643,0.149292,0.915479,-0.006593],[0.0,0.0,0.0,1.0]],"antennas":[-2.092661,2.474383],"body_yaw":0.214761,"check_collision":false},{"head":[[0.917985,0.200829,0.34201,-0.01125],[-0.132709,0.968152,-0.212299,0.004373],[-0.373754,0.149499,0.915401,-0.00658],[0.0,0.0,0.0,1.0]],"antennas":[-2.092661,2.474383],"body_yaw":0.224584,"check_collision":false},{"head":[[0.917912,0.201612,0.341746,-0.01123],[-0.133432,0.967973,-0.21266,0.004429],[-0.373676,0.149603,0.915415,-0.006637],[0.0,0.0,0.0,1.0]],"antennas":[-2.092661,2.474383],"body_yaw":0.232532,"check_collision":false},{"head":[[0.917995,0.202428,0.341041,-0.011194],[-0.134223,0.96776,-0.213129,0.004467],[-0.373189,0.149876,0.915569,-0.006676],[0.0,0.0,0.0,1.0]],"antennas":[-2.092661,2.474383],"body_yaw":0.238073,"check_collision":false},{"head":[[0.918104,0.202906,0.340461,-0.011173],[-0.134613,0.96759,-0.213657,0.004545],[-0.372779,0.150329,0.915662,-0.00662],[0.0,0.0,0.0,1.0]],"antennas":[-2.092661,2.474383],"body_yaw":0.238073,"check_collision":false},{"head":[[0.917988,0.20328,0.340552,-0.011181],[-0.134773,0.96745,-0.21419,0.004629],[-0.373008,0.150727,0.915504,-0.006495],[0.0,0.0,0.0,1.0]],"antennas":[-2.092661,2.474383],"body_yaw":0.238073,"check_collision":false},{"head":[[0.917913,0.203356,0.340707,-0.011148],[-0.134775,0.967422,-0.214315,0.004795],[-0.37319,0.150804,0.915417,-0.006571],[0.0,0.0,0.0,1.0]],"antennas":[-2.092661,2.474383],"body_yaw":0.23686,"check_collision":false},{"head":[[0.918005,0.203463,0.340397,-0.011141],[-0.135056,0.967444,-0.214036,0.004721],[-0.372863,0.150514,0.915597,-0.006635],[0.0,0.0,0.0,1.0]],"antennas":[-2.092661,2.474383],"body_yaw":0.224015,"check_collision":false},{"head":[[0.917982,0.203581,0.340388,-0.011105],[-0.135189,0.96743,-0.214017,0.004845],[-0.372871,0.150447,0.915605,-0.00681],[0.0,0.0,0.0,1.0]],"antennas":[-2.092661,2.474383],"body_yaw":0.205309,"check_collision":false},{"head":[[0.917749,0.204362,0.340548,-0.011225],[-0.135892,0.967281,-0.214245,0.004921],[-0.373189,0.150345,0.915492,-0.006681],[0.0,0.0,0.0,1.0]],"antennas":[-2.092661,2.474383],"body_yaw":0.183034,"check_collision":false},{"head":[[0.917716,0.205003,0.340251,-0.011252],[-0.136467,0.967117,-0.214618,0.004928],[-0.37306,0.150525,0.915515,-0.006628],[0.0,0.0,0.0,1.0]],"antennas":[-2.092661,2.474383],"body_yaw":0.158675,"check_collision":false},{"head":[[0.917767,0.205936,0.33955,-0.011304],[-0.137476,0.966922,-0.214854,0.004984],[-0.372564,0.150506,0.91572,-0.006602],[0.0,0.0,0.0,1.0]],"antennas":[-2.092661,2.474383],"body_yaw":0.133108,"check_collision":false},{"head":[[0.917605,0.208175,0.338622,-0.011321],[-0.139586,0.966395,-0.215861,0.004905],[-0.37218,0.150808,0.915827,-0.00658],[0.0,0.0,0.0,1.0]],"antennas":[-2.092661,2.474383],"body_yaw":0.10689,"check_collision":false},{"head":[[0.91794,0.210285,0.336403,-0.011193],[-0.14164,0.965791,-0.217224,0.004877],[-0.370574,0.151751,0.916322,-0.006596],[0.0,0.0,0.0,1.0]],"antennas":[-2.092661,2.474383],"body_yaw":0.080577,"check_collision":false},{"head":[[0.918109,0.212083,0.334808,-0.011223],[-0.143126,0.965189,-0.218917,0.004737],[-0.369582,0.153069,0.916504,-0.006604],[0.0,0.0,0.0,1.0]],"antennas":[-2.092661,2.474383],"body_yaw":0.054491,"check_collision":false},{"head":[[0.91813,0.21446,0.333233,-0.011241],[-0.14524,0.9645,-0.220558,0.004733],[-0.368704,0.154102,0.916684,-0.006526],[0.0,0.0,0.0,1.0]],"antennas":[-2.092661,2.474383],"body_yaw":0.028843,"check_collision":false},{"head":[[0.918339,0.217592,0.330617,-0.011268],[-0.148716,0.963813,-0.221241,0.004954],[-0.366793,0.154006,0.917467,-0.00641],[0.0,0.0,0.0,1.0]],"antennas":[-2.092661,2.474383],"body_yaw":0.004814,"check_collision":false},{"head":[[0.918923,0.218503,0.328386,-0.011291],[-0.149925,0.963545,-0.221593,0.004872],[-0.364833,0.154394,0.918183,-0.006512],[0.0,0.0,0.0,1.0]],"antennas":[-2.092661,2.474383],"body_yaw":-0.017523,"check_collision":false},{"head":[[0.918695,0.220449,0.327723,-0.011354],[-0.151951,0.963152,-0.221923,0.004785],[-0.36457,0.154082,0.91834,-0.006634],[0.0,0.0,0.0,1.0]],"antennas":[-2.092661,2.474383],"body_yaw":-0.039904,"check_collision":false},{"head":[[0.918984,0.2208,0.326675,-0.011474],[-0.152446,0.96304,-0.222069,0.004762],[-0.363634,0.154277,0.918678,-0.006588],[0.0,0.0,0.0,1.0]],"antennas":[-2.092661,2.474383],"body_yaw":-0.061834,"check_collision":false},{"head":[[0.919468,0.219447,0.326222,-0.011501],[-0.151261,0.963316,-0.221681,0.004807],[-0.362903,0.154484,0.918932,-0.006556],[0.0,0.0,0.0,1.0]],"antennas":[-2.092661,2.474383],"body_yaw":-0.083419,"check_collision":false},{"head":[[0.920114,0.215848,0.326803,-0.011451],[-0.147784,0.964086,-0.220678,0.004701],[-0.362699,0.154753,0.918967,-0.006771],[0.0,0.0,0.0,1.0]],"antennas":[-2.092661,2.474383],"body_yaw":-0.104592,"check_collision":false},{"head":[[0.920698,0.211806,0.327801,-0.011485],[-0.143909,0.964982,-0.219317,0.004709],[-0.362775,0.154751,0.918938,-0.006903],[0.0,0.0,0.0,1.0]],"antennas":[-2.092661,2.474383],"body_yaw":-0.125494,"check_collision":false},{"head":[[0.921823,0.208237,0.326925,-0.011529],[-0.141098,0.965842,-0.217349,0.004661],[-0.361018,0.154229,0.919717,-0.006917],[0.0,0.0,0.0,1.0]],"antennas":[-2.092661,2.474383],"body_yaw":-0.146117,"check_collision":false},{"head":[[0.922734,0.204646,0.326623,-0.011479],[-0.13815,0.966703,-0.215407,0.004574],[-0.359829,0.15364,0.920281,-0.006936],[0.0,0.0,0.0,1.0]],"antennas":[-2.092661,2.474383],"body_yaw":-0.16514,"check_collision":false},{"head":[[0.923662,0.199934,0.326918,-0.011554],[-0.134209,0.967852,-0.212723,0.004313],[-0.358939,0.152609,0.9208,-0.007049],[0.0,0.0,0.0,1.0]],"antennas":[-2.092661,2.474383],"body_yaw":-0.180313,"check_collision":false},{"head":[[0.924844,0.19336,0.32753,-0.01173],[-0.128346,0.969281,-0.209813,0.004276],[-0.358038,0.152007,0.92125,-0.007045],[0.0,0.0,0.0,1.0]],"antennas":[-2.092661,2.474383],"body_yaw":-0.190589,"check_collision":false},{"head":[[0.926615,0.186524,0.326487,-0.011842],[-0.122318,0.97059,-0.207351,0.004194],[-0.355561,0.152199,0.922178,-0.006858],[0.0,0.0,0.0,1.0]],"antennas":[-2.092661,2.474383],"body_yaw":-0.193503,"check_collision":false},{"head":[[0.927765,0.182867,0.325286,-0.011905],[-0.119112,0.971219,-0.206267,0.003963],[-0.353643,0.152622,0.922845,-0.006715],[0.0,0.0,0.0,1.0]],"antennas":[-2.092661,2.474383],"body_yaw":-0.193503,"check_collision":false},{"head":[[0.928264,0.180236,0.325333,-0.011953],[-0.116327,0.971544,-0.206327,0.003795],[-0.353263,0.153681,0.922815,-0.006697],[0.0,0.0,0.0,1.0]],"antennas":[-2.092661,2.474383],"body_yaw":-0.193503,"check_collision":false},{"head":[[0.928667,0.177794,0.325525,-0.012004],[-0.113827,0.971889,-0.206095,0.003671],[-0.353017,0.15434,0.922799,-0.006617],[0.0,0.0,0.0,1.0]],"antennas":[-2.092661,2.474383],"body_yaw":-0.193503,"check_collision":false},{"head":[[0.929484,0.174761,0.324836,-0.012066],[-0.11112,0.972394,-0.205188,0.003719],[-0.351728,0.154623,0.923244,-0.006669],[0.0,0.0,0.0,1.0]],"antennas":[-2.092661,2.474383],"body_yaw":-0.19043,"check_collision":false},{"head":[[0.930087,0.172187,0.324485,-0.012069],[-0.10886,0.972855,-0.204211,0.003692],[-0.35084,0.15461,0.923584,-0.006611],[0.0,0.0,0.0,1.0]],"antennas":[-2.092661,2.474383],"body_yaw":-0.181045,"check_collision":false},{"head":[[0.93039,0.171262,0.324104,-0.012035],[-0.108143,0.973037,-0.203727,0.003643],[-0.350256,0.154496,0.923824,-0.006509],[0.0,0.0,0.0,1.0]],"antennas":[-2.092661,2.474383],"body_yaw":-0.166316,"check_collision":false},{"head":[[0.930716,0.170264,0.323695,-0.01202],[-0.107135,0.973128,-0.203824,0.003631],[-0.349701,0.155023,0.923947,-0.006497],[0.0,0.0,0.0,1.0]],"antennas":[-2.092661,2.474383],"body_yaw":-0.145361,"check_collision":false},{"head":[[0.930791,0.170014,0.32361,-0.011956],[-0.106853,0.973139,-0.203918,0.003596],[-0.349587,0.155226,0.923956,-0.006496],[0.0,0.0,0.0,1.0]],"antennas":[-2.092661,2.474383],"body_yaw":-0.120268,"check_collision":false},{"head":[[0.930801,0.170202,0.323483,-0.011957],[-0.107147,0.973149,-0.203719,0.003656],[-0.34947,0.154962,0.924044,-0.006519],[0.0,0.0,0.0,1.0]],"antennas":[-2.092661,2.474383],"body_yaw":-0.09347,"check_collision":false},{"head":[[0.930947,0.169768,0.32329,-0.012007],[-0.106832,0.973241,-0.20344,0.003668],[-0.349177,0.154855,0.924173,-0.006503],[0.0,0.0