{"description":"Used when you make a blunder.","time":[0.0,0.02,0.04,0.06,0.08,0.1,0.12,0.14,0.16,0.18,0.2,0.22,0.24,0.26,0.28,0.3,0.32,0.34,0.36,0.38,0.4,0.42,0.44,0.46,0.48,0.5,0.52,0.54,0.56,0.58,0.6,0.62,0.64,0.66,0.68,0.7,0.72,0.74,0.76,0.78,0.8,0.82,0.84,0.86,0.88,0.9,0.92,0.94,0.96,0.98,1.0,1.02,1.04,1.06,1.08,1.1,1.12,1.14,1.16,1.18,1.2,1.22,1.24,1.26,1.28,1.3,1.32,1.34,1.36,1.38,1.4,1.42,1.44,1.46,1.48,1.5,1.52,1.54,1.56,1.58,1.6,1.62,1.64,1.66,1.68,1.7,1.72,1.74,1.76,1.78,1.8,1.82,1.84,1.86,1.88,1.9,1.92,1.94,1.96,1.98,2.0,2.02,2.04,2.06,2.08,2.1,2.12,2.14,2.16,2.18,2.2,2.22,2.24,2.26,2.28,2.3,2.32,2.34,2.36,2.38,2.4,2.42,2.44,2.46],"set_target_data":[{"head":[[0.990204,-0.117863,-0.074866,-0.012661],[0.112638,0.991128,-0.070561,0.001061],[0.082519,0.061437,0.994694,0.009156],[0.0,0.0,0.0,1.0]],"antennas":[-0.038679,0.051116],"body_yaw":0.314072,"check_collision":false},{"head":[[0.990235,-0.117544,-0.074949,-0.01267],[0.112268,0.99113,-0.071115,0.00138],[0.082644,0.062006,0.994648,0.009077],[0.0,0.0,0.0,1.0]],"antennas":[-0.038679,0.051116],"body_yaw":0.314072,"check_collision":false},{"head":[[0.990093,-0.119144,-0.074295,-0.01271],[0.113851,0.990898,-0.071823,0.001539],[0.082176,0.062653,0.994646,0.009038],[0.0,0.0,0.0,1.0]],"antennas":[-0.038679,0.051116],"body_yaw":0.314072,"check_collision":false},{"head":[[0.989962,-0.120675,-0.07357,-0.012721],[0.115408,0.990699,-0.072087,0.001601],[0.081585,0.062873,0.994681,0.00902],[0.0,0.0,0.0,1.0]],"antennas":[-0.038679,0.051116],"body_yaw":0.314072,"check_collision":false},{"head":[[0.989881,-0.121647,-0.073055,-0.012634],[0.116432,0.990596,-0.071848,0.001743],[0.081108,0.062615,0.994737,0.00896],[0.0,0.0,0.0,1.0]],"antennas":[-0.038679,0.051116],"body_yaw":0.314072,"check_collision":false},{"head":[[0.989577,-0.124304,-0.072709,-0.012543],[0.119151,0.990307,-0.071375,0.001683],[0.080876,0.061967,0.994796,0.009009],[0.0,0.0,0.0,1.0]],"antennas":[-0.038679,0.051116],"body_yaw":0.314072,"check_collision":false},{"head":[[0.989072,-0.128123,-0.072944,-0.012594],[0.123048,0.989909,-0.070282,0.001599],[0.081213,0.060539,0.994857,0.00902],[0.0,0.0,0.0,1.0]],"antennas":[-0.038679,0.051116],"body_yaw":0.314072,"check_collision":false},{"head":[[0.988599,-0.13154,-0.073277,-0.012567],[0.126602,0.989592,-0.06841,0.001553],[0.081513,0.058353,0.994963,0.008973],[0.0,0.0,0.0,1.0]],"antennas":[-0.038679,0.051116],"body_yaw":0.314072,"check_collision":false},{"head":[[0.988099,-0.135295,-0.073186,-0.012507],[0.13053,0.989218,-0.066403,0.001646],[0.081381,0.05606,0.995105,0.008918],[0.0,0.0,0.0,1.0]],"antennas":[-0.038679,0.051116],"body_yaw":0.314072,"check_collision":false},{"head":[[0.98768,-0.138472,-0.072896,-0.012444],[0.133781,0.988829,-0.065732,0.001324],[0.081184,0.05517,0.995171,0.009001],[0.0,0.0,0.0,1.0]],"antennas":[-0.038679,0.051116],"body_yaw":0.314072,"check_collision":false},{"head":[[0.987638,-0.138889,-0.072668,-0.012471],[0.134246,0.988794,-0.065309,0.001412],[0.080925,0.054746,0.995216,0.008976],[0.0,0.0,0.0,1.0]],"antennas":[-0.038679,0.051116],"body_yaw":0.314072,"check_collision":false},{"head":[[0.987583,-0.13928,-0.072665,-0.012319],[0.134694,0.988778,-0.064624,0.001412],[0.08085,0.054034,0.995261,0.00904],[0.0,0.0,0.0,1.0]],"antennas":[-0.038679,0.051116],"body_yaw":0.314072,"check_collision":false},{"head":[[0.987463,-0.140314,-0.072314,-0.012287],[0.135741,0.988629,-0.064713,0.001373],[0.080572,0.054086,0.99528,0.009108],[0.0,0.0,0.0,1.0]],"antennas":[-0.038679,0.051116],"body_yaw":0.314072,"check_collision":false},{"head":[[0.98734,-0.141628,-0.071417,-0.01223],[0.13703,0.98839,-0.065638,0.00124],[0.079884,0.055021,0.995284,0.009169],[0.0,0.0,0.0,1.0]],"antennas":[-0.038679,0.051116],"body_yaw":0.314072,"check_collision":false},{"head":[[0.98724,-0.142691,-0.070684,-0.01209],[0.138072,0.988192,-0.066435,0.001217],[0.079329,0.055828,0.995284,0.009234],[0.0,0.0,0.0,1.0]],"antennas":[-0.038679,0.051116],"body_yaw":0.314072,"check_collision":false},{"head":[[0.987244,-0.142922,-0.070166,-0.012025],[0.138331,0.988155,-0.066445,0.00126],[0.078831,0.055891,0.99532,0.009184],[0.0,0.0,0.0,1.0]],"antennas":[-0.038679,0.051116],"body_yaw":0.314072,"check_collision":false},{"head":[[0.987209,-0.143331,-0.069817,-0.011934],[0.138801,0.988123,-0.065933,0.001264],[0.078438,0.055399,0.995379,0.009153],[0.0,0.0,0.0,1.0]],"antennas":[-0.038679,0.051116],"body_yaw":0.314072,"check_collision":false},{"head":[[0.98713,-0.14414,-0.069272,-0.011881],[0.139672,0.988027,-0.065533,0.001357],[0.077889,0.055014,0.995443,0.009153],[0.0,0.0,0.0,1.0]],"antennas":[-0.038679,0.051116],"body_yaw":0.314072,"check_collision":false},{"head":[[0.987031,-0.144833,-0.069239,-0.011883],[0.140378,0.987936,-0.065397,0.001672],[0.077875,0.054829,0.995454,0.009099],[0.0,0.0,0.0,1.0]],"antennas":[-0.038679,0.051116],"body_yaw":0.314072,"check_collision":false},{"head":[[0.986979,-0.145417,-0.06875,-0.01189],[0.141,0.987856,-0.065273,0.001545],[0.077407,0.05473,0.995496,0.009065],[0.0,0.0,0.0,1.0]],"antennas":[-0.038679,0.051116],"body_yaw":0.314072,"check_collision":false},{"head":[[0.987014,-0.145289,-0.06852,-0.011847],[0.140916,0.987895,-0.064858,0.00155],[0.077114,0.054361,0.995539,0.009146],[0.0,0.0,0.0,1.0]],"antennas":[-0.038679,0.051116],"body_yaw":0.314072,"check_collision":false},{"head":[[0.987037,-0.145247,-0.068279,-0.011819],[0.140909,0.987914,-0.064582,0.001568],[0.076834,0.054123,0.995574,0.009204],[0.0,0.0,0.0,1.0]],"antennas":[-0.038679,0.051116],"body_yaw":0.314072,"check_collision":false},{"head":[[0.986973,-0.145796,-0.068029,-0.01178],[0.141475,0.987835,-0.064545,0.001228],[0.076611,0.054079,0.995593,0.009344],[0.0,0.0,0.0,1.0]],"antennas":[-0.038679,0.051116],"body_yaw":0.314072,"check_collision":false},{"head":[[0.986926,-0.146122,-0.068008,-0.011798],[0.141805,0.987791,-0.064501,0.001384],[0.076602,0.054014,0.995598,0.009321],[0.0,0.0,0.0,1.0]],"antennas":[-0.038679,0.051116],"body_yaw":0.314072,"check_collision":false},{"head":[[0.986944,-0.14625,-0.067473,-0.011744],[0.141978,0.987779,-0.064306,0.001484],[0.076053,0.053886,0.995647,0.00933],[0.0,0.0,0.0,1.0]],"antennas":[-0.038679,0.051116],"body_yaw":0.314072,"check_collision":false},{"head":[[0.987028,-0.145989,-0.066801,-0.011566],[0.141772,0.987825,-0.064056,0.00159],[0.075339,0.053754,0.995708,0.00925],[0.0,0.0,0.0,1.0]],"antennas":[-0.038679,0.051116],"body_yaw":0.314072,"check_collision":false},{"head":[[0.987078,-0.145656,-0.066801,-0.011569],[0.141459,0.987888,-0.063772,0.001555],[0.075281,0.053498,0.995726,0.009318],[0.0,0.0,0.0,1.0]],"antennas":[-0.038679,0.051116],"body_yaw":0.314072,"check_collision":false},{"head":[[0.987042,-0.145795,-0.067028,-0.011491],[0.141595,0.987875,-0.063672,0.001342],[0.075498,0.053356,0.995717,0.00924],[0.0,0.0,0.0,1.0]],"antennas":[-0.038679,0.051116],"body_yaw":0.314072,"check_collision":false},{"head":[[0.987041,-0.145879,-0.066847,-0.011377],[0.141696,0.987867,-0.063573,0.001157],[0.07531,0.053277,0.995736,0.009441],[0.0,0.0,0.0,1.0]],"antennas":[-0.038679,0.051116],"body_yaw":0.314072,"check_collision":false},{"head":[[0.987035,-0.14599,-0.066698,-0.011301],[0.141829,0.98786,-0.063384,0.000918],[0.075141,0.053102,0.995758,0.009555],[0.0,0.0,0.0,1.0]],"antennas":[-0.038679,0.051116],"body_yaw":0.314072,"check_collision":false},{"head":[[0.987012,-0.146173,-0.066633,-0.011242],[0.142035,0.987846,-0.063132,0.000825],[0.075052,0.052848,0.995778,0.00972],[0.0,0.0,0.0,1.0]],"antennas":[-0.038679,0.051116],"body_yaw":0.314072,"check_collision":false},{"head":[[0.987028,-0.14607,-0.066629,-0.011187],[0.14196,0.987881,-0.062753,0.000838],[0.074988,0.05248,0.995803,0.00976],[0.0,0.0,0.0,1.0]],"antennas":[-0.038679,0.051116],"body_yaw":0.314072,"check_collision":false},{"head":[[0.987049,-0.145919,-0.066648,-0.011163],[0.141802,0.987899,-0.062826,0.000667],[0.075009,0.052562,0.995797,0.009827],[0.0,0.0,0.0,1.0]],"antennas":[-0.038679,0.051116],"body_yaw":0.314072,"check_collision":false},{"head":[[0.987017,-0.146093,-0.066745,-0.011211],[0.141951,0.987861,-0.063098,0.000576],[0.075153,0.052804,0.995773,0.009823],[0.0,0.0,0.0,1.0]],"antennas":[-0.038679,0.051116],"body_yaw":0.314072,"check_collision":false},{"head":[[0.986926,-0.146665,-0.066835,-0.011264],[0.142485,0.987756,-0.063537,0.00058],[0.075336,0.053183,0.995739,0.009847],[0.0,0.0,0.0,1.0]],"antennas":[-0.038679,0.051116],"body_yaw":0.314072,"check_collision":false},{"head":[[0.986816,-0.147372,-0.066898,-0.011205],[0.143174,0.987643,-0.063743,0.00082],[0.075466,0.053324,0.995722,0.009889],[0.0,0.0,0.0,1.0]],"antennas":[-0.038679,0.051116],"body_yaw":0.314072,"check_collision":false},{"head":[[0.986761,-0.14777,-0.066831,-0.011141],[0.143557,0.987571,-0.063987,0.000692],[0.075455,0.053546,0.99571,0.010088],[0.0,0.0,0.0,1.0]],"antennas":[-0.038679,0.051116],"body_yaw":0.314072,"check_collision":false},{"head":[[0.986883,-0.14716,-0.066375,-0.011007],[0.142978,0.98766,-0.063909,0.000716],[0.07496,0.05358,0.995746,0.010124],[0.0,0.0,0.0,1.0]],"antennas":[-0.038679,0.051116],"body_yaw":0.314072,"check_collision":false},{"head":[[0.986946,-0.146745,-0.066365,-0.010884],[0.142601,0.987748,-0.0634,0.000677],[0.074856,0.053108,0.995779,0.01025],[0.0,0.0,0.0,1.0]],"antennas":[-0.038679,0.051116],"body_yaw":0.314072,"check_collision":false},{"head":[[0.986921,-0.146873,-0.066441,-0.010895],[0.142753,0.98775,-0.063026,0.000958],[0.074884,0.052717,0.995798,0.01026],[0.0,0.0,0.0,1.0]],"antennas":[-0.038679,0.051116],"body_yaw":0.314072,"check_collision":false},{"head":[[0.98689,-0.147031,-0.066557,-0.010906],[0.142921,0.987739,-0.062816,0.000998],[0.074976,0.05248,0.995803,0.010322],[0.0,0.0,0.0,1.0]],"antennas":[-0.038679,0.051116],"body_yaw":0.314072,"check_collision":false},{"head":[[0.986834,-0.147372,-0.066631,-0.010972],[0.143244,0.98768,-0.063005,0.000928],[0.075095,0.052631,0.995786,0.010339],[0.0,0.0,0.0,1.0]],"antennas":[-0.038679,0.051116],"body_yaw":0.314072,"check_collision":false},{"head":[[0.986783,-0.147777,-0.066487,-0.010865],[0.143622,0.987595,-0.063479,0.001011],[0.075043,0.053091,0.995766,0.010316],[0.0,0.0,0.0,1.0]],"antennas":[-0.038679,0.051116],"body_yaw":0.314072,"check_collision":false},{"head":[[0.986778,-0.147904,-0.066285,-0.010817],[0.143716,0.987543,-0.064061,0.00089],[0.074935,0.053688,0.995742,0.010386],[0.0,0.0,0.0,1.0]],"antennas":[-0.038679,0.051116],"body_yaw":0.314072,"check_collision":false},{"head":[[0.986815,-0.147705,-0.066178,-0.010812],[0.143518,0.987569,-0.064116,0.000977],[0.074826,0.053773,0.995746,0.010335],[0.0,0.0,0.0,1.0]],"antennas":[-0.038679,0.053124],"body_yaw":0.314072,"check_collision":false},{"head":[[0.986844,-0.14747,-0.066262,-0.010818],[0.143303,0.987621,-0.063787,0.001086],[0.074848,0.053453,0.995761,0.010235],[0.0,0.0,0.0,1.0]],"antennas":[-0.038679,0.066863],"body_yaw":0.314072,"check_collision":false},{"head":[[0.986763,-0.147923,-0.066459,-0.010863],[0.143742,0.987554,-0.063834,0.001024],[0.075074,0.053436,0.995745,0.010274],[0.0,0.0,0.0,1.0]],"antennas":[-0.040361,0.09738],"body_yaw":0.314072,"check_collision":false},{"head":[[0.986695,-0.148391,-0.066438,-0.010901],[0.144196,0.987475,-0.064037,0.001206],[0.075108,0.053605,0.995734,0.010344],[0.0,0.0,0.0,1.0]],"antennas":[-0.055828,0.154839],"body_yaw":0.314072,"check_collision":false},{"head":[[0.986693,-0.148305,-0.066653,-0.010891],[0.144118,0.987503,-0.063772,0.001233],[0.075278,0.053318,0.995736,0.010375],[0.0,0.0,0.0,1.0]],"antennas":[-0.097029,0.223857],"body_yaw":0.314072,"check_collision":false},{"head":[[0.986699,-0.148199,-0.066793,-0.010874],[0.144044,0.987547,-0.06326,0.001339],[0.075336,0.052798,0.995759,0.010277],[0.0,0.0,0.0,1.0]],"antennas":[-0.160823,0.29289],"body_yaw":0.314072,"check_collision":false},{"head":[[0.986704,-0.148275,-0.066557,-0.010897],[0.144151,0.987547,-0.06302,0.001488],[0.075072,0.052587,0.99579,0.010227],[0.0,0.0,0.0,1.0]],"antennas":[-0.230779,0.362844],"body_yaw":0.314072,"check_collision":false},{"head":[[0.986696,-0.148398,-0.066395,-0.010883],[0.144295,0.987537,-0.062847,0.00138],[0.074894,0.052431,0.995812,0.010223],[0.0,0.0,0.0,1.0]],"antennas":[-0.3,0.432062],"body_yaw":0.314072,"check_collision":false},{"head":[[0.986662,-0.148549,-0.066573,-0.010987],[0.144446,0.987523,-0.062726,0.001189],[0.07506,0.052273,0.995808,0.010304],[0.0,0.0,0.0,1.0]],"antennas":[-0.369409,0.501469],"body_yaw":0.314072,"check_collision":false},{"head":[[0.9866,-0.148935,-0.066622,-0.011098],[0.144829,0.987465,-0.062745,0.00119],[0.075132,0.052255,0.995803,0.010356],[0.0,0.0,0.0,1.0]],"antennas":[-0.439069,0.571127],"body_yaw":0.314072,"check_collision":false},{"head":[[0.986566,-0.149105,-0.06674,-0.01108],[0.145007,0.987451,-0.062553,0.001206],[0.07523,0.052035,0.995808,0.010373],[0.0,0.0,0.0,1.0]],"antennas":[-0.504728,0.640584],"body_yaw":0.314072,"check_collision":false},{"head":[[0.986546,-0.149319,-0.066567,-0.010975],[0.14524,0.987426,-0.062417,0.001129],[0.07505,0.051909,0.995828,0.0103],[0.0,0.0,0.0,1.0]],"antennas":[-0.561464,0.709852],"body_yaw":0.314072,"check_collision":false},{"head":[[0.986527,-0.150214,-0.064814,-0.010718],[0.146197,0.987258,-0.062838,0.001213],[0.073427,0.052516,0.995917,0.009806],[0.0,0.0,0.0,1.0]],"antennas":[-0.61704,0.778981],"body_yaw":0.314072,"check_collision":false},{"head":[[0.986657,-0.151177,-0.060447,-0.009614],[0.14749,0.987154,-0.061429,0.001136],[0.068958,0.051694,0.996279,0.008162],[0.0,0.0,0.0,1.0]],"antennas":[-0.670366,0.830438],"body_yaw":0.314072,"check_collision":false},{"head":[[0.985735,-0.162031,-0.045519,-0.00659],[0.159579,0.985753,-0.053152,0.000872],[0.053483,0.04513,0.997548,0.004304],[0.0,0.0,0.0,1.0]],"antennas":[-0.686027,0.833681],"body_yaw":0.314072,"check_collision":false},{"head":[[0.983783,-0.178587,-0.016631,-0.002937],[0.177623,0.982932,-0.047899,0.000764],[0.024901,0.044168,0.998714,-0.000832],[0.0,0.0,0.0,1.0]],"antennas":[-0.686027,0.833681],"body_yaw":0.314072,"check_collision":false},{"head":[[0.979577,-0.200289,0.017692,-0.00018],[0.200977,0.977992,-0.056035,0.000673],[-0.006079,0.058446,0.998272,-0.005279],[0.0,0.0,0.0,1.0]],"antennas":[-0.686027,0.833681],"body_yaw":0.314072,"check_collision":false},{"head":[[0.976437,-0.211699,0.041875,0.00223],[0.213863,0.975224,-0.056577,0.000173],[-0.02886,0.064199,0.99752,-0.009524],[0.0,0.0,0.0,1.0]],"antennas":[-0.686027,0.833681],"body_yaw":0.314072,"check_collision":false},{"head":[[0.970666,-0.228718,0.074135,0.005469],[0.233306,0.970517,-0.060536,0.000199],[-0.058104,0.076057,0.995409,-0.014194],[0.0,0.0,0.0,1.0]],"antennas":[-0.686027,0.833681],"body_yaw":0.314072,"check_collision":false},{"head":[[0.963867,-0.243527,0.107959,0.008326],[0.251233,0.965776,-0.064493,0.001049],[-0.088558,0.089285,0.992061,-0.01851],[0.0,0.0,0.0,1.0]],"antennas":[-0.686027,0.833681],"body_yaw":0.314072,"check_collision":false},{"head":[[0.963192,-0.240788,0.119507,0.00947],[0.248894,0.966787,-0.058095,0.002144],[-0.101549,0.085702,0.991132,-0.020234],[0.0,0.0,0.0,1.0]],"antennas":[-0.686027,0.833681],"body_yaw":0.314072,"check_collision":false},{"head":[[0.966361,-0.231084,0.112897,0.009812],[0.237157,0.970496,-0.043522,0.002973],[-0.099509,0.068832,0.992653,-0.020147],[0.0,0.0,0.0,1.0]],"antennas":[-0.686027,0.833681],"body_yaw":0.314072,"check_collision":false},{"head":[[0.967191,-0.231286,0.105113,0.009788],[0.23671,0.97066,-0.04227,0.0036],[-0.092253,0.065764,0.993561,-0.01959],[0.0,0.0,0.0,1.0]],"antennas":[-0.686027,0.833681],"body_yaw":0.314072,"check_collision":false},{"head":[[0.966812,-0.235866,0.098193,0.009577],[0.240839,0.96965,-0.042143,0.003773],[-0.085273,0.064393,0.994275,-0.018676],[0.0,0.0,0.0,1.0]],"antennas":[-0.686027,0.833681],"body_yaw":0.314072,"check_collision":false},{"head":[[0.967101,-0.238022,0.089782,0.008691],[0.242595,0.969136,-0.043856,0.003035],[-0.076573,0.064193,0.994995,-0.01731],[0.0,0.0,0.0,1.0]],"antennas":[-0.686027,0.833681],"body_yaw":0.314072,"check_collision":false},{"head":[[0.968013,-0.238607,0.077573,0.007335],[0.24258,0.969017,-0.046494,0.00288],[-0.064076,0.063825,0.995902,-0.015709],[0.0,0.0,0.0,1.0]],"antennas":[-0.686027,0.833681],"body_yaw":0.314072,"check_collision":false},{"head":[[0.96992,-0.235953,0.059838,0.005403],[0.239133,0.969536,-0.053065,0.002707],[-0.045495,0.065778,0.996797,-0.01319],[0.0,0.0,0.0,1.0]],"antennas":[-0.686027,0.833681],"body_yaw":0.314072,"check_collision":false},{"head":[[0.972861,-0.227918,0.039928,0.003496],[0.230061,0.971228,-0.061543,0.002652],[-0.024752,0.069059,0.997305,-0.010236],[0.0,0.0,0.0,1.0]],"antennas":[-0.686027,0.82561],"body_yaw":0.314072,"check_collision":false},{"head":[[0.975411,-0.219375,0.02115,0.001866],[0.220326,0.972979,-0.069056,0.002043],[-0.00543,0.072018,0.997389,-0.006943],[0.0,0.0,0.0,1.0]],"antennas":[-0.685293,0.788942],"body_yaw":0.314072,"check_collision":false},{"head":[[0.976739,-0.214432,-0.000517,0.000259],[0.21385,0.974257,-0.071355,0.001254],[0.015805,0.069585,0.997451,-0.004195],[0.0,0.0,0.0,1.0]],"antennas":[-0.670145,0.720966],"body_yaw":0.314072,"check_collision":false},{"head":[[0.976213,-0.215781,-0.021149,-0.00122],[0.213737,0.974143,-0.073223,0.000799],[0.036402,0.066961,0.997091,-0.001714],[0.0,0.0,0.0,1.0]],"antennas":[-0.63145,0.652765],"body_yaw":0.314072,"check_collision":false},{"head":[[0.975872,-0.214398,-0.041309,-0.002836],[0.211523,0.975235,-0.064616,0.000365],[0.05414,0.054319,0.997055,0.001129],[0.0,0.0,0.0,1.0]],"antennas":[-0.566634,0.584705],"body_yaw":0.314072,"check_collision":false},{"head":[[0.976573,-0.207358,-0.05752,-0.004274],[0.204476,0.977479,-0.0522,9e-06],[0.067049,0.039215,0.996979,0.003892],[0.0,0.0,0.0,1.0]],"antennas":[-0.498152,0.517295],"body_yaw":0.314072,"check_collision":false},{"head":[[0.977653,-0.198833,-0.068269,-0.005517],[0.196019,0.979532,-0.045766,-0.000625],[0.075972,0.031361,0.996617,0.006354],[0.0,0.0,0.0,1.0]],"antennas":[-0.427724,0.44797],"body_yaw":0.314072,"check_collision":false},{"head":[[0.978024,-0.19278,-0.079409,-0.006426],[0.190582,0.981066,-0.034456,-0.000793],[0.084548,0.018565,0.996246,0.007853],[0.0,0.0,0.0,1.0]],"antennas":[-0.358154,0.380047],"body_yaw":0.314072,"check_collision":false},{"head":[[0.976579,-0.195814,-0.089167,-0.006999],[0.194047,0.980588,-0.028163,-0.000827],[0.092951,0.010201,0.995618,0.00937],[0.0,0.0,0.0,1.0]],"antennas":[-0.289099,0.34266],"body_yaw":0.314072,"check_collision":false},{"head":[[0.975587,-0.199007,-0.092874,-0.007451],[0.197521,0.979979,-0.025025,-0.000987],[0.095995,0.00607,0.995363,0.010661],[0.0,0.0,0.0,1.0]],"antennas":[-0.21941,0.34266],"body_yaw":0.314072,"check_collision":false},{"head":[[0.974865,-0.200268,-0.097628,-0.008036],[0.199107,0.97974,-0.021589,-0.000235],[0.099974,0.001608,0.994989,0.011301],[0.0,0.0,0.0,1.0]],"antennas":[-0.155109,0.34266],"body_yaw":0.314072,"check_collision":false},{"head":[[0.974662,-0.200349,-0.099465,-0.008111],[0.19938,0.979724,-0.019691,0.000554],[0.101393,-0.000639,0.994846,0.011354],[0.0,0.0,0.0,1.0]],"antennas":[-0.147389,0.34266],"body_yaw":0.314072,"check_collision":false},{"head":[[0.975018,-0.199415,-0.097845,-0.008035],[0.198558,0.979914,-0.018519,0.000979],[0.099573,-0.001371,0.995029,0.011217],[0.0,0.0,0.0,1.0]],"antennas":[-0.147389,0.34266],"body_yaw":0.314072,"check_collision":false},{"head":[[0.975409,-0.199063,-0.094614,-0.008038],[0.198161,0.979987,-0.018932,0.002],[0.096489,-0.000283,0.995334,0.010329],[0.0,0.0,0.0,1.0]],"antennas":[-0.147389,0.34266],"body_yaw":0.314072,"check_collision":false},{"head":[[0.975403,-0.200596,-0.09138,-0.007838],[0.199415,0.979669,-0.02197,0.002927],[0.09393,0.003207,0.995574,0.009702],[0.0,0.0,0.0,1.0]],"antennas":[-0.147389,0.34266],"body_yaw":0.314072,"check_collision":false},{"head":[[0.975698,-0.200781,-0.087754,-0.007485],[0.199403,0.979617,-0.024288,0.003796],[0.090842,0.006199,0.995846,0.009043],[0.0,0.0,0.0,1.0]],"antennas":[-0.147389,0.34266],"body_yaw":0.314072,"check_collision":false},{"head":[[0.975912,-0.201436,-0.083786,-0.00723],[0.199907,0.979461,-0.026345,0.004252],[0.087372,0.008961,0.996135,0.008368],[0.0,0.0,0.0,1.0]],"antennas":[-0.147389,0.34266],"body_yaw":0.314072,"check_collision":false},{"head":[[0.976238,-0.202077,-0.07826,-0.007134],[0.200489,0.979304,-0.027724,0.004724],[0.082242,0.011375,0.996547,0.007802],[0.0,0.0,0.0,1.0]],"antennas":[-0.147389,0.34266],"body_yaw":0.314072,"check_collision":false},{"head":[[0.976673,-0.2022,-0.072281,-0.007091],[0.200564,0.979242,-0.029296,0.005054],[0.076704,0.014116,0.996954,0.007636],[0.0,0.0,0.0,1.0]],"antennas":[-0.147389,0.34266],"body_yaw":0.314072,"check_collision":false},{"head":[[0.97691,-0.202368,-0.068509,-0.007],[0.200697,0.979178,-0.030518,0.005463],[0.073258,0.016064,0.997184,0.007516],[0.0,0.0,0.0,1.0]],"antennas":[-0.147389,0.34266],"body_yaw":0.314072,"check_collision":false},{"head":[[0.976827,-0.203639,-0.065882,-0.006938],[0.202054,0.978916,-0.029958,0.00537],[0.070594,0.015952,0.997378,0.007869],[0.0,0.0,0.0,1.0]],"antennas":[-0.147389,0.34266],"body_yaw":0.314072,"check_collision":false},{"head":[[0.977111,-0.203439,-0.06218,-0.006797],[0.202101,0.978988,-0.027172,0.005381],[0.066401,0.013984,0.997695,0.007603],[0.0,0.0,0.0,1.0]],"antennas":[-0.147389,0.34266],"body_yaw":0.314072,"check_collision":false},{"head":[[0.977813,-0.201236,-0.058184,-0.006654],[0.200222,0.979485,-0.022824,0.005748],[0.061583,0.010668,0.998045,0.007464],[0.0,0.0,0.0,1.0]],"antennas":[-0.147389,0.34266],"body_yaw":0.314072,"check_collision":false},{"head":[[0.978549,-0.199196,-0.052558,-0.006634],[0.198313,0.979901,-0.021573,0.005972],[0.055798,0.010688,0.998385,0.007145],[0.0,0.0,0.0,1.0]],"antennas":[-0.147389,0.34266],"body_yaw":0.314072,"check_collision":false},{"head":[[0.978887,-0.198705,-0.047921,-0.006739],[0.197796,0.979972,-0.023053,0.006318],[0.051542,0.013088,0.998585,0.006837],[0.0,0.0,0.0,1.0]],"antennas":[-0.147389,0.34266],"body_yaw":0.314072,"check_collision":false},{"head":[[0.978579,-0.201058,-0.044265,-0.007002],[0.200048,0.979435,-0.026233,0.006379],[0.048629,0.016816,0.998675,0.006615],[0.0,0.0,0.0,1.0]],"antennas":[-0.147389,0.34266],"body_yaw":0.314072,"check_collision":false},{"head":[[0.978957,-0.200042,-0.040339,-0.007249],[0.199002,0.979588,-0.028372,0.006127],[0.045191,0.019747,0.998783,0.006763],[0.0,0.0,0.0,1.0]],"antennas":[-0.147389,0.34266],"body_yaw":0.314072,"check_collision":false},{"head":[[0.979451,-0.198116,-0.037763,-0.007844],[0.197021,0.979914,-0.030848,0.005989],[0.043116,0.022774,0.99881,0.006772],[0.0,0.0,0.0,1.0]],"antennas":[-0.147389,0.34266],"body_yaw":0.314072,"check_collision":false},{"head":[[0.979068,-0.20017,-0.036843,-0.008658],[0.198851,0.979347,-0.036582,0.005843],[0.043405,0.02849,0.998651,0.006793],[0.0,0.0,0.0,1.0]],"antennas":[-0.147389,0.34266],"body_yaw":0.314072,"check_collision":false},{"head":[[0.977832,-0.20643,-0.035097,-0.009586],[0.204759,0.977733,-0.045959,0.00535],[0.043803,0.037754,0.998327,0.006991],[0.0,0.0,0.0,1.0]],"antennas":[-0.147389,0.34266],"body_yaw":0.314072,"check_collision":false},{"head":[[0.977626,-0.207453,-0.034801,-0.010124],[0.205543,0.977286,-0.051615,0.004555],[0.044718,0.043307,0.998061,0.006708],[0.0,0.0,0.0,1.0]],"antennas":[-0.147389,0.34266],"body_yaw":0.314072,"check_collision":false},{"head":[[0.977871,-0.206516,-0.033462,-0.01037],[0.20451,0.977309,-0.055159,0.004327],[0.044094,0.047095,0.997917,0.006459],[0.0,0.0,0.0,1.0]],"antennas":[-0.147389,0.34266],"body_yaw":0.314072,"check_collision":false},{"head":[[0.977968,-0.206501,-0.030606,-0.010454],[0.204531,0.977166,-0.057559,0.003612],[0.041794,0.050031,0.997873,0.006085],[0.0,0.0,0.0,1.0]],"antennas":[-0.147389,0.34266],"body_yaw":0.314072,"check_collision":false},{"head":[[0.977837,-0.207483,-0.028021,-0.010524],[0.205497,0.976742,-0.061212,0.003672],[0.040069,0.054098,0.997731,0.006002],[0.0,0.0,0.0,1.0]],"antennas":[-0.147389,0.34266],"body_yaw":0.314072,"check_collision":false},{"head":[[0.977747,-0.208012,-0.02724,-0.01079],[0.205961,0.976473,-0.063874,0.003613],[0.039885,0.056843,0.997586,0.006338],[0.0,0.0,0.0,1.0]],"antennas":[-0.147389,0.34266],"body_yaw":0.314072,"check_collision":false},{"head":[[0.977626,-0.208661,-0.026597,-0.01099],[0.2066,0.976261,-0.065043,0.003648],[0.039537,0.058093,0.997528,0.006743],[0.0,0.0,0.0,1.0]],"antennas":[-0.147389,0.34266],"body_yaw":0.314072,"check_collision":false},{"head":[[0.977712,-0.208425,-0.025279,-0.010998],[0.206426,0.976271,-0.06544,0.003732],[0.038319,0.058763,0.997536,0.006921],[0.0,0.0,0.0,1.0]],"antennas":[-0.147389,0.34266],"body_yaw":0.314072,"check_collision":false},{"head":[[0.977696,-0.208577,-0.024613,-0.011064],[0.206604,0.976211,-0.065783,0.003245],[0.037748,0.059231,0.99753,0.007069],[0.0,0.0,0.0,1.0]],"antennas":[-0.147389,0.34266],"body_yaw":0.314072,"check_collision":false},{"head":[[0.977809,-0.207841,-0.026287,-0.011347],[0.20577,0.976386,-0.065793,0.002817],[0.039341,0.058924,0.997487,0.007038],[0.0,0.0,0.0,1.0]],"antennas":[-0.147389,0.34266],"body_yaw":0.314072,"check_collision":false},{"head":[[0.978022,-0.206572,-0.0283,-0.011764],[0.204447,0.976766,-0.064255,0.002607],[0.040916,0.057056,0.997532,0.00702],[0.0,0.0,0.0,1.0]],"antennas":[-0.147389,0.34266],"body_yaw":0.314072,"check_collision":false},{"head":[[0.978071,-0.206209,-0.029244,-0.012141],[0.204093,0.976937,-0.062777,0.002889],[0.041515,0.055432,0.997599,0.006681],[0.0,0.0,0.0,1.0]],"antennas":[-0.147389,0.34266],"body_yaw":0.314072,"check_collision":false},{"head":[[0.978081,-0.205975,-0.030526,-0.012528],[0.203846,0.977074,-0.061421,0.003138],[0.042478,0.053852,0.997645,0.006737],[0.0,0.0,0.0,1.0]],"antennas":[-0.147389,0.34266],"body_yaw":0.314072,"check_collision":false},{"head":[[0.978123,-0.205594,-0.031737,-0.012906],[0.203465,0.977246,-0.059944,0.003275],[0.043339,0.052175,0.997697,0.006731],[0.0,0.0,0.0,1.0]],"antennas":[-0.147389,0.34266],"body_yaw":0.314072,"check_collision":false},{"head":[[0.97813,-0.205212,-0.033903,-0.013465],[0.203086,0.977477,-0.057403,0.003628],[0.044919,0.049262,0.997775,0.00708],[0.0,0.0,0.0,1.0]],"antennas":[-0.147389,0.34266],"body_yaw":0.314072,"check_collision":false},{"head":[[0.977857,-0.206241,-0.035497,-0.013925],[0.204087,0.977332,-0.056304,0.00355],[0.046304,0.047812,0.997782,0.007023],[0.0,0.0,0.0,1.0]],"antennas":[-0.147389,0.34266],"body_yaw":0.314072,"check_collision":false},{"head":[[0.977446,-0.207952,-0.036809,-0.014318],[0.205768,0.97702,-0.055598,0.003478],[0.047525,0.04677,0.997775,0.006873],[0.0,0.0,0.0,1.0]],"antennas":[-0.147389,0.34266],"body_yaw":0.314072,"check_collision":false},{"head":[[0.977036,-0.209641,-0.038087,-0.014545],[0.207455,0.976731,-0.054391,0.003629],[0.048603,0.045241,0.997793,0.006471],[0.0,0.0,0.0,1.0]],"antennas":[-0.147389,0.34266],"body_yaw":0.314072,"check_collision":false},{"head":[[0.976731,-0.210634,-0.040376,-0.014734],[0.208409,0.976598,-0.053122,0.003558],[0.05062,0.043472,0.997771,0.006238],[0.0,0.0,0.0,1.0]],"antennas":[-0.147389,0.34266],"body_yaw":0.314072,"check_collision":false},{"head":[[0.976647,-0.210563,-0.042712,-0.014803],[0.208366,0.976736,-0.050697,0.003735],[0.052393,0.040614,0.9978,0.006024],[0.0,0.0,0.0,1.0]],"antennas":[-0.147389,0.34266],"body_yaw":0.314072,"check_collision":false},{"head":[[0.976525,-0.210837,-0.044121,-0.014872],[0.208721,0.976792,-0.048101,0.004038],[0.053239,0.037763,0.997868,0.005886],[0.0,0.0,0.0,1.0]],"antennas":[-0.147389,0.34266],"body_yaw":0.314072,"check_collision":false},{"head":[[0.976172,-0.2124,-0.044437,-0.014961],[0.210373,0.976528,-0.046227,0.00438],[0.053212,0.035777,0.997942,0.005799],[0.0,0.0,0.0,1.0]],"antennas":[-0.147389,0.34266],"body_yaw":0.314072,"check_collision":false},{"head":[[0.975922,-0.213514,-0.044578,-0.014934],[0.2116,0.976365,-0.044014,0.004821],[0.052921,0.033521,0.998036,0.005651],[0.0,0.0,0.0,1.0]],"antennas":[-0.147389,0.34266],"body_yaw":0.314072,"check_collision":false},{"head":[[0.975758,-0.214173,-0.045008,-0.014712],[0.212377,0.976304,-0.041543,0.005238],[0.052839,0.030977,0.998122,0.005472],[0.0,0.0,0.0,1.0]],"antennas":[-0.147389,0.34266],"body_yaw":0.314072,"check_collision":false}]}