{"description":"Used to say 'oops, I forgot something,' or 'ah yes, that\u2019s right.'","time":[0.0,0.02,0.04,0.06,0.08,0.1,0.12,0.14,0.16,0.18,0.2,0.22,0.24,0.26,0.28,0.3,0.32,0.34,0.36,0.38,0.4,0.42,0.44,0.46,0.48,0.5,0.52,0.54,0.56,0.58,0.6,0.62,0.64,0.66,0.68,0.7,0.72,0.74,0.76,0.78,0.8,0.82,0.84,0.86,0.88,0.9,0.92,0.94,0.96,0.98,1.0,1.02,1.04,1.06,1.08,1.1,1.12,1.14,1.16,1.18,1.2,1.22,1.24,1.26,1.28,1.3,1.32,1.34,1.36,1.38,1.4,1.42,1.44,1.46,1.48,1.5,1.52,1.54,1.56,1.58,1.6,1.62,1.64,1.66,1.68,1.7,1.72,1.74,1.76,1.78,1.8,1.82,1.84,1.86,1.88,1.9,1.92,1.94,1.96,1.98,2.0,2.02,2.04,2.06,2.08,2.1,2.12,2.14,2.16,2.18,2.2,2.22,2.24,2.26,2.28,2.3,2.32,2.34,2.36,2.38,2.4,2.42,2.44,2.46,2.48,2.5,2.52,2.54,2.56,2.58,2.6,2.62,2.64,2.66,2.68,2.7],"set_target_data":[{"head":[[0.966339,-0.254408,0.038286,0.002927],[0.256539,0.964084,-0.068768,-0.004851],[-0.019416,0.076274,0.996898,0.008662],[0.0,0.0,0.0,1.0]],"antennas":[0.0,0.0],"body_yaw":0.314072,"check_collision":false},{"head":[[0.966357,-0.254334,0.038325,0.003119],[0.256465,0.964117,-0.068587,-0.00485],[-0.019505,0.076108,0.996909,0.008688],[0.0,0.0,0.0,1.0]],"antennas":[0.0,0.0],"body_yaw":0.314072,"check_collision":false},{"head":[[0.966381,-0.254237,0.038353,0.003177],[0.256363,0.964167,-0.068256,-0.004903],[-0.019626,0.075794,0.99693,0.008597],[0.0,0.0,0.0,1.0]],"antennas":[0.0,0.0],"body_yaw":0.314072,"check_collision":false},{"head":[[0.966443,-0.25405,0.038048,0.003254],[0.256149,0.964241,-0.068017,-0.005126],[-0.019408,0.07548,0.996958,0.008683],[0.0,0.0,0.0,1.0]],"antennas":[0.0,0.0],"body_yaw":0.314072,"check_collision":false},{"head":[[0.966521,-0.253753,0.038023,0.003281],[0.255852,0.964317,-0.068069,-0.005134],[-0.019393,0.075518,0.996956,0.008763],[0.0,0.0,0.0,1.0]],"antennas":[0.0,0.0],"body_yaw":0.314072,"check_collision":false},{"head":[[0.966608,-0.253369,0.03839,0.00335],[0.255498,0.964403,-0.068173,-0.005112],[-0.019751,0.075705,0.996935,0.008802],[0.0,0.0,0.0,1.0]],"antennas":[0.0,0.0],"body_yaw":0.314072,"check_collision":false},{"head":[[0.966711,-0.252942,0.03859,0.003439],[0.255089,0.964509,-0.068205,-0.005134],[-0.019969,0.075779,0.996925,0.008689],[0.0,0.0,0.0,1.0]],"antennas":[0.0,0.0],"body_yaw":0.314072,"check_collision":false},{"head":[[0.966732,-0.252846,0.038712,0.003394],[0.255003,0.964528,-0.068251,-0.00519],[-0.020082,0.075852,0.996917,0.008692],[0.0,0.0,0.0,1.0]],"antennas":[0.0,0.0],"body_yaw":0.314072,"check_collision":false},{"head":[[0.966759,-0.252725,0.038825,0.003323],[0.254893,0.96455,-0.068351,-0.005072],[-0.020175,0.075975,0.996906,0.008697],[0.0,0.0,0.0,1.0]],"antennas":[0.0,0.0],"body_yaw":0.314072,"check_collision":false},{"head":[[0.966828,-0.252411,0.039135,0.003326],[0.254598,0.964646,-0.0681,-0.00509],[-0.020562,0.075805,0.996911,0.008726],[0.0,0.0,0.0,1.0]],"antennas":[0.0,0.0],"body_yaw":0.314072,"check_collision":false},{"head":[[0.966944,-0.251959,0.039185,0.003376],[0.254151,0.964762,-0.068123,-0.005184],[-0.02064,0.07583,0.996907,0.00866],[0.0,0.0,0.0,1.0]],"antennas":[0.0,0.0],"body_yaw":0.314072,"check_collision":false},{"head":[[0.966903,-0.252115,0.039188,0.003271],[0.254311,0.964708,-0.068298,-0.005271],[-0.020586,0.076003,0.996895,0.008541],[0.0,0.0,0.0,1.0]],"antennas":[0.0,0.0],"body_yaw":0.314072,"check_collision":false},{"head":[[0.966892,-0.252068,0.039776,0.003256],[0.254315,0.964686,-0.068594,-0.005334],[-0.021081,0.076439,0.996851,0.008458],[0.0,0.0,0.0,1.0]],"antennas":[0.0,0.0],"body_yaw":0.314072,"check_collision":false},{"head":[[0.966936,-0.251832,0.040196,0.003355],[0.254114,0.964729,-0.068732,-0.005187],[-0.021469,0.076674,0.996825,0.008321],[0.0,0.0,0.0,1.0]],"antennas":[0.0,0.0],"body_yaw":0.314072,"check_collision":false},{"head":[[0.967033,-0.251468,0.040135,0.003311],[0.253747,0.964823,-0.06876,-0.005252],[-0.021432,0.076677,0.996826,0.008462],[0.0,0.0,0.0,1.0]],"antennas":[0.0,0.0],"body_yaw":0.314072,"check_collision":false},{"head":[[0.967014,-0.251533,0.040184,0.003222],[0.253814,0.964811,-0.068685,-0.005406],[-0.021493,0.076619,0.996829,0.00866],[0.0,0.0,0.0,1.0]],"antennas":[0.0,0.0],"body_yaw":0.314072,"check_collision":false},{"head":[[0.966994,-0.251582,0.040358,0.003361],[0.253878,0.964789,-0.06876,-0.005449],[-0.021638,0.076737,0.996817,0.008735],[0.0,0.0,0.0,1.0]],"antennas":[0.0,0.0],"body_yaw":0.314072,"check_collision":false},{"head":[[0.967053,-0.251298,0.040714,0.003402],[0.253629,0.964831,-0.069083,-0.005464],[-0.021922,0.077133,0.99678,0.008625],[0.0,0.0,0.0,1.0]],"antennas":[0.0,0.0],"body_yaw":0.314072,"check_collision":false},{"head":[[0.967167,-0.250868,0.040654,0.003349],[0.2532,0.96493,-0.069287,-0.005405],[-0.021846,0.077306,0.996768,0.008327],[0.0,0.0,0.0,1.0]],"antennas":[0.0,0.0],"body_yaw":0.314072,"check_collision":false},{"head":[[0.967133,-0.250994,0.040683,0.003357],[0.25333,0.964887,-0.069405,-0.005618],[-0.021835,0.07743,0.996759,0.00829],[0.0,0.0,0.0,1.0]],"antennas":[0.0,0.0],"body_yaw":0.314072,"check_collision":false},{"head":[[0.967177,-0.250832,0.040651,0.00333],[0.253169,0.964921,-0.069526,-0.005599],[-0.021785,0.077535,0.996752,0.008187],[0.0,0.0,0.0,1.0]],"antennas":[0.0,0.0],"body_yaw":0.314072,"check_collision":false},{"head":[[0.967299,-0.250363,0.040633,0.003209],[0.252703,0.965031,-0.069688,-0.005618],[-0.021764,0.077678,0.996741,0.008054],[0.0,0.0,0.0,1.0]],"antennas":[0.0,0.0],"body_yaw":0.314072,"check_collision":false},{"head":[[0.967407,-0.249914,0.040832,0.003151],[0.252268,0.965154,-0.06956,-0.0055],[-0.022025,0.077594,0.996742,0.008082],[0.0,0.0,0.0,1.0]],"antennas":[0.0,0.0],"body_yaw":0.314072,"check_collision":false},{"head":[[0.967463,-0.249664,0.041015,0.003134],[0.252035,0.96521,-0.069627,-0.005511],[-0.022205,0.077699,0.99673,0.008269],[0.0,0.0,0.0,1.0]],"antennas":[0.0,0.0],"body_yaw":0.314072,"check_collision":false},{"head":[[0.967441,-0.249716,0.041241,0.003138],[0.252104,0.965191,-0.069644,-0.005423],[-0.022414,0.077774,0.996719,0.008203],[0.0,0.0,0.0,1.0]],"antennas":[0.0,0.0],"body_yaw":0.314072,"check_collision":false},{"head":[[0.967458,-0.249652,0.041225,0.003158],[0.25204,0.965206,-0.069667,-0.005418],[-0.022398,0.077791,0.996718,0.008227],[0.0,0.0,0.0,1.0]],"antennas":[0.0,0.0],"body_yaw":0.314072,"check_collision":false},{"head":[[0.967567,-0.249175,0.041553,0.003066],[0.251598,0.965292,-0.070073,-0.005428],[-0.022651,0.078255,0.996676,0.00799],[0.0,0.0,0.0,1.0]],"antennas":[0.0,0.0],"body_yaw":0.314072,"check_collision":false},{"head":[[0.967645,-0.248819,0.04185,0.003093],[0.251272,0.965359,-0.070312,-0.005474],[-0.022905,0.078552,0.996647,0.007773],[0.0,0.0,0.0,1.0]],"antennas":[0.0,0.0],"body_yaw":0.314072,"check_collision":false},{"head":[[0.967674,-0.248677,0.042033,0.00309],[0.251145,0.96539,-0.070343,-0.005453],[-0.023085,0.078626,0.996637,0.007659],[0.0,0.0,0.0,1.0]],"antennas":[0.0,0.0],"body_yaw":0.314072,"check_collision":false},{"head":[[0.967703,-0.248573,0.041984,0.003104],[0.251038,0.965418,-0.070343,-0.00552],[-0.023047,0.07861,0.996639,0.007838],[0.0,0.0,0.0,1.0]],"antennas":[0.0,0.0],"body_yaw":0.314072,"check_collision":false},{"head":[[0.967756,-0.248431,0.041584,0.003071],[0.250863,0.96547,-0.070252,-0.005469],[-0.022695,0.078419,0.996662,0.00785],[0.0,0.0,0.0,1.0]],"antennas":[0.0,0.0],"body_yaw":0.314072,"check_collision":false},{"head":[[0.967804,-0.248276,0.041403,0.00307],[0.250692,0.96552,-0.070177,-0.005489],[-0.022552,0.078297,0.996675,0.007993],[0.0,0.0,0.0,1.0]],"antennas":[0.0,0.0],"body_yaw":0.314072,"check_collision":false},{"head":[[0.967849,-0.248071,0.041577,0.003108],[0.250502,0.965566,-0.070214,-0.005508],[-0.022727,0.078372,0.996665,0.008042],[0.0,0.0,0.0,1.0]],"antennas":[0.0,0.0],"body_yaw":0.314072,"check_collision":false},{"head":[[0.967843,-0.24807,0.041734,0.003108],[0.25051,0.965575,-0.070074,-0.005501],[-0.022914,0.078275,0.996668,0.007907],[0.0,0.0,0.0,1.0]],"antennas":[0.0,0.0],"body_yaw":0.314072,"check_collision":false},{"head":[[0.96782,-0.248133,0.041896,0.00312],[0.250587,0.965551,-0.070126,-0.005616],[-0.023052,0.078368,0.996658,0.007847],[0.0,0.0,0.0,1.0]],"antennas":[0.0,0.0],"body_yaw":0.314072,"check_collision":false},{"head":[[0.967809,-0.248161,0.041968,0.00315],[0.250618,0.965549,-0.070036,-0.005629],[-0.023142,0.078299,0.996661,0.007844],[0.0,0.0,0.0,1.0]],"antennas":[0.0,0.0],"body_yaw":0.314072,"check_collision":false},{"head":[[0.967782,-0.248242,0.042123,0.003103],[0.250709,0.965534,-0.069929,-0.005475],[-0.023312,0.078236,0.996662,0.007703],[0.0,0.0,0.0,1.0]],"antennas":[0.0,0.0],"body_yaw":0.314072,"check_collision":false},{"head":[[0.967852,-0.247944,0.042261,0.003115],[0.25042,0.965615,-0.069843,-0.005669],[-0.023491,0.078181,0.996662,0.007773],[0.0,0.0,0.0,1.0]],"antennas":[0.0,0.0],"body_yaw":0.314072,"check_collision":false},{"head":[[0.967879,-0.247836,0.042288,0.003107],[0.250314,0.965646,-0.069792,-0.005664],[-0.023538,0.078135,0.996665,0.007862],[0.0,0.0,0.0,1.0]],"antennas":[0.0,0.0],"body_yaw":0.314072,"check_collision":false},{"head":[[0.967878,-0.247823,0.042374,0.00309],[0.250308,0.965647,-0.069802,-0.005593],[-0.023619,0.078166,0.99666,0.007945],[0.0,0.0,0.0,1.0]],"antennas":[0.0,0.0],"body_yaw":0.314072,"check_collision":false},{"head":[[0.967886,-0.247783,0.04244,0.003145],[0.250273,0.965655,-0.069815,-0.005624],[-0.023683,0.078194,0.996657,0.007968],[0.0,0.0,0.0,1.0]],"antennas":[0.0,0.0],"body_yaw":0.314072,"check_collision":false},{"head":[[0.967875,-0.247822,0.042465,0.003148],[0.250312,0.965649,-0.069752,-0.00554],[-0.023721,0.078141,0.99666,0.007842],[0.0,0.0,0.0,1.0]],"antennas":[0.0,0.0],"body_yaw":0.314072,"check_collision":false},{"head":[[0.96791,-0.247679,0.042497,0.003166],[0.250172,0.965686,-0.069739,-0.005687],[-0.023766,0.078133,0.99666,0.007864],[0.0,0.0,0.0,1.0]],"antennas":[0.0,0.0],"body_yaw":0.314072,"check_collision":false},{"head":[[0.967936,-0.247579,0.042487,0.003105],[0.25007,0.965717,-0.069677,-0.005739],[-0.02378,0.078068,0.996664,0.007889],[0.0,0.0,0.0,1.0]],"antennas":[0.0,0.0],"body_yaw":0.314072,"check_collision":false},{"head":[[0.967943,-0.247552,0.042469,0.003099],[0.250044,0.965718,-0.06976,-0.00563],[-0.023744,0.078143,0.996659,0.007654],[0.0,0.0,0.0,1.0]],"antennas":[0.0,0.0],"body_yaw":0.314072,"check_collision":false},{"head":[[0.967969,-0.24744,0.042535,0.003098],[0.249941,0.965732,-0.069939,-0.005696],[-0.023771,0.07833,0.996644,0.007557],[0.0,0.0,0.0,1.0]],"antennas":[0.0,0.0],"body_yaw":0.314072,"check_collision":false},{"head":[[0.967987,-0.247376,0.042508,0.003146],[0.249883,0.965722,-0.070285,-0.005735],[-0.023664,0.078657,0.996621,0.007648],[0.0,0.0,0.0,1.0]],"antennas":[0.0,0.0],"body_yaw":0.314072,"check_collision":false},{"head":[[0.968026,-0.24719,0.042695,0.003196],[0.249721,0.965738,-0.070632,-0.005527],[-0.023773,0.079036,0.996588,0.007601],[0.0,0.0,0.0,1.0]],"antennas":[0.0,0.0],"body_yaw":0.314072,"check_collision":false},{"head":[[0.968068,-0.247013,0.042768,0.003214],[0.249556,0.965766,-0.070838,-0.005585],[-0.023806,0.079249,0.996571,0.007714],[0.0,0.0,0.0,1.0]],"antennas":[0.0,0.0],"body_yaw":0.314072,"check_collision":false},{"head":[[0.968052,-0.247074,0.042771,0.003219],[0.249623,0.965726,-0.071147,-0.005743],[-0.023727,0.079551,0.996548,0.007711],[0.0,0.0,0.0,1.0]],"antennas":[0.0,0.0],"body_yaw":0.314072,"check_collision":false},{"head":[[0.968052,-0.247083,0.042729,0.003209],[0.249634,0.965709,-0.071338,-0.005897],[-0.023638,0.079725,0.996537,0.007865],[0.0,0.0,0.0,1.0]],"antennas":[0.0,0.0],"body_yaw":0.314072,"check_collision":false},{"head":[[0.967993,-0.247269,0.042984,0.003244],[0.249843,0.965646,-0.071462,-0.005937],[-0.023837,0.079914,0.996517,0.00786],[0.0,0.0,0.0,1.0]],"antennas":[0.0,0.0],"body_yaw":0.314072,"check_collision":false},{"head":[[0.967968,-0.247364,0.043001,0.003151],[0.249936,0.96563,-0.071347,-0.005845],[-0.023875,0.079809,0.996524,0.007721],[0.0,0.0,0.0,1.0]],"antennas":[0.0,0.0],"body_yaw":0.314072,"check_collision":false},{"head":[[0.967846,-0.247818,0.043125,0.00314],[0.250404,0.965493,-0.071561,-0.005695],[-0.023903,0.080058,0.996504,0.007597],[0.0,0.0,0.0,1.0]],"antennas":[0.0,0.0],"body_yaw":0.314072,"check_collision":false},{"head":[[0.967774,-0.248029,0.043542,0.003132],[0.250648,0.965428,-0.071584,-0.005905],[-0.024282,0.080191,0.996484,0.007682],[0.0,0.0,0.0,1.0]],"antennas":[0.0,0.0],"body_yaw":0.314072,"check_collision":false},{"head":[[0.96773,-0.248163,0.043742,0.003163],[0.250792,0.965408,-0.071352,-0.005827],[-0.024522,0.080019,0.996492,0.007644],[0.0,0.0,0.0,1.0]],"antennas":[0.0,0.0],"body_yaw":0.314072,"check_collision":false},{"head":[[0.967726,-0.248163,0.043835,0.003143],[0.250794,0.965423,-0.071136,-0.005707],[-0.024666,0.079833,0.996503,0.007497],[0.0,0.0,0.0,1.0]],"antennas":[0.0,0.0],"body_yaw":0.314072,"check_collision":false},{"head":[[0.96764,-0.248469,0.043994,0.003198],[0.251104,0.965368,-0.070786,-0.005443],[-0.024882,0.079542,0.996521,0.007335],[0.0,0.0,0.0,1.0]],"antennas":[0.0,0.0],"body_yaw":0.314072,"check_collision":false},{"head":[[0.96759,-0.248591,0.044409,0.00327],[0.251252,0.965348,-0.070534,-0.005453],[-0.025336,0.079406,0.99652,0.007417],[0.0,0.0,0.0,1.0]],"antennas":[0.0,0.0],"body_yaw":0.314072,"check_collision":false},{"head":[[0.967651,-0.248333,0.04452,0.003272],[0.251002,0.965419,-0.070457,-0.005454],[-0.025484,0.079352,0.996521,0.007453],[0.0,0.0,0.0,1.0]],"antennas":[0.0,0.0],"body_yaw":0.314072,"check_collision":false},{"head":[[0.967693,-0.24814,0.044694,0.003266],[0.250823,0.965464,-0.070471,-0.005423],[-0.025663,0.079405,0.996512,0.00743],[0.0,0.0,0.0,1.0]],"antennas":[0.0,0.0],"body_yaw":0.314072,"check_collision":false},{"head":[[0.967704,-0.248063,0.044873,0.003274],[0.250765,0.96547,-0.070605,-0.005213],[-0.025809,0.079578,0.996494,0.007299],[0.0,0.0,0.0,1.0]],"antennas":[0.0,0.0],"body_yaw":0.314072,"check_collision":false},{"head":[[0.967713,-0.247984,0.045105,0.003337],[0.250708,0.965472,-0.070771,-0.005323],[-0.025998,0.079794,0.996472,0.007321],[0.0,0.0,0.0,1.0]],"antennas":[0.0,0.0],"body_yaw":0.314072,"check_collision":false},{"head":[[0.967713,-0.247941,0.045348,0.003424],[0.250692,0.965456,-0.071051,-0.005335],[-0.026165,0.080126,0.996441,0.00733],[0.0,0.0,0.0,1.0]],"antennas":[0.0,0.0],"body_yaw":0.314072,"check_collision":false},{"head":[[0.967724,-0.24792,0.045241,0.003422],[0.250667,0.965452,-0.071196,-0.005404],[-0.026027,0.080238,0.996436,0.007224],[0.0,0.0,0.0,1.0]],"antennas":[0.0,0.0],"body_yaw":0.314072,"check_collision":false},{"head":[[0.967715,-0.247926,0.045389,0.003415],[0.250689,0.965433,-0.071371,-0.005483],[-0.026126,0.080445,0.996417,0.007312],[0.0,0.0,0.0,1.0]],"antennas":[0.0,0.0],"body_yaw":0.314072,"check_collision":false},{"head":[[0.96775,-0.247762,0.04553,0.003443],[0.250539,0.965467,-0.071445,-0.005226],[-0.026257,0.080548,0.996405,0.007211],[0.0,0.0,0.0,1.0]],"antennas":[0.0,0.0],"body_yaw":0.314072,"check_collision":false},{"head":[[0.967796,-0.247567,0.04562,0.003382],[0.250347,0.965528,-0.071282,-0.005397],[-0.026401,0.080408,0.996412,0.007237],[0.0,0.0,0.0,1.0]],"antennas":[0.0,0.0],"body_yaw":0.314072,"check_collision":false},{"head":[[0.967803,-0.247546,0.045601,0.003373],[0.250326,0.965529,-0.071351,-0.005415],[-0.026367,0.080468,0.996408,0.007209],[0.0,0.0,0.0,1.0]],"antennas":[0.0,0.0],"body_yaw":0.314072,"check_collision":false},{"head":[[0.967829,-0.247502,0.045284,0.003277],[0.250256,0.965551,-0.071304,-0.005583],[-0.026076,0.080342,0.996426,0.00737],[0.0,0.0,0.0,1.0]],"antennas":[0.0,0.0],"body_yaw":0.314072,"check_collision":false},{"head":[[0.967909,-0.247185,0.045295,0.003339],[0.249931,0.965659,-0.070973,-0.005609],[-0.026196,0.080016,0.996449,0.007344],[0.0,0.0,0.0,1.0]],"antennas":[0.0,0.0],"body_yaw":0.314072,"check_collision":false},{"head":[[0.968064,-0.246549,0.045437,0.003431],[0.249307,0.965827,-0.070887,-0.005886],[-0.026407,0.079951,0.996449,0.007537],[0.0,0.0,0.0,1.0]],"antennas":[0.0,0.0],"body_yaw":0.314072,"check_collision":false},{"head":[[0.968146,-0.246244,0.045364,0.003485],[0.248997,0.965904,-0.070924,-0.00572],[-0.026353,0.07996,0.99645,0.007461],[0.0,0.0,0.0,1.0]],"antennas":[0.0,0.0],"body_yaw":0.314072,"check_collision":false},{"head":[[0.968268,-0.245832,0.044993,0.003474],[0.248548,0.966042,-0.07061,-0.005711],[-0.026107,0.079553,0.996489,0.007673],[0.0,0.0,0.0,1.0]],"antennas":[0.0,0.0],"body_yaw":0.314072,"check_collision":false},{"head":[[0.96831,-0.245659,0.045028,0.00361],[0.24837,0.96611,-0.070314,-0.005737],[-0.026229,0.07927,0.996508,0.007703],[0.0,0.0,0.0,1.0]],"antennas":[0.0,0.000666],"body_yaw":0.314072,"check_collision":false},{"head":[[0.96842,-0.245223,0.045032,0.003762],[0.24792,0.966267,-0.069741,-0.005597],[-0.026411,0.078703,0.996548,0.007696],[0.0,0.0,0.0,1.0]],"antennas":[-0.00613,0.021483],"body_yaw":0.314072,"check_collision":false},{"head":[[0.968517,-0.244892,0.04476,0.003783],[0.247559,0.966386,-0.069365,-0.005499],[-0.026269,0.078262,0.996587,0.007849],[0.0,0.0,0.0,1.0]],"antennas":[-0.037056,0.095015],"body_yaw":0.314072,"check_collision":false},{"head":[[0.968577,-0.244838,0.043744,0.003821],[0.247412,0.966464,-0.068815,-0.005295],[-0.025429,0.077475,0.99667,0.008154],[0.0,0.0,0.0,1.0]],"antennas":[-0.111958,0.181934],"body_yaw":0.314072,"check_collision":false},{"head":[[0.968413,-0.24603,0.04056,0.003713],[0.248361,0.966203,-0.069053,-0.005332],[-0.0222,0.076945,0.996788,0.008798],[0.0,0.0,0.0,1.0]],"antennas":[-0.198478,0.268451],"body_yaw":0.314072,"check_collision":false},{"head":[[0.96816,-0.248014,0.033992,0.003476],[0.249884,0.965597,-0.071981,-0.005648],[-0.01497,0.078183,0.996827,0.009783],[0.0,0.0,0.0,1.0]],"antennas":[-0.285466,0.355437],"body_yaw":0.314072,"check_collision":false},{"head":[[0.9681,-0.249002,0.027935,0.003283],[0.250435,0.965144,-0.076017,-0.005883],[-0.008033,0.080588,0.996715,0.011015],[0.0,0.0,0.0,1.0]],"antennas":[-0.371664,0.441632],"body_yaw":0.314072,"check_collision":false},{"head":[[0.969023,-0.246185,0.019667,0.003123],[0.246969,0.965894,-0.077821,-0.005933],[0.000163,0.080267,0.996773,0.012244],[0.0,0.0,0.0,1.0]],"antennas":[-0.457922,0.527887],"body_yaw":0.314072,"check_collision":false},{"head":[[0.971926,-0.23517,0.007464,0.003042],[0.235046,0.968993,-0.076191,-0.005951],[0.010686,0.075806,0.997065,0.013792],[0.0,0.0,0.0,1.0]],"antennas":[-0.544362,0.614324],"body_yaw":0.314072,"check_collision":false},{"head":[[0.973306,-0.229487,-0.003234,0.00319],[0.228587,0.97056,-0.075904,-0.006197],[0.020558,0.073139,0.99711,0.01561],[0.0,0.0,0.0,1.0]],"antennas":[-0.607456,0.687485],"body_yaw":0.314072,"check_collision":false},{"head":[[0.974257,-0.225178,-0.010839,0.003393],[0.22374,0.971689,-0.075907,-0.006081],[0.027625,0.071528,0.997056,0.017367],[0.0,0.0,0.0,1.0]],"antennas":[-0.608301,0.703413],"body_yaw":0.314072,"check_collision":false},{"head":[[0.974751,-0.22253,-0.018439,0.003053],[0.220472,0.972235,-0.078434,-0.005957],[0.035382,0.072389,0.996749,0.019413],[0.0,0.0,0.0,1.0]],"antennas":[-0.608301,0.703413],"body_yaw":0.314072,"check_collision":false},{"head":[[0.974672,-0.221923,-0.027662,0.002492],[0.218749,0.971762,-0.088475,-0.006221],[0.046516,0.080183,0.995694,0.02],[0.0,0.0,0.0,1.0]],"antennas":[-0.608301,0.703413],"body_yaw":0.314072,"check_collision":false},{"head":[[0.974319,-0.222279,-0.035987,0.001931],[0.218035,0.971227,-0.095803,-0.005841],[0.056247,0.085496,0.99475,0.02],[0.0,0.0,0.0,1.0]],"antennas":[-0.608301,0.703413],"body_yaw":0.314072,"check_collision":false},{"head":[[0.973688,-0.223805,-0.042929,0.001769],[0.21858,0.97049,-0.101841,-0.005376],[0.064454,0.089778,0.993874,0.02],[0.0,0.0,0.0,1.0]],"antennas":[-0.608301,0.703413],"body_yaw":0.314072,"check_collision":false},{"head":[[0.972885,-0.22629,-0.047825,0.002016],[0.220314,0.969633,-0.106174,-0.004629],[0.070399,0.092758,0.993197,0.02],[0.0,0.0,0.0,1.0]],"antennas":[-0.608301,0.703413],"body_yaw":0.314072,"check_collision":false},{"head":[[0.972614,-0.22691,-0.050329,0.002157],[0.220703,0.969549,-0.106136,-0.003905],[0.072879,0.092122,0.993077,0.02],[0.0,0.0,0.0,1.0]],"antennas":[-0.581931,0.698675],"body_yaw":0.314072,"check_collision":false},{"head":[[0.972311,-0.227281,-0.054361,0.002235],[0.22075,0.969606,-0.105515,-0.003123],[0.076691,0.090593,0.992931,0.02],[0.0,0.0,0.0,1.0]],"antennas":[-0.516367,0.67768],"body_yaw":0.314072,"check_collision":false},{"head":[[0.97212,-0.228009,-0.054724,0.002619],[0.221588,0.969617,-0.103639,-0.002906],[0.076692,0.088624,0.993108,0.02],[0.0,0.0,0.0,1.0]],"antennas":[-0.430281,0.617491],"body_yaw":0.314072,"check_collision":false},{"head":[[0.972529,-0.226953,-0.051767,0.003011],[0.220975,0.970009,-0.101257,-0.001859],[0.073195,0.087036,0.993513,0.02],[0.0,0.0,0.0,1.0]],"antennas":[-0.343758,0.531088],"body_yaw":0.314072,"check_collision":false},{"head":[[0.973493,-0.224613,-0.043136,0.00393],[0.219789,0.970882,-0.095293,-0.001311],[0.063284,0.083286,0.994514,0.018982],[0.0,0.0,0.0,1.0]],"antennas":[-0.256821,0.444148],"body_yaw":0.314072,"check_collision":false},{"head":[[0.975001,-0.219987,-0.031286,0.005009],[0.2167,0.972527,-0.085045,-0.000669],[0.049135,0.076139,0.995886,0.015748],[0.0,0.0,0.0,1.0]],"antennas":[-0.17037,0.357695],"body_yaw":0.314072,"check_collision":false},{"head":[[0.976399,-0.215449,-0.015062,0.00637],[0.213939,0.974393,-0.069201,-0.000462],[0.029585,0.064345,0.997489,0.012109],[0.0,0.0,0.0,1.0]],"antennas":[-0.084166,0.271488],"body_yaw":0.314072,"check_collision":false},{"head":[[0.977029,-0.213104,0.000956,0.007676],[0.212863,0.975692,-0.052096,-0.000839],[0.010169,0.051103,0.998642,0.008629],[0.0,0.0,0.0,1.0]],"antennas":[0.003406,0.183913],"body_yaw":0.314072,"check_collision":false},{"head":[[0.978082,-0.207878,0.011969,0.008482],[0.208172,0.977489,-0.034348,-0.001646],[-0.004559,0.036087,0.999338,0.005924],[0.0,0.0,0.0,1.0]],"antennas":[0.088078,0.098731],"body_yaw":0.314072,"check_collision":false},{"head":[[0.978438,-0.205469,0.02101,0.008837],[0.205895,0.978356,-0.02064,-0.002239],[-0.016315,0.024521,0.999566,0.004355],[0.0,0.0,0.0,1.0]],"antennas":[0.093059,0.059008],"body_yaw":0.314072,"check_collision":false},{"head":[[0.978548,-0.204596,0.024168,0.008747],[0.205015,0.978622,-0.016345,-0.003052],[-0.020307,0.020949,0.999574,0.003614],[0.0,0.0,0.0,1.0]],"antennas":[0.093059,0.059008],"body_yaw":0.314072,"check_collision":false},{"head":[[0.978816,-0.203418,0.02324,0.008259],[0.203843,0.978845,-0.017634,-0.00406],[-0.019161,0.021998,0.999574,0.003181],[0.0,0.0,0.0,1.0]],"antennas":[0.093059,0.059008],"body_yaw":0.314072,"check_collision":false},{"head":[[0.978811,-0.203478,0.022911,0.007976],[0.203972,0.978735,-0.02176,-0.004775],[-0.017996,0.025972,0.999501,0.002788],[0.0,0.0,0.0,1.0]],"antennas":[0.093059,0.059008],"body_yaw":0.314072,"check_collision":false},{"head":[[0.978707,-0.203831,0.024186,0.008095],[0.20443,0.978546,-0.025596,-0.005836],[-0.01845,0.029996,0.99938,0.002293],[0.0,0.0,0.0,1.0]],"antennas":[0.093059,0.059008],"body_yaw":0.314072,"check_collision":false},{"head":[[0.978641,-0.203982,0.025574,0.008059],[0.204718,0.978346,-0.030508,-0.006173],[-0.018798,0.035092,0.999207,0.001592],[0.0,0.0,0.0,1.0]],"antennas":[0.093059,0.059008],"body_yaw":0.314072,"check_collision":false},{"head":[[0.978819,-0.202971,0.02677,0.007701],[0.203811,0.978433,-0.033626,-0.006338],[-0.019368,0.03837,0.999076,0.001453],[0.0,0.0,0.0,1.0]],"antennas":[0.093059,0.059008],"body_yaw":0.314072,"check_collision":false},{"head":[[0.979037,-0.201902,0.026878,0.007311],[0.202766,0.978614,-0.03465,-0.006493],[-0.019308,0.039374,0.999038,0.001901],[0.0,0.0,0.0,1.0]],"antennas":[0.093059,0.059008],"body_yaw":0.314072,"check_collision":false},{"head":[[0.978747,-0.203175,0.027812,0.00706],[0.204103,0.978288,-0.035995,-0.006625],[-0.019895,0.040906,0.998965,0.002319],[0.0,0.0,0.0,1.0]],"antennas":[0.093059,0.059008],"body_yaw":0.314072,"check_collision":false},{"head":[[0.978489,-0.204041,0.030451,0.007075],[0.205076,0.978086,-0.035943,-0.006816],[-0.02245,0.041414,0.99889,0.002247],[0.0,0.0,0.0,1.0]],"antennas":[0.093059,0.059008],"body_yaw":0.314072,"check_collision":false},{"head":[[0.978408,-0.204085,0.032665,0.006984],[0.205208,0.978065,-0.03577,-0.006716],[-0.024648,0.041701,0.998826,0.002256],[0.0,0.0,0.0,1.0]],"antennas":[0.093059,0.059008],"body_yaw":0.314072,"check_collision":false},{"head":[[0.978283,-0.204543,0.033542,0.006703],[0.205715,0.97794,-0.036252,-0.006796],[-0.025387,0.042365,0.99878,0.002452],[0.0,0.0,0.0,1.0]],"antennas":[0.093059,0.059008],"body_yaw":0.314072,"check_collision":false},{"head":[[0.977808,-0.206431,0.035754,0.006492],[0.207697,0.977519,-0.036299,-0.006597],[-0.027457,0.042919,0.998701,0.00258],[0.0,0.0,0.0,1.0]],"antennas":[0.093059,0.059008],"body_yaw":0.314072,"check_collision":false},{"head":[[0.977101,-0.209299,0.038305,0.006484],[0.210679,0.976876,-0.036445,-0.006302],[-0.029792,0.04368,0.998601,0.00251],[0.0,0.0,0.0,1.0]],"antennas":[0.093059,0.059008],"body_yaw":0.314072,"check_collision":false},{"head":[[0.976674,-0.210941,0.040151,0.006464],[0.212377,0.976538,-0.035647,-0.006011],[-0.03169,0.043342,0.998558,0.002417],[0.0,0.0,0.0,1.0]],"antennas":[0.093059,0.059008],"body_yaw":0.314072,"check_collision":false},{"head":[[0.976386,-0.212048,0.041301,0.006376],[0.213513,0.976313,-0.035002,-0.005838],[-0.032901,0.042994,0.998533,0.002307],[0.0,0.0,0.0,1.0]],"antennas":[0.093059,0.059008],"body_yaw":0.314072,"check_collision":false},{"head":[[0.976034,-0.213315,0.043056,0.006155],[0.214824,0.976058,-0.034089,-0.005672],[-0.034754,0.042522,0.998491,0.002204],[0.0,0.0,0.0,1.0]],"antennas":[0.093059,0.059008],"body_yaw":0.314072,"check_collision":false},{"head":[[0.975736,-0.214171,0.045494,0.005782],[0.215734,0.975903,-0.032747,-0.005548],[-0.037385,0.041767,0.998428,0.002193],[0.0,0.0,0.0,1.0]],"antennas":[0.093059,0.059008],"body_yaw":0.314072,"check_collision":false},{"head":[[0.975468,-0.214856,0.047956,0.005539],[0.216425,0.975829,-0.030293,-0.005605],[-0.040288,0.039928,0.99839,0.002166],[0.0,0.0,0.0,1.0]],"antennas":[0.093059,0.059008],"body_yaw":0.314072,"check_collision":false},{"head":[[0.975252,-0.215397,0.049872,0.005255],[0.216953,0.975776,-0.028164,-0.005425],[-0.042597,0.038287,0.998358,0.002098],[0.0,0.0,0.0,1.0]],"antennas":[0.093059,0.059008],"body_yaw":0.314072,"check_collision":false},{"head":[[0.974874,-0.216492,0.052462,0.005032],[0.218113,0.975539,-0.027386,-0.005617],[-0.045249,0.038141,0.998247,0.002],[0.0,0.0,0.0,1.0]],"antennas":[0.093059,0.059008],"body_yaw":0.314072,"check_collision":false},{"head":[[0.974671,-0.216852,0.054696,0.004765],[0.218512,0.975478,-0.026376,-0.005669],[-0.047635,0.03766,0.998155,0.0019],[0.0,0.0,0.0,1.0]],"antennas":[0.093059,0.059008],"body_yaw":0.314072,"check_collision":false},{"head":[[0.974637,-0.216659,0.056053,0.004537],[0.218377,0.975504,-0.026508,-0.005537],[-0.048937,0.038077,0.998076,0.001547],[0.0,0.0,0.0,1.0]],"antennas":[0.093059,0.059008],"body_yaw":0.314072,"check_collision":false},{"head":[[0.974618,-0.216568,0.056718,0.004382],[0.218324,0.97551,-0.026757,-0.005649],[-0.049534,0.038461,0.998032,0.001541],[0.0,0.0,0.0,1.0]],"antennas":[0.093059,0.059008],"body_yaw":0.314072,"check_collision":false},{"head":[[0.97462,-0.216222,0.057996,0.00421],[0.218027,0.975575,-0.026775,-0.005741],[-0.05079,0.03874,0.997958,0.001511],[0.0,0.0,0.0,1.0]],"antennas":[0.093059,0.059008],"body_yaw":0.314072,"check_collision":false},{"head":[[0.974712,-0.215461,0.059265,0.004005],[0.217293,0.97575,-0.026364,-0.005649],[-0.052148,0.038575,0.997894,0.001596],[0.0,0.0,0.0,1.0]],"antennas":[0.093059,0.059008],"body_yaw":0.314072,"check_collision":false},{"head":[[0.974746,-0.215068,0.06014,0.003942],[0.21693,0.975833,-0.026284,-0.005623],[-0.053033,0.038666,0.997844,0.001769],[0.0,0.0,0.0,1.0]],"antennas":[0.093059,0.059008],"body_yaw":0.314072,"check_collision":false},{"head":[[0.974764,-0.214748,0.060984,0.003849],[0.216655,0.975888,-0.026525,-0.005808],[-0.053818,0.039068,0.997786,0.001906],[0.0,0.0,0.0,1.0]],"antennas":[0.093059,0.059008],"body_yaw":0.314072,"check_collision":false},{"head":[[0.974869,-0.214078,0.061647,0.003752],[0.216046,0.976005,-0.027173,-0.006054],[-0.05435,0.039809,0.997728,0.001919],[0.0,0.0,0.0,1.0]],"antennas":[0.093059,0.059008],"body_yaw":0.314072,"check_collision":false},{"head":[[0.975047,-0.21301,0.062523,0.00363],[0.215063,0.976196,-0.028109,-0.006021],[-0.055048,0.040854,0.997648,0.001697],[0.0,0.0,0.0,1.0]],"antennas":[0.093059,0.059008],"body_yaw":0.314072,"check_collision":false},{"head":[[0.975168,-0.212267,0.063166,0.003602],[0.214385,0.976324,-0.028815,-0.006151],[-0.055554,0.041641,0.997587,0.001511],[0.0,0.0,0.0,1.0]],"antennas":[0.093059,0.059008],"body_yaw":0.314072,"check_collision":false},{"head":[[0.97527,-0.211701,0.063493,0.003469],[0.21386,0.976425,-0.029305,-0.006097],[-0.055793,0.042159,0.997552,0.001442],[0.0,0.0,0.0,1.0]],"antennas":[0.093059,0.059008],"body_yaw":0.314072,"check_collision":false},{"head":[[0.975422,-0.210932,0.063713,0.003287],[0.213132,0.976566,-0.029903,-0.005913],[-0.055912,0.042747,0.99752,0.001334],[0.0,0.0,0.0,1.0]],"antennas":[0.093059,0.059008],"body_yaw":0.314072,"check_collision":false},{"head":[[0.97552,-0.210357,0.064107,0.003111],[0.212613,0.976657,-0.030605,-0.005876],[-0.056173,0.043486,0.997474,0.001255],[0.0,0.0,0.0,1.0]],"antennas":[0.093059,0.059008],"body_yaw":0.314072,"check_collision":false},{"head":[[0.975564,-0.210152,0.064117,0.002937],[0.212448,0.976671,-0.031306,-0.005821],[-0.056043,0.044162,0.997451,0.001179],[0.0,0.0,0.0,1.0]],"antennas":[0.093059,0.059008],"body_yaw":0.314072,"check_collision":false},{"head":[[0.975514,-0.210128,0.064954,0.002984],[0.212481,0.976653,-0.031641,-0.005729],[-0.056789,0.044668,0.997386,0.001377],[0.0,0.0,0.0,1.0]],"antennas":[0.093059,0.059008],"body_yaw":0.314072,"check_collision":false},{"head":[[0.975453,-0.210058,0.066081,0.002968],[0.21249,0.976635,-0.032142,-0.005726],[-0.057785,0.045395,0.997296,0.001444],[0.0,0.0,0.0,1.0]],"antennas":[0.093059,0.059008],"body_yaw":0.314072,"check_collision":false}]}