{"description":"A gesture to say you succeeded, like congratulating yourself, 'yes, I did it!'","time":[0.0,0.02,0.04,0.06,0.08,0.1,0.12,0.14,0.16,0.18,0.2,0.22,0.24,0.26,0.28,0.3,0.32,0.34,0.36,0.38,0.4,0.42,0.44,0.46,0.48,0.5,0.52,0.54,0.56,0.58,0.6,0.62,0.64,0.66,0.68,0.7,0.72,0.74,0.76,0.78,0.8,0.82,0.84,0.86,0.88,0.9,0.92,0.94,0.96,0.98,1.0,1.02,1.04,1.06,1.08,1.1,1.12,1.14,1.16,1.18,1.2,1.22,1.24,1.26,1.28,1.3,1.32,1.34,1.36,1.38,1.4,1.42,1.44,1.46,1.48,1.5,1.52,1.54,1.56,1.58,1.6,1.62,1.64,1.66,1.68,1.7,1.72,1.74,1.76,1.78,1.8,1.82,1.84,1.86,1.88,1.9,1.92,1.94,1.96,1.98,2.0,2.02,2.04,2.06,2.08,2.1,2.12,2.14,2.16,2.18,2.2,2.22,2.24,2.26,2.28,2.3,2.32,2.34,2.36,2.38,2.4,2.42,2.44,2.46,2.48,2.5,2.52,2.54,2.56,2.58,2.6,2.62,2.64,2.66,2.68,2.7,2.72,2.74,2.76,2.78,2.8,2.82,2.84,2.86,2.88,2.9,2.92,2.94,2.96,2.98,3.0,3.02,3.04,3.06,3.08,3.1,3.12,3.14,3.16,3.18,3.2,3.22,3.24,3.26,3.28,3.3,3.32,3.34,3.36],"set_target_data":[{"head":[[0.985385,-0.141356,-0.095051,-0.008597],[0.133648,0.987538,-0.08311,-0.007891],[0.105615,0.069192,0.991997,-0.00278],[0.0,0.0,0.0,1.0]],"antennas":[-0.188728,0.280299],"body_yaw":0.314072,"check_collision":false},{"head":[[0.985442,-0.141205,-0.094688,-0.008622],[0.133502,0.987542,-0.083294,-0.007917],[0.10527,0.06944,0.992016,-0.002715],[0.0,0.0,0.0,1.0]],"antennas":[-0.188728,0.280299],"body_yaw":0.314072,"check_collision":false},{"head":[[0.985483,-0.141111,-0.094401,-0.008592],[0.133411,0.987541,-0.083458,-0.007837],[0.105002,0.069652,0.99203,-0.002732],[0.0,0.0,0.0,1.0]],"antennas":[-0.188728,0.280299],"body_yaw":0.314072,"check_collision":false},{"head":[[0.985521,-0.141112,-0.093996,-0.008726],[0.133431,0.98753,-0.083548,-0.007938],[0.104613,0.069797,0.992061,-0.002569],[0.0,0.0,0.0,1.0]],"antennas":[-0.188728,0.280299],"body_yaw":0.314072,"check_collision":false},{"head":[[0.985546,-0.141398,-0.093306,-0.0085],[0.133721,0.987455,-0.083974,-0.008164],[0.104009,0.070283,0.99209,-0.002674],[0.0,0.0,0.0,1.0]],"antennas":[-0.188728,0.280299],"body_yaw":0.314072,"check_collision":false},{"head":[[0.985621,-0.141289,-0.092671,-0.00851],[0.133647,0.987456,-0.084073,-0.008179],[0.103387,0.070479,0.992141,-0.002618],[0.0,0.0,0.0,1.0]],"antennas":[-0.188728,0.280299],"body_yaw":0.314072,"check_collision":false},{"head":[[0.985705,-0.141074,-0.092112,-0.008506],[0.133475,0.987483,-0.084037,-0.008226],[0.102815,0.07054,0.992196,-0.002601],[0.0,0.0,0.0,1.0]],"antennas":[-0.188728,0.280299],"body_yaw":0.314072,"check_collision":false},{"head":[[0.985871,-0.140427,-0.091319,-0.008442],[0.132931,0.987595,-0.083576,-0.00827],[0.101922,0.070256,0.992308,-0.002651],[0.0,0.0,0.0,1.0]],"antennas":[-0.188728,0.280299],"body_yaw":0.314072,"check_collision":false},{"head":[[0.985977,-0.140026,-0.090784,-0.00835],[0.132567,0.987644,-0.083578,-0.008202],[0.101366,0.070371,0.992357,-0.002604],[0.0,0.0,0.0,1.0]],"antennas":[-0.188728,0.280299],"body_yaw":0.314072,"check_collision":false},{"head":[[0.986015,-0.140061,-0.090316,-0.008368],[0.132593,0.987605,-0.084001,-0.008278],[0.100962,0.070851,0.992364,-0.00254],[0.0,0.0,0.0,1.0]],"antennas":[-0.188728,0.280299],"body_yaw":0.314072,"check_collision":false},{"head":[[0.986065,-0.140145,-0.089639,-0.008552],[0.13266,0.987541,-0.084644,-0.008248],[0.100384,0.071573,0.992371,-0.002732],[0.0,0.0,0.0,1.0]],"antennas":[-0.188728,0.280299],"body_yaw":0.314072,"check_collision":false},{"head":[[0.98616,-0.139945,-0.088905,-0.008489],[0.132524,0.987569,-0.084531,-0.008305],[0.09963,0.071579,0.992447,-0.002843],[0.0,0.0,0.0,1.0]],"antennas":[-0.188728,0.280299],"body_yaw":0.314072,"check_collision":false},{"head":[[0.98626,-0.139739,-0.088115,-0.00814],[0.132408,0.987613,-0.084198,-0.008173],[0.098789,0.071374,0.992545,-0.002755],[0.0,0.0,0.0,1.0]],"antennas":[-0.188728,0.280299],"body_yaw":0.314072,"check_collision":false},{"head":[[0.986323,-0.139773,-0.087356,-0.007958],[0.132455,0.98757,-0.084622,-0.008057],[0.098098,0.071894,0.992576,-0.002739],[0.0,0.0,0.0,1.0]],"antennas":[-0.188728,0.280299],"body_yaw":0.314072,"check_collision":false},{"head":[[0.986302,-0.140187,-0.086929,-0.008292],[0.132832,0.98746,-0.085317,-0.008179],[0.097799,0.072601,0.992554,-0.002922],[0.0,0.0,0.0,1.0]],"antennas":[-0.188728,0.280299],"body_yaw":0.314072,"check_collision":false},{"head":[[0.986328,-0.140207,-0.086602,-0.008274],[0.132874,0.987452,-0.085346,-0.008163],[0.097481,0.072672,0.992581,-0.00291],[0.0,0.0,0.0,1.0]],"antennas":[-0.188728,0.280299],"body_yaw":0.314072,"check_collision":false},{"head":[[0.986406,-0.140031,-0.085995,-0.007934],[0.132778,0.987497,-0.084968,-0.008074],[0.096817,0.072395,0.992666,-0.002938],[0.0,0.0,0.0,1.0]],"antennas":[-0.188728,0.280299],"body_yaw":0.314072,"check_collision":false},{"head":[[0.986463,-0.139815,-0.085694,-0.00789],[0.132617,0.987548,-0.08463,-0.007991],[0.096459,0.07212,0.992721,-0.00304],[0.0,0.0,0.0,1.0]],"antennas":[-0.188728,0.280299],"body_yaw":0.314072,"check_collision":false},{"head":[[0.986501,-0.139526,-0.085717,-0.008148],[0.132355,0.987608,-0.084335,-0.007886],[0.096422,0.071851,0.992744,-0.003126],[0.0,0.0,0.0,1.0]],"antennas":[-0.188728,0.280299],"body_yaw":0.314072,"check_collision":false},{"head":[[0.986522,-0.139493,-0.085537,-0.008101],[0.132331,0.987609,-0.084365,-0.007853],[0.096245,0.071908,0.992757,-0.003156],[0.0,0.0,0.0,1.0]],"antennas":[-0.188728,0.280299],"body_yaw":0.314072,"check_collision":false},{"head":[[0.986533,-0.139454,-0.085467,-0.007875],[0.13231,0.987622,-0.084236,-0.007819],[0.096156,0.071794,0.992774,-0.003132],[0.0,0.0,0.0,1.0]],"antennas":[-0.188728,0.280299],"body_yaw":0.314072,"check_collision":false},{"head":[[0.986491,-0.139587,-0.085741,-0.007917],[0.132445,0.987624,-0.084011,-0.007748],[0.096406,0.071521,0.992769,-0.003142],[0.0,0.0,0.0,1.0]],"antennas":[-0.188728,0.280299],"body_yaw":0.314072,"check_collision":false},{"head":[[0.986512,-0.13939,-0.08582,-0.008092],[0.13228,0.987679,-0.083621,-0.007732],[0.096419,0.071141,0.992795,-0.003025],[0.0,0.0,0.0,1.0]],"antennas":[-0.188728,0.280299],"body_yaw":0.314072,"check_collision":false},{"head":[[0.986572,-0.139111,-0.085579,-0.007988],[0.132022,0.987716,-0.083589,-0.007788],[0.096156,0.071169,0.992819,-0.00297],[0.0,0.0,0.0,1.0]],"antennas":[-0.188728,0.280299],"body_yaw":0.314072,"check_collision":false},{"head":[[0.986659,-0.138809,-0.085068,-0.007827],[0.131745,0.987744,-0.083702,-0.007847],[0.095644,0.071378,0.992853,-0.003068],[0.0,0.0,0.0,1.0]],"antennas":[-0.188728,0.280299],"body_yaw":0.314072,"check_collision":false},{"head":[[0.986694,-0.138712,-0.084819,-0.007928],[0.131664,0.987753,-0.083721,-0.007821],[0.095393,0.071439,0.992873,-0.003108],[0.0,0.0,0.0,1.0]],"antennas":[-0.188728,0.280299],"body_yaw":0.314072,"check_collision":false},{"head":[[0.986671,-0.138871,-0.084825,-0.008056],[0.131819,0.987728,-0.083763,-0.007791],[0.095416,0.071465,0.992869,-0.003128],[0.0,0.0,0.0,1.0]],"antennas":[-0.188728,0.280299],"body_yaw":0.314072,"check_collision":false},{"head":[[0.986638,-0.139183,-0.084702,-0.007924],[0.132119,0.98767,-0.083975,-0.007821],[0.095346,0.071662,0.992861,-0.003248],[0.0,0.0,0.0,1.0]],"antennas":[-0.188728,0.280299],"body_yaw":0.314072,"check_collision":false},{"head":[[0.986619,-0.139398,-0.084569,-0.007782],[0.132357,0.98765,-0.083844,-0.007791],[0.095212,0.071529,0.992884,-0.003295],[0.0,0.0,0.0,1.0]],"antennas":[-0.188728,0.280299],"body_yaw":0.314072,"check_collision":false},{"head":[[0.986605,-0.139495,-0.084569,-0.007898],[0.132472,0.98765,-0.083655,-0.007638],[0.095194,0.071332,0.9929,-0.003242],[0.0,0.0,0.0,1.0]],"antennas":[-0.188728,0.280299],"body_yaw":0.314072,"check_collision":false},{"head":[[0.986613,-0.139486,-0.084492,-0.008012],[0.132505,0.987678,-0.083272,-0.007542],[0.095067,0.070962,0.992938,-0.003186],[0.0,0.0,0.0,1.0]],"antennas":[-0.188728,0.280299],"body_yaw":0.314072,"check_collision":false},{"head":[[0.98665,-0.139537,-0.083973,-0.0079],[0.132592,0.987665,-0.083288,-0.007571],[0.094559,0.071042,0.992981,-0.003259],[0.0,0.0,0.0,1.0]],"antennas":[-0.188728,0.280299],"body_yaw":0.314072,"check_collision":false},{"head":[[0.986668,-0.139674,-0.08353,-0.007778],[0.132745,0.987631,-0.08345,-0.007568],[0.094152,0.071249,0.993005,-0.003378],[0.0,0.0,0.0,1.0]],"antennas":[-0.188728,0.280299],"body_yaw":0.314072,"check_collision":false},{"head":[[0.986684,-0.139797,-0.083142,-0.007814],[0.132887,0.987603,-0.083552,-0.007504],[0.093791,0.071391,0.993029,-0.003454],[0.0,0.0,0.0,1.0]],"antennas":[-0.188728,0.280299],"body_yaw":0.314072,"check_collision":false},{"head":[[0.986681,-0.139808,-0.083153,-0.007876],[0.132941,0.987635,-0.083091,-0.007436],[0.093742,0.07093,0.993067,-0.003554],[0.0,0.0,0.0,1.0]],"antennas":[-0.188728,0.280299],"body_yaw":0.314072,"check_collision":false},{"head":[[0.986716,-0.139628,-0.083036,-0.007817],[0.132825,0.9877,-0.082505,-0.007421],[0.093534,0.07038,0.993125,-0.003704],[0.0,0.0,0.0,1.0]],"antennas":[-0.188728,0.280299],"body_yaw":0.314072,"check_collision":false},{"head":[[0.986784,-0.139267,-0.08284,-0.00773],[0.132513,0.987774,-0.082118,-0.007427],[0.093264,0.070056,0.993174,-0.003735],[0.0,0.0,0.0,1.0]],"antennas":[-0.188728,0.280299],"body_yaw":0.314072,"check_collision":false},{"head":[[0.986889,-0.139004,-0.082021,-0.007683],[0.132302,0.987797,-0.082178,-0.007387],[0.092443,0.070249,0.993237,-0.003696],[0.0,0.0,0.0,1.0]],"antennas":[-0.188728,0.280299],"body_yaw":0.314072,"check_collision":false},{"head":[[0.987017,-0.138766,-0.080878,-0.007731],[0.132187,0.987851,-0.081719,-0.007318],[0.091235,0.069967,0.993368,-0.003737],[0.0,0.0,0.0,1.0]],"antennas":[-0.188728,0.280299],"body_yaw":0.314072,"check_collision":false},{"head":[[0.98711,-0.138588,-0.080041,-0.007681],[0.132097,0.987889,-0.081402,-0.007316],[0.090353,0.06978,0.993462,-0.003797],[0.0,0.0,0.0,1.0]],"antennas":[-0.188728,0.280299],"body_yaw":0.314072,"check_collision":false},{"head":[[0.987143,-0.138541,-0.079718,-0.00749],[0.132125,0.987933,-0.080813,-0.007349],[0.089952,0.069241,0.993536,-0.003749],[0.0,0.0,0.0,1.0]],"antennas":[-0.188728,0.280299],"body_yaw":0.314072,"check_collision":false},{"head":[[0.987153,-0.138476,-0.079708,-0.007485],[0.132065,0.987945,-0.080774,-0.00743],[0.089932,0.06921,0.99354,-0.00377],[0.0,0.0,0.0,1.0]],"antennas":[-0.188728,0.280299],"body_yaw":0.314072,"check_collision":false},{"head":[[0.987247,-0.138007,-0.079361,-0.007594],[0.131653,0.988029,-0.080409,-0.007638],[0.089508,0.068936,0.993598,-0.003939],[0.0,0.0,0.0,1.0]],"antennas":[-0.188728,0.280299],"body_yaw":0.314072,"check_collision":false},{"head":[[0.98742,-0.137348,-0.078339,-0.007492],[0.131157,0.98818,-0.079363,-0.007767],[0.088313,0.06809,0.993763,-0.004003],[0.0,0.0,0.0,1.0]],"antennas":[-0.188728,0.280299],"body_yaw":0.314072,"check_collision":false},{"head":[[0.987574,-0.13679,-0.077364,-0.007295],[0.130762,0.988319,-0.078275,-0.007806],[0.087168,0.067186,0.993925,-0.003908],[0.0,0.0,0.0,1.0]],"antennas":[-0.188728,0.280299],"body_yaw":0.314072,"check_collision":false},{"head":[[0.987665,-0.136561,-0.076615,-0.007185],[0.130582,0.988342,-0.078277,-0.007901],[0.086411,0.067307,0.993983,-0.003766],[0.0,0.0,0.0,1.0]],"antennas":[-0.188728,0.280299],"body_yaw":0.314072,"check_collision":false},{"head":[[0.987776,-0.136428,-0.075403,-0.007154],[0.130472,0.988301,-0.078979,-0.007864],[0.085296,0.068176,0.99402,-0.003765],[0.0,0.0,0.0,1.0]],"antennas":[-0.188728,0.280299],"body_yaw":0.314072,"check_collision":false},{"head":[[0.987922,-0.136086,-0.074101,-0.006958],[0.130187,0.988308,-0.079366,-0.007859],[0.084035,0.068761,0.994088,-0.003765],[0.0,0.0,0.0,1.0]],"antennas":[-0.188728,0.280299],"body_yaw":0.314072,"check_collision":false},{"head":[[0.988162,-0.135271,-0.072369,-0.006702],[0.129484,0.988393,-0.079458,-0.008148],[0.082278,0.069147,0.994208,-0.003627],[0.0,0.0,0.0,1.0]],"antennas":[-0.188728,0.280299],"body_yaw":0.314072,"check_collision":false},{"head":[[0.988427,-0.13448,-0.070188,-0.006669],[0.128839,0.988472,-0.079525,-0.008291],[0.080074,0.069562,0.994359,-0.003668],[0.0,0.0,0.0,1.0]],"antennas":[-0.188728,0.280299],"body_yaw":0.314072,"check_collision":false},{"head":[[0.988541,-0.134297,-0.068928,-0.006723],[0.128736,0.988477,-0.079632,-0.00833],[0.078828,0.069846,0.994438,-0.003762],[0.0,0.0,0.0,1.0]],"antennas":[-0.188728,0.280299],"body_yaw":0.314072,"check_collision":false},{"head":[[0.988648,-0.134096,-0.06777,-0.006588],[0.128654,0.988526,-0.079155,-0.008525],[0.077606,0.069538,0.994556,-0.003644],[0.0,0.0,0.0,1.0]],"antennas":[-0.188728,0.280299],"body_yaw":0.314072,"check_collision":false},{"head":[[0.988795,-0.133888,-0.066019,-0.006396],[0.128542,0.988512,-0.079505,-0.008698],[0.075905,0.070128,0.994646,-0.003626],[0.0,0.0,0.0,1.0]],"antennas":[-0.188728,0.280299],"body_yaw":0.314072,"check_collision":false},{"head":[[0.988918,-0.133536,-0.064884,-0.006354],[0.128265,0.988543,-0.079564,-0.008708],[0.074765,0.070359,0.994716,-0.003664],[0.0,0.0,0.0,1.0]],"antennas":[-0.188728,0.280299],"body_yaw":0.314072,"check_collision":false},{"head":[[0.989027,-0.13318,-0.063949,-0.006351],[0.127982,0.988586,-0.079484,-0.008787],[0.073805,0.070428,0.994783,-0.003699],[0.0,0.0,0.0,1.0]],"antennas":[-0.188728,0.280299],"body_yaw":0.314072,"check_collision":false},{"head":[[0.989257,-0.132319,-0.062141,-0.006137],[0.127274,0.988705,-0.079138,-0.008817],[0.071911,0.070379,0.994925,-0.003655],[0.0,0.0,0.0,1.0]],"antennas":[-0.19024,0.280299],"body_yaw":0.314072,"check_collision":false},{"head":[[0.989369,-0.132342,-0.06029,-0.005918],[0.127374,0.988631,-0.079901,-0.008685],[0.070178,0.071372,0.994978,-0.003775],[0.0,0.0,0.0,1.0]],"antennas":[-0.2,0.280299],"body_yaw":0.314072,"check_collision":false},{"head":[[0.989409,-0.13254,-0.059189,-0.005888],[0.127598,0.988541,-0.08066,-0.008652],[0.069201,0.072253,0.994983,-0.003731],[0.0,0.0,0.0,1.0]],"antennas":[-0.211048,0.287564],"body_yaw":0.314072,"check_collision":false},{"head":[[0.989362,-0.132728,-0.059544,-0.005897],[0.127843,0.988605,-0.079474,-0.00865],[0.069414,0.071016,0.995057,-0.003656],[0.0,0.0,0.0,1.0]],"antennas":[-0.230306,0.323465],"body_yaw":0.314072,"check_collision":false},{"head":[[0.989267,-0.133136,-0.060206,-0.005748],[0.128305,0.98866,-0.078033,-0.008668],[0.069913,0.069471,0.995131,-0.003821],[0.0,0.0,0.0,1.0]],"antennas":[-0.277404,0.402357],"body_yaw":0.314072,"check_collision":false},{"head":[[0.989216,-0.133414,-0.060441,-0.005546],[0.128686,0.988743,-0.076338,-0.00862],[0.069945,0.067736,0.995248,-0.004058],[0.0,0.0,0.0,1.0]],"antennas":[-0.358782,0.489183],"body_yaw":0.314072,"check_collision":false},{"head":[[0.98918,-0.133571,-0.060673,-0.005515],[0.128953,0.988845,-0.074546,-0.008626],[0.069954,0.065915,0.99537,-0.004018],[0.0,0.0,0.0,1.0]],"antennas":[-0.445586,0.575985],"body_yaw":0.314072,"check_collision":false},{"head":[[0.98906,-0.134189,-0.061267,-0.005389],[0.129591,0.988825,-0.073703,-0.008673],[0.070472,0.064957,0.995397,-0.003869],[0.0,0.0,0.0,1.0]],"antennas":[-0.532304,0.6627],"body_yaw":0.314072,"check_collision":false},{"head":[[0.988471,-0.136476,-0.065565,-0.005232],[0.131833,0.988755,-0.070594,-0.008654],[0.074462,0.061136,0.995348,-0.003535],[0.0,0.0,0.0,1.0]],"antennas":[-0.619175,0.749568],"body_yaw":0.314072,"check_collision":false},{"head":[[0.985425,-0.146577,-0.086327,-0.005493],[0.141412,0.987931,-0.063209,-0.008128],[0.09455,0.05008,0.99426,-0.002597],[0.0,0.0,0.0,1.0]],"antennas":[-0.705781,0.836172],"body_yaw":0.314072,"check_collision":false},{"head":[[0.979271,-0.162765,-0.120567,-0.005808],[0.156659,0.985915,-0.05856,-0.007297],[0.1284,0.038459,0.990976,-0.001324],[0.0,0.0,0.0,1.0]],"antennas":[-0.792644,0.923032],"body_yaw":0.314072,"check_collision":false},{"head":[[0.971016,-0.179192,-0.158169,-0.00612],[0.172411,0.983448,-0.055717,-0.006764],[0.165535,0.026832,0.985839,-0.00014],[0.0,0.0,0.0,1.0]],"antennas":[-0.879158,1.005102],"body_yaw":0.314072,"check_collision":false},{"head":[[0.954967,-0.201818,-0.217503,-0.006475],[0.194512,0.979373,-0.05472,-0.006345],[0.22406,0.009949,0.974525,0.001182],[0.0,0.0,0.0,1.0]],"antennas":[-0.950625,1.012114],"body_yaw":0.314072,"check_collision":false},{"head":[[0.918928,-0.235755,-0.316213,-0.007356],[0.227244,0.971726,-0.064097,-0.00543],[0.322384,-0.012957,0.94652,0.003524],[0.0,0.0,0.0,1.0]],"antennas":[-0.956164,1.012114],"body_yaw":0.314072,"check_collision":false},{"head":[[0.885511,-0.264561,-0.38194,-0.008719],[0.263458,0.963029,-0.056253,-0.005769],[0.382702,-0.050812,0.922474,0.006445],[0.0,0.0,0.0,1.0]],"antennas":[-0.956164,1.012114],"body_yaw":0.314072,"check_collision":false},{"head":[[0.872869,-0.295378,-0.388397,-0.009741],[0.30272,0.952075,-0.043738,-0.006445],[0.382702,-0.079397,0.920454,0.008431],[0.0,0.0,0.0,1.0]],"antennas":[-0.956164,1.012114],"body_yaw":0.314072,"check_collision":false},{"head":[[0.854981,-0.339674,-0.391955,-0.010147],[0.350071,0.935537,-0.04713,-0.006981],[0.382697,-0.096916,0.918777,0.009924],[0.0,0.0,0.0,1.0]],"antennas":[-0.956164,1.012114],"body_yaw":0.314072,"check_collision":false},{"head":[[0.840894,-0.363312,-0.401124,-0.011131],[0.382674,0.923257,-0.03401,-0.008257],[0.382697,-0.124901,0.915392,0.011626],[0.0,0.0,0.0,1.0]],"antennas":[-0.956164,1.012114],"body_yaw":0.314072,"check_collision":false},{"head":[[0.825678,-0.384814,-0.412522,-0.011308],[0.414485,0.909855,-0.019135,-0.009181],[0.382698,-0.155185,0.910747,0.012505],[0.0,0.0,0.0,1.0]],"antennas":[-0.956164,1.012114],"body_yaw":0.314072,"check_collision":false},{"head":[[0.811702,-0.395934,-0.429392,-0.011848],[0.44123,0.897369,0.006634,-0.009299],[0.382696,-0.194845,0.903094,0.013255],[0.0,0.0,0.0,1.0]],"antennas":[-0.956164,1.012114],"body_yaw":0.314072,"check_collision":false},{"head":[[0.80043,-0.401115,-0.445442,-0.011974],[0.461371,0.886679,0.030608,-0.009607],[0.382687,-0.230014,0.894787,0.014128],[0.0,0.0,0.0,1.0]],"antennas":[-0.956164,1.012114],"body_yaw":0.314072,"check_collision":false},{"head":[[0.794126,-0.403308,-0.45465,-0.011844],[0.47214,0.880442,0.043659,-0.009926],[0.382685,-0.249329,0.8896,0.014368],[0.0,0.0,0.0,1.0]],"antennas":[-0.956164,1.012114],"body_yaw":0.314072,"check_collision":false},{"head":[[0.787457,-0.411877,-0.45855,-0.011589],[0.483181,0.874396,0.04436,-0.008765],[0.382684,-0.256495,0.887561,0.01384],[0.0,0.0,0.0,1.0]],"antennas":[-0.956164,1.012114],"body_yaw":0.314072,"check_collision":false},{"head":[[0.782928,-0.414495,-0.463915,-0.011888],[0.490485,0.869987,0.05046,-0.006362],[0.382685,-0.26705,0.884441,0.012344],[0.0,0.0,0.0,1.0]],"antennas":[-0.956164,1.012114],"body_yaw":0.314072,"check_collision":false},{"head":[[0.773701,-0.420768,-0.473647,-0.012],[0.504914,0.861095,0.059814,-0.005869],[0.382687,-0.285429,0.878681,0.012307],[0.0,0.0,0.0,1.0]],"antennas":[-0.956164,1.012114],"body_yaw":0.314072,"check_collision":false},{"head":[[0.757878,-0.437184,-0.484242,-0.011222],[0.528368,0.846711,0.062511,-0.004096],[0.382685,-0.303234,0.872698,0.01217],[0.0,0.0,0.0,1.0]],"antennas":[-0.956164,1.012114],"body_yaw":0.314072,"check_collision":false},{"head":[[0.742999,-0.453373,-0.492347,-0.010682],[0.549096,0.833523,0.061096,-0.00398],[0.382684,-0.31574,0.868252,0.012623],[0.0,0.0,0.0,1.0]],"antennas":[-0.956164,1.012114],"body_yaw":0.314072,"check_collision":false},{"head":[[0.73504,-0.461373,-0.496841,-0.010711],[0.559705,0.826476,0.060566,-0.004891],[0.382683,-0.322602,0.865726,0.013195],[0.0,0.0,0.0,1.0]],"antennas":[-0.956164,1.012114],"body_yaw":0.314072,"check_collision":false},{"head":[[0.728513,-0.464403,-0.503585,-0.010622],[0.568174,0.820299,0.065476,-0.004783],[0.382684,-0.333824,0.861461,0.0133],[0.0,0.0,0.0,1.0]],"antennas":[-0.956164,1.012114],"body_yaw":0.314072,"check_collision":false},{"head":[[0.719936,-0.469952,-0.510722,-0.01067],[0.579004,0.812433,0.068611,-0.005874],[0.382684,-0.345106,0.857004,0.014053],[0.0,0.0,0.0,1.0]],"antennas":[-0.956164,1.012114],"body_yaw":0.314072,"check_collision":false},{"head":[[0.714632,-0.474826,-0.513655,-0.010483],[0.585538,0.807796,0.067908,-0.005599],[0.382683,-0.349294,0.855305,0.013962],[0.0,0.0,0.0,1.0]],"antennas":[-0.956164,1.012114],"body_yaw":0.314072,"check_collision":false},{"head":[[0.71391,-0.474349,-0.515098,-0.010463],[0.586418,0.807014,0.069585,-0.00542],[0.382683,-0.35174,0.854302,0.013815],[0.0,0.0,0.0,1.0]],"antennas":[-0.956164,1.012114],"body_yaw":0.314072,"check_collision":false},{"head":[[0.715296,-0.471257,-0.516013,-0.01032],[0.584727,0.80797,0.072655,-0.004985],[0.382683,-0.353696,0.853494,0.013498],[0.0,0.0,0.0,1.0]],"antennas":[-0.956164,1.012114],"body_yaw":0.314072,"check_collision":false},{"head":[[0.718455,-0.468113,-0.514482,-0.010559],[0.58084,0.810693,0.073495,-0.006146],[0.382684,-0.351635,0.854346,0.014209],[0.0,0.0,0.0,1.0]],"antennas":[-0.956164,1.012114],"body_yaw":0.314072,"check_collision":false},{"head":[[0.719515,-0.467611,-0.513457,-0.0105],[0.579527,0.811687,0.072887,-0.005836],[0.382683,-0.350006,0.855014,0.014295],[0.0,0.0,0.0,1.0]],"antennas":[-0.956164,1.012114],"body_yaw":0.314072,"check_collision":false},{"head":[[0.721108,-0.466209,-0.512496,-0.010762],[0.577543,0.813092,0.072978,-0.007862],[0.382684,-0.348614,0.855583,0.015479],[0.0,0.0,0.0,1.0]],"antennas":[-0.956164,1.012114],"body_yaw":0.314072,"check_collision":false},{"head":[[0.722902,-0.466398,-0.509789,-0.010713],[0.575296,0.814924,0.070232,-0.008464],[0.382684,-0.344051,0.857428,0.015806],[0.0,0.0,0.0,1.0]],"antennas":[-0.956164,1.012114],"body_yaw":0.314072,"check_collision":false},{"head":[[0.72538,-0.465237,-0.507324,-0.010729],[0.572169,0.817259,0.068635,-0.009002],[0.382684,-0.340062,0.859018,0.0159],[0.0,0.0,0.0,1.0]],"antennas":[-0.956164,1.012114],"body_yaw":0.314072,"check_collision":false},{"head":[[0.729032,-0.461525,-0.505477,-0.010805],[0.567508,0.820438,0.069398,-0.00865],[0.382684,-0.337456,0.860045,0.015724],[0.0,0.0,0.0,1.0]],"antennas":[-0.956164,1.012114],"body_yaw":0.314072,"check_collision":false},{"head":[[0.734889,-0.454357,-0.503486,-0.011048],[0.559903,0.82539,0.072385,-0.008918],[0.382684,-0.335098,0.860966,0.016101],[0.0,0.0,0.0,1.0]],"antennas":[-0.956164,1.012114],"body_yaw":0.314072,"check_collision":false},{"head":[[0.738835,-0.450551,-0.501125,-0.010997],[0.554685,0.82889,0.072565,-0.009099],[0.382684,-0.33158,0.862327,0.016389],[0.0,0.0,0.0,1.0]],"antennas":[-0.956164,1.012114],"body_yaw":0.314072,"check_collision":false},{"head":[[0.74207,-0.448889,-0.497826,-0.010902],[0.55035,0.831981,0.070167,-0.009462],[0.382684,-0.326047,0.864434,0.016499],[0.0,0.0,0.0,1.0]],"antennas":[-0.956164,1.012114],"body_yaw":0.314072,"check_collision":false},{"head":[[0.745994,-0.447893,-0.492834,-0.010699],[0.545019,0.835874,0.065334,-0.009811],[0.382685,-0.317343,0.867667,0.016524],[0.0,0.0,0.0,1.0]],"antennas":[-0.956164,1.012114],"body_yaw":0.314072,"check_collision":false},{"head":[[0.752014,-0.444355,-0.486851,-0.010289],[0.536682,0.841587,0.060858,-0.01005],[0.382685,-0.30705,0.871362,0.016503],[0.0,0.0,0.0,1.0]],"antennas":[-0.956164,1.012114],"body_yaw":0.314072,"check_collision":false},{"head":[[0.760446,-0.436452,-0.480866,-0.009879],[0.524664,0.849271,0.058879,-0.009702],[0.382687,-0.297068,0.874815,0.016058],[0.0,0.0,0.0,1.0]],"antennas":[-0.956164,1.012114],"body_yaw":0.314072,"check_collision":false},{"head":[[0.772195,-0.423569,-0.473607,-0.009568],[0.507211,0.85987,0.057964,-0.00971],[0.382689,-0.284978,0.878827,0.015792],[0.0,0.0,0.0,1.0]],"antennas":[-0.956164,1.012114],"body_yaw":0.314072,"check_collision":false},{"head":[[0.785892,-0.405972,-0.466435,-0.009212],[0.485718,0.8721,0.059331,-0.009255],[0.382691,-0.273183,0.882564,0.015408],[0.0,0.0,0.0,1.0]],"antennas":[-0.956164,1.012114],"body_yaw":0.314072,"check_collision":false},{"head":[[0.799652,-0.387784,-0.458454,-0.008736],[0.462712,0.884551,0.058882,-0.008327],[0.382692,-0.259217,0.886765,0.014958],[0.0,0.0,0.0,1.0]],"antennas":[-0.956164,1.012114],"body_yaw":0.314072,"check_collision":false},{"head":[[0.813076,-0.367434,-0.451552,-0.008324],[0.438695,0.896608,0.060344,-0.007812],[0.382693,-0.247158,0.890202,0.01464],[0.0,0.0,0.0,1.0]],"antennas":[-0.956164,1.012114],"body_yaw":0.314072,"check_collision":false},{"head":[[0.828551,-0.342975,-0.442575,-0.007767],[0.408713,0.910729,0.059387,-0.007218],[0.382697,-0.230091,0.894763,0.014201],[0.0,0.0,0.0,1.0]],"antennas":[-0.956164,1.012114],"body_yaw":0.314072,"check_collision":false},{"head":[[0.839989,-0.325514,-0.434118,-0.007272],[0.38466,0.921518,0.053311,-0.00592],[0.382694,-0.211768,0.899277,0.013222],[0.0,0.0,0.0,1.0]],"antennas":[-0.956164,1.012114],"body_yaw":0.314072,"check_collision":false},{"head":[[0.848754,-0.312895,-0.426279,-0.006509],[0.364913,0.930004,0.043934,-0.005167],[0.382695,-0.192844,0.903524,0.012374],[0.0,0.0,0.0,1.0]],"antennas":[-0.956164,1.012114],"body_yaw":0.314072,"check_collision":false},{"head":[[0.856778,-0.300343,-0.419196,-0.005699],[0.345654,0.937723,0.034614,-0.004996],[0.382694,-0.174553,0.907236,0.011614],[0.0,0.0,0.0,1.0]],"antennas":[-0.956164,0.992198],"body_yaw":0.314072,"check_collision":false},{"head":[[0.864052,-0.288023,-0.412864,-0.004858],[0.327048,0.944666,0.025433,-0.00496],[0.382693,-0.157002,0.910437,0.010669],[0.0,0.0,0.0,1.0]],"antennas":[-0.950969,0.932679],"body_yaw":0.314072,"check_collision":false},{"head":[[0.870399,-0.275621,-0.407969,-0.004283],[0.309764,0.950631,0.018639,-0.004994],[0.382691,-0.142597,0.912806,0.009745],[0.0,0.0,0.0,1.0]],"antennas":[-0.918313,0.850023],"body_yaw":0.314072,"check_collision":false},{"head":[[0.876573,-0.261509,-0.40402,-0.003867],[0.291834,0.956364,0.014147,-0.004562],[0.382691,-0.130307,0.914641,0.00878],[0.0,0.0,0.0,1.0]],"antennas":[-0.854705,0.766179],"body_yaw":0.314072,"check_collision":false},{"head":[[0.882824,-0.246725,-0.399685,-0.003513],[0.272335,0.962173,0.007587,-0.004454],[0.382694,-0.115546,0.916621,0.007972],[0.0,0.0,0.0,1.0]],"antennas":[-0.774542,0.683157],"body_yaw":0.314072,"check_collision":false},{"head":[[0.887915,-0.235209,-0.395328,-0.003217],[0.255256,0.966872,-0.001953,-0.004435],[0.38269,-0.099175,0.918538,0.00733],[0.0,0.0,0.0,1.0]],"antennas":[-0.690872,0.599827],"body_yaw":0.314072,"check_collision":false},{"head":[[0.891031,-0.228998,-0.391948,-0.002835],[0.244159,0.969667,-0.011478,-0.004599],[0.382688,-0.08547,0.919916,0.006975],[0.0,0.0,0.0,1.0]],"antennas":[-0.606861,0.514309],"body_yaw":0.314072,"check_collision":false},{"head":[[0.894756,-0.221729,-0.387618,-0.002434],[0.23012,0.972833,-0.025294,-0.004833],[0.382696,-0.066566,0.921473,0.006512],[0.0,0.0,0.0,1.0]],"antennas":[-0.531962,0.44804],"body_yaw":0.314072,"check_collision":false},{"head":[[0.905499,-0.213279,-0.366857,-0.002339],[0.213781,0.976071,-0.039788,-0.004954],[0.366565,-0.042399,0.929426,0.005827],[0.0,0.0,0.0,1.0]],"antennas":[-0.484006,0.442656],"body_yaw":0.314072,"check_collision":false},{"head":[[0.917097,-0.203043,-0.343083,-0.002461],[0.20027,0.978757,-0.043903,-0.005077],[0.344709,-0.028446,0.938279,0.005251],[0.0,0.0,0.0,1.0]],"antennas":[-0.4769,0.442656],"body_yaw":0.314072,"check_collision":false},{"head":[[0.92576,-0.193601,-0.324788,-0.002492],[0.1893,0.980882,-0.045116,-0.005289],[0.327314,-0.019716,0.94471,0.004753],[0.0,0.0,0.0,1.0]],"antennas":[-0.4769,0.442656],"body_yaw":0.314072,"check_collision":false},{"head":[[0.933021,-0.187202,-0.307289,-0.002218],[0.180985,0.98227,-0.04888,-0.005717],[0.310992,-0.010009,0.95036,0.004172],[0.0,0.0,0.0,1.0]],"antennas":[-0.4769,0.442656],"body_yaw":0.314072,"check_collision":false},{"head":[[0.939276,-0.181849,-0.291019,-0.002084],[0.173493,0.983326,-0.054493,-0.005809],[0.296076,0.000694,0.955164,0.003379],[0.0,0.0,0.0,1.0]],"antennas":[-0.4769,0.442656],"body_yaw":0.314072,"check_collision":false},{"head":[[0.945627,-0.174311,-0.274601,-0.002206],[0.164015,0.984619,-0.060209,-0.005792],[0.280873,0.011897,0.959671,0.002718],[0.0,0.0,0.0,1.0]],"antennas":[-0.4769,0.442656],"body_yaw":0.314072,"check_collision":false},{"head":[[0.952926,-0.164666,-0.254592,-0.002455],[0.153214,0.986098,-0.06432,-0.005932],[0.261644,0.022285,0.964907,0.002006],[0.0,0.0,0.0,1.0]],"antennas":[-0.4769,0.442656],"body_yaw":0.314072,"check_collision":false},{"head":[[0.95848,-0.158172,-0.237271,-0.00264],[0.147179,0.987071,-0.063469,-0.005989],[0.244242,0.025913,0.969368,0.001391],[0.0,0.0,0.0,1.0]],"antennas":[-0.4769,0.442656],"body_yaw":0.314072,"check_collision":false},{"head":[[0.961815,-0.154558,-0.225886,-0.002664],[0.143347,0.987515,-0.06532,-0.006239],[0.233161,0.030445,0.971961,0.001206],[0.0,0.0,0.0,1.0]],"antennas":[-0.4769,0.442656],"body_yaw":0.314072,"check_collision":false},{"head":[[0.965401,-0.152386,-0.211612,-0.002514],[0.140948,0.987664,-0.068215,-0.006263],[0.219397,0.036028,0.97497,0.000471],[0.0,0.0,0.0,1.0]],"antennas":[-0.4769,0.442656],"body_yaw":0.314072,"check_collision":false},{"head":[[0.968696,-0.150318,-0.197565,-0.002425],[0.138976,0.987808,-0.070154,-0.006404],[0.205702,0.040501,0.977776,-0.000405],[0.0,0.0,0.0,1.0]],"antennas":[-0.4769,0.442656],"body_yaw":0.314072,"check_collision":false},{"head":[[0.970703,-0.149007,-0.188499,-0.002456],[0.137817,0.987894,-0.07121,-0.006575],[0.196828,0.043146,0.979488,-0.000929],[0.0,0.0,0.0,1.0]],"antennas":[-0.4769,0.442656],"body_yaw":0.314072,"check_collision":false},{"head":[[0.972354,-0.146727,-0.181656,-0.00258],[0.136214,0.988265,-0.069128,-0.006858],[0.189667,0.042473,0.980929,-0.001189],[0.0,0.0,0.0,1.0]],"antennas":[-0.4769,0.442656],"body_yaw":0.314072,"check_collision":false},{"head":[[0.973763,-0.146274,-0.174328,-0.002476],[0.135777,0.98821,-0.070755,-0.007225],[0.182622,0.045229,0.982142,-0.001524],[0.0,0.0,0.0,1.0]],"antennas":[-0.4769,0.442656],"body_yaw":0.314072,"check_collision":false},{"head":[[0.976751,-0.142026,-0.160582,-0.002463],[0.131461,0.988506,-0.074654,-0.007664],[0.169339,0.051808,0.984195,-0.00201],[0.0,0.0,0.0,1.0]],"antennas":[-0.4769,0.442656],"body_yaw":0.314072,"check_collision":false},{"head":[[0.980045,-0.13561,-0.145331,-0.002402],[0.125682,0.989195,-0.075485,-0.008241],[0.153997,0.055713,0.986499,-0.002483],[0.0,0.0,0.0,1.0]],"antennas":[-0.4769,0.442656],"body_yaw":0.314072,"check_collision":false},{"head":[[0.982158,-0.130387,-0.135517,-0.002386],[0.121348,0.989924,-0.072977,-0.0087],[0.143666,0.05523,0.988084,-0.002755],[0.0,0.0,0.0,1.0]],"antennas":[-0.4769,0.442656],"body_yaw":0.314072,"check_collision":false},{"head":[[0.983222,-0.127234,-0.130712,-0.002493],[0.118563,0.990323,-0.072134,-0.009178],[0.138625,0.055426,0.988793,-0.002768],[0.0,0.0,0.0,1.0]],"antennas":[-0.4769,0.442656],"body_yaw":0.314072,"check_collision":false},{"head":[[0.983933,-0.126373,-0.126121,-0.002501],[0.117799,0.990328,-0.073302,-0.009404],[0.134165,0.057267,0.989303,-0.00284],[0.0,0.0,0.0,1.0]],"antennas":[-0.4769,0.442656],"body_yaw":0.314072,"check_collision":false},{"head":[[0.984431,-0.126463,-0.122078,-0.002441],[0.117464,0.989984,-0.078321,-0.008876],[0.13076,0.062762,0.989426,-0.003417],[0.0,0.0,0.0,1.0]],"antennas":[-0.4769,0.442656],"body_yaw":0.314072,"check_collision":false},{"head":[[0.98542,-0.125209,-0.115199,-0.002257],[0.116239,0.989867,-0.08156,-0.007262],[0.124244,0.06698,0.989988,-0.004829],[0.0,0.0,0.0,1.0]],"antennas":[-0.4769,0.442656],"body_yaw":0.314072,"check_collision":false},{"head":[[0.985728,-0.12553,-0.112173,-0.002188],[0.116699,0.989766,-0.082122,-0.006349],[0.121333,0.067859,0.99029,-0.005761],[0.0,0.0,0.0,1.0]],"antennas":[-0.4769,0.442656],"body_yaw":0.314072,"check_collision":false},{"head":[[0.985651,-0.126505,-0.111752,-0.002094],[0.11756,0.989564,-0.083323,-0.005368],[0.121127,0.06899,0.990237,-0.006456],[0.0,0.0,0.0,1.0]],"antennas":[-0.4769,0.442656],"body_yaw":0.314072,"check_collision":false},{"head":[[0.985758,-0.12761,-0.109534,-0.001858],[0.118269,0.98908,-0.087941,-0.004422],[0.11956,0.073734,0.990085,-0.007311],[0.0,0.0,0.0,1.0]],"antennas":[-0.4769,0.442656],"body_yaw":0.314072,"check_collision":false},{"head":[[0.985698,-0.130748,-0.106324,-0.001625],[0.121016,0.98825,-0.093367,-0.003995],[0.117283,0.079165,0.989938,-0.007885],[0.0,0.0,0.0,1.0]],"antennas":[-0.4769,0.442656],"body_yaw":0.314072,"check_collision":false},{"head":[[0.985471,-0.133988,-0.104376,-0.001468],[0.124017,0.987547,-0.096805,-0.003738],[0.116047,0.082454,0.989815,-0.008268],[0.0,0.0,0.0,1.0]],"antennas":[-0.4769,0.442656],"body_yaw":0.314072,"check_collision":false},{"head":[[0.985265,-0.136676,-0.102827,-0.001451],[0.126672,0.987067,-0.098245,-0.003658],[0.114925,0.083772,0.989836,-0.008527],[0.0,0.0,0.0,1.0]],"antennas":[-0.4769,0.442656],"body_yaw":0.314072,"check_collision":false},{"head":[[0.984714,-0.140326,-0.103182,-0.001399],[0.129922,0.986318,-0.101475,-0.003639],[0.116009,0.086518,0.989473,-0.008863],[0.0,0.0,0.0,1.0]],"antennas":[-0.4769,0.442656],"body_yaw":0.314072,"check_collision":false},{"head":[[0.98413,-0.143722,-0.104082,-0.001269],[0.132765,0.985515,-0.105513,-0.003702],[0.117739,0.09002,0.988956,-0.009077],[0.0,0.0,0.0,1.0]],"antennas":[-0.4769,0.442656],"body_yaw":0.314072,"check_collision":false},{"head":[[0.98338,-0.147063,-0.106471,-0.001227],[0.135436,0.984742,-0.10927,-0.003934],[0.120916,0.093034,0.988294,-0.009187],[0.0,0.0,0.0,1.0]],"antennas":[-0.4769,0.442656],"body_yaw":0.314072,"check_collision":false},{"head":[[0.982509,-0.150439,-0.109744,-0.001319],[0.138272,0.984136,-0.111162,-0.004195],[0.124726,0.094043,0.987724,-0.009315],[0.0,0.0,0.0,1.0]],"antennas":[-0.4769,0.442656],"body_yaw":0.314072,"check_collision":false},{"head":[[0.981605,-0.154448,-0.112239,-0.001261],[0.142027,0.98358,-0.111347,-0.004558],[0.127594,0.093358,0.987423,-0.009278],[0.0,0.0,0.0,1.0]],"antennas":[-0.4769,0.442656],"body_yaw":0.314072,"check_collision":false},{"head":[[0.98029,-0.159636,-0.116392,-0.00131],[0.146407,0.98257,-0.114544,-0.004761],[0.132649,0.095245,0.986576,-0.009327],[0.0,0.0,0.0,1.0]],"antennas":[-0.4769,0.442656],"body_yaw":0.314072,"check_collision":false},{"head":[[0.979127,-0.16329,-0.121022,-0.001508],[0.149176,0.981773,-0.117764,-0.004957],[0.138046,0.097253,0.98564,-0.009278],[0.0,0.0,0.0,1.0]],"antennas":[-0.4769,0.442656],"body_yaw":0.314072,"check_collision":false},{"head":[[0.978871,-0.163269,-0.123102,-0.001784],[0.148903,0.981776,-0.118082,-0.005441],[0.140137,0.097257,0.985344,-0.009244],[0.0,0.0,0.0,1.0]],"antennas":[-0.4769,0.442656],"body_yaw":0.314072,"check_collision":false},{"head":[[0.978965,-0.162366,-0.123555,-0.001976],[0.148168,0.982068,-0.116569,-0.005816],[0.140266,0.09581,0.985467,-0.009301],[0.0,0.0,0.0,1.0]],"antennas":[-0.4769,0.442656],"body_yaw":0.314072,"check_collision":false},{"head":[[0.978746,-0.162596,-0.124978,-0.002128],[0.148341,0.982108,-0.11601,-0.006381],[0.141605,0.095005,0.985354,-0.009376],[0.0,0.0,0.0,1.0]],"antennas":[-0.4769,0.442656],"body_yaw":0.314072,"check_collision":false},{"head":[[0.978566,-0.163031,-0.125815,-0.00219],[0.148848,0.982155,-0.114959,-0.006509],[0.142312,0.093767,0.98537,-0.009602],[0.0,0.0,0.0,1.0]],"antennas":[-0.4769,0.442656],"body_yaw":0.314072,"check_collision":false},{"head":[[0.978683,-0.162241,-0.125922,-0.002297],[0.148543,0.982599,-0.11151,-0.007318],[0.141823,0.090428,0.985753,-0.009225],[0.0,0.0,0.0,1.0]],"antennas":[-0.4769,0.442656],"body_yaw":0.314072,"check_collision":false},{"head":[[0.978347,-0.162114,-0.128672,-0.002312],[0.148728,0.983002,-0.107642,-0.007473],[0.143935,0.086174,0.985828,-0.00908],[0.0,0.0,0.0,1.0]],"antennas":[-0.4769,0.442656],"body_yaw":0.314072,"check_collision":false},{"head":[[0.978187,-0.161854,-0.130209,-0.002278],[0.148925,0.983405,-0.103615,-0.007834],[0.144818,0.081963,0.986058,-0.008718],[0.0,0.0,0.0,1.0]],"antennas":[-0.4769,0.442656],"body_yaw":0.314072,"check_collision":false},{"head":[[0.97782,-0.162702,-0.131895,-0.002353],[0.149954,0.983471,-0.10148,-0.008106],[0.146226,0.079451,0.986056,-0.008562],[0.0,0.0,0.0,1.0]],"antennas":[-0.4769,0.442656],"body_yaw":0.314072,"check_collision":false},{"head":[[0.977386,-0.163553,-0.134037,-0.00247],[0.15084,0.983474,-0.100131,-0.008384],[0.148199,0.077648,0.985905,-0.008457],[0.0,0.0,0.0,1.0]],"antennas":[-0.4769,0.442656],"body_yaw":0.314072,"check_collision":false},{"head":[[0.976864,-0.164074,-0.137175,-0.002601],[0.151652,0.983698,-0.09664,-0.008739],[0.150795,0.073601,0.985821,-0.008349],[0.0,0.0,0.0,1.0]],"antennas":[-0.4769,0.442656],"body_yaw":0.314072,"check_collision":false},{"head":[[0.976113,-0.165025,-0.141314,-0.002752],[0.152976,0.983907,-0.092331,-0.008928],[0.154277,0.068507,0.98565,-0.008137],[0.0,0.0,0.0,1.0]],"antennas":[-0.4769,0.442656],"body_yaw":0.314072,"check_collision":false},{"head":[[0.975332,-0.166136,-0.145349,-0.002962],[0.154574,0.984091,-0.087592,-0.009125],[0.157589,0.062965,0.985495,-0.007982],[0.0,0.0,0.0,1.0]],"antennas":[-0.4769,0.442656],"body_yaw":0.314072,"check_collision":false},{"head":[[0.974856,-0.166844,-0.147711,-0.002983],[0.1556,0.984179,-0.084735,-0.009319],[0.159512,0.05962,0.985394,-0.007966],[0.0,0.0,0.0,1.0]],"antennas":[-0.4769,0.442656],"body_yaw":0.314072,"check_collision":false},{"head":[[0.974923,-0.166163,-0.148036,-0.002936],[0.155252,0.984423,-0.082515,-0.009439],[0.159441,0.057463,0.985534,-0.007978],[0.0,0.0,0.0,1.0]],"antennas":[-0.4769,0.442656],"body_yaw":0.314072,"check_collision":false},{"head":[[0.974793,-0.165776,-0.149323,-0.003038],[0.155318,0.984681,-0.079247,-0.009394],[0.160173,0.054057,0.985608,-0.008164],[0.0,0.0,0.0,1.0]],"antennas":[-0.4769,0.442656],"body_yaw":0.314072,"check_collision":false},{"head":[[0.974382,-0.166326,-0.15138,-0.003132],[0.156339,0.984796,-0.075729,-0.009367],[0.161674,0.050122,0.98557,-0.008152],[0.0,0.0,0.0,1.0]],"antennas":[-0.4769,0.442656],"body_yaw":0.314072,"check_collision":false},{"head":[[0.973997,-0.166892,-0.153225,-0.003082],[0.157132,0.984815,-0.073819,-0.009358],[0.163218,0.047823,0.98543,-0.008047],[0.0,0.0,0.0,1.0]],"antennas":[-0.4769,0.442656],"body_yaw":0.314072,"check_collision":false},{"head":[[0.973711,-0.167201,-0.154697,-0.003009],[0.157254,0.984742,-0.074528,-0.009231],[0.164798,0.048242,0.985147,-0.007923],[0.0,0.0,0.0,1.0]],"antennas":[-0.4769,0.442656],"body_yaw":0.314072,"check_collision":false},{"head":[[0.972893,-0.168255,-0.158649,-0.003074],[0.158058,0.984583,-0.07493,-0.009213],[0.16881,0.047823,0.984488,-0.00786],[0.0,0.0,0.0,1.0]],"antennas":[-0.4769,0.442656],"body_yaw":0.314072,"check_collision":false},{"head":[[0.972228,-0.16891,-0.161995,-0.003124],[0.158425,0.984466,-0.075683,-0.009309],[0.172262,0.047917,0.983885,-0.007828],[0.0,0.0,0.0,1.0]],"antennas":[-0.4769,0.442656],"body_yaw":0.314072,"check_collision":false}]}