{"description":"You do this when satisfied with what\u2019s said or what you\u2019ve done. Also works as a 'yes.'","time":[0.0,0.02,0.04,0.06,0.08,0.1,0.12,0.14,0.16,0.18,0.2,0.22,0.24,0.26,0.28,0.3,0.32,0.34,0.36,0.38,0.4,0.42,0.44,0.46,0.48,0.5,0.52,0.54,0.56,0.58,0.6,0.62,0.64,0.66,0.68,0.7,0.72,0.74,0.76,0.78,0.8,0.82,0.84,0.86,0.88,0.9,0.92,0.94,0.96,0.98,1.0,1.02,1.04,1.06,1.08,1.1,1.12,1.14,1.16,1.18,1.2,1.22,1.24,1.26,1.28,1.3,1.32,1.34,1.36,1.38,1.4,1.42,1.44,1.46,1.48,1.5,1.52,1.54,1.56,1.58,1.6,1.62,1.64,1.66,1.68,1.7,1.72,1.74,1.76,1.78,1.8,1.82,1.84,1.86,1.88,1.9,1.92,1.94,1.96,1.98,2.0,2.02,2.04,2.06,2.08,2.1,2.12,2.14,2.16,2.18,2.2,2.22,2.24,2.26,2.28,2.3,2.32,2.34,2.36,2.38,2.4,2.42,2.44,2.46,2.48,2.5,2.52,2.54,2.56,2.58,2.6,2.62,2.64,2.66,2.68,2.7,2.72,2.74,2.76,2.78,2.8,2.82,2.84,2.86,2.88,2.9,2.92,2.94,2.96,2.98,3.0,3.02,3.04,3.06,3.08,3.1,3.12,3.14,3.16,3.18],"set_target_data":[{"head":[[0.959412,-0.253419,-0.123721,-0.001927],[0.246882,0.966806,-0.065838,-0.000597],[0.136298,0.032621,0.990131,0.003681],[0.0,0.0,0.0,1.0]],"antennas":[0.048387,-0.02709],"body_yaw":0.314072,"check_collision":false},{"head":[[0.959424,-0.253428,-0.123613,-0.001962],[0.246871,0.966798,-0.066005,-0.000689],[0.136236,0.03281,0.990133,0.003757],[0.0,0.0,0.0,1.0]],"antennas":[0.048387,-0.02709],"body_yaw":0.314072,"check_collision":false},{"head":[[0.959471,-0.253402,-0.123302,-0.001889],[0.246848,0.9668,-0.06606,-0.000709],[0.135948,0.032946,0.990168,0.003787],[0.0,0.0,0.0,1.0]],"antennas":[0.048387,-0.02709],"body_yaw":0.314072,"check_collision":false},{"head":[[0.959506,-0.253241,-0.123356,-0.001891],[0.246699,0.966845,-0.065954,-0.000681],[0.135968,0.032851,0.990168,0.0039],[0.0,0.0,0.0,1.0]],"antennas":[0.048387,-0.02709],"body_yaw":0.314072,"check_collision":false},{"head":[[0.959447,-0.25329,-0.123713,-0.001935],[0.246703,0.966828,-0.066193,-0.000641],[0.136375,0.032989,0.990108,0.003846],[0.0,0.0,0.0,1.0]],"antennas":[0.048387,-0.02709],"body_yaw":0.314072,"check_collision":false},{"head":[[0.959396,-0.253446,-0.123792,-0.001952],[0.246867,0.96679,-0.06613,-0.000713],[0.136442,0.032885,0.990102,0.003866],[0.0,0.0,0.0,1.0]],"antennas":[0.048387,-0.02709],"body_yaw":0.314072,"check_collision":false},{"head":[[0.959493,-0.253109,-0.123727,-0.001933],[0.246486,0.966866,-0.066447,-0.000784],[0.136446,0.033259,0.990089,0.003689],[0.0,0.0,0.0,1.0]],"antennas":[0.048387,-0.02709],"body_yaw":0.314072,"check_collision":false},{"head":[[0.959576,-0.252939,-0.123432,-0.001785],[0.246331,0.966908,-0.066402,-0.000697],[0.136143,0.033313,0.990129,0.003571],[0.0,0.0,0.0,1.0]],"antennas":[0.048387,-0.02709],"body_yaw":0.314072,"check_collision":false},{"head":[[0.959574,-0.252978,-0.123366,-0.001825],[0.246386,0.966902,-0.066293,-0.00079],[0.136053,0.033218,0.990144,0.003738],[0.0,0.0,0.0,1.0]],"antennas":[0.048387,-0.02709],"body_yaw":0.314072,"check_collision":false},{"head":[[0.959496,-0.253041,-0.123844,-0.001846],[0.246489,0.966903,-0.065897,-0.000708],[0.136419,0.032702,0.990111,0.003797],[0.0,0.0,0.0,1.0]],"antennas":[0.048387,-0.02709],"body_yaw":0.314072,"check_collision":false},{"head":[[0.95943,-0.253211,-0.124009,-0.00188],[0.246726,0.966877,-0.065378,-0.000714],[0.136455,0.032129,0.990125,0.003938],[0.0,0.0,0.0,1.0]],"antennas":[0.048387,-0.02709],"body_yaw":0.314072,"check_collision":false},{"head":[[0.959471,-0.253249,-0.123613,-0.001845],[0.246764,0.966861,-0.065476,-0.000675],[0.136098,0.032319,0.990168,0.003911],[0.0,0.0,0.0,1.0]],"antennas":[0.048387,-0.02709],"body_yaw":0.314072,"check_collision":false},{"head":[[0.959438,-0.253594,-0.123166,-0.001824],[0.247062,0.966753,-0.065941,-0.00078],[0.135794,0.032837,0.990193,0.00378],[0.0,0.0,0.0,1.0]],"antennas":[0.048387,-0.02709],"body_yaw":0.314072,"check_collision":false},{"head":[[0.959415,-0.253799,-0.122915,-0.001787],[0.24721,0.966682,-0.066438,-0.000754],[0.135681,0.033356,0.990191,0.003758],[0.0,0.0,0.0,1.0]],"antennas":[0.048387,-0.02709],"body_yaw":0.314072,"check_collision":false},{"head":[[0.959352,-0.254034,-0.122928,-0.001844],[0.247456,0.966624,-0.066361,-0.001023],[0.135683,0.033244,0.990194,0.003815],[0.0,0.0,0.0,1.0]],"antennas":[0.048387,-0.02709],"body_yaw":0.314072,"check_collision":false},{"head":[[0.959324,-0.254153,-0.122896,-0.001839],[0.247527,0.966581,-0.066723,-0.001038],[0.135746,0.033589,0.990174,0.003776],[0.0,0.0,0.0,1.0]],"antennas":[0.048387,-0.02709],"body_yaw":0.314072,"check_collision":false},{"head":[[0.959376,-0.254107,-0.122589,-0.00181],[0.247471,0.966584,-0.066878,-0.001067],[0.135487,0.033823,0.990202,0.003738],[0.0,0.0,0.0,1.0]],"antennas":[0.048387,-0.02709],"body_yaw":0.314072,"check_collision":false},{"head":[[0.959385,-0.254174,-0.122377,-0.00177],[0.247539,0.966564,-0.066928,-0.001118],[0.135296,0.033916,0.990225,0.003783],[0.0,0.0,0.0,1.0]],"antennas":[0.048387,-0.02709],"body_yaw":0.314072,"check_collision":false},{"head":[[0.959328,-0.254318,-0.122528,-0.001761],[0.247608,0.96651,-0.067442,-0.001064],[0.135576,0.03436,0.990171,0.003842],[0.0,0.0,0.0,1.0]],"antennas":[0.048387,-0.02709],"body_yaw":0.314072,"check_collision":false},{"head":[[0.959223,-0.25467,-0.122612,-0.001766],[0.24788,0.9664,-0.068024,-0.000988],[0.135816,0.034857,0.990121,0.003846],[0.0,0.0,0.0,1.0]],"antennas":[0.048387,-0.02709],"body_yaw":0.314072,"check_collision":false},{"head":[[0.95922,-0.254792,-0.122382,-0.001717],[0.247914,0.966341,-0.068728,-0.000814],[0.135774,0.035585,0.9901,0.003749],[0.0,0.0,0.0,1.0]],"antennas":[0.048387,-0.02709],"body_yaw":0.314072,"check_collision":false},{"head":[[0.959225,-0.254836,-0.122254,-0.001626],[0.247953,0.966325,-0.06881,-0.000842],[0.135672,0.035691,0.990111,0.003753],[0.0,0.0,0.0,1.0]],"antennas":[0.048387,-0.02709],"body_yaw":0.314072,"check_collision":false},{"head":[[0.959187,-0.254919,-0.122379,-0.001556],[0.247992,0.966295,-0.069101,-0.000808],[0.13587,0.035932,0.990075,0.003614],[0.0,0.0,0.0,1.0]],"antennas":[0.048387,-0.02709],"body_yaw":0.314072,"check_collision":false},{"head":[[0.959164,-0.254999,-0.12239,-0.001529],[0.248054,0.966269,-0.069231,-0.000815],[0.135916,0.036045,0.990065,0.003581],[0.0,0.0,0.0,1.0]],"antennas":[0.048387,-0.02709],"body_yaw":0.314072,"check_collision":false},{"head":[[0.959133,-0.255123,-0.122379,-0.001582],[0.248083,0.966211,-0.069936,-0.000892],[0.136087,0.036718,0.990016,0.003615],[0.0,0.0,0.0,1.0]],"antennas":[0.048387,-0.02709],"body_yaw":0.314072,"check_collision":false},{"head":[[0.959139,-0.255135,-0.122308,-0.001593],[0.247972,0.966173,-0.070847,-0.000924],[0.136246,0.037623,0.98996,0.003605],[0.0,0.0,0.0,1.0]],"antennas":[0.048387,-0.02709],"body_yaw":0.314072,"check_collision":false},{"head":[[0.959136,-0.255204,-0.122185,-0.001554],[0.247973,0.966134,-0.071381,-0.001009],[0.136264,0.038165,0.989937,0.003684],[0.0,0.0,0.0,1.0]],"antennas":[0.048387,-0.02709],"body_yaw":0.314072,"check_collision":false},{"head":[[0.959118,-0.25523,-0.122272,-0.001512],[0.247977,0.966122,-0.071518,-0.000882],[0.136384,0.038274,0.989916,0.003612],[0.0,0.0,0.0,1.0]],"antennas":[0.048387,-0.02709],"body_yaw":0.314072,"check_collision":false},{"head":[[0.959086,-0.255283,-0.122416,-0.00152],[0.247996,0.966102,-0.071722,-0.000911],[0.136576,0.038429,0.989884,0.003623],[0.0,0.0,0.0,1.0]],"antennas":[0.048387,-0.02709],"body_yaw":0.314072,"check_collision":false},{"head":[[0.959117,-0.25518,-0.12238,-0.001524],[0.247882,0.966125,-0.071807,-0.001058],[0.136558,0.038536,0.989882,0.003662],[0.0,0.0,0.0,1.0]],"antennas":[0.048387,-0.02709],"body_yaw":0.314072,"check_collision":false},{"head":[[0.959242,-0.254725,-0.122352,-0.001505],[0.247452,0.96625,-0.07161,-0.000905],[0.136464,0.038415,0.9899,0.003525],[0.0,0.0,0.0,1.0]],"antennas":[0.048387,-0.02709],"body_yaw":0.314072,"check_collision":false},{"head":[[0.959287,-0.25455,-0.122361,-0.001533],[0.247307,0.966304,-0.071384,-0.000981],[0.136409,0.038217,0.989915,0.003521],[0.0,0.0,0.0,1.0]],"antennas":[0.048387,-0.02709],"body_yaw":0.314072,"check_collision":false},{"head":[[0.959263,-0.254641,-0.122364,-0.001515],[0.247377,0.966275,-0.071536,-0.000913],[0.136453,0.038352,0.989904,0.003455],[0.0,0.0,0.0,1.0]],"antennas":[0.048387,-0.02709],"body_yaw":0.314072,"check_collision":false},{"head":[[0.959243,-0.254815,-0.122154,-0.001425],[0.247508,0.966213,-0.07192,-0.000792],[0.136353,0.038754,0.989902,0.003369],[0.0,0.0,0.0,1.0]],"antennas":[0.048387,-0.02709],"body_yaw":0.314072,"check_collision":false},{"head":[[0.959311,-0.254732,-0.121793,-0.001365],[0.247395,0.966218,-0.072236,-0.000796],[0.13608,0.039166,0.989923,0.003338],[0.0,0.0,0.0,1.0]],"antennas":[0.048387,-0.02709],"body_yaw":0.314072,"check_collision":false},{"head":[[0.959368,-0.254548,-0.121733,-0.001344],[0.247187,0.966258,-0.072419,-0.000715],[0.13606,0.039385,0.989917,0.003269],[0.0,0.0,0.0,1.0]],"antennas":[0.048387,-0.02709],"body_yaw":0.314072,"check_collision":false},{"head":[[0.959331,-0.254612,-0.12189,-0.001304],[0.24725,0.966244,-0.072387,-0.000661],[0.136206,0.039305,0.9899,0.003251],[0.0,0.0,0.0,1.0]],"antennas":[0.048387,-0.02709],"body_yaw":0.314072,"check_collision":false},{"head":[[0.959349,-0.254576,-0.121819,-0.001256],[0.247242,0.96626,-0.072196,-0.000702],[0.136088,0.039143,0.989923,0.003246],[0.0,0.0,0.0,1.0]],"antennas":[0.048387,-0.02709],"body_yaw":0.314072,"check_collision":false},{"head":[[0.959366,-0.254586,-0.121667,-0.001208],[0.247251,0.966254,-0.072254,-0.000788],[0.135956,0.039236,0.989938,0.00326],[0.0,0.0,0.0,1.0]],"antennas":[0.048387,-0.02709],"body_yaw":0.314072,"check_collision":false},{"head":[[0.959407,-0.254464,-0.121597,-0.001177],[0.247138,0.966287,-0.072197,-0.000783],[0.135869,0.039215,0.98995,0.003236],[0.0,0.0,0.0,1.0]],"antennas":[0.048387,-0.02709],"body_yaw":0.314072,"check_collision":false},{"head":[[0.959395,-0.254413,-0.121796,-0.00119],[0.247089,0.966305,-0.072124,-0.000743],[0.136042,0.0391,0.989931,0.00319],[0.0,0.0,0.0,1.0]],"antennas":[0.048387,-0.02709],"body_yaw":0.314072,"check_collision":false},{"head":[[0.959306,-0.254625,-0.122062,-0.001237],[0.247266,0.966246,-0.072312,-0.000923],[0.136354,0.039188,0.989885,0.003285],[0.0,0.0,0.0,1.0]],"antennas":[0.048387,-0.02709],"body_yaw":0.314072,"check_collision":false},{"head":[[0.959351,-0.254533,-0.121897,-0.00127],[0.247181,0.966268,-0.072301,-0.00117],[0.136188,0.039232,0.989906,0.003361],[0.0,0.0,0.0,1.0]],"antennas":[0.048387,-0.02709],"body_yaw":0.314072,"check_collision":false},{"head":[[0.959458,-0.254247,-0.121653,-0.001306],[0.246927,0.966346,-0.072128,-0.00137],[0.135897,0.039164,0.989949,0.003437],[0.0,0.0,0.0,1.0]],"antennas":[0.048387,-0.02709],"body_yaw":0.314072,"check_collision":false},{"head":[[0.959407,-0.254467,-0.121595,-0.001331],[0.247151,0.966289,-0.072127,-0.001499],[0.13585,0.039147,0.989956,0.00356],[0.0,0.0,0.0,1.0]],"antennas":[0.048387,-0.02709],"body_yaw":0.314072,"check_collision":false},{"head":[[0.959285,-0.254734,-0.121996,-0.001334],[0.247443,0.966236,-0.071837,-0.001408],[0.136176,0.038726,0.989927,0.003596],[0.0,0.0,0.0,1.0]],"antennas":[0.048387,-0.02709],"body_yaw":0.314072,"check_collision":false},{"head":[[0.959218,-0.254869,-0.122243,-0.00134],[0.247614,0.966215,-0.071522,-0.001294],[0.136342,0.038336,0.98992,0.00357],[0.0,0.0,0.0,1.0]],"antennas":[0.048387,-0.02709],"body_yaw":0.314072,"check_collision":false},{"head":[[0.959207,-0.254936,-0.122184,-0.001311],[0.247669,0.966194,-0.071623,-0.001302],[0.136313,0.03844,0.98992,0.00354],[0.0,0.0,0.0,1.0]],"antennas":[0.048387,-0.02709],"body_yaw":0.314072,"check_collision":false},{"head":[[0.959329,-0.254556,-0.122024,-0.001294],[0.247315,0.966296,-0.071466,-0.001337],[0.136103,0.038381,0.989951,0.003513],[0.0,0.0,0.0,1.0]],"antennas":[0.048387,-0.02709],"body_yaw":0.314072,"check_collision":false},{"head":[[0.959385,-0.254315,-0.122085,-0.001282],[0.247083,0.966362,-0.071368,-0.001328],[0.136128,0.038304,0.98995,0.003454],[0.0,0.0,0.0,1.0]],"antennas":[0.048387,-0.02709],"body_yaw":0.314072,"check_collision":false},{"head":[[0.95942,-0.254088,-0.122279,-0.001287],[0.246938,0.966448,-0.070705,-0.001402],[0.136141,0.03764,0.989974,0.003523],[0.0,0.0,0.0,1.0]],"antennas":[0.048387,-0.02709],"body_yaw":0.314072,"check_collision":false},{"head":[[0.959445,-0.253871,-0.122534,-0.001326],[0.246822,0.966537,-0.069887,-0.00156],[0.136176,0.036809,0.990001,0.003639],[0.0,0.0,0.0,1.0]],"antennas":[0.048387,-0.02709],"body_yaw":0.314072,"check_collision":false},{"head":[[0.959419,-0.253919,-0.122639,-0.001353],[0.246933,0.966544,-0.069401,-0.001704],[0.136158,0.036301,0.990022,0.003742],[0.0,0.0,0.0,1.0]],"antennas":[0.048387,-0.02709],"body_yaw":0.314072,"check_collision":false},{"head":[[0.959444,-0.253869,-0.122546,-0.00136],[0.246922,0.966565,-0.069145,-0.001791],[0.136002,0.036082,0.990051,0.003802],[0.0,0.0,0.0,1.0]],"antennas":[0.048387,-0.02709],"body_yaw":0.314072,"check_collision":false},{"head":[[0.959472,-0.253803,-0.122464,-0.001366],[0.246877,0.966587,-0.069008,-0.001901],[0.135886,0.035978,0.990071,0.003895],[0.0,0.0,0.0,1.0]],"antennas":[0.048387,-0.02709],"body_yaw":0.314072,"check_collision":false},{"head":[[0.959451,-0.253797,-0.122644,-0.001342],[0.246847,0.966585,-0.069137,-0.00194],[0.136093,0.036059,0.99004,0.003921],[0.0,0.0,0.0,1.0]],"antennas":[0.048387,-0.02709],"body_yaw":0.314072,"check_collision":false},{"head":[[0.959499,-0.253598,-0.122675,-0.00134],[0.246604,0.966626,-0.069434,-0.002023],[0.136189,0.03637,0.990015,0.003898],[0.0,0.0,0.0,1.0]],"antennas":[0.048387,-0.02709],"body_yaw":0.314072,"check_collision":false},{"head":[[0.959508,-0.253466,-0.122875,-0.00137],[0.246429,0.966652,-0.069691,-0.00208],[0.136442,0.036589,0.989972,0.003872],[0.0,0.0,0.0,1.0]],"antennas":[0.048387,-0.02709],"body_yaw":0.314072,"check_collision":false},{"head":[[0.95946,-0.253623,-0.122929,-0.001353],[0.246502,0.96659,-0.070283,-0.002014],[0.136647,0.037132,0.989924,0.00377],[0.0,0.0,0.0,1.0]],"antennas":[0.048387,-0.02709],"body_yaw":0.314072,"check_collision":false},{"head":[[0.959389,-0.253916,-0.12288,-0.001297],[0.246708,0.966489,-0.070952,-0.001843],[0.136778,0.037755,0.989882,0.00369],[0.0,0.0,0.0,1.0]],"antennas":[0.048387,-0.02709],"body_yaw":0.314072,"check_collision":false},{"head":[[0.959317,-0.25423,-0.122792,-0.001305],[0.24695,0.966386,-0.071511,-0.00174],[0.136845,0.038279,0.989853,0.003712],[0.0,0.0,0.0,1.0]],"antennas":[0.048387,-0.02709],"body_yaw":0.314072,"check_collision":false},{"head":[[0.959261,-0.254375,-0.122932,-0.001387],[0.247027,0.966333,-0.071965,-0.001791],[0.137099,0.038666,0.989802,0.003798],[0.0,0.0,0.0,1.0]],"antennas":[0.048387,-0.02709],"body_yaw":0.314072,"check_collision":false},{"head":[[0.959228,-0.254587,-0.122749,-0.001322],[0.247222,0.966268,-0.072162,-0.001847],[0.13698,0.038873,0.989811,0.003845],[0.0,0.0,0.0,1.0]],"antennas":[0.048387,-0.02709],"body_yaw":0.314072,"check_collision":false},{"head":[[0.959273,-0.254452,-0.122672,-0.001317],[0.24706,0.966294,-0.072367,-0.001871],[0.136951,0.039112,0.989805,0.003804],[0.0,0.0,0.0,1.0]],"antennas":[0.048387,-0.02709],"body_yaw":0.314072,"check_collision":false},{"head":[[0.959212,-0.254629,-0.122787,-0.001305],[0.247254,0.966255,-0.072221,-0.001673],[0.137033,0.038915,0.989802,0.003798],[0.0,0.0,0.0,1.0]],"antennas":[0.048387,-0.02709],"body_yaw":0.314072,"check_collision":false},{"head":[[0.959116,-0.254976,-0.122817,-0.001266],[0.247538,0.966148,-0.072686,-0.001705],[0.137193,0.039312,0.989764,0.003836],[0.0,0.0,0.0,1.0]],"antennas":[0.048387,-0.02709],"body_yaw":0.314072,"check_collision":false},{"head":[[0.959088,-0.255137,-0.1227,-0.001223],[0.247657,0.966092,-0.073027,-0.001671],[0.137172,0.039652,0.989753,0.00384],[0.0,0.0,0.0,1.0]],"antennas":[0.048387,-0.02709],"body_yaw":0.314072,"check_collision":false},{"head":[[0.959114,-0.255231,-0.122304,-0.001148],[0.247713,0.966047,-0.073423,-0.001529],[0.136892,0.040124,0.989773,0.003777],[0.0,0.0,0.0,1.0]],"antennas":[0.048387,-0.02709],"body_yaw":0.314072,"check_collision":false},{"head":[[0.959058,-0.255325,-0.122541,-0.00119],[0.24777,0.966017,-0.073626,-0.001564],[0.137175,0.04025,0.989729,0.00383],[0.0,0.0,0.0,1.0]],"antennas":[0.048387,-0.02709],"body_yaw":0.314072,"check_collision":false},{"head":[[0.958955,-0.255508,-0.12297,-0.001227],[0.24796,0.965981,-0.073459,-0.001503],[0.137556,0.039952,0.989688,0.003852],[0.0,0.0,0.0,1.0]],"antennas":[0.048387,-0.026245],"body_yaw":0.314072,"check_collision":false},{"head":[[0.95892,-0.255507,-0.123244,-0.001213],[0.247975,0.965992,-0.073266,-0.001455],[0.137772,0.039695,0.989668,0.003745],[0.0,0.0,0.0,1.0]],"antennas":[0.048387,-0.000342],"body_yaw":0.314072,"check_collision":false},{"head":[[0.958945,-0.255397,-0.123271,-0.001206],[0.247852,0.966017,-0.07335,-0.001521],[0.137815,0.039786,0.989659,0.003762],[0.0,0.0,0.0,1.0]],"antennas":[0.048387,0.07547],"body_yaw":0.314072,"check_collision":false},{"head":[[0.958985,-0.255231,-0.123308,-0.001261],[0.247727,0.966073,-0.073033,-0.001699],[0.137765,0.039491,0.989677,0.003824],[0.0,0.0,0.0,1.0]],"antennas":[0.048387,0.161641],"body_yaw":0.314072,"check_collision":false},{"head":[[0.95898,-0.255233,-0.123344,-0.001257],[0.247666,0.966056,-0.073472,-0.001687],[0.13791,0.03991,0.98964,0.003817],[0.0,0.0,0.0,1.0]],"antennas":[0.058126,0.24905],"body_yaw":0.314072,"check_collision":false},{"head":[[0.958952,-0.25516,-0.123713,-0.001246],[0.247524,0.966063,-0.073857,-0.001487],[0.13836,0.040203,0.989566,0.003634],[0.0,0.0,0.0,1.0]],"antennas":[0.100955,0.335528],"body_yaw":0.314072,"check_collision":false},{"head":[[0.958961,-0.254979,-0.124016,-0.001275],[0.247329,0.966112,-0.073858,-0.001497],[0.138645,0.040154,0.989528,0.003641],[0.0,0.0,0.0,1.0]],"antennas":[0.157197,0.422449],"body_yaw":0.314072,"check_collision":false},{"head":[[0.958982,-0.254856,-0.124107,-0.001343],[0.247234,0.966154,-0.07363,-0.001613],[0.138672,0.039926,0.989533,0.00372],[0.0,0.0,0.0,1.0]],"antennas":[0.212412,0.508995],"body_yaw":0.314072,"check_collision":false},{"head":[[0.958993,-0.254826,-0.124082,-0.00137],[0.247199,0.96616,-0.073669,-0.001523],[0.138656,0.039975,0.989533,0.003713],[0.0,0.0,0.0,1.0]],"antennas":[0.266121,0.595878],"body_yaw":0.314072,"check_collision":false},{"head":[[0.958964,-0.254603,-0.124759,-0.001425],[0.247005,0.966241,-0.073257,-0.001519],[0.139199,0.039435,0.989479,0.003756],[0.0,0.0,0.0,1.0]],"antennas":[0.316989,0.682582],"body_yaw":0.314072,"check_collision":false},{"head":[[0.958466,-0.254463,-0.128811,-0.001504],[0.246833,0.966353,-0.072358,-0.001605],[0.14289,0.037558,0.989026,0.00396],[0.0,0.0,0.0,1.0]],"antennas":[0.363637,0.768853],"body_yaw":0.314072,"check_collision":false},{"head":[[0.952618,-0.25891,-0.159639,-0.001556],[0.249573,0.965341,-0.076354,-0.001706],[0.173875,0.032895,0.984218,0.004335],[0.0,0.0,0.0,1.0]],"antennas":[0.401939,0.798321],"body_yaw":0.314072,"check_collision":false},{"head":[[0.93986,-0.272378,-0.20609,-0.001608],[0.259386,0.961741,-0.088172,-0.002141],[0.222221,0.029412,0.974553,0.005108],[0.0,0.0,0.0,1.0]],"antennas":[0.411125,0.798321],"body_yaw":0.314072,"check_collision":false},{"head":[[0.923658,-0.290228,-0.250248,-0.001774],[0.271546,0.956459,-0.106996,-0.002242],[0.270406,0.030874,0.962251,0.005657],[0.0,0.0,0.0,1.0]],"antennas":[0.411125,0.798321],"body_yaw":0.314072,"check_collision":false},{"head":[[0.910022,-0.300928,-0.285135,-0.001875],[0.279994,0.953379,-0.112569,-0.002368],[0.305717,0.022604,0.951854,0.006041],[0.0,0.0,0.0,1.0]],"antennas":[0.411125,0.798321],"body_yaw":0.314072,"check_collision":false},{"head":[[0.895758,-0.307975,-0.320576,-0.002084],[0.287211,0.951363,-0.11144,-0.00257],[0.339305,0.007751,0.940645,0.006617],[0.0,0.0,0.0,1.0]],"antennas":[0.411125,0.798321],"body_yaw":0.314072,"check_collision":false},{"head":[[0.881559,-0.311491,-0.354721,-0.002717],[0.291321,0.95023,-0.110428,-0.002742],[0.371463,-0.005989,0.928428,0.007588],[0.0,0.0,0.0,1.0]],"antennas":[0.406195,0.798321],"body_yaw":0.314072,"check_collision":false},{"head":[[0.875246,-0.313814,-0.368056,-0.003243],[0.2958,0.949348,-0.10602,-0.002737],[0.382684,-0.016078,0.92374,0.00838],[0.0,0.0,0.0,1.0]],"antennas":[0.373358,0.786135],"body_yaw":0.314072,"check_collision":false},{"head":[[0.874377,-0.313241,-0.370601,-0.003368],[0.29836,0.949359,-0.098487,-0.00233],[0.382684,-0.024458,0.923556,0.008527],[0.0,0.0,0.0,1.0]],"antennas":[0.299815,0.764269],"body_yaw":0.314072,"check_collision":false},{"head":[[0.873747,-0.313312,-0.372025,-0.003122],[0.3002,0.9492,-0.09434,-0.002224],[0.382684,-0.029252,0.923416,0.00828],[0.0,0.0,0.0,1.0]],"antennas":[0.212663,0.714089],"body_yaw":0.314072,"check_collision":false},{"head":[[0.871904,-0.316389,-0.373741,-0.002976],[0.305512,0.947949,-0.089752,-0.002239],[0.382684,-0.035928,0.923181,0.007995],[0.0,0.0,0.0,1.0]],"antennas":[0.126381,0.635009],"body_yaw":0.314072,"check_collision":false},{"head":[[0.869526,-0.318805,-0.37721,-0.003267],[0.312213,0.946609,-0.080344,-0.002178],[0.382684,-0.047909,0.922636,0.008266],[0.0,0.0,0.0,1.0]],"antennas":[0.03922,0.554684],"body_yaw":0.314072,"check_collision":false},{"head":[[0.868011,-0.318823,-0.380667,-0.003654],[0.3164,0.945978,-0.070825,-0.002015],[0.382684,-0.058966,0.921996,0.008558],[0.0,0.0,0.0,1.0]],"antennas":[-0.047307,0.47463],"body_yaw":0.314072,"check_collision":false},{"head":[[0.867527,-0.316731,-0.383508,-0.003554],[0.317727,0.94611,-0.062649,-0.002131],[0.382683,-0.067501,0.92141,0.008654],[0.0,0.0,0.0,1.0]],"antennas":[-0.134139,0.393927],"body_yaw":0.314072,"check_collision":false},{"head":[[0.868393,-0.312819,-0.384757,-0.003279],[0.315353,0.94718,-0.058337,-0.001863],[0.382683,-0.070674,0.921172,0.008568],[0.0,0.0,0.0,1.0]],"antennas":[-0.219331,0.314748],"body_yaw":0.314072,"check_collision":false},{"head":[[0.869181,-0.309126,-0.385961,-0.003196],[0.313174,0.948152,-0.054134,-0.001623],[0.382683,-0.073821,0.920926,0.008613],[0.0,0.0,0.0,1.0]],"antennas":[-0.30732,0.23297],"body_yaw":0.314072,"check_collision":false},{"head":[[0.868765,-0.307532,-0.388165,-0.003164],[0.314327,0.948118,-0.047663,-0.001578],[0.382684,-0.080603,0.920357,0.008562],[0.0,0.0,0.0,1.0]],"antennas":[-0.346936,0.152332],"body_yaw":0.314072,"check_collision":false},{"head":[[0.86834,-0.307459,-0.389172,-0.003037],[0.315498,0.947864,-0.044889,-0.001775],[0.382683,-0.083804,0.920071,0.00847],[0.0,0.0,0.0,1.0]],"antennas":[-0.3457,0.123123],"body_yaw":0.314072,"check_collision":false},{"head":[[0.868333,-0.306591,-0.389871,-0.002925],[0.315517,0.947957,-0.042737,-0.001674],[0.382683,-0.085901,0.919877,0.008344],[0.0,0.0,0.0,1.0]],"antennas":[-0.3457,0.124141],"body_yaw":0.314072,"check_collision":false},{"head":[[0.86887,-0.304958,-0.389955,-0.002728],[0.314034,0.948481,-0.042036,-0.001556],[0.382683,-0.085936,0.919874,0.008238],[0.0,0.0,0.0,1.0]],"antennas":[-0.3457,0.124141],"body_yaw":0.314072,"check_collision":false},{"head":[[0.869415,-0.304683,-0.388954,-0.002521],[0.312522,0.948858,-0.044707,-0.001371],[0.382684,-0.082688,0.920172,0.008028],[0.0,0.0,0.0,1.0]],"antennas":[-0.3457,0.124141],"body_yaw":0.314072,"check_collision":false},{"head":[[0.86955,-0.30568,-0.387869,-0.002352],[0.312148,0.948822,-0.047974,-0.001333],[0.382683,-0.079357,0.920465,0.007817],[0.0,0.0,0.0,1.0]],"antennas":[-0.3457,0.124141],"body_yaw":0.314072,"check_collision":false},{"head":[[0.868007,-0.310872,-0.387199,-0.002048],[0.316415,0.947239,-0.051188,-0.001256],[0.382683,-0.078084,0.920574,0.007666],[0.0,0.0,0.0,1.0]],"antennas":[-0.3457,0.124141],"body_yaw":0.314072,"check_collision":false},{"head":[[0.866366,-0.317376,-0.385594,-0.001688],[0.32088,0.945393,-0.057173,-0.00134],[0.382683,-0.074196,0.920896,0.00742],[0.0,0.0,0.0,1.0]],"antennas":[-0.3457,0.124141],"body_yaw":0.314072,"check_collision":false},{"head":[[0.865652,-0.321166,-0.384055,-0.001362],[0.3228,0.944422,-0.06219,-0.001379],[0.382683,-0.070138,0.921213,0.007152],[0.0,0.0,0.0,1.0]],"antennas":[-0.3457,0.124141],"body_yaw":0.314072,"check_collision":false},{"head":[[0.865649,-0.323717,-0.381915,-0.001091],[0.322808,0.943985,-0.06846,-0.001419],[0.382683,-0.064022,0.921659,0.007012],[0.0,0.0,0.0,1.0]],"antennas":[-0.3457,0.124141],"body_yaw":0.314072,"check_collision":false},{"head":[[0.866313,-0.322641,-0.381319,-0.000974],[0.321022,0.944494,-0.069828,-0.001396],[0.382683,-0.061919,0.921802,0.007114],[0.0,0.0,0.0,1.0]],"antennas":[-0.3457,0.124141],"body_yaw":0.314072,"check_collision":false},{"head":[[0.867007,-0.318787,-0.382979,-0.001069],[0.319142,0.945507,-0.064539,-0.001036],[0.382683,-0.066269,0.9215,0.006992],[0.0,0.0,0.0,1.0]],"antennas":[-0.342454,0.124141],"body_yaw":0.314072,"check_collision":false},{"head":[[0.866156,-0.317419,-0.38603,-0.001102],[0.321446,0.945269,-0.056017,-0.001048],[0.382684,-0.075569,0.920784,0.006868],[0.0,0.0,0.0,1.0]],"antennas":[-0.329149,0.124141],"body_yaw":0.314072,"check_collision":false},{"head":[[0.864725,-0.317128,-0.389461,-0.000994],[0.325271,0.94446,-0.046845,-0.001501],[0.382686,-0.086173,0.919851,0.006898],[0.0,0.0,0.0,1.0]],"antennas":[-0.307987,0.124141],"body_yaw":0.314072,"check_collision":false},{"head":[[0.86299,-0.31781,-0.39274,-0.000939],[0.329851,0.943248,-0.038488,-0.001343],[0.382684,-0.096331,0.918844,0.006627],[0.0,0.0,0.0,1.0]],"antennas":[-0.278864,0.124141],"body_yaw":0.314072,"check_collision":false},{"head":[[0.863226,-0.316497,-0.393282,-0.000896],[0.329234,0.943536,-0.036675,-0.001095],[0.382683,-0.097823,0.918686,0.006325],[0.0,0.0,0.0,1.0]],"antennas":[-0.227374,0.124141],"body_yaw":0.314072,"check_collision":false},{"head":[[0.863229,-0.316243,-0.393478,-0.000797],[0.329223,0.943562,-0.036087,-0.00094],[0.382684,-0.098391,0.918625,0.00655],[0.0,0.0,0.0,1.0]],"antennas":[-0.150519,0.124141],"body_yaw":0.314072,"check_collision":false},{"head":[[0.863536,-0.315145,-0.393687,-0.00075],[0.328419,0.943876,-0.035195,-0.001073],[0.382683,-0.098902,0.91857,0.006819],[0.0,0.0,0.0,1.0]],"antennas":[-0.071403,0.124141],"body_yaw":0.314072,"check_collision":false},{"head":[[0.865058,-0.311374,-0.393346,-0.0007],[0.324389,0.94528,-0.034881,-0.001374],[0.382684,-0.097423,0.918728,0.006804],[0.0,0.0,0.0,1.0]],"antennas":[-0.049861,0.124141],"body_yaw":0.314072,"check_collision":false},{"head":[[0.865782,-0.308548,-0.393978,-0.00061],[0.322451,0.946035,-0.0323,-0.001825],[0.382683,-0.099074,0.918552,0.006665],[0.0,0.0,0.0,1.0]],"antennas":[-0.048153,0.124141],"body_yaw":0.314072,"check_collision":false},{"head":[[0.866002,-0.305577,-0.395806,-0.00058],[0.32186,0.946418,-0.026459,-0.002289],[0.382683,-0.104481,0.917953,0.006497],[0.0,0.0,0.0,1.0]],"antennas":[-0.048153,0.124141],"body_yaw":0.314072,"check_collision":false},{"head":[[0.865967,-0.303158,-0.397738,-0.000605],[0.321953,0.946534,-0.020487,-0.002241],[0.382684,-0.110312,0.91727,0.006257],[0.0,0.0,0.0,1.0]],"antennas":[-0.048153,0.124141],"body_yaw":0.314072,"check_collision":false},{"head":[[0.865403,-0.302687,-0.399322,-0.000681],[0.323467,0.946102,-0.016138,-0.002641],[0.382684,-0.115202,0.916669,0.006668],[0.0,0.0,0.0,1.0]],"antennas":[-0.048153,0.124141],"body_yaw":0.314072,"check_collision":false},{"head":[[0.865411,-0.301224,-0.400409,-0.000776],[0.323445,0.946161,-0.012719,-0.003182],[0.382683,-0.118503,0.916248,0.007105],[0.0,0.0,0.0,1.0]],"antennas":[-0.048153,0.124141],"body_yaw":0.314072,"check_collision":false},{"head":[[0.86593,-0.296696,-0.402663,-0.000875],[0.322055,0.946708,-0.004985,-0.003465],[0.382683,-0.125363,0.915335,0.007091],[0.0,0.0,0.0,1.0]],"antennas":[-0.048153,0.124141],"body_yaw":0.314072,"check_collision":false},{"head":[[0.865865,-0.291938,-0.406263,-0.000969],[0.322227,0.94664,0.006511,-0.00383],[0.382684,-0.136546,0.913733,0.007086],[0.0,0.0,0.0,1.0]],"antennas":[-0.048153,0.124141],"body_yaw":0.314072,"check_collision":false},{"head":[[0.865021,-0.291389,-0.40845,-0.000999],[0.324488,0.945808,0.012463,-0.004023],[0.382684,-0.143317,0.912696,0.007068],[0.0,0.0,0.0,1.0]],"antennas":[-0.048153,0.124141],"body_yaw":0.314072,"check_collision":false},{"head":[[0.864739,-0.292509,-0.408246,-0.000759],[0.325239,0.945563,0.011416,-0.003896],[0.382683,-0.142649,0.9128,0.006858],[0.0,0.0,0.0,1.0]],"antennas":[-0.048153,0.124141],"body_yaw":0.314072,"check_collision":false},{"head":[[0.864574,-0.295672,-0.406314,-0.000338],[0.325678,0.945468,0.004982,-0.003828],[0.382683,-0.136635,0.91372,0.006619],[0.0,0.0,0.0,1.0]],"antennas":[-0.048153,0.124141],"body_yaw":0.314072,"check_collision":false},{"head":[[0.864888,-0.298867,-0.403295,-0.000115],[0.32484,0.945759,-0.00423,-0.003253],[0.382684,-0.127348,0.91506,0.006221],[0.0,0.0,0.0,1.0]],"antennas":[-0.048153,0.124141],"body_yaw":0.314072,"check_collision":false},{"head":[[0.865969,-0.30033,-0.399874,-2.7e-05],[0.321947,0.946657,-0.013789,-0.002133],[0.382685,-0.116798,0.916466,0.005523],[0.0,0.0,0.0,1.0]],"antennas":[-0.048153,0.124141],"body_yaw":0.314072,"check_collision":false},{"head":[[0.867388,-0.300305,-0.396807,0.000165],[0.318106,0.947801,-0.021944,-0.001416],[0.382684,-0.107193,0.91764,0.004794],[0.0,0.0,0.0,1.0]],"antennas":[-0.048153,0.124141],"body_yaw":0.314072,"check_collision":false},{"head":[[0.868471,-0.298843,-0.395538,0.000246],[0.315136,0.948721,-0.024857,-0.001026],[0.382683,-0.103061,0.918113,0.004316],[0.0,0.0,0.0,1.0]],"antennas":[-0.048153,0.124141],"body_yaw":0.314072,"check_collision":false},{"head":[[0.868731,-0.295909,-0.397171,3.7e-05],[0.31442,0.949086,-0.019379,-0.001151],[0.382684,-0.108043,0.91754,0.004413],[0.0,0.0,0.0,1.0]],"antennas":[-0.048153,0.124141],"body_yaw":0.314072,"check_collision":false},{"head":[[0.868555,-0.292188,-0.400299,-0.000188],[0.314907,0.949075,-0.009478,-0.001705],[0.382683,-0.117825,0.916336,0.004899],[0.0,0.0,0.0,1.0]],"antennas":[-0.048153,0.124141],"body_yaw":0.314072,"check_collision":false},{"head":[[0.868969,-0.286854,-0.403247,-0.000309],[0.313763,0.949501,0.000698,-0.002114],[0.382683,-0.127131,0.915091,0.005169],[0.0,0.0,0.0,1.0]],"antennas":[-0.048153,0.124141],"body_yaw":0.314072,"check_collision":false},{"head":[[0.869587,-0.278244,-0.40792,-0.000406],[0.312045,0.94991,0.017267,-0.002707],[0.382683,-0.142304,0.912855,0.005275],[0.0,0.0,0.0,1.0]],"antennas":[-0.048153,0.124141],"body_yaw":0.314072,"check_collision":false},{"head":[[0.869551,-0.271165,-0.412736,-0.000466],[0.312145,0.949431,0.033856,-0.003504],[0.382684,-0.158273,0.910221,0.005475],[0.0,0.0,0.0,1.0]],"antennas":[-0.048153,0.124141],"body_yaw":0.314072,"check_collision":false},{"head":[[0.869381,-0.265875,-0.416518,-0.000508],[0.312618,0.948719,0.046922,-0.004091],[0.382683,-0.171004,0.907916,0.005416],[0.0,0.0,0.0,1.0]],"antennas":[-0.048153,0.124141],"body_yaw":0.314072,"check_collision":false},{"head":[[0.869339,-0.260932,-0.419719,-0.000478],[0.312734,0.948046,0.058364,-0.004508],[0.382684,-0.181999,0.905776,0.0052],[0.0,0.0,0.0,1.0]],"antennas":[-0.048153,0.124141],"body_yaw":0.314072,"check_collision":false},{"head":[[0.869128,-0.259323,-0.421151,-0.000336],[0.313321,0.947545,0.06315,-0.004927],[0.382683,-0.186841,0.904789,0.005195],[0.0,0.0,0.0,1.0]],"antennas":[-0.048153,0.124141],"body_yaw":0.314072,"check_collision":false},{"head":[[0.869158,-0.260788,-0.420184,-0.000268],[0.313239,0.947797,0.059688,-0.005094],[0.382684,-0.183496,0.905474,0.005433],[0.0,0.0,0.0,1.0]],"antennas":[-0.048153,0.124141],"body_yaw":0.314072,"check_collision":false},{"head":[[0.869881,-0.263249,-0.41714,-0.00012],[0.311221,0.949016,0.050097,-0.005038],[0.382685,-0.173402,0.90746,0.005572],[0.0,0.0,0.0,1.0]],"antennas":[-0.048153,0.124141],"body_yaw":0.314072,"check_collision":false},{"head":[[0.87151,-0.265468,-0.412307,-6.3e-05],[0.30663,0.951158,0.035723,-0.00465],[0.382686,-0.157559,0.910344,0.005388],[0.0,0.0,0.0,1.0]],"antennas":[-0.048153,0.124141],"body_yaw":0.314072,"check_collision":false},{"head":[[0.873662,-0.267226,-0.406577,-3.3e-05],[0.30044,0.953615,0.018821,-0.003792],[0.382688,-0.138595,0.913423,0.004899],[0.0,0.0,0.0,1.0]],"antennas":[-0.048153,0.124141],"body_yaw":0.314072,"check_collision":false},{"head":[[0.875985,-0.267782,-0.401177,3e-05],[0.293601,0.955923,0.003017,-0.003739],[0.382686,-0.120429,0.915996,0.004833],[0.0,0.0,0.0,1.0]],"antennas":[-0.048153,0.124141],"body_yaw":0.314072,"check_collision":false},{"head":[[0.877765,-0.266001,-0.398462,-2.8e-05],[0.288239,0.957549,-0.004273,-0.002846],[0.382684,-0.111101,0.917175,0.004366],[0.0,0.0,0.0,1.0]],"antennas":[-0.048153,0.124141],"body_yaw":0.314072,"check_collision":false},{"head":[[0.878632,-0.262908,-0.398605,-4.7e-05],[0.285587,0.958349,-0.002589,-0.00334],[0.382683,-0.111561,0.917119,0.004416],[0.0,0.0,0.0,1.0]],"antennas":[-0.048153,0.124141],"body_yaw":0.314072,"check_collision":false},{"head":[[0.879005,-0.260011,-0.39968,4e-06],[0.284434,0.958694,0.001872,-0.003385],[0.382684,-0.115328,0.916653,0.004288],[0.0,0.0,0.0,1.0]],"antennas":[-0.048153,0.124141],"body_yaw":0.314072,"check_collision":false},{"head":[[0.878504,-0.258688,-0.401635,4.3e-05],[0.285978,0.9582,0.008361,-0.003592],[0.382684,-0.122203,0.915762,0.004188],[0.0,0.0,0.0,1.0]],"antennas":[-0.048153,0.124141],"body_yaw":0.314072,"check_collision":false},{"head":[[0.877506,-0.256041,-0.405496,-0.000191],[0.289025,0.957088,0.021129,-0.004199],[0.382685,-0.135739,0.913853,0.00461],[0.0,0.0,0.0,1.0]],"antennas":[-0.048153,0.124141],"body_yaw":0.314072,"check_collision":false},{"head":[[0.876176,-0.252472,-0.410577,-0.000193],[0.293033,0.955352,0.037871,-0.004487],[0.382685,-0.153494,0.911039,0.004677],[0.0,0.0,0.0,1.0]],"antennas":[-0.048153,0.124141],"body_yaw":0.314072,"check_collision":false},{"head":[[0.875925,-0.249962,-0.412643,-6.2e-05],[0.297052,0.953387,0.053036,-0.004943],[0.380151,-0.169032,0.909348,0.004948],[0.0,0.0,0.0,1.0]],"antennas":[-0.048153,0.124141],"body_yaw":0.314072,"check_collision":false},{"head":[[0.876682,-0.250264,-0.410849,0.000118],[0.302747,0.950721,0.066892,-0.005546],[0.373862,-0.183026,0.909246,0.005099],[0.0,0.0,0.0,1.0]],"antennas":[-0.048153,0.124141],"body_yaw":0.314072,"check_collision":false},{"head":[[0.877333,-0.250774,-0.409145,0.000393],[0.308551,0.947777,0.080713,-0.006066],[0.367538,-0.197054,0.908893,0.00494],[0.0,0.0,0.0,1.0]],"antennas":[-0.048153,0.124141],"body_yaw":0.314072,"check_collision":false},{"head":[[0.878071,-0.250911,-0.407473,0.000502],[0.311498,0.946101,0.088668,-0.006413],[0.363263,-0.204783,0.908903,0.004896],[0.0,0.0,0.0,1.0]],"antennas":[-0.048153,0.124141],"body_yaw":0.314072,"check_collision":false},{"head":[[0.879879,-0.252095,-0.402816,0.000424],[0.311913,0.945901,0.089343,-0.006524],[0.358501,-0.204255,0.91091,0.004988],[0.0,0.0,0.0,1.0]],"antennas":[-0.048153,0.124141],"body_yaw":0.314072,"check_collision":false},{"head":[[0.878873,-0.256485,-0.40224,0.000336],[0.316682,0.944269,0.089828,-0.006737],[0.356783,-0.206329,0.911117,0.005125],[0.0,0.0,0.0,1.0]],"antennas":[-0.048153,0.124141],"body_yaw":0.314072,"check_collision":false},{"head":[[0.87936,-0.26052,-0.398566,0.000351],[0.320434,0.942925,0.090638,-0.007156],[0.352204,-0.207418,0.91265,0.005533],[0.0,0.0,0.0,1.0]],"antennas":[-0.048153,0.124141],"body_yaw":0.314072,"check_collision":false},{"head":[[0.882113,-0.261459,-0.391811,0.000326],[0.320139,0.942939,0.091522,-0.007415],[0.345525,-0.206167,0.915482,0.005569],[0.0,0.0,0.0,1.0]],"antennas":[-0.048153,0.124141],"body_yaw":0.314072,"check_collision":false},{"head":[[0.883695,-0.26308,-0.387133,0.000294],[0.321468,0.942297,0.093457,-0.007428],[0.340208,-0.207038,0.917275,0.005575],[0.0,0.0,0.0,1.0]],"antennas":[-0.048153,0.124141],"body_yaw":0.314072,"check_collision":false},{"head":[[0.884562,-0.264688,-0.384045,0.000218],[0.323306,0.941431,0.095819,-0.006218],[0.336189,-0.208922,0.918329,0.004917],[0.0,0.0,0.0,1.0]],"antennas":[-0.048153,0.124141],"body_yaw":0.314072,"check_collision":false},{"head":[[0.885457,-0.265872,-0.381153,0.000437],[0.324315,0.940957,0.097055,-0.005497],[0.332844,-0.209551,0.919404,0.00445],[0.0,0.0,0.0,1.0]],"antennas":[-0.048153,0.124141],"body_yaw":0.314072,"check_collision":false},{"head":[[0.886418,-0.267153,-0.378011,0.000477],[0.325262,0.94053,0.098022,-0.005427],[0.329343,-0.209842,0.920597,0.004365],[0.0,0.0,0.0,1.0]],"antennas":[-0.048153,0.124141],"body_yaw":0.314072,"check_collision":false},{"head":[[0.885553,-0.269329,-0.378494,0.000546],[0.328468,0.939185,0.100202,-0.004967],[0.328488,-0.213057,0.920164,0.004107],[0.0,0.0,0.0,1.0]],"antennas":[-0.048153,0.124141],"body_yaw":0.314072,"check_collision":false}]}