{"description":"You look all around with a satisfied air.","time":[0.0,0.02,0.04,0.06,0.08,0.1,0.12,0.14,0.16,0.18,0.2,0.22,0.24,0.26,0.28,0.3,0.32,0.34,0.36,0.38,0.4,0.42,0.44,0.46,0.48,0.5,0.52,0.54,0.56,0.58,0.6,0.62,0.64,0.66,0.68,0.7,0.72,0.74,0.76,0.78,0.8,0.82,0.84,0.86,0.88,0.9,0.92,0.94,0.96,0.98,1.0,1.02,1.04,1.06,1.08,1.1,1.12,1.14,1.16,1.18,1.2,1.22,1.24,1.26,1.28,1.3,1.32,1.34,1.36,1.38,1.4,1.42,1.44,1.46,1.48,1.5,1.52,1.54,1.56,1.58,1.6,1.62,1.64,1.66,1.68,1.7,1.72,1.74,1.76,1.78,1.8,1.82,1.84,1.86,1.88,1.9,1.92,1.94,1.96,1.98,2.0,2.02,2.04,2.06,2.08,2.1,2.12,2.14,2.16,2.18,2.2,2.22,2.24,2.26,2.28,2.3,2.32,2.34,2.36,2.38,2.4,2.42,2.44,2.46,2.48,2.5,2.52,2.54,2.56,2.58,2.6,2.62,2.64,2.66,2.68,2.7,2.72,2.74,2.76,2.78,2.8,2.82,2.84,2.86,2.88,2.9,2.92,2.94,2.96,2.98,3.0,3.02,3.04,3.06,3.08,3.1,3.12,3.14,3.16,3.18,3.2,3.22,3.24,3.26,3.28,3.3,3.32,3.34,3.36,3.38,3.4,3.42,3.44,3.46,3.48,3.5,3.52,3.54,3.56,3.58,3.6,3.62,3.64,3.66,3.68,3.7,3.72,3.74,3.76],"set_target_data":[{"head":[[0.946965,-0.319188,-0.037098,-0.004821],[0.320567,0.946366,0.040355,-0.011184],[0.022227,-0.050107,0.998496,0.002117],[0.0,0.0,0.0,1.0]],"antennas":[0.0,0.0],"body_yaw":0.314072,"check_collision":false},{"head":[[0.946959,-0.319233,-0.036871,-0.00476],[0.320631,0.946285,0.041712,-0.011163],[0.021575,-0.051321,0.998449,0.002002],[0.0,0.0,0.0,1.0]],"antennas":[0.0,0.0],"body_yaw":0.314072,"check_collision":false},{"head":[[0.947015,-0.319084,-0.036711,-0.004843],[0.320489,0.946301,0.042444,-0.011481],[0.021197,-0.051961,0.998424,0.002089],[0.0,0.0,0.0,1.0]],"antennas":[0.0,0.0],"body_yaw":0.314072,"check_collision":false},{"head":[[0.947069,-0.31893,-0.036661,-0.004817],[0.320329,0.94636,0.04232,-0.011117],[0.021197,-0.051823,0.998431,0.001919],[0.0,0.0,0.0,1.0]],"antennas":[0.0,0.0],"body_yaw":0.314072,"check_collision":false},{"head":[[0.946999,-0.319129,-0.036746,-0.004808],[0.320521,0.94632,0.041768,-0.011376],[0.021445,-0.051332,0.998451,0.002077],[0.0,0.0,0.0,1.0]],"antennas":[0.0,0.0],"body_yaw":0.314072,"check_collision":false},{"head":[[0.946855,-0.319566,-0.036646,-0.004829],[0.320918,0.946254,0.040186,-0.011604],[0.021835,-0.049811,0.99852,0.002085],[0.0,0.0,0.0,1.0]],"antennas":[0.0,0.0],"body_yaw":0.314072,"check_collision":false},{"head":[[0.946785,-0.319776,-0.03663,-0.0048],[0.321073,0.946302,0.037747,-0.011548],[0.022593,-0.047499,0.998616,0.00212],[0.0,0.0,0.0,1.0]],"antennas":[0.0,0.0],"body_yaw":0.314072,"check_collision":false},{"head":[[0.94676,-0.319867,-0.036467,-0.004887],[0.321097,0.946394,0.035143,-0.011363],[0.023271,-0.044981,0.998717,0.002021],[0.0,0.0,0.0,1.0]],"antennas":[0.0,0.0],"body_yaw":0.314072,"check_collision":false},{"head":[[0.946981,-0.319251,-0.036132,-0.004861],[0.320412,0.946709,0.032846,-0.011229],[0.02372,-0.042682,0.998807,0.001936],[0.0,0.0,0.0,1.0]],"antennas":[0.0,0.0],"body_yaw":0.314072,"check_collision":false},{"head":[[0.947128,-0.318852,-0.035806,-0.004828],[0.319956,0.946925,0.031017,-0.011187],[0.024016,-0.040834,0.998877,0.00191],[0.0,0.0,0.0,1.0]],"antennas":[0.0,0.0],"body_yaw":0.314072,"check_collision":false},{"head":[[0.947255,-0.31851,-0.035483,-0.00483],[0.31957,0.947097,0.029716,-0.011545],[0.024141,-0.039488,0.998928,0.002078],[0.0,0.0,0.0,1.0]],"antennas":[0.0,0.0],"body_yaw":0.314072,"check_collision":false},{"head":[[0.947332,-0.318319,-0.035146,-0.004867],[0.319334,0.947215,0.028436,-0.011494],[0.024239,-0.038162,0.998978,0.00189],[0.0,0.0,0.0,1.0]],"antennas":[0.0,0.0],"body_yaw":0.314072,"check_collision":false},{"head":[[0.947445,-0.317956,-0.035374,-0.004852],[0.318953,0.947376,0.027332,-0.01146],[0.024822,-0.037178,0.999,0.001787],[0.0,0.0,0.0,1.0]],"antennas":[0.0,0.0],"body_yaw":0.314072,"check_collision":false},{"head":[[0.947582,-0.317529,-0.035557,-0.004844],[0.318511,0.947551,0.026427,-0.011387],[0.025301,-0.036367,0.999018,0.001811],[0.0,0.0,0.0,1.0]],"antennas":[0.0,0.0],"body_yaw":0.314072,"check_collision":false},{"head":[[0.94774,-0.317046,-0.035636,-0.00479],[0.318009,0.947743,0.025568,-0.011066],[0.025668,-0.035564,0.999038,0.001706],[0.0,0.0,0.0,1.0]],"antennas":[0.0,0.0],"body_yaw":0.314072,"check_collision":false},{"head":[[0.947813,-0.316848,-0.035466,-0.004739],[0.317792,0.947829,0.025086,-0.011336],[0.025667,-0.035048,0.999056,0.001869],[0.0,0.0,0.0,1.0]],"antennas":[0.0,0.0],"body_yaw":0.314072,"check_collision":false},{"head":[[0.947864,-0.316677,-0.035626,-0.004791],[0.317627,0.947884,0.025091,-0.011315],[0.025824,-0.035099,0.99905,0.001857],[0.0,0.0,0.0,1.0]],"antennas":[0.0,0.0],"body_yaw":0.314072,"check_collision":false},{"head":[[0.947921,-0.316474,-0.035926,-0.004846],[0.317443,0.947937,0.025411,-0.01151],[0.026014,-0.035492,0.999031,0.001944],[0.0,0.0,0.0,1.0]],"antennas":[0.0,0.0],"body_yaw":0.314072,"check_collision":false},{"head":[[0.948125,-0.315868,-0.035868,-0.004865],[0.316851,0.948117,0.026057,-0.011538],[0.025777,-0.03607,0.999017,0.002036],[0.0,0.0,0.0,1.0]],"antennas":[0.0,0.0],"body_yaw":0.314072,"check_collision":false},{"head":[[0.948422,-0.314976,-0.035852,-0.00487],[0.315991,0.948369,0.027307,-0.011917],[0.0254,-0.037228,0.998984,0.002109],[0.0,0.0,0.0,1.0]],"antennas":[0.0,0.0],"body_yaw":0.314072,"check_collision":false},{"head":[[0.948685,-0.314143,-0.036209,-0.004915],[0.315208,0.948586,0.028764,-0.011998],[0.025312,-0.038701,0.99893,0.00207],[0.0,0.0,0.0,1.0]],"antennas":[0.0,0.0],"body_yaw":0.314072,"check_collision":false},{"head":[[0.948959,-0.313251,-0.036767,-0.004957],[0.314399,0.94878,0.031157,-0.012131],[0.025124,-0.041126,0.998838,0.002145],[0.0,0.0,0.0,1.0]],"antennas":[0.0,0.0],"body_yaw":0.314072,"check_collision":false},{"head":[[0.949424,-0.311766,-0.037365,-0.00496],[0.313019,0.949127,0.034298,-0.011909],[0.024771,-0.044259,0.998713,0.001989],[0.0,0.0,0.0,1.0]],"antennas":[0.0,0.0],"body_yaw":0.314072,"check_collision":false},{"head":[[0.949896,-0.310267,-0.037843,-0.00492],[0.311639,0.949431,0.038234,-0.011697],[0.024067,-0.048112,0.998552,0.001893],[0.0,0.0,0.0,1.0]],"antennas":[0.0,0.0],"body_yaw":0.314072,"check_collision":false},{"head":[[0.950265,-0.30908,-0.038298,-0.004999],[0.310579,0.949591,0.042625,-0.01167],[0.023193,-0.0524,0.998357,0.001906],[0.0,0.0,0.0,1.0]],"antennas":[0.0,0.0],"body_yaw":0.314072,"check_collision":false},{"head":[[0.95062,-0.307931,-0.038742,-0.005021],[0.309538,0.949762,0.046249,-0.011525],[0.022554,-0.055957,0.998178,0.001872],[0.0,0.0,0.0,1.0]],"antennas":[0.0,0.0],"body_yaw":0.314072,"check_collision":false},{"head":[[0.950922,-0.307003,-0.038677,-0.00496],[0.308663,0.949921,0.048753,-0.01127],[0.021773,-0.058299,0.998062,0.001824],[0.0,0.0,0.0,1.0]],"antennas":[0.0,0.0],"body_yaw":0.314072,"check_collision":false},{"head":[[0.951314,-0.305772,-0.038792,-0.004933],[0.307503,0.950145,0.051649,-0.011059],[0.021065,-0.061063,0.997912,0.001773],[0.0,0.0,0.0,1.0]],"antennas":[0.0,0.0],"body_yaw":0.314072,"check_collision":false},{"head":[[0.951544,-0.305018,-0.039086,-0.004879],[0.306828,0.950202,0.054532,-0.01111],[0.020507,-0.063882,0.997747,0.001823],[0.0,0.0,0.0,1.0]],"antennas":[0.0,0.0],"body_yaw":0.314072,"check_collision":false},{"head":[[0.951625,-0.304748,-0.039224,-0.004889],[0.306607,0.950158,0.056502,-0.011015],[0.02005,-0.065795,0.997632,0.001723],[0.0,0.0,0.0,1.0]],"antennas":[0.0,0.0],"body_yaw":0.314072,"check_collision":false},{"head":[[0.95181,-0.304166,-0.039254,-0.004895],[0.30606,0.950237,0.058107,-0.011014],[0.019627,-0.067321,0.997538,0.001661],[0.0,0.0,0.0,1.0]],"antennas":[0.0,0.0],"body_yaw":0.314072,"check_collision":false},{"head":[[0.952127,-0.303154,-0.039398,-0.004886],[0.305089,0.950453,0.059662,-0.011077],[0.019359,-0.068826,0.997441,0.001657],[0.0,0.0,0.0,1.0]],"antennas":[0.0,0.0],"body_yaw":0.314072,"check_collision":false},{"head":[[0.952265,-0.302705,-0.039502,-0.004858],[0.304661,0.950554,0.060247,-0.010838],[0.019312,-0.069406,0.997402,0.001547],[0.0,0.0,0.0,1.0]],"antennas":[0.0,0.0],"body_yaw":0.314072,"check_collision":false},{"head":[[0.952447,-0.302136,-0.039471,-0.004861],[0.304104,0.950683,0.061005,-0.010777],[0.019093,-0.070107,0.997357,0.001615],[0.0,0.0,0.0,1.0]],"antennas":[0.0,0.0],"body_yaw":0.314072,"check_collision":false},{"head":[[0.952766,-0.301102,-0.039683,-0.004897],[0.303113,0.950916,0.062306,-0.011062],[0.018974,-0.071392,0.997268,0.001804],[0.0,0.0,0.0,1.0]],"antennas":[0.0,0.0],"body_yaw":0.314072,"check_collision":false},{"head":[[0.952944,-0.300514,-0.039871,-0.004889],[0.302557,0.951029,0.063271,-0.011139],[0.018904,-0.072356,0.9972,0.001775],[0.0,0.0,0.0,1.0]],"antennas":[0.0,0.0],"body_yaw":0.314072,"check_collision":false},{"head":[[0.953235,-0.299606,-0.03974,-0.004888],[0.301664,0.95123,0.064499,-0.011044],[0.018478,-0.073471,0.997126,0.001684],[0.0,0.0,0.0,1.0]],"antennas":[0.0,0.0],"body_yaw":0.314072,"check_collision":false},{"head":[[0.953629,-0.298374,-0.039557,-0.004933],[0.300455,0.951487,0.06633,-0.010906],[0.017847,-0.075139,0.997013,0.00165],[0.0,0.0,0.0,1.0]],"antennas":[0.0,0.0],"body_yaw":0.314072,"check_collision":false},{"head":[[0.953993,-0.297236,-0.039357,-0.00498],[0.299329,0.951744,0.067712,-0.010943],[0.017331,-0.076378,0.996928,0.001694],[0.0,0.0,0.0,1.0]],"antennas":[0.0,0.0],"body_yaw":0.314072,"check_collision":false},{"head":[[0.954265,-0.296386,-0.039159,-0.004987],[0.298483,0.951938,0.06872,-0.011135],[0.016909,-0.077266,0.996867,0.001837],[0.0,0.0,0.0,1.0]],"antennas":[0.0,0.0],"body_yaw":0.314072,"check_collision":false},{"head":[[0.954416,-0.295911,-0.03907,-0.004952],[0.298019,0.95201,0.069726,-0.011039],[0.016562,-0.078191,0.996801,0.001915],[0.0,0.0,0.0,1.0]],"antennas":[0.0,0.0],"body_yaw":0.314072,"check_collision":false},{"head":[[0.954562,-0.295481,-0.038762,-0.004945],[0.297574,0.952112,0.070224,-0.010999],[0.016156,-0.078567,0.996778,0.001878],[0.0,0.0,0.0,1.0]],"antennas":[0.0,0.0],"body_yaw":0.314072,"check_collision":false},{"head":[[0.954874,-0.294489,-0.03862,-0.004969],[0.296591,0.952339,0.0713,-0.011183],[0.015782,-0.079537,0.996707,0.001881],[0.0,0.0,0.0,1.0]],"antennas":[0.0,0.0],"body_yaw":0.314072,"check_collision":false},{"head":[[0.955293,-0.293115,-0.038718,-0.005014],[0.295254,0.952633,0.072908,-0.011141],[0.015513,-0.08108,0.996587,0.001885],[0.0,0.0,0.0,1.0]],"antennas":[0.0,0.0],"body_yaw":0.314072,"check_collision":false},{"head":[[0.955681,-0.291835,-0.038805,-0.005039],[0.294013,0.952878,0.074697,-0.010948],[0.015177,-0.082795,0.996451,0.001822],[0.0,0.0,0.0,1.0]],"antennas":[0.0,0.0],"body_yaw":0.314072,"check_collision":false},{"head":[[0.955947,-0.290977,-0.038708,-0.005002],[0.293166,0.953048,0.075845,-0.010821],[0.014821,-0.083852,0.996368,0.001804],[0.0,0.0,0.0,1.0]],"antennas":[0.0,0.0],"body_yaw":0.314072,"check_collision":false},{"head":[[0.956255,-0.289957,-0.03875,-0.004981],[0.292166,0.953282,0.076757,-0.010885],[0.014683,-0.08472,0.996297,0.00185],[0.0,0.0,0.0,1.0]],"antennas":[0.0,0.0],"body_yaw":0.314072,"check_collision":false},{"head":[[0.956603,-0.288766,-0.039044,-0.005003],[0.291032,0.953478,0.078618,-0.010932],[0.014526,-0.086569,0.99614,0.001889],[0.0,0.0,0.0,1.0]],"antennas":[0.0,0.0],"body_yaw":0.314072,"check_collision":false},{"head":[[0.956945,-0.287658,-0.038855,-0.004972],[0.289934,0.953675,0.080263,-0.011005],[0.013967,-0.088073,0.996016,0.001925],[0.0,0.0,0.0,1.0]],"antennas":[0.0,0.0],"body_yaw":0.314072,"check_collision":false},{"head":[[0.957469,-0.286003,-0.038151,-0.004983],[0.288247,0.954032,0.082073,-0.01125],[0.012924,-0.089579,0.995896,0.002065],[0.0,0.0,0.0,1.0]],"antennas":[0.0,0.0],"body_yaw":0.314072,"check_collision":false},{"head":[[0.95785,-0.284774,-0.037775,-0.00502],[0.287007,0.954279,0.083542,-0.011184],[0.012257,-0.090862,0.995788,0.002066],[0.0,0.0,0.0,1.0]],"antennas":[0.0,0.0],"body_yaw":0.314072,"check_collision":false},{"head":[[0.958068,-0.284051,-0.037693,-0.00498],[0.286287,0.954437,0.084198,-0.010736],[0.012059,-0.091459,0.995736,0.001953],[0.0,0.0,0.0,1.0]],"antennas":[0.0,0.0],"body_yaw":0.314072,"check_collision":false},{"head":[[0.958316,-0.283279,-0.037187,-0.00505],[0.285475,0.954656,0.08447,-0.010691],[0.011572,-0.091565,0.995732,0.001885],[0.0,0.0,0.0,1.0]],"antennas":[0.0,0.0],"body_yaw":0.314072,"check_collision":false},{"head":[[0.958565,-0.282512,-0.036606,-0.005022],[0.284659,0.95489,0.08459,-0.010888],[0.011057,-0.091506,0.995743,0.001975],[0.0,0.0,0.0,1.0]],"antennas":[0.0,0.0],"body_yaw":0.314072,"check_collision":false},{"head":[[0.958895,-0.281459,-0.036062,-0.004948],[0.283564,0.955187,0.084906,-0.01106],[0.010549,-0.091642,0.995736,0.002032],[0.0,0.0,0.0,1.0]],"antennas":[0.0,0.0],"body_yaw":0.314072,"check_collision":false},{"head":[[0.959444,-0.279635,-0.035669,-0.004973],[0.281721,0.95564,0.085937,-0.010963],[0.010056,-0.092501,0.995662,0.001981],[0.0,0.0,0.0,1.0]],"antennas":[0.0,-0.003151],"body_yaw":0.314072,"check_collision":false},{"head":[[0.959584,-0.279164,-0.035589,-0.005009],[0.28125,0.955727,0.08651,-0.010506],[0.009863,-0.093023,0.995615,0.001869],[0.0,0.0,0.0,1.0]],"antennas":[-0.008849,-0.041247],"body_yaw":0.314072,"check_collision":false},{"head":[[0.959664,-0.278933,-0.035241,-0.00501],[0.280991,0.955776,0.086815,-0.010814],[0.009467,-0.093216,0.995601,0.002078],[0.0,0.0,0.0,1.0]],"antennas":[-0.04703,-0.123723],"body_yaw":0.314072,"check_collision":false},{"head":[[0.959942,-0.278055,-0.034585,-0.004999],[0.280058,0.956022,0.087118,-0.010891],[0.00884,-0.093314,0.995598,0.002052],[0.0,0.0,0.0,1.0]],"antennas":[-0.114499,-0.209729],"body_yaw":0.314072,"check_collision":false},{"head":[[0.960196,-0.277205,-0.034374,-0.004941],[0.279196,0.956233,0.087571,-0.01065],[0.008595,-0.093682,0.995565,0.00196],[0.0,0.0,0.0,1.0]],"antennas":[-0.200852,-0.296845],"body_yaw":0.314072,"check_collision":false},{"head":[[0.960374,-0.276628,-0.034058,-0.004937],[0.278589,0.956429,0.087359,-0.010812],[0.008408,-0.093385,0.995595,0.002025],[0.0,0.0,0.0,1.0]],"antennas":[-0.28794,-0.383932],"body_yaw":0.314072,"check_collision":false},{"head":[[0.960603,-0.275898,-0.033498,-0.004823],[0.277811,0.956647,0.087455,-0.010991],[0.007917,-0.093316,0.995605,0.002067],[0.0,0.0,0.0,1.0]],"antennas":[-0.373795,-0.469788],"body_yaw":0.314072,"check_collision":false},{"head":[[0.960684,-0.275652,-0.033192,-0.004749],[0.277539,0.956714,0.087576,-0.010916],[0.007615,-0.093345,0.995605,0.001909],[0.0,0.0,0.0,1.0]],"antennas":[-0.461227,-0.55722],"body_yaw":0.314072,"check_collision":false},{"head":[[0.96076,-0.275356,-0.03345,-0.004824],[0.27727,0.956773,0.087793,-0.011152],[0.00783,-0.093622,0.995577,0.002076],[0.0,0.0,0.0,1.0]],"antennas":[-0.547411,-0.643404],"body_yaw":0.314072,"check_collision":false},{"head":[[0.960941,-0.274703,-0.033619,-0.004947],[0.276632,0.956988,0.08745,-0.011033],[0.008151,-0.093335,0.995601,0.002144],[0.0,0.0,0.0,1.0]],"antennas":[-0.634781,-0.726956],"body_yaw":0.314072,"check_collision":false},{"head":[[0.961025,-0.274422,-0.033511,-0.004991],[0.276336,0.957149,0.086628,-0.011006],[0.008302,-0.092512,0.995677,0.002294],[0.0,0.0,0.0,1.0]],"antennas":[-0.705834,-0.749295],"body_yaw":0.314072,"check_collision":false},{"head":[[0.961033,-0.274404,-0.033426,-0.004942],[0.276289,0.957377,0.084219,-0.010857],[0.008892,-0.090172,0.995886,0.002246],[0.0,0.0,0.0,1.0]],"antennas":[-0.705834,-0.749295],"body_yaw":0.314072,"check_collision":false},{"head":[[0.961009,-0.274541,-0.033017,-0.004923],[0.276355,0.957676,0.08053,-0.010943],[0.009511,-0.086515,0.996205,0.002152],[0.0,0.0,0.0,1.0]],"antennas":[-0.705834,-0.749295],"body_yaw":0.314072,"check_collision":false},{"head":[[0.961036,-0.274471,-0.032794,-0.004756],[0.276224,0.958065,0.076243,-0.010898],[0.010493,-0.08233,0.99655,0.001801],[0.0,0.0,0.0,1.0]],"antennas":[-0.705834,-0.749295],"body_yaw":0.314072,"check_collision":false},{"head":[[0.961067,-0.274364,-0.032794,-0.004722],[0.276052,0.958555,0.070485,-0.011163],[0.012096,-0.076794,0.996974,0.001704],[0.0,0.0,0.0,1.0]],"antennas":[-0.705834,-0.749295],"body_yaw":0.314072,"check_collision":false},{"head":[[0.961049,-0.274262,-0.034122,-0.004743],[0.275927,0.959187,0.061846,-0.011328],[0.015767,-0.068852,0.997502,0.001717],[0.0,0.0,0.0,1.0]],"antennas":[-0.705834,-0.749295],"body_yaw":0.314072,"check_collision":false},{"head":[[0.961006,-0.274258,-0.035361,-0.004614],[0.275849,0.959732,0.053128,-0.01115],[0.019366,-0.06081,0.997961,0.001644],[0.0,0.0,0.0,1.0]],"antennas":[-0.705834,-0.749295],"body_yaw":0.314072,"check_collision":false},{"head":[[0.960979,-0.274265,-0.036038,-0.004535],[0.275662,0.960328,0.042202,-0.01098],[0.023034,-0.05049,0.998459,0.001432],[0.0,0.0,0.0,1.0]],"antennas":[-0.705834,-0.739253],"body_yaw":0.314072,"check_collision":false},{"head":[[0.960841,-0.274643,-0.03683,-0.004482],[0.275857,0.960622,0.033305,-0.010882],[0.026233,-0.042161,0.998766,0.001548],[0.0,0.0,0.0,1.0]],"antennas":[-0.704964,-0.68877],"body_yaw":0.314072,"check_collision":false},{"head":[[0.960636,-0.275346,-0.036911,-0.004403],[0.27635,0.960717,0.02555,-0.010454],[0.028426,-0.034744,0.998992,0.001663],[0.0,0.0,0.0,1.0]],"antennas":[-0.676999,-0.601777],"body_yaw":0.314072,"check_collision":false},{"head":[[0.960366,-0.276247,-0.037218,-0.004266],[0.277009,0.960716,0.017063,-0.010311],[0.031043,-0.026696,0.999161,0.001463],[0.0,0.0,0.0,1.0]],"antennas":[-0.620313,-0.515777],"body_yaw":0.314072,"check_collision":false},{"head":[[0.960162,-0.276878,-0.037773,-0.004075],[0.277308,0.960759,0.006547,-0.010434],[0.034478,-0.016761,0.999265,0.001037],[0.0,0.0,0.0,1.0]],"antennas":[-0.540914,-0.428401],"body_yaw":0.314072,"check_collision":false},{"head":[[0.960275,-0.276344,-0.038796,-0.003967],[0.27636,0.961041,-0.005056,-0.010776],[0.038682,-0.005867,0.999234,0.000863],[0.0,0.0,0.0,1.0]],"antennas":[-0.457248,-0.341692],"body_yaw":0.314072,"check_collision":false},{"head":[[0.960449,-0.275658,-0.039373,-0.003831],[0.275305,0.961251,-0.014238,-0.010479],[0.041772,0.002835,0.999123,0.000706],[0.0,0.0,0.0,1.0]],"antennas":[-0.373091,-0.254809],"body_yaw":0.314072,"check_collision":false},{"head":[[0.960741,-0.274588,-0.039726,-0.003716],[0.273851,0.961496,-0.023024,-0.010415],[0.044518,0.011241,0.998945,0.00065],[0.0,0.0,0.0,1.0]],"antennas":[-0.28939,-0.168397],"body_yaw":0.314072,"check_collision":false},{"head":[[0.960753,-0.274386,-0.040823,-0.00351],[0.273036,0.961341,-0.035707,-0.010424],[0.049042,0.023159,0.998528,0.000687],[0.0,0.0,0.0,1.0]],"antennas":[-0.205121,-0.081399],"body_yaw":0.314072,"check_collision":false},{"head":[[0.96071,-0.27447,-0.041268,-0.003297],[0.272391,0.960903,-0.049686,-0.010288],[0.053291,0.036493,0.997912,0.000791],[0.0,0.0,0.0,1.0]],"antennas":[-0.121314,0.005123],"body_yaw":0.314072,"check_collision":false},{"head":[[0.961084,-0.273072,-0.041826,-0.003245],[0.270396,0.960871,-0.060102,-0.010152],[0.056602,0.046453,0.997316,0.000862],[0.0,0.0,0.0,1.0]],"antennas":[-0.036931,0.092239],"body_yaw":0.314072,"check_collision":false},{"head":[[0.961318,-0.272169,-0.042318,-0.003127],[0.269069,0.960787,-0.067013,-0.010209],[0.058897,0.053035,0.996854,0.000684],[0.0,0.0,0.0,1.0]],"antennas":[0.047042,0.178931],"body_yaw":0.314072,"check_collision":false},{"head":[[0.961681,-0.270809,-0.042794,-0.002912],[0.267356,0.96087,-0.07245,-0.010073],[0.06074,0.058232,0.996454,0.000461],[0.0,0.0,0.0,1.0]],"antennas":[0.125394,0.265616],"body_yaw":0.314072,"check_collision":false},{"head":[[0.961904,-0.269949,-0.043225,-0.002843],[0.266224,0.960874,-0.076465,-0.010174],[0.062176,0.062045,0.996135,0.00044],[0.0,0.0,0.0,1.0]],"antennas":[0.171215,0.305973],"body_yaw":0.314072,"check_collision":false},{"head":[[0.962322,-0.268329,-0.044,-0.002848],[0.264545,0.961322,-0.076655,-0.010243],[0.062867,0.062127,0.996086,0.000428],[0.0,0.0,0.0,1.0]],"antennas":[0.171935,0.306595],"body_yaw":0.314072,"check_collision":false},{"head":[[0.962841,-0.266267,-0.045146,-0.002763],[0.262684,0.962162,-0.072403,-0.0103],[0.062717,0.057853,0.996353,0.000277],[0.0,0.0,0.0,1.0]],"antennas":[0.171935,0.306595],"body_yaw":0.314072,"check_collision":false},{"head":[[0.963682,-0.262839,-0.047244,-0.002674],[0.259467,0.963407,-0.067262,-0.010636],[0.063194,0.052561,0.996616,0.000223],[0.0,0.0,0.0,1.0]],"antennas":[0.171935,0.306595],"body_yaw":0.314072,"check_collision":false},{"head":[[0.964689,-0.258702,-0.04949,-0.002589],[0.255704,0.964915,-0.059613,-0.010951],[0.063176,0.044853,0.996994,0.000349],[0.0,0.0,0.0,1.0]],"antennas":[0.171935,0.306595],"body_yaw":0.314072,"check_collision":false},{"head":[[0.965401,-0.255681,-0.051267,-0.002517],[0.25323,0.966125,-0.049767,-0.011178],[0.062255,0.035062,0.997444,0.000502],[0.0,0.0,0.0,1.0]],"antennas":[0.171935,0.306595],"body_yaw":0.314072,"check_collision":false},{"head":[[0.96605,-0.252847,-0.053072,-0.002415],[0.251359,0.967325,-0.033173,-0.011482],[0.059726,0.018707,0.99804,0.000784],[0.0,0.0,0.0,1.0]],"antennas":[0.171935,0.306595],"body_yaw":0.314072,"check_collision":false},{"head":[[0.966438,-0.251111,-0.05423,-0.002265],[0.251344,0.967894,-0.002595,-0.011208],[0.05314,-0.011122,0.998525,0.00093],[0.0,0.0,0.0,1.0]],"antennas":[0.171935,0.306595],"body_yaw":0.314072,"check_collision":false},{"head":[[0.966486,-0.250629,-0.055585,-0.002032],[0.252523,0.967125,0.030037,-0.011462],[0.046229,-0.043067,0.998002,0.001247],[0.0,0.0,0.0,1.0]],"antennas":[0.171935,0.306595],"body_yaw":0.314072,"check_collision":false},{"head":[[0.966468,-0.2507,-0.055581,-0.002034],[0.253793,0.965513,0.058085,-0.011719],[0.039102,-0.070244,0.996763,0.0009],[0.0,0.0,0.0,1.0]],"antennas":[0.151482,0.273933],"body_yaw":0.314072,"check_collision":false},{"head":[[0.966824,-0.24943,-0.055107,-0.001965],[0.253105,0.964542,0.074806,-0.011653],[0.034495,-0.086272,0.995674,0.000621],[0.0,0.0,0.0,1.0]],"antennas":[0.089229,0.18959],"body_yaw":0.314072,"check_collision":false},{"head":[[0.967128,-0.248149,-0.055543,-0.001944],[0.252344,0.963523,0.089145,-0.011539],[0.031396,-0.10023,0.994469,0.000681],[0.0,0.0,0.0,1.0]],"antennas":[0.004551,0.103963],"body_yaw":0.314072,"check_collision":false},{"head":[[0.966651,-0.249599,-0.057326,-0.001984],[0.254592,0.960818,0.109599,-0.011403],[0.027724,-0.120539,0.992321,0.000863],[0.0,0.0,0.0,1.0]],"antennas":[-0.082971,0.016441],"body_yaw":0.314072,"check_collision":false},{"head":[[0.967076,-0.247619,-0.058731,-0.001977],[0.253192,0.959447,0.123918,-0.01121],[0.025665,-0.134709,0.990553,0.001132],[0.0,0.0,0.0,1.0]],"antennas":[-0.169166,-0.069755],"body_yaw":0.314072,"check_collision":false},{"head":[[0.967041,-0.247714,-0.058894,-0.001866],[0.253434,0.95873,0.128869,-0.010993],[0.024541,-0.139548,0.989911,0.00132],[0.0,0.0,0.0,1.0]],"antennas":[-0.2568,-0.157388],"body_yaw":0.314072,"check_collision":false},{"head":[[0.967028,-0.247845,-0.058562,-0.001713],[0.25361,0.958151,0.132774,-0.011],[0.023204,-0.143248,0.989415,0.001098],[0.0,0.0,0.0,1.0]],"antennas":[-0.343549,-0.244138],"body_yaw":0.314072,"check_collision":false},{"head":[[0.967245,-0.247078,-0.058221,-0.001625],[0.252841,0.958111,0.134513,-0.011074],[0.022547,-0.144828,0.9892,0.000886],[0.0,0.0,0.0,1.0]],"antennas":[-0.429959,-0.330548],"body_yaw":0.314072,"check_collision":false},{"head":[[0.967635,-0.245611,-0.057948,-0.001617],[0.25137,0.958368,0.135439,-0.010894],[0.02227,-0.145621,0.98909,0.000713],[0.0,0.0,0.0,1.0]],"antennas":[-0.508247,-0.382811],"body_yaw":0.314072,"check_collision":false},{"head":[[0.967841,-0.244902,-0.057512,-0.001649],[0.250556,0.95888,0.133307,-0.010663],[0.0225,-0.14343,0.989405,0.000745],[0.0,0.0,0.0,1.0]],"antennas":[-0.516958,-0.382811],"body_yaw":0.314072,"check_collision":false},{"head":[[0.967979,-0.244376,-0.057418,-0.00168],[0.249948,0.959472,0.130152,-0.010633],[0.023285,-0.140335,0.98983,0.000964],[0.0,0.0,0.0,1.0]],"antennas":[-0.516958,-0.382811],"body_yaw":0.314072,"check_collision":false},{"head":[[0.968028,-0.244327,-0.056801,-0.001648],[0.249683,0.96027,0.12466,-0.01054],[0.024087,-0.134857,0.990572,0.00117],[0.0,0.0,0.0,1.0]],"antennas":[-0.516958,-0.382811],"body_yaw":0.314072,"check_collision":false},{"head":[[0.968009,-0.244465,-0.056531,-0.001589],[0.249617,0.961134,0.117955,-0.010608],[0.025498,-0.128293,0.991409,0.001125],[0.0,0.0,0.0,1.0]],"antennas":[-0.516958,-0.382811],"body_yaw":0.314072,"check_collision":false},{"head":[[0.967935,-0.244739,-0.056604,-0.001521],[0.249695,0.962021,0.110307,-0.010563],[0.027457,-0.120904,0.992284,0.000838],[0.0,0.0,0.0,1.0]],"antennas":[-0.516958,-0.382811],"body_yaw":0.314072,"check_collision":false},{"head":[[0.967874,-0.244969,-0.05666,-0.001494],[0.249691,0.96294,0.101985,-0.010501],[0.029577,-0.112856,0.993171,0.000462],[0.0,0.0,0.0,1.0]],"antennas":[-0.516958,-0.382811],"body_yaw":0.314072,"check_collision":false},{"head":[[0.967791,-0.245301,-0.056641,-0.001426],[0.249772,0.963738,0.09393,-0.010252],[0.031546,-0.105052,0.993966,0.00038],[0.0,0.0,0.0,1.0]],"antennas":[-0.516958,-0.382811],"body_yaw":0.314072,"check_collision":false},{"head":[[0.967776,-0.245376,-0.056565,-0.001415],[0.249591,0.96449,0.086386,-0.010177],[0.033359,-0.09772,0.994655,0.00062],[0.0,0.0,0.0,1.0]],"antennas":[-0.513531,-0.377393],"body_yaw":0.314072,"check_collision":false},{"head":[[0.967719,-0.24542,-0.057348,-0.001393],[0.249457,0.965148,0.079129,-0.010187],[0.03593,-0.090881,0.995213,0.000698],[0.0,0.0,0.0,1.0]],"antennas":[-0.490728,-0.33836],"body_yaw":0.314072,"check_collision":false},{"head":[[0.967913,-0.244416,-0.058352,-0.001366],[0.248355,0.965836,0.074033,-0.010184],[0.038264,-0.086149,0.995547,0.000802],[0.0,0.0,0.0,1.0]],"antennas":[-0.436836,-0.257316],"body_yaw":0.314072,"check_collision":false},{"head":[[0.968134,-0.243273,-0.059448,-0.001347],[0.247187,0.966363,0.071002,-0.010264],[0.040176,-0.083434,0.995703,0.000664],[0.0,0.0,0.0,1.0]],"antennas":[-0.355508,-0.170713],"body_yaw":0.314072,"check_collision":false},{"head":[[0.968025,-0.243223,-0.061401,-0.001314],[0.247121,0.966682,0.066769,-0.010484],[0.043115,-0.079807,0.995877,0.000166],[0.0,0.0,0.0,1.0]],"antennas":[-0.268721,-0.083926],"body_yaw":0.314072,"check_collision":false},{"head":[[0.967962,-0.242976,-0.063336,-0.001246],[0.246808,0.967083,0.06194,-0.010556],[0.046202,-0.075588,0.996068,-0.000141],[0.0,0.0,0.0,1.0]],"antennas":[-0.182109,0.002686],"body_yaw":0.314072,"check_collision":false},{"head":[[0.968119,-0.241899,-0.065036,-0.001152],[0.245375,0.968028,0.05208,-0.010563],[0.050359,-0.066378,0.996523,-0.000235],[0.0,0.0,0.0,1.0]],"antennas":[-0.095265,0.08953],"body_yaw":0.314072,"check_collision":false},{"head":[[0.968439,-0.240234,-0.06644,-0.001029],[0.242784,0.969509,0.033301,-0.010253],[0.056414,-0.048381,0.997235,-0.000253],[0.0,0.0,0.0,1.0]],"antennas":[-0.008381,0.176415],"body_yaw":0.314072,"check_collision":false},{"head":[[0.96858,-0.239383,-0.067443,-0.000927],[0.241351,0.970174,0.02261,-0.010053],[0.060019,-0.038176,0.997467,-0.000392],[0.0,0.0,0.0,1.0]],"antennas":[0.077907,0.262703],"body_yaw":0.314072,"check_collision":false},{"head":[[0.968463,-0.239385,-0.069094,-0.000891],[0.241076,0.970354,0.017159,-0.009999],[0.062938,-0.033275,0.997463,-0.000402],[0.0,0.0,0.0,1.0]],"antennas":[0.164701,0.349497],"body_yaw":0.314072,"check_collision":false},{"head":[[0.968328,-0.239265,-0.071369,-0.000792],[0.240549,0.970587,0.009834,-0.009979],[0.066916,-0.02669,0.997402,-0.000436],[0.0,0.0,0.0,1.0]],"antennas":[0.251731,0.436526],"body_yaw":0.314072,"check_collision":false},{"head":[[0.968276,-0.239153,-0.072444,-0.000767],[0.240061,0.97075,0.003974,-0.009941],[0.069375,-0.021239,0.997365,-0.000541],[0.0,0.0,0.0,1.0]],"antennas":[0.338285,0.52308],"body_yaw":0.314072,"check_collision":false},{"head":[[0.968452,-0.238411,-0.072539,-0.000804],[0.239088,0.970998,0.000672,-0.010229],[0.070275,-0.017994,0.997365,-0.000533],[0.0,0.0,0.0,1.0]],"antennas":[0.424814,0.60961],"body_yaw":0.314072,"check_collision":false},{"head":[[0.968422,-0.238461,-0.072765,-0.000763],[0.23903,0.971012,-0.000906,-0.010031],[0.070872,-0.016515,0.997349,-0.000439],[0.0,0.0,0.0,1.0]],"antennas":[0.508953,0.696534],"body_yaw":0.314072,"check_collision":false},{"head":[[0.968408,-0.238531,-0.072725,-0.000693],[0.238993,0.971018,-0.002409,-0.009898],[0.071192,-0.015048,0.997349,-0.000368],[0.0,0.0,0.0,1.0]],"antennas":[0.558951,0.737173],"body_yaw":0.314072,"check_collision":false},{"head":[[0.968171,-0.239155,-0.073828,-0.000557],[0.239359,0.970911,-0.006209,-0.010056],[0.073165,-0.01166,0.997252,-0.000302],[0.0,0.0,0.0,1.0]],"antennas":[0.558951,0.734335],"body_yaw":0.314072,"check_collision":false},{"head":[[0.967826,-0.239827,-0.076136,-0.000437],[0.239366,0.970809,-0.015261,-0.010131],[0.077573,-0.003455,0.996981,-0.000496],[0.0,0.0,0.0,1.0]],"antennas":[0.558951,0.734335],"body_yaw":0.314072,"check_collision":false},{"head":[[0.967649,-0.240002,-0.077806,-0.000434],[0.238964,0.970767,-0.022529,-0.010279],[0.080939,0.003208,0.996714,-0.000544],[0.0,0.0,0.0,1.0]],"antennas":[0.558951,0.734335],"body_yaw":0.314072,"check_collision":false},{"head":[[0.967482,-0.240195,-0.079277,-0.000514],[0.238871,0.970705,-0.025924,-0.010276],[0.083181,0.006144,0.996516,-0.000633],[0.0,0.0,0.0,1.0]],"antennas":[0.558951,0.734335],"body_yaw":0.314072,"check_collision":false},{"head":[[0.967377,-0.240505,-0.079623,-0.000532],[0.239159,0.970627,-0.026179,-0.010355],[0.08358,0.006283,0.996481,-0.000662],[0.0,0.0,0.0,1.0]],"antennas":[0.558951,0.734335],"body_yaw":0.314072,"check_collision":false},{"head":[[0.967472,-0.24032,-0.079017,-0.000545],[0.238929,0.970668,-0.026755,-0.010637],[0.083129,0.007005,0.996514,-0.000458],[0.0,0.0,0.0,1.0]],"antennas":[0.550016,0.732248],"body_yaw":0.314072,"check_collision":false},{"head":[[0.967479,-0.240362,-0.078805,-0.000401],[0.238796,0.97064,-0.02887,-0.010269],[0.083431,0.009112,0.996472,-0.000237],[0.0,0.0,0.0,1.0]],"antennas":[0.507942,0.710128],"body_yaw":0.314072,"check_collision":false},{"head":[[0.967388,-0.240628,-0.079109,-0.000359],[0.238679,0.970525,-0.033382,-0.010225],[0.08481,0.013412,0.996307,-0.000137],[0.0,0.0,0.0,1.0]],"antennas":[0.42749,0.64548],"body_yaw":0.314072,"check_collision":false},{"head":[[0.967288,-0.240573,-0.080487,-0.000316],[0.238221,0.970475,-0.037802,-0.010131],[0.087205,0.017392,0.996039,-0.000444],[0.0,0.0,0.0,1.0]],"antennas":[0.340567,0.558557],"body_yaw":0.314072,"check_collision":false},{"head":[[0.967052,-0.241302,-0.081143,-0.000169],[0.238505,0.970202,-0.042705,-0.01009],[0.08903,0.021945,0.995787,-0.000607],[0.0,0.0,0.0,1.0]],"antennas":[0.253968,0.471958],"body_yaw":0.314072,"check_collision":false},{"head":[[0.967033,-0.241487,-0.080821,-6.1e-05],[0.238216,0.970022,-0.048061,-0.010064],[0.090004,0.027224,0.995569,-0.000481],[0.0,0.0,0.0,1.0]],"antennas":[0.167073,0.385063],"body_yaw":0.314072,"check_collision":false},{"head":[[0.96674,-0.242549,-0.081142,1.8e-05],[0.238612,0.96954,-0.055279,-0.011357],[0.092078,0.034079,0.995168,-8.6e-05],[0.0,0.0,0.0,1.0]],"antennas":[0.080385,0.298375],"body_yaw":0.314072,"check_collision":false},{"head":[[0.966607,-0.242877,-0.081745,-0.00012],[0.238259,0.969201,-0.062309,-0.011312],[0.094361,0.040752,0.994704,-9.2e-05],[0.0,0.0,0.0,1.0]],"antennas":[-0.005821,0.211743],"body_yaw":0.314072,"check_collision":false},{"head":[[0.96651,-0.242914,-0.082772,-0.000128],[0.237863,0.969028,-0.066374,-0.011028],[0.096331,0.044463,0.994356,6e-06],[0.0,0.0,0.0,1.0]],"antennas":[-0.046954,0.150503],"body_yaw":0.314072,"check_collision":false},{"head":[[0.966375,-0.243276,-0.083284,-0.000148],[0.238009,0.968855,-0.068356,-0.010805],[0.09732,0.046235,0.994179,0.00028],[0.0,0.0,0.0,1.0]],"antennas":[-0.046954,0.150503],"body_yaw":0.314072,"check_collision":false},{"head":[[0.966559,-0.242617,-0.083068,-0.000133],[0.237495,0.969078,-0.066961,-0.01073],[0.096746,0.044993,0.994292,0.00037],[0.0,0.0,0.0,1.0]],"antennas":[-0.046954,0.150503],"body_yaw":0.314072,"check_collision":false},{"head":[[0.966596,-0.242518,-0.082924,-0.00012],[0.237518,0.969154,-0.065764,-0.012323],[0.096315,0.043872,0.994384,0.000714],[0.0,0.0,0.0,1.0]],"antennas":[-0.046954,0.150503],"body_yaw":0.314072,"check_collision":false},{"head":[[0.96672,-0.24209,-0.082738,-0.000205],[0.237254,0.969328,-0.064132,-0.012168],[0.095726,0.042368,0.994506,0.000675],[0.0,0.0,0.0,1.0]],"antennas":[-0.046954,0.150503],"body_yaw":0.314072,"check_collision":false},{"head":[[0.966803,-0.241749,-0.082757,-0.000221],[0.237078,0.969485,-0.062396,-0.012054],[0.095316,0.040705,0.994614,0.000565],[0.0,0.0,0.0,1.0]],"antennas":[-0.046954,0.150503],"body_yaw":0.314072,"check_collision":false},{"head":[[0.966884,-0.241289,-0.083152,-0.000184],[0.236766,0.96967,-0.060677,-0.011898],[0.095271,0.03898,0.994688,0.00032],[0.0,0.0,0.0,1.0]],"antennas":[-0.046954,0.150503],"body_yaw":0.314072,"check_collision":false},{"head":[[0.966833,-0.241227,-0.08393,-0.000159],[0.237027,0.96983,-0.056998,-0.011549],[0.095148,0.035214,0.99484,0.000164],[0.0,0.0,0.0,1.0]],"antennas":[-0.046954,0.150503],"body_yaw":0.314072,"check_collision":false},{"head":[[0.966815,-0.24095,-0.084926,-0.000124],[0.237747,0.97023,-0.046156,-0.010865],[0.093519,0.024434,0.995318,0.000307],[0.0,0.0,0.0,1.0]],"antennas":[-0.046954,0.150503],"body_yaw":0.314072,"check_collision":false},{"head":[[0.967062,-0.240033,-0.084711,-0.000194],[0.238984,0.970764,-0.022467,-0.010941],[0.087627,0.001482,0.996152,0.000642],[0.0,0.0,0.0,1.0]],"antennas":[-0.046954,0.150503],"body_yaw":0.314072,"check_collision":false},{"head":[[0.967326,-0.239687,-0.08265,-0.000105],[0.240943,0.970524,0.005426,-0.01124],[0.078913,-0.025163,0.996564,0.000736],[0.0,0.0,0.0,1.0]],"antennas":[-0.046954,0.150503],"body_yaw":0.314072,"check_collision":false},{"head":[[0.967388,-0.240215,-0.080361,-0.000135],[0.243721,0.969141,0.03696,-0.011712],[0.069003,-0.055341,0.99608,0.000265],[0.0,0.0,0.0,1.0]],"antennas":[-0.046954,0.150503],"body_yaw":0.314072,"check_collision":false},{"head":[[0.967763,-0.239982,-0.076439,-0.000282],[0.245151,0.967138,0.067412,-0.01333],[0.05775,-0.083978,0.994793,0.000382],[0.0,0.0,0.0,1.0]],"antennas":[-0.046954,0.150503],"body_yaw":0.314072,"check_collision":false},{"head":[[0.967553,-0.241207,-0.075232,-0.000604],[0.247746,0.964158,0.094985,-0.013488],[0.049624,-0.110542,0.992632,0.000353],[0.0,0.0,0.0,1.0]],"antennas":[-0.046954,0.150503],"body_yaw":0.314072,"check_collision":false},{"head":[[0.96773,-0.240668,-0.074684,-0.0005],[0.247994,0.962164,0.112871,-0.013035],[0.044693,-0.12775,0.990799,0.000563],[0.0,0.0,0.0,1.0]],"antennas":[-0.046954,0.150503],"body_yaw":0.314072,"check_collision":false},{"head":[[0.967563,-0.241336,-0.07469,-0.000556],[0.249199,0.960315,0.125277,-0.013041],[0.041492,-0.139826,0.989306,0.00059],[0.0,0.0,0.0,1.0]],"antennas":[-0.046954,0.150503],"body_yaw":0.314072,"check_collision":false},{"head":[[0.967543,-0.24152,-0.074354,-0.000554],[0.249512,0.95966,0.129605,-0.012788],[0.040052,-0.14395,0.988774,0.0005],[0.0,0.0,0.0,1.0]],"antennas":[-0.046954,0.150503],"body_yaw":0.314072,"check_collision":false},{"head":[[0.967571,-0.24166,-0.073531,-0.000517],[0.249625,0.959308,0.131971,-0.012289],[0.038647,-0.146046,0.988523,0.000417],[0.0,0.0,0.0,1.0]],"antennas":[-0.046954,0.150503],"body_yaw":0.314072,"check_collision":false},{"head":[[0.967596,-0.241573,-0.073489,-0.000502],[0.249604,0.959061,0.133791,-0.01212],[0.03816,-0.147799,0.988281,0.000301],[0.0,0.0,0.0,1.0]],"antennas":[-0.046954,0.150503],"body_yaw":0.314072,"check_collision":false},{"head":[[0.967733,-0.240902,-0.073879,-0.000495],[0.249031,0.959087,0.134667,-0.011944],[0.038415,-0.14872,0.988133,0.000268],[0.0,0.0,0.0,1.0]],"antennas":[-0.046954,0.150503],"body_yaw":0.314072,"check_collision":false},{"head":[[0.967768,-0.240546,-0.074577,-0.000571],[0.24881,0.959044,0.135384,-0.011659],[0.038956,-0.149576,0.987983,0.000405],[0.0,0.0,0.0,1.0]],"antennas":[-0.046954,0.150503],"body_yaw":0.314072,"check_collision":false},{"head":[[0.967596,-0.241016,-0.07529,-0.000664],[0.24936,0.958981,0.134815,-0.011645],[0.039709,-0.149221,0.988006,0.000681],[0.0,0.0,0.0,1.0]],"antennas":[-0.046954,0.150503],"body_yaw":0.314072,"check_collision":false},{"head":[[0.967605,-0.240924,-0.075475,-0.000658],[0.249213,0.959305,0.132766,-0.011513],[0.040417,-0.147274,0.98827,0.000566],[0.0,0.0,0.0,1.0]],"antennas":[-0.046954,0.150503],"body_yaw":0.314072,"check_collision":false},{"head":[[0.967579,-0.241199,-0.074926,-0.00046],[0.249305,0.959621,0.13029,-0.011506],[0.040475,-0.144745,0.988641,0.000508],[0.0,0.0,0.0,1.0]],"antennas":[-0.046954,0.150503],"body_yaw":0.314072,"check_collision":false},{"head":[[0.967702,-0.240575,-0.07534,-0.000566],[0.248657,0.960077,0.128148,-0.011597],[0.041503,-0.142743,0.988889,0.000171],[0.0,0.0,0.0,1.0]],"antennas":[-0.046954,0.150503],"body_yaw":0.314072,"check_collision":false},{"head":[[0.967772,-0.240121,-0.075895,-0.000698],[0.24822,0.960392,0.126623,-0.011513],[0.042485,-0.141381,0.989043,9.5e-05],[0.0,0.0,0.0,1.0]],"antennas":[-0.046954,0.150503],"body_yaw":0.314072,"check_collision":false},{"head":[[0.96786,-0.239516,-0.076676,-0.000781],[0.247668,0.960719,0.125216,-0.011285],[0.043673,-0.140182,0.989162,0.000201],[0.0,0.0,0.0,1.0]],"antennas":[-0.046954,0.150503],"body_yaw":0.314072,"check_collision":false},{"head":[[0.967908,-0.239275,-0.076823,-0.000764],[0.247423,0.960863,0.124597,-0.01092],[0.044004,-0.139606,0.989229,0.00039],[0.0,0.0,0.0,1.0]],"antennas":[-0.046954,0.150503],"body_yaw":0.314072,"check_collision":false},{"head":[[0.968053,-0.238902,-0.076151,-0.000729],[0.246916,0.961116,0.123647,-0.010764],[0.04365,-0.1385,0.9894,0.000374],[0.0,0.0,0.0,1.0]],"antennas":[-0.046954,0.150503],"body_yaw":0.314072,"check_collision":false},{"head":[[0.968104,-0.238735,-0.076028,-0.000814],[0.246717,0.961215,0.123271,-0.010874],[0.04365,-0.138096,0.989456,0.000369],[0.0,0.0,0.0,1.0]],"antennas":[-0.046954,0.150503],"body_yaw":0.314072,"check_collision":false},{"head":[[0.968049,-0.238914,-0.076171,-0.000848],[0.246937,0.961094,0.123773,-0.011069],[0.043636,-0.138627,0.989383,0.000316],[0.0,0.0,0.0,1.0]],"antennas":[-0.046954,0.150503],"body_yaw":0.314072,"check_collision":false},{"head":[[0.968165,-0.238502,-0.075977,-0.000885],[0.246524,0.961134,0.124289,-0.011187],[0.043381,-0.139062,0.989333,6.8e-05],[0.0,0.0,0.0,1.0]],"antennas":[-0.046954,0.150503],"body_yaw":0.314072,"check_collision":false},{"head":[[0.968244,-0.238326,-0.075532,-0.000889],[0.246284,0.961202,0.124235,-0.010797],[0.042993,-0.138892,0.989374,-0.000166],[0.0,0.0,0.0,1.0]],"antennas":[-0.046954,0.150503],"body_yaw":0.314072,"check_collision":false},{"head":[[0.968261,-0.238273,-0.075474,-0.000923],[0.246209,0.961265,0.123897,-0.010778],[0.043029,-0.138547,0.989421,5e-06],[0.0,0.0,0.0,1.0]],"antennas":[-0.046954,0.150503],"body_yaw":0.314072,"check_collision":false},{"head":[[0.968295,-0.238152,-0.075419,-0.000954],[0.246075,0.961316,0.123768,-0.010842],[0.043026,-0.138402,0.989441,0.000304],[0.0,0.0,0.0,1.0]],"antennas":[-0.046954,0.150503],"body_yaw":0.314072,"check_collision":false},{"head":[[0.968305,-0.238183,-0.075192,-0.000852],[0.24608,0.961297,0.123904,-0.011027],[0.04277,-0.13848,0.989441,0.000508],[0.0,0.0,0.0,1.0]],"antennas":[-0.046954,0.150503],"body_yaw":0.314072,"check_collision":false},{"head":[[0.968337,-0.238179,-0.074794,-0.000806],[0.246031,0.961282,0.124121,-0.010941],[0.042336,-0.138593,0.989444,0.000382],[0.0,0.0,0.0,1.0]],"antennas":[-0.046954,0.150503],"body_yaw":0.314072,"check_collision":false},{"head":[[0.968342,-0.238218,-0.074609,-0.000815],[0.246033,0.961315,0.123857,-0.010776],[0.042218,-0.138292,0.989491,0.000165],[0.0,0.0,0.0,1.0]],"antennas":[-0.046954,0.150503],"body_yaw":0.314072,"check_collision":false},{"head":[[0.96835,-0.238106,-0.074853,-0.000846],[0.245942,0.961378,0.123552,-0.010682],[0.042544,-0.138052,0.989511,3.6e-05],[0.0,0.0,0.0,1.0]],"antennas":[-0.046954,0.150503],"body_yaw":0.314072,"check_collision":false},{"head":[[0.96827,-0.238275,-0.075359,-0.000791],[0.246156,0.961395,0.122993,-0.010778],[0.043143,-0.13764,0.989542,0.000209],[0.0,0.0,0.0,1.0]],"antennas":[-0.046954,0.150503],"body_yaw