{"description":"You growl loudly, could be in response to injustice or extreme anger. Can be adapted to a desperate 'why?'","time":[0.0,0.02,0.04,0.06,0.08,0.1,0.12,0.14,0.16,0.18,0.2,0.22,0.24,0.26,0.28,0.3,0.32,0.34,0.36,0.38,0.4,0.42,0.44,0.46,0.48,0.5,0.52,0.54,0.56,0.58,0.6,0.62,0.64,0.66,0.68,0.7,0.72,0.74,0.76,0.78,0.8,0.82,0.84,0.86,0.88,0.9,0.92,0.94,0.96,0.98,1.0,1.02,1.04,1.06,1.08,1.1,1.12,1.14,1.16,1.18,1.2,1.22,1.24,1.26,1.28,1.3,1.32,1.34,1.36,1.38,1.4,1.42,1.44,1.46,1.48,1.5,1.52,1.54,1.56,1.58,1.6,1.62,1.64,1.66,1.68,1.7,1.72,1.74,1.76,1.78,1.8,1.82,1.84,1.86,1.88,1.9,1.92,1.94,1.96,1.98,2.0,2.02,2.04,2.06,2.08,2.1,2.12,2.14,2.16,2.18,2.2,2.22,2.24,2.26,2.28,2.3,2.32,2.34,2.36,2.38,2.4,2.42,2.44,2.46,2.48,2.5,2.52,2.54,2.56,2.58,2.6,2.62,2.64,2.66,2.68,2.7,2.72,2.74,2.76,2.78,2.8,2.82,2.84,2.86,2.88,2.9,2.92,2.94,2.96,2.98,3.0,3.02,3.04,3.06,3.08,3.1,3.12,3.14,3.16,3.18,3.2,3.22,3.24,3.26,3.28,3.3,3.32,3.34,3.36,3.38,3.4,3.42,3.44,3.46,3.48,3.5,3.52,3.54,3.56,3.58,3.6,3.62,3.64,3.66,3.68,3.7,3.72,3.74,3.76,3.78,3.8,3.82,3.84,3.86,3.88,3.9,3.92,3.94,3.96,3.98,4.0,4.02,4.04,4.06,4.08,4.1,4.12,4.14,4.16,4.18,4.2,4.22,4.24,4.26,4.28,4.3,4.32,4.34,4.36,4.38,4.4,4.42,4.44,4.46,4.48,4.5,4.52,4.54,4.56,4.58,4.6,4.62,4.64,4.66,4.68,4.7,4.72,4.74,4.76,4.78,4.8,4.82,4.84,4.86,4.88,4.9,4.92,4.94,4.96,4.98,5.0,5.02,5.04,5.06,5.08],"set_target_data":[{"head":[[0.981382,0.168544,0.092102,-0.008526],[-0.16296,0.984479,-0.065161,0.008884],[-0.101655,0.048939,0.993615,0.018929],[0.0,0.0,0.0,1.0]],"antennas":[0.129264,0.049097],"body_yaw":0.0,"check_collision":false},{"head":[[0.981402,0.168517,0.091936,-0.008488],[-0.16297,0.984495,-0.064884,0.008953],[-0.101444,0.048694,0.993649,0.018926],[0.0,0.0,0.0,1.0]],"antennas":[0.129264,0.049097],"body_yaw":0.0,"check_collision":false},{"head":[[0.981468,0.168255,0.091706,-0.008459],[-0.162726,0.984541,-0.064805,0.008969],[-0.101192,0.048681,0.993675,0.018949],[0.0,0.0,0.0,1.0]],"antennas":[0.129264,0.049097],"body_yaw":0.0,"check_collision":false},{"head":[[0.981546,0.167843,0.091626,-0.008452],[-0.162337,0.984618,-0.064608,0.008946],[-0.101061,0.048541,0.993695,0.018982],[0.0,0.0,0.0,1.0]],"antennas":[0.129264,0.049097],"body_yaw":0.0,"check_collision":false},{"head":[[0.981584,0.167764,0.091368,-0.008454],[-0.162298,0.984642,-0.064342,0.009034],[-0.100759,0.048329,0.993736,0.018979],[0.0,0.0,0.0,1.0]],"antennas":[0.129264,0.049097],"body_yaw":0.0,"check_collision":false},{"head":[[0.981662,0.16728,0.091413,-0.008403],[-0.161763,0.984699,-0.064806,0.008986],[-0.100855,0.048831,0.993702,0.018953],[0.0,0.0,0.0,1.0]],"antennas":[0.129264,0.049097],"body_yaw":0.0,"check_collision":false},{"head":[[0.981738,0.167011,0.091096,-0.008394],[-0.161501,0.984737,-0.064887,0.009002],[-0.100543,0.04899,0.993726,0.018949],[0.0,0.0,0.0,1.0]],"antennas":[0.129264,0.049097],"body_yaw":0.0,"check_collision":false},{"head":[[0.981795,0.166623,0.091187,-0.008367],[-0.161086,0.984791,-0.065099,0.008929],[-0.100647,0.049225,0.993704,0.018991],[0.0,0.0,0.0,1.0]],"antennas":[0.129264,0.049097],"body_yaw":0.0,"check_collision":false},{"head":[[0.981823,0.166394,0.091306,-0.00836],[-0.160821,0.984816,-0.06538,0.008928],[-0.100798,0.049507,0.993674,0.019015],[0.0,0.0,0.0,1.0]],"antennas":[0.129264,0.049097],"body_yaw":0.0,"check_collision":false},{"head":[[0.981891,0.165904,0.09147,-0.008351],[-0.16027,0.984872,-0.06588,0.008817],[-0.101016,0.050027,0.993626,0.019073],[0.0,0.0,0.0,1.0]],"antennas":[0.129264,0.049097],"body_yaw":0.0,"check_collision":false},{"head":[[0.981952,0.165473,0.091592,-0.00834],[-0.15983,0.984942,-0.0659,0.00876],[-0.101117,0.050071,0.993614,0.019134],[0.0,0.0,0.0,1.0]],"antennas":[0.129264,0.049097],"body_yaw":0.0,"check_collision":false},{"head":[[0.982031,0.16502,0.091562,-0.008353],[-0.159334,0.984995,-0.066318,0.008979],[-0.101132,0.050537,0.993589,0.019068],[0.0,0.0,0.0,1.0]],"antennas":[0.129264,0.049097],"body_yaw":0.0,"check_collision":false},{"head":[[0.982114,0.16455,0.091518,-0.00835],[-0.158821,0.985048,-0.066751,0.009184],[-0.101133,0.051023,0.993564,0.019014],[0.0,0.0,0.0,1.0]],"antennas":[0.129264,0.049097],"body_yaw":0.0,"check_collision":false},{"head":[[0.982193,0.163845,0.09193,-0.008378],[-0.158081,0.985159,-0.066871,0.009117],[-0.101522,0.051148,0.993518,0.019042],[0.0,0.0,0.0,1.0]],"antennas":[0.129264,0.049097],"body_yaw":0.0,"check_collision":false},{"head":[[0.982271,0.163013,0.092572,-0.008386],[-0.157187,0.985284,-0.067134,0.009255],[-0.102153,0.051393,0.99344,0.018994],[0.0,0.0,0.0,1.0]],"antennas":[0.129264,0.049097],"body_yaw":0.0,"check_collision":false},{"head":[[0.982332,0.161933,0.093811,-0.008378],[-0.155886,0.98539,-0.068604,0.009159],[-0.10355,0.052769,0.993224,0.019024],[0.0,0.0,0.0,1.0]],"antennas":[0.129264,0.049097],"body_yaw":0.0,"check_collision":false},{"head":[[0.982352,0.160902,0.095363,-0.008263],[-0.154639,0.9855,-0.069829,0.00932],[-0.105216,0.05385,0.99299,0.018965],[0.0,0.0,0.0,1.0]],"antennas":[0.129264,0.049097],"body_yaw":0.0,"check_collision":false},{"head":[[0.982408,0.159571,0.097017,-0.008173],[-0.15308,0.985655,-0.071066,0.009309],[-0.106965,0.054965,0.992742,0.019007],[0.0,0.0,0.0,1.0]],"antennas":[0.129264,0.049097],"body_yaw":0.0,"check_collision":false},{"head":[[0.982427,0.158412,0.098705,-0.008102],[-0.151668,0.98577,-0.072491,0.009189],[-0.108784,0.056247,0.992473,0.019051],[0.0,0.0,0.0,1.0]],"antennas":[0.129264,0.049097],"body_yaw":0.0,"check_collision":false},{"head":[[0.982364,0.157269,0.101133,-0.008005],[-0.150192,0.985869,-0.074192,0.009113],[-0.111372,0.057695,0.992103,0.019038],[0.0,0.0,0.0,1.0]],"antennas":[0.129264,0.049097],"body_yaw":0.0,"check_collision":false},{"head":[[0.982214,0.156534,0.103692,-0.008016],[-0.148922,0.985805,-0.077526,0.009158],[-0.114356,0.060705,0.991583,0.018948],[0.0,0.0,0.0,1.0]],"antennas":[0.129264,0.049097],"body_yaw":0.0,"check_collision":false},{"head":[[0.982139,0.155743,0.105577,-0.008106],[-0.147585,0.985714,-0.081164,0.009121],[-0.11671,0.064133,0.991093,0.01895],[0.0,0.0,0.0,1.0]],"antennas":[0.129264,0.049097],"body_yaw":0.0,"check_collision":false},{"head":[[0.982164,0.154676,0.10691,-0.008122],[-0.146116,0.985714,-0.083776,0.009074],[-0.118341,0.06666,0.990733,0.01891],[0.0,0.0,0.0,1.0]],"antennas":[0.129264,0.049097],"body_yaw":0.0,"check_collision":false},{"head":[[0.982026,0.153992,0.109137,-0.008147],[-0.144958,0.985657,-0.086414,0.009004],[-0.120879,0.06904,0.990264,0.01891],[0.0,0.0,0.0,1.0]],"antennas":[0.129264,0.049097],"body_yaw":0.0,"check_collision":false},{"head":[[0.981519,0.153346,0.114478,-0.008038],[-0.143531,0.985582,-0.089591,0.00884],[-0.126566,0.071504,0.989378,0.018722],[0.0,0.0,0.0,1.0]],"antennas":[0.129264,0.049097],"body_yaw":0.0,"check_collision":false},{"head":[[0.981162,0.152679,0.118361,-0.008019],[-0.142245,0.985534,-0.092135,0.008729],[-0.130716,0.073564,0.988687,0.018732],[0.0,0.0,0.0,1.0]],"antennas":[0.129264,0.049097],"body_yaw":0.0,"check_collision":false},{"head":[[0.9809,0.15223,0.121085,-0.008006],[-0.141362,0.985502,-0.093823,0.008674],[-0.133612,0.074915,0.988198,0.018732],[0.0,0.0,0.0,1.0]],"antennas":[0.129264,0.049097],"body_yaw":0.0,"check_collision":false},{"head":[[0.98072,0.152104,0.122691,-0.00801],[-0.140947,0.985445,-0.095039,0.008666],[-0.135361,0.075913,0.987884,0.018789],[0.0,0.0,0.0,1.0]],"antennas":[0.129264,0.049097],"body_yaw":0.0,"check_collision":false},{"head":[[0.980648,0.151858,0.123565,-0.007996],[-0.140534,0.985435,-0.09575,0.008655],[-0.136306,0.076532,0.987706,0.018778],[0.0,0.0,0.0,1.0]],"antennas":[0.11817,0.05627],"body_yaw":0.0,"check_collision":false},{"head":[[0.980599,0.15183,0.123987,-0.007959],[-0.140423,0.985415,-0.096115,0.008609],[-0.136771,0.076839,0.987618,0.018804],[0.0,0.0,0.0,1.0]],"antennas":[0.087477,0.091417],"body_yaw":0.0,"check_collision":false},{"head":[[0.980564,0.151458,0.124715,-0.007923],[-0.139945,0.98545,-0.09645,0.008571],[-0.137509,0.077123,0.987494,0.018864],[0.0,0.0,0.0,1.0]],"antennas":[0.0233,0.158052],"body_yaw":0.0,"check_collision":false},{"head":[[0.98054,0.151182,0.125244,-0.007893],[-0.139606,0.985484,-0.096594,0.008603],[-0.138029,0.07723,0.987413,0.018926],[0.0,0.0,0.0,1.0]],"antennas":[-0.066354,0.256591],"body_yaw":0.0,"check_collision":false},{"head":[[0.980548,0.150854,0.125576,-0.00784],[-0.139205,0.98551,-0.096917,0.008735],[-0.138377,0.077551,0.987339,0.018922],[0.0,0.0,0.0,1.0]],"antennas":[-0.158383,0.360886],"body_yaw":0.0,"check_collision":false},{"head":[[0.98053,0.150533,0.126095,-0.007725],[-0.138812,0.985544,-0.097126,0.008868],[-0.138893,0.077732,0.987252,0.018916],[0.0,0.0,0.0,1.0]],"antennas":[-0.25005,0.464772],"body_yaw":0.0,"check_collision":false},{"head":[[0.980449,0.150507,0.12676,-0.0076],[-0.138713,0.985544,-0.09727,0.00896],[-0.139567,0.077785,0.987153,0.018857],[0.0,0.0,0.0,1.0]],"antennas":[-0.342075,0.569064],"body_yaw":0.0,"check_collision":false},{"head":[[0.980343,0.1506,0.127465,-0.007498],[-0.138634,0.985473,-0.098098,0.008957],[-0.140386,0.078499,0.98698,0.018739],[0.0,0.0,0.0,1.0]],"antennas":[-0.432651,0.671713],"body_yaw":0.0,"check_collision":false},{"head":[[0.98025,0.150633,0.128138,-0.007416],[-0.138454,0.985387,-0.099211,0.008881],[-0.14121,0.079511,0.986782,0.018667],[0.0,0.0,0.0,1.0]],"antennas":[-0.525372,0.776794],"body_yaw":0.0,"check_collision":false},{"head":[[0.980094,0.150836,0.12909,-0.007417],[-0.138327,0.985226,-0.100968,0.009018],[-0.142413,0.081102,0.986479,0.018678],[0.0,0.0,0.0,1.0]],"antennas":[-0.616828,0.88044],"body_yaw":0.0,"check_collision":false},{"head":[[0.979772,0.151257,0.131029,-0.007401],[-0.138296,0.985023,-0.102976,0.009142],[-0.144643,0.082773,0.986016,0.018627],[0.0,0.0,0.0,1.0]],"antennas":[-0.708688,0.984545],"body_yaw":0.0,"check_collision":false},{"head":[[0.979262,0.151757,0.134221,-0.007326],[-0.138283,0.984851,-0.104629,0.009238],[-0.148066,0.083899,0.985412,0.018483],[0.0,0.0,0.0,1.0]],"antennas":[-0.801193,1.089381],"body_yaw":0.0,"check_collision":false},{"head":[[0.978598,0.151815,0.13892,-0.007205],[-0.137579,0.9847,-0.106948,0.009348],[-0.153031,0.085547,0.984512,0.018192],[0.0,0.0,0.0,1.0]],"antennas":[-0.892863,1.19327],"body_yaw":0.0,"check_collision":false},{"head":[[0.977738,0.151564,0.145111,-0.007137],[-0.13599,0.984374,-0.111864,0.009502],[-0.159798,0.08964,0.983071,0.017867],[0.0,0.0,0.0,1.0]],"antennas":[-0.984669,1.297313],"body_yaw":0.0,"check_collision":false},{"head":[[0.976699,0.151422,0.152089,-0.007115],[-0.134432,0.984059,-0.116433,0.009588],[-0.167295,0.093274,0.981485,0.017535],[0.0,0.0,0.0,1.0]],"antennas":[-1.076614,1.401514],"body_yaw":0.0,"check_collision":false},{"head":[[0.975703,0.151218,0.158548,-0.007094],[-0.132961,0.983819,-0.120093,0.009698],[-0.174142,0.096094,0.980021,0.017147],[0.0,0.0,0.0,1.0]],"antennas":[-1.168591,1.505752],"body_yaw":0.0,"check_collision":false},{"head":[[0.974644,0.150934,0.165189,-0.007052],[-0.131372,0.983597,-0.123603,0.009878],[-0.181135,0.098767,0.978486,0.016797],[0.0,0.0,0.0,1.0]],"antennas":[-1.260266,1.609646],"body_yaw":0.0,"check_collision":false},{"head":[[0.973566,0.150258,0.172024,-0.006883],[-0.129521,0.983531,-0.126062,0.010104],[-0.188133,0.100449,0.976993,0.016446],[0.0,0.0,0.0,1.0]],"antennas":[-1.350279,1.711658],"body_yaw":0.0,"check_collision":false},{"head":[[0.97242,0.149548,0.178983,-0.006651],[-0.127639,0.98349,-0.12828,0.010258],[-0.195212,0.101896,0.975453,0.016086],[0.0,0.0,0.0,1.0]],"antennas":[-1.441406,1.814931],"body_yaw":0.0,"check_collision":false},{"head":[[0.97124,0.149008,0.185716,-0.006488],[-0.125965,0.98344,-0.130302,0.010142],[-0.202056,0.10316,0.973926,0.015694],[0.0,0.0,0.0,1.0]],"antennas":[-1.533347,1.919129],"body_yaw":0.0,"check_collision":false},{"head":[[0.970247,0.148709,0.191066,-0.00629],[-0.124706,0.983361,-0.132098,0.010035],[-0.207531,0.10434,0.972648,0.015391],[0.0,0.0,0.0,1.0]],"antennas":[-1.625732,2.023828],"body_yaw":0.0,"check_collision":false},{"head":[[0.969306,0.149456,0.195216,-0.006237],[-0.124541,0.983088,-0.134263,0.010052],[-0.211981,0.105829,0.971527,0.015189],[0.0,0.0,0.0,1.0]],"antennas":[-1.71794,2.128326],"body_yaw":0.0,"check_collision":false},{"head":[[0.968186,0.150307,0.200059,-0.00617],[-0.124054,0.982645,-0.137912,0.010064],[-0.217316,0.108706,0.970029,0.014931],[0.0,0.0,0.0,1.0]],"antennas":[-1.8081,2.230505],"body_yaw":0.0,"check_collision":false},{"head":[[0.966994,0.15129,0.20502,-0.005928],[-0.123199,0.981948,-0.14353,0.010045],[-0.223034,0.113535,0.968177,0.014584],[0.0,0.0,0.0,1.0]],"antennas":[-1.901299,2.336127],"body_yaw":0.0,"check_collision":false},{"head":[[0.966095,0.150585,0.209726,-0.005677],[-0.12084,0.981559,-0.148119,0.010014],[-0.228163,0.117754,0.966476,0.014282],[0.0,0.0,0.0,1.0]],"antennas":[-1.993432,2.440541],"body_yaw":0.0,"check_collision":false},{"head":[[0.964973,0.150228,0.215077,-0.005396],[-0.118839,0.981187,-0.152152,0.01001],[-0.233888,0.121263,0.964672,0.013878],[0.0,0.0,0.0,1.0]],"antennas":[-2.08513,2.544462],"body_yaw":0.0,"check_collision":false},{"head":[[0.963273,0.15103,0.222027,-0.004961],[-0.117497,0.980547,-0.157235,0.009982],[-0.241455,0.125373,0.962279,0.013359],[0.0,0.0,0.0,1.0]],"antennas":[-2.176725,2.648267],"body_yaw":0.0,"check_collision":false},{"head":[[0.961307,0.151907,0.22981,-0.004443],[-0.116061,0.979902,-0.162237,0.009976],[-0.249836,0.129288,0.959618,0.01275],[0.0,0.0,0.0,1.0]],"antennas":[-2.268067,2.742864],"body_yaw":0.0,"check_collision":false},{"head":[[0.959231,0.152527,0.237932,-0.003932],[-0.114523,0.979425,-0.166164,0.010053],[-0.258381,0.132141,0.956963,0.012168],[0.0,0.0,0.0,1.0]],"antennas":[-2.345425,2.746264],"body_yaw":0.0,"check_collision":false},{"head":[[0.957218,0.152826,0.245718,-0.003469],[-0.113301,0.979304,-0.167709,0.009931],[-0.266263,0.132694,0.954723,0.011744],[0.0,0.0,0.0,1.0]],"antennas":[-2.35404,2.746262],"body_yaw":0.0,"check_collision":false},{"head":[[0.955427,0.151715,0.253264,-0.003079],[-0.11117,0.979596,-0.167432,0.009512],[-0.273498,0.131813,0.952798,0.0114],[0.0,0.0,0.0,1.0]],"antennas":[-2.349226,2.723988],"body_yaw":0.0,"check_collision":false},{"head":[[0.954041,0.150195,0.259321,-0.002681],[-0.108718,0.979852,-0.16754,0.009332],[-0.27926,0.131647,0.951148,0.011082],[0.0,0.0,0.0,1.0]],"antennas":[-2.317141,2.699114],"body_yaw":0.0,"check_collision":false},{"head":[[0.952955,0.149214,0.263841,-0.002488],[-0.106135,0.979597,-0.170662,0.009633],[-0.283923,0.134631,0.949348,0.010725],[0.0,0.0,0.0,1.0]],"antennas":[-2.30243,2.696437],"body_yaw":0.0,"check_collision":false},{"head":[[0.952208,0.147438,0.26751,-0.002459],[-0.102586,0.979285,-0.174574,0.009912],[-0.287708,0.138788,0.947609,0.010497],[0.0,0.0,0.0,1.0]],"antennas":[-2.311982,2.71719],"body_yaw":0.0,"check_collision":false},{"head":[[0.951684,0.146067,0.270116,-0.002454],[-0.09958,0.978888,-0.178498,0.01022],[-0.290486,0.142975,0.946137,0.010323],[0.0,0.0,0.0,1.0]],"antennas":[-2.34137,2.751639],"body_yaw":0.0,"check_collision":false},{"head":[[0.951147,0.144091,0.27305,-0.002561],[-0.096417,0.978808,-0.180663,0.010476],[-0.293295,0.14551,0.944883,0.010153],[0.0,0.0,0.0,1.0]],"antennas":[-2.37657,2.783563],"body_yaw":0.0,"check_collision":false},{"head":[[0.950515,0.141212,0.27673,-0.002538],[-0.093288,0.979356,-0.179328,0.010343],[-0.296341,0.144638,0.944067,0.009875],[0.0,0.0,0.0,1.0]],"antennas":[-2.401387,2.797999],"body_yaw":0.0,"check_collision":false},{"head":[[0.950682,0.136986,0.278277,-0.002341],[-0.090195,0.980511,-0.174536,0.009806],[-0.296763,0.140829,0.94451,0.009627],[0.0,0.0,0.0,1.0]],"antennas":[-2.403881,2.788113],"body_yaw":0.0,"check_collision":false},{"head":[[0.950968,0.133042,0.279214,-0.002288],[-0.08755,0.981626,-0.169547,0.009072],[-0.296641,0.136789,0.945142,0.009507],[0.0,0.0,0.0,1.0]],"antennas":[-2.382885,2.758521],"body_yaw":0.0,"check_collision":false},{"head":[[0.950755,0.130167,0.281285,-0.002371],[-0.084938,0.982217,-0.167436,0.008558],[-0.298078,0.135299,0.944904,0.009349],[0.0,0.0,0.0,1.0]],"antennas":[-2.348272,2.723096],"body_yaw":0.0,"check_collision":false},{"head":[[0.949881,0.124443,0.286774,-0.002363],[-0.078799,0.983044,-0.165578,0.008056],[-0.302517,0.134682,0.943581,0.00907],[0.0,0.0,0.0,1.0]],"antennas":[-2.316461,2.698573],"body_yaw":0.0,"check_collision":false},{"head":[[0.94885,0.117643,0.292991,-0.002186],[-0.071605,0.98399,-0.163205,0.007597],[-0.3075,0.133877,0.942083,0.008829],[0.0,0.0,0.0,1.0]],"antennas":[-2.302162,2.696495],"body_yaw":0.0,"check_collision":false},{"head":[[0.948061,0.115362,0.29643,-0.001912],[-0.068672,0.98417,-0.163381,0.007727],[-0.310586,0.134539,0.940976,0.008767],[0.0,0.0,0.0,1.0]],"antennas":[-2.312319,2.717813],"body_yaw":0.0,"check_collision":false},{"head":[[0.949063,0.111404,0.294735,-0.001917],[-0.064696,0.984378,-0.163752,0.008256],[-0.308373,0.136343,0.941444,0.008766],[0.0,0.0,0.0,1.0]],"antennas":[-2.342139,2.752524],"body_yaw":0.0,"check_collision":false},{"head":[[0.95011,0.104529,0.293878,-0.002034],[-0.057713,0.98482,-0.163704,0.009147],[-0.306529,0.138576,0.94172,0.008736],[0.0,0.0,0.0,1.0]],"antennas":[-2.377584,2.784351],"body_yaw":0.0,"check_collision":false},{"head":[[0.950749,0.100208,0.293316,-0.00207],[-0.053555,0.985175,-0.162982,0.009728],[-0.3053,0.139246,0.94202,0.008748],[0.0,0.0,0.0,1.0]],"antennas":[-2.40196,2.798314],"body_yaw":0.0,"check_collision":false},{"head":[[0.95101,0.097171,0.293493,-0.002058],[-0.051105,0.985672,-0.160745,0.009957],[-0.304907,0.137871,0.94235,0.008609],[0.0,0.0,0.0,1.0]],"antennas":[-2.403863,2.787749],"body_yaw":0.0,"check_collision":false},{"head":[[0.95086,0.097939,0.293723,-0.002085],[-0.053326,0.986279,-0.156235,0.00949],[-0.304994,0.132894,0.943036,0.008539],[0.0,0.0,0.0,1.0]],"antennas":[-2.382527,2.757827],"body_yaw":0.0,"check_collision":false},{"head":[[0.950741,0.098529,0.293912,-0.002153],[-0.05587,0.98708,-0.150175,0.00906],[-0.304911,0.126357,0.943962,0.008502],[0.0,0.0,0.0,1.0]],"antennas":[-2.347427,2.722171],"body_yaw":0.0,"check_collision":false},{"head":[[0.951083,0.094337,0.294179,-0.002278],[-0.052557,0.987764,-0.146836,0.007706],[-0.304431,0.124193,0.944404,0.008863],[0.0,0.0,0.0,1.0]],"antennas":[-2.315481,2.697988],"body_yaw":0.0,"check_collision":false},{"head":[[0.951189,0.087717,0.29588,-0.002404],[-0.045896,0.988301,-0.145448,0.006381],[-0.305176,0.124769,0.944087,0.009404],[0.0,0.0,0.0,1.0]],"antennas":[-2.301816,2.696438],"body_yaw":0.0,"check_collision":false},{"head":[[0.952562,0.091578,0.290239,-0.002145],[-0.049182,0.987439,-0.15015,0.005725],[-0.300344,0.128752,0.945101,0.009637],[0.0,0.0,0.0,1.0]],"antennas":[-2.312582,2.718383],"body_yaw":0.0,"check_collision":false},{"head":[[0.95437,0.092341,0.283992,-0.002142],[-0.048127,0.98612,-0.158906,0.005247],[-0.294724,0.137987,0.945567,0.010133],[0.0,0.0,0.0,1.0]],"antennas":[-2.342899,2.753469],"body_yaw":0.0,"check_collision":false},{"head":[[0.95535,0.081454,0.284028,-0.002447],[-0.037278,0.986798,-0.15761,0.005471],[-0.293116,0.139984,0.945773,0.010055],[0.0,0.0,0.0,1.0]],"antennas":[-2.378417,2.785134],"body_yaw":0.0,"check_collision":false},{"head":[[0.956241,0.071808,0.283631,-0.002803],[-0.02977,0.988263,-0.149835,0.006873],[-0.291061,0.134835,0.947155,0.009291],[0.0,0.0,0.0,1.0]],"antennas":[-2.402531,2.798539],"body_yaw":0.0,"check_collision":false},{"head":[[0.956393,0.063446,0.285109,-0.003208],[-0.026083,0.990775,-0.132986,0.008828],[-0.290916,0.11975,0.949225,0.00868],[0.0,0.0,0.0,1.0]],"antennas":[-2.403752,2.787317],"body_yaw":0.0,"check_collision":false},{"head":[[0.956295,0.063106,0.285513,-0.003343],[-0.031123,0.992854,-0.115204,0.010774],[-0.290743,0.101283,0.951426,0.008312],[0.0,0.0,0.0,1.0]],"antennas":[-2.3815,2.756811],"body_yaw":0.0,"check_collision":false},{"head":[[0.956334,0.071661,0.283356,-0.003024],[-0.04126,0.992869,-0.111846,0.010884],[-0.28935,0.095271,0.952471,0.008016],[0.0,0.0,0.0,1.0]],"antennas":[-2.346582,2.721447],"body_yaw":0.0,"check_collision":false},{"head":[[0.956261,0.075383,0.282634,-0.002931],[-0.043449,0.992109,-0.117609,0.010578],[-0.28927,0.100185,0.95199,0.008593],[0.0,0.0,0.0,1.0]],"antennas":[-2.314958,2.697704],"body_yaw":0.0,"check_collision":false},{"head":[[0.956433,0.075778,0.281946,-0.002945],[-0.040394,0.990787,-0.129267,0.008581],[-0.289144,0.112247,0.950682,0.009868],[0.0,0.0,0.0,1.0]],"antennas":[-2.301925,2.696879],"body_yaw":0.0,"check_collision":false},{"head":[[0.957535,0.074289,0.278582,-0.002922],[-0.035095,0.989082,-0.143128,0.007213],[-0.286173,0.127273,0.949688,0.010855],[0.0,0.0,0.0,1.0]],"antennas":[-2.313175,2.719192],"body_yaw":0.0,"check_collision":false},{"head":[[0.95875,0.065991,0.276484,-0.002958],[-0.025131,0.988548,-0.1488,0.006877],[-0.283137,0.135714,0.949429,0.011317],[0.0,0.0,0.0,1.0]],"antennas":[-2.343966,2.754206],"body_yaw":0.0,"check_collision":false},{"head":[[0.959209,0.052895,0.277707,-0.003186],[-0.012512,0.98932,-0.145221,0.008295],[-0.282422,0.135823,0.949626,0.01095],[0.0,0.0,0.0,1.0]],"antennas":[-2.379148,2.785542],"body_yaw":0.0,"check_collision":false},{"head":[[0.958497,0.040899,0.282153,-0.003301],[-0.005724,0.992218,-0.124379,0.010732],[-0.285045,0.117601,0.951273,0.009271],[0.0,0.0,0.0,1.0]],"antennas":[-2.402577,2.798262],"body_yaw":0.0,"check_collision":false},{"head":[[0.958029,0.044783,0.283151,-0.003085],[-0.017136,0.994903,-0.099372,0.012555],[-0.286158,0.090349,0.953913,0.007837],[0.0,0.0,0.0,1.0]],"antennas":[-2.403149,2.78654],"body_yaw":0.0,"check_collision":false},{"head":[[0.958499,0.051236,0.280456,-0.003177],[-0.025552,0.995198,-0.094484,0.012647],[-0.28395,0.083397,0.955205,0.008188],[0.0,0.0,0.0,1.0]],"antennas":[-2.380664,2.755896],"body_yaw":0.0,"check_collision":false},{"head":[[0.959061,0.05229,0.278329,-0.00338],[-0.025229,0.994674,-0.099937,0.011834],[-0.282072,0.088824,0.955272,0.00884],[0.0,0.0,0.0,1.0]],"antennas":[-2.345658,2.720745],"body_yaw":0.0,"check_collision":false},{"head":[[0.959887,0.049295,0.276021,-0.00355],[-0.019022,0.993605,-0.111299,0.009698],[-0.279742,0.101584,0.954686,0.010113],[0.0,0.0,0.0,1.0]],"antennas":[-2.314578,2.697617],"body_yaw":0.0,"check_collision":false},{"head":[[0.961066,0.04748,0.272209,-0.003529],[-0.013663,0.992087,-0.124805,0.007595],[-0.275981,0.116227,0.95411,0.011534],[0.0,0.0,0.0,1.0]],"antennas":[-2.302194,2.697396],"body_yaw":0.0,"check_collision":false},{"head":[[0.96162,0.041934,0.271163,-0.003661],[-0.005291,0.990903,-0.134474,0.006634],[-0.274335,0.127878,0.953094,0.012286],[0.0,0.0,0.0,1.0]],"antennas":[-2.314129,2.720159],"body_yaw":0.0,"check_collision":false},{"head":[[0.961188,0.032982,0.273915,-0.003842],[0.00311,0.991471,-0.130294,0.00728],[-0.275876,0.126088,0.952887,0.012139],[0.0,0.0,0.0,1.0]],"antennas":[-2.34475,2.755164],"body_yaw":0.0,"check_collision":false},{"head":[[0.960116,0.028987,0.278094,-0.003666],[0.003136,0.993432,-0.114378,0.00875],[-0.279583,0.110688,0.95372,0.010893],[0.0,0.0,0.0,1.0]],"antennas":[-2.379936,2.785945],"body_yaw":0.0,"check_collision":false},{"head":[[0.959507,0.032806,0.279769,-0.003523],[-0.005862,0.995305,-0.096608,0.010098],[-0.281625,0.091056,0.955194,0.009738],[0.0,0.0,0.0,1.0]],"antennas":[-2.402663,2.798045],"body_yaw":0.0,"check_collision":false},{"head":[[0.959691,0.038708,0.27838,-0.003589],[-0.013439,0.995658,-0.092115,0.010353],[-0.280737,0.084661,0.956044,0.009251],[0.0,0.0,0.0,1.0]],"antennas":[-2.402684,2.785821],"body_yaw":0.0,"check_collision":false},{"head":[[0.959845,0.03677,0.27811,-0.003671],[-0.009042,0.994913,-0.100336,0.008915],[-0.280385,0.093792,0.955294,0.009888],[0.0,0.0,0.0,1.0]],"antennas":[-2.379715,2.754956],"body_yaw":0.0,"check_collision":false},{"head":[[0.960538,0.035447,0.275881,-0.003633],[-0.003525,0.993318,-0.115353,0.007204],[-0.278127,0.109829,0.954245,0.010912],[0.0,0.0,0.0,1.0]],"antennas":[-2.346615,2.720867],"body_yaw":0.0,"check_collision":false},{"head":[[0.961904,0.036442,0.270948,-0.003647],[-0.001345,0.991695,-0.128604,0.006195],[-0.273384,0.123341,0.953964,0.012188],[0.0,0.0,0.0,1.0]],"antennas":[-2.313868,2.697518],"body_yaw":0.0,"check_collision":false},{"head":[[0.961802,0.028566,0.272252,-0.003801],[0.006528,0.991864,-0.127131,0.007057],[-0.273669,0.124052,0.953791,0.012286],[0.0,0.0,0.0,1.0]],"antennas":[-2.302364,2.69788],"body_yaw":0.0,"check_collision":false},{"head":[[0.9607,0.01657,0.277093,-0.004094],[0.014596,0.99382,-0.110035,0.009691],[-0.277204,0.109756,0.954522,0.011681],[0.0,0.0,0.0,1.0]],"antennas":[-2.314792,2.721002],"body_yaw":0.0,"check_collision":false},{"head":[[0.959768,0.013332,0.280477,-0.004078],[0.011638,0.996125,-0.087173,0.011779],[-0.280552,0.08693,0.955894,0.010642],[0.0,0.0,0.0,1.0]],"antennas":[-2.345628,2.755965],"body_yaw":0.0,"check_collision":false},{"head":[[0.960175,0.017662,0.278841,-0.004047],[0.003449,0.997175,-0.075039,0.012681],[-0.279379,0.073012,0.957401,0.010019],[0.0,0.0,0.0,1.0]],"antennas":[-2.380426,2.786359],"body_yaw":0.0,"check_collision":false},{"head":[[0.960416,0.018287,0.277968,-0.004168],[0.003929,0.996855,-0.079155,0.012067],[-0.278541,0.077114,0.957323,0.010054],[0.0,0.0,0.0,1.0]],"antennas":[-2.402846,2.79789],"body_yaw":0.0,"check_collision":false},{"head":[[0.960363,0.017796,0.278182,-0.004175],[0.008278,0.995699,-0.092278,0.010135],[-0.278628,0.090924,0.956085,0.010569],[0.0,0.0,0.0,1.0]],"antennas":[-2.402211,2.785135],"body_yaw":0.0,"check_collision":false},{"head":[[0.960645,0.021534,0.276944,-0.0038],[0.009053,0.994034,-0.108694,0.007457],[-0.277632,0.106923,0.954719,0.011475],[0.0,0.0,0.0,1.0]],"antennas":[-2.379064,2.754162],"body_yaw":0.0,"check_collision":false},{"head":[[0.961007,0.024351,0.275451,-0.003389],[0.010511,0.992179,-0.124383,0.005607],[-0.276326,0.122428,0.953234,0.012598],[0.0,0.0,0.0,1.0]],"antennas":[-2.343951,2.719384],"body_yaw":0.0,"check_collision":false},{"head":[[0.960917,0.021881,0.275972,-0.003333],[0.01515,0.991221,-0.131344,0.005452],[-0.276423,0.130392,0.952149,0.013373],[0.0,0.0,0.0,1.0]],"antennas":[-2.31387,2.69738],"body_yaw":0.0,"check_collision":false},{"head":[[0.960364,0.013624,0.278415,-0.003566],[0.02229,0.991853,-0.125423,0.007091],[-0.277855,0.126657,0.952236,0.013298],[0.0,0.0,0.0,1.0]],"antennas":[-2.302475,2.698296],"body_yaw":0.0,"check_collision":false},{"head":[[0.959421,0.004134,0.281946,-0.003812],[0.027372,0.993805,-0.107717,0.00987],[-0.280644,0.111064,0.953364,0.012267],[0.0,0.0,0.0,1.0]],"antennas":[-2.315401,2.721793],"body_yaw":0.0,"check_collision":false},{"head":[[0.958934,-4.4e-05,0.283631,-0.004072],[0.025417,0.99599,-0.085779,0.012186],[-0.28249,0.089465,0.955089,0.010908],[0.0,0.0,0.0,1.0]],"antennas":[-2.346537,2.756797],"body_yaw":0.0,"check_collision":false},{"head":[[0.958664,-0.000507,0.284539,-0.004197],[0.021905,0.997162,-0.072025,0.012688],[-0.283695,0.07528,0.955955,0.010016],[0.0,0.0,0.0,1.0]],"antennas":[-2.38111,2.78682],"body_yaw":0.0,"check_collision":false},{"head":[[0.958551,8.3e-05,0.28492,-0.004157],[0.02105,0.997247,-0.071107,0.011735],[-0.284141,0.074157,0.95591,0.009938],[0.0,0.0,0.0,1.0]],"antennas":[-2.403047,2.7978],"body_yaw":0.0,"check_collision":false},{"head":[[0.958392,0.001415,0.285453,-0.004119],[0.022191,0.996592,-0.079444,0.009748],[-0.284593,0.082473,0.955094,0.010614],[0.0,0.0,0.0,1.0]],"antennas":[-2.401962,2.784565],"body_yaw":0.0,"check_collision":false},{"head":[[0.958743,0.005329,0.284225,-0.003945],[0.021838,0.995489,-0.092327,0.006962],[-0.283435,0.094725,0.954302,0.011909],[0.0,0.0,0.0,1.0]],"antennas":[-2.378252,2.753379],"body_yaw":0.0,"check_collision":false},{"head":[[0.959221,0.008921,0.282517,-0.003676],[0.023449,0.993545,-0.110991,0.004361],[-0.281684,0.113089,0.952819,0.013467],[0.0,0.0,0.0,1.0]],"antennas":[-2.343178,2.718714],"body_yaw":0.0,"check_collision":false},{"head":[[0.959925,0.00888,0.280115,-0.00352],[0.0286,0.991176,-0.129431,0.002997],[-0.278793,0.132255,0.951201,0.014496],[0.0,0.0,0.0,1.0]],"antennas":[-2.313314,2.697141],"body_yaw":0.0,"check_collision":false},{"head":[[0.95983,0.002749,0.28057,-0.003506],[0.035945,0.990508,-0.132675,0.003254],[-0.278272,0.13743,0.95062,0.014484],[0.0,0.0,0.0,1.0]],"antennas":[-2.302534,2.69861],"body_yaw":0.0,"check_collision":false},{"head":[[0.958622,-0.006056,0.284618,-0.003488],[0.042298,0.991707,-0.12136,0.005309],[-0.281523,0.128377,0.950928,0.013325],[0.0,0.0,0.0,1.0]],"antennas":[-2.315907,2.722479],"body_yaw":0.0,"check_collision":false},{"head":[[0.957044,-0.013812,0.289612,-0.003544],[0.044367,0.994078,-0.099203,0.008723],[-0.286527,0.107791,0.951989,0.01142],[0.0,0.0,0.0,1.0]],"antennas":[-2.347165,2.757452],"body_yaw":0.0,"check_collision":false},{"head":[[0.956575,-0.016166,0.291036,-0.003863],[0.039109,0.996551,-0.073188,0.011938],[-0.288849,0.081392,0.953909,0.009787],[0.0,0.0,0.0,1.0]],"antennas":[-2.381846,2.787275],"body_yaw":0.0,"check_collision":false},{"head":[[0.956656,-0.016058,0.290778,-0.004434],[0.033075,0.998009,-0.053701,0.013446],[-0.289336,0.060991,0.955282,0.009228],[0.0,0.0,0.0,1.0]],"antennas":[-2.403329,2.797751],"body_yaw":0.0,"check_collision":false},{"head":[[0.956946,-0.015908,0.289829,-0.004801],[0.032763,0.998036,-0.053395,0.013237],[-0.28841,0.060592,0.955588,0.009886],[0.0,0.0,0.0,1.0]],"antennas":[-2.401551,2.783937],"body_yaw":0.0,"check_collision":false},{"head":[[0.957117,-0.015465,0.289288,-0.004836],[0.036055,0.997169,-0.065983,0.011455],[-0.287448,0.073584,0.954965,0.011337],[0.0,0.0,0.0,1.0]],"antennas":[-2.377431,2.752395],"body_yaw":0.0,"check_collision":false},{"head":[[0.95763,-0.009422,0.287849,-0.004462],[0.034772,0.995936,-0.08308,0.008626],[-0.285896,0.089569,0.954065,0.012856],[0.0,0.0,0.0,1.0]],"antennas":[-2.342435,2.718013],"body_yaw":0.0,"check_collision":false},{"head":[[0.958466,-0.001973,0.285202,-0.003926],[0.033271,0.993922,-0.104939,0.00556],[-0.283261,0.110069,0.952706,0.01431],[0.0,0.0,0.0,1.0]],"antennas":[-2.31269,2.696843],"body_yaw":0.0,"check_collision":false},{"head":[[0.959006,-0.001746,0.283379,-0.003704],[0.03749,0.991973,-0.120763,0.003745],[-0.280893,0.126436,0.951374,0.014786],[0.0,0.0,0.0,1.0]],"antennas":[-2.30253,2.69892],"body_yaw":0.0,"check_collision":false},{"head":[[0.959013,-0.007821,0.283253,-0.003878],[0.043754,0.991717,-0.120758,0.00442],[-0.279963,0.128202,0.951412,0.014551],[0.0,0.0,0.0,1.0]],"antennas":[-2.316515,2.723262],"body_yaw":0.0,"check_collision":false},{"head":[[0.957869,-0.017348,0.286681,-0.004065],[0.049783,0.993093,-0.106242,0.006411],[-0.282858,0.116038,0.952117,0.013227],[0.0,0.0,0.0,1.0]],"antennas":[-2.348135,2.758429],"body_yaw":0.0,"check_collision":false},{"head":[[0.957064,-0.016918,0.289382,-0.004034],[0.043342,0.995425,-0.085149,0.008323],[-0.286618,0.094036,0.953419,0.011738],[0.0,0.0,0.0,1.0]],"antennas":[-2.38267,2.787919],"body_yaw":0.0,"check_collision":false},{"head":[[0.957762,-0.007339,0.287467,-0.003993],[0.029206,0.996988,-0.071851,0.009496],[-0.286074,0.077212,0.955092,0.011011],[0.0,0.0,0.0,1.0]],"antennas":[-2.403586,2.797773],"body_yaw":0.0,"check_collision":false},{"head":[[0.958509,-0.001772,0.285057,-0.004178],[0.024763,0.996718,-0.077072,0.009221],[-0.283984,0.080933,0.955407,0.011606],[0.0,0.0,0.0,1.0]],"antennas":[-2.401322,2.783507],"body_yaw":0.0,"check_collision":false},{"head":[[0.958813,-0.001118,0.284035,-0.004217],[0.029482,0.994983,-0.095606,0.007495],[-0.282503,0.100042,0.954035,0.013356],[0.0,0.0,0.0,1.0]],"antennas":[-2.37685,2.751629],"body_yaw":0.0,"check_collision":false},{"head":[[0.959995,0.002417,0.280005,-0.004065],[0.031182,0.992821,-0.115476,0.005409],[-0.278274,0.119588,0.953028,0.014774],[0.0,0.0,0.0,1.0]],"antennas":[-2.341541,2.717225],"body_yaw":0.0,"check_collision":false},{"head":[[0.960962,0.005605,0.276624,-0.003768],[0.031299,0.991175,-0.128812,0.004324],[-0.274905,0.132441,0.952306,0.015569],[0.0,0.0,0.0,1.0]],"antennas":[-2.312177,2.696495],"body_yaw":0.0,"check_collision":false},{"head":[[0.960431,0.000624,0.278517,-0.003739],[0.036486,0.991098,-0.128039,0.004729],[-0.276118,0.133134,0.951858,0.0152],[0.0,0.0,0.0,1.0]],"antennas":[-2.302429,2.699071],"body_yaw":0.0,"check_collision":false},{"head":[[0.959005,-0.009498,0.28323,-0.003673],[0.044274,0.992187,-0.116639,0.006369],[-0.27991,0.124397,0.951933,0.013797],[0.0,0.0,0.0,1.0]],"antennas":[-2.317088,2.724007],"body_yaw":0.0,"check_collision":false},{"head":[[0.957794,-0.016088,0.287004,-0.003776],[0.04606,0.994121,-0.097986,0.00884],[-0.28374,0.10707,0.952905,0.012375],[0.0,0.0,0.0,1.0]],"antennas":[-2.349025,2.759325],"body_yaw":0.0,"check_collision":false},{"head":[[0.957919,-0.013123,0.28674,-0.004029],[0.037365,0.996156,-0.079234,0.01109],[-0.284598,0.086614,0.954726,0.011135],[0.0,0.0,0.0,1.0]],"antennas":[-2.383442,2.788535],"body_yaw":0.0,"check_collision":false},{"head":[[0.958753,-0.007199,0.284149,-0.004244],[0.02992,0.996682,-0.0757,0.011802],[-0.282661,0.081079,0.955787,0.010924],[0.0,0.0,0.0,1.0]],"antennas":[-2.403903,2.797937],"body_yaw":0.0,"check_collision":false},{"head":[[0.958734,-0.005793,0.284245,-0.00449],[0.030432,0.996139,-0.082343,0.011345],[-0.282671,0.087595,0.955209,0.012073],[0.0,0.0,0.0,1.0]],"antennas":[-2.401058,2.782981],"body_yaw":0.0,"check_collision":false},{"head":[[0.958943,-0.003779,0.283574,-0.004367],[0.031883,0.995009,-0.094556,0.009677],[-0.281801,0.099715,0.954277,0.013196],[0.0,0.0,0.0,1.0]],"antennas":[-2.375955,2.75074],"body_yaw":0.0,"check_collision":false},{"head":[[0.95976,0.000466,0.28082,-0.003933],[0.031822,0.993377,-0.110406,0.007883],[-0.279012,0.114899,0.953389,0.014101],[0.0,0.0,0.0,1.0]],"antennas":[-2.340784,2.716486],"body_yaw":0.0,"check_collision":false},{"head":[[0.959837,0.000525,0.280557,-0.00356],[0.034221,0.992312,-0.118934,0.00745],[-0.278462,0.123759,0.95244,0.014119],[0.0,0.0,0.0,1.0]],"antennas":[-2.311471,2.696086],"body_yaw":0.0,"check_collision":false},{"head":[[0.958713,-0.00566,0.284319,-0.003485],[0.039095,0.992932,-0.11206,0.008341],[-0.281675,0.118549,0.952158,0.013337],[0.0,0.0,0.0,1.0]],"antennas":[-2.302326,2.69933],"body_yaw":0.0,"check_collision":false},{"head":[[0.956821,-0.014846,0.290298,-0.00372],[0.044061,0.994562,-0.094365,0.010558],[-0.287318,0.103081,0.952272,0.012008],[0.0,0.0,0.0,1.0]],"antennas":[-2.317495,2.722019],"body_yaw":0.0,"check_collision":false},{"head":[[0.956791,-0.009536,0.290619,-0.003676],[0.033343,0.996467,-0.077077,0.012032],[-0.288858,0.083436,0.953729,0.010754],[0.0,0.0,0.0,1.0]],"antennas":[-2.329802,2.722019],"body_yaw":0.0,"check_collision":false},{"head":[[0.958089,0.00015,0.286471,-0.003782],[0.021543,0.99713,-0.072573,0.012484],[-0.285659,0.075703,0.955336,0.010273],[0.0,0.0,0.0,1.0]],"antennas":[-2.329802,2.722019],"body_yaw":0.0,"check_collision":false},{"head":[[0.957718,0.000875,0.287707,-0.003991],[0.024142,0.996224,-0.083391,0.011094],[-0.286693,0.086811,0.954081,0.010933],[0.0,0.0,0.0,1.0]],"antennas":[-2.329802,2.722019],"body_yaw":0.0,"check_collision":false},{"head":[[0.957841,0.00127,0.287295,-0.00408],[0.027876,0.994861,-0.097337,0.00927],[-0.285942,0.101242,0.952884,0.012304],[0.0,0.0,0.0,1.0]],"antennas":[-2.329802,2.722019],"body_yaw":0.0,"check_collision":false},{"head":[[0.958302,0.00325,0.28574,-0.00389],[0.030366,0.993116,-0.113134,0.007137],[-0.28414,0.117094,0.951606,0.013286],[0.0,0.0,0.0,1.0]],"antennas":[-2.329802,2.722019],"body_yaw":0.0,"check_collision":false},{"head":[[0.959162,0.004486,0.282822,-0.00367],[0.0324,0.991551,-0.125609,0.005955],[-0.280996,0.129643,0.950912,0.014025],[0.0,0.0,0.0,1.0]],"antennas":[-2.329802,2.722019],"body_yaw":0.0,"check_collision":false},{"head":[[0.958466,-0.001829,0.285202,-0.00372],[0.037921,0.991919,-0.121077,0.006451],[-0.282675,0.126863,0.950789,0.013574],[0.0,0.0,0.0,1.0]],"antennas":[-2.329802,2.722019],"body_yaw":0.0,"check_collision":false},{"head":[[0.957199,-0.009931,0.289259,-0.003928],[0.042538,0.993385,-0.10666,0.0082],[-0.286286,0.114399,0.95129,0.012421],[0.0,0.0,0.0,1.0]],"antennas":[-2.329802,2.722019],"body_yaw":0.0,"check_collision":false},{"head":[[0.956738,-0.007967,0.290841,-0.004104],[0.034678,0.995622,-0.086806,0.009586],[-0.288876,0.093136,0.952826,0.011337],[0.0,0.0,0.0,1.0]],"antennas":[-2.329802,2.722019],"body_yaw":0.0,"check_collision":false},{"head":[[0.957838,0.001321,0.287306,-0.004101],[0.022309,0.996628,-0.078959,0.010052],[-0.286442,0.082039,0.954579,0.011024],[0.0,0.0,0.0,1.0]],"antennas":[-2.329802,2.722019],"body_yaw":0.0,"check_collision":false},{"head":[[0.957853,0.003581,0.287237,-0.004121],[0.022822,0.995813,-0.08852,0.0087],[-0.286351,0.091344,0.953761,0.011512],[0.0,0.0,0.0,1.0]],"antennas":[-2.329802,2.722019],"body_yaw":0.0,"check_collision":false},{"head":[[0.958001,0.004947,0.286724,-0.004072],[0.025966,0.994247,-0.103913,0.006769],[-0.285588,0.106994,0.952361,0.012643],[0.0,0.0,0.0,1.0]],"antennas":[-2.329802,2.722019],"body_yaw":0.0,"check_collision":false},{"head":[[0.958864,0.007531,0.283766,-0.003942],[0.027787,0.992357,-0.120231,0.004569],[-0.282503,0.12317,0.951326,0.013839],[0.0,0.0,0.0,1.0]],"antennas":[-2.329802,2.722019],"body_yaw":0.0,"check_collision":false},{"head":[[0.958696,0.003873,0.284405,-0.003805],[0.034356,0.991009,-0.129306,0.003868],[-0.282349,0.133736,0.949944,0.014297],[0.0,0.0,0.0,1.0]],"antennas":[-2.329802,2.722019],"body_yaw":0.0,"check_collision":false},{"head":[[0.957547,-0.003793,0.288251,-0.003811],[0.041616,0.991258,-0.125201,0.004672],[-0.285257,0.131882,0.949334,0.014004],[0.0,0.0,0.0,1.0]],"antennas":[-2.329802,2.722019],"body_yaw":0.0,"check_collision":false},{"head":[[0.95566,-0.015997,0.294036,-0.00395],[0.05031,0.992712,-0.109508,0.007025],[-0.290141,0.119446,0.9495,0.012852],[0.0,0.0,0.0,1.0]],"antennas":[-2.329802,2.722019],"body_yaw":0.0,"check_collision":false},{"head":[[0.953582,-0.022245,0.300312,-0.004203],[0.049592,0.995252,-0.083748,0.009577],[-0.297023,0.094754,0.950157,0.011251],[0.0,0.0,0.0,1.0]],"antennas":[-2.329802,2.722019],"body_yaw":0.0,"check_collision":false},{"head":[[0.95452,-0.014023,0.297818,-0.00429],[0.034557,0.997364,-0.063797,0.011332],[-0.296138,0.071188,0.952489,0.010033],[0.0,0.0,0.0,1.0]],"antennas":[-2.329802,2.722019],"body_yaw":0.0,"check_collision":false},{"head":[[0.955148,-0.011044,0.295923,-0.004526],[0.031078,0.997524,-0.063083,0.011441],[-0.294494,0.069451,0.953126,0.010033],[0.0,0.0,0.0,1.0]],"antennas":[-2.329802,2.722019],"body_yaw":0.0,"check_collision":false},{"head":[[0.955105,-0.011903,0.296027,-0.004619],[0.036328,0.996358,-0.077148,0.010403],[-0.29403,0.084439,0.952059,0.010953],[0.0,0.0,0.0,1.0]],"antennas":[-2.329802,2.722019],"body_yaw":0.0,"check_collision":false},{"head":[[0.955953,-0.007012,0.293437,-0.004474],[0.03583,0.995026,-0.092949,0.008032],[-0.291326,0.099368,0.951449,0.012612],[0.0,0.0,0.0,1.0]],"antennas":[-2.321833,2.70571],"body_yaw":0.0,"check_collision":false},{"head":[[0.956689,-0.003327,0.291091,-0.004169],[0.036615,0.993369,-0.108981,0.005993],[-0.288799,0.114919,0.950468,0.014018],[0.0,0.0,0.0,1.0]],"antennas":[-2.288916,2.674022],"body_yaw":0.0,"check_collision":false},{"head":[[0.956589,-0.007136,0.291352,-0.004031],[0.043346,0.992065,-0.11802,0.005404],[-0.288198,0.125525,0.949308,0.014429],[0.0,0.0,0.0,1.0]],"antennas":[-2.233111,2.624262],"body_yaw":0.0,"check_collision":false},{"head":[[0.955895,-0.015895,0.293278,-0.003937],[0.050444,0.992582,-0.110618,0.006983],[-0.289344,0.120534,0.949606,0.01326],[0.0,0.0,0.0,1.0]],"antennas":[-2.162598,2.547283],"body_yaw":0.0,"check_collision":false},{"head":[[0.954138,-0.025593,0.29827,-0.003989],[0.054049,0.994693,-0.087548,0.009325],[-0.294446,0.099654,0.950458,0.011256],[0.0,0.0,0.0,1.0]],"antennas":[-2.080231,2.443936],"body_yaw":0.0,"check_collision":false},{"head":[[0.954366,-0.018712,0.298052,-0.003924],[0.039739,0.997117,-0.064646,0.011078],[-0.295983,0.073541,0.952358,0.009603],[0.0,0.0,0.0,1.0]],"antennas":[-1.986625,2.340008],"body_yaw":0.0,"check_collision":false},{"head":[[0.955413,-0.008228,0.295157,-0.003935],[0.027047,0.997848,-0.059735,0.011721],[-0.294031,0.065055,0.953579,0.009324],[0.0,0.0,0.0,1.0]],"antennas":[-1.88