{"description":"A feeling close to relief. Can also be used to calm mild annoyance.","time":[0.0,0.02,0.04,0.06,0.08,0.1,0.12,0.14,0.16,0.18,0.2,0.22,0.24,0.26,0.28,0.3,0.32,0.34,0.36,0.38,0.4,0.42,0.44,0.46,0.48,0.5,0.52,0.54,0.56,0.58,0.6,0.62,0.64,0.66,0.68,0.7,0.72,0.74,0.76,0.78,0.8,0.82,0.84,0.86,0.88,0.9,0.92,0.94,0.96,0.98,1.0,1.02,1.04,1.06,1.08,1.1,1.12,1.14,1.16,1.18,1.2,1.22,1.24,1.26,1.28,1.3,1.32,1.34,1.36,1.38,1.4,1.42,1.44,1.46,1.48,1.5,1.52,1.54,1.56,1.58,1.6,1.62,1.64,1.66,1.68,1.7,1.72,1.74,1.76,1.78,1.8,1.82,1.84,1.86,1.88,1.9,1.92,1.94,1.96,1.98,2.0,2.02,2.04,2.06,2.08,2.1,2.12,2.14,2.16,2.18,2.2,2.22,2.24,2.26,2.28,2.3,2.32,2.34,2.36,2.38,2.4,2.42,2.44,2.46,2.48,2.5,2.52,2.54,2.56,2.58,2.6,2.62,2.64,2.66,2.68,2.7,2.72,2.74,2.76,2.78,2.8,2.82,2.84,2.86,2.88,2.9,2.92,2.94,2.96,2.98,3.0,3.02,3.04,3.06,3.08,3.1,3.12,3.14,3.16,3.18,3.2,3.22,3.24,3.26,3.28,3.3,3.32,3.34,3.36,3.38,3.4,3.42,3.44,3.46,3.48,3.5,3.52,3.54,3.56,3.58,3.6,3.62,3.64,3.66,3.68,3.7,3.72,3.74,3.76,3.78,3.8,3.82,3.84,3.86,3.88,3.9,3.92,3.94,3.96,3.98,4.0,4.02,4.04,4.06,4.08,4.1,4.12,4.14,4.16,4.18,4.2,4.22,4.24,4.26,4.28,4.3,4.32,4.34,4.36,4.38,4.4,4.42,4.44,4.46,4.48,4.5,4.52,4.54,4.56,4.58,4.6,4.62,4.64,4.66,4.68,4.7,4.72,4.74,4.76,4.78,4.8,4.82,4.84,4.86,4.88,4.9,4.92,4.94,4.96,4.98,5.0,5.02,5.04,5.06,5.08,5.1,5.12,5.14,5.16,5.18,5.2,5.22,5.24,5.26,5.28,5.3,5.32,5.34,5.36,5.38,5.4,5.42,5.44,5.46,5.48,5.5,5.52,5.54,5.56,5.58,5.6,5.62,5.64,5.66,5.68,5.7,5.72,5.74,5.76,5.78,5.8,5.82,5.84,5.86,5.88,5.9,5.92,5.94,5.96,5.98,6.0,6.02,6.04,6.06,6.08,6.1,6.12,6.14,6.16,6.18,6.2,6.22,6.24,6.26,6.28,6.3,6.32,6.34,6.36,6.38,6.4,6.42,6.44,6.46,6.48,6.5,6.52,6.54,6.56,6.58,6.6,6.62,6.64,6.66,6.68,6.7,6.72,6.74,6.76,6.78,6.8,6.82,6.84,6.86,6.88,6.9],"set_target_data":[{"head":[[0.982185,0.185975,-0.026946,-0.016389],[-0.187696,0.97785,-0.092624,0.004202],[0.009123,0.096032,0.995336,0.018233],[0.0,0.0,0.0,1.0]],"antennas":[-0.019163,0.441845],"body_yaw":-0.128783,"check_collision":false},{"head":[[0.982303,0.185352,-0.026933,-0.016322],[-0.187077,0.97793,-0.093028,0.00426],[0.009096,0.09642,0.995299,0.018219],[0.0,0.0,0.0,1.0]],"antennas":[-0.019163,0.441845],"body_yaw":-0.128783,"check_collision":false},{"head":[[0.982312,0.185296,-0.026998,-0.016315],[-0.187024,0.977982,-0.092591,0.004424],[0.009247,0.096003,0.995338,0.018173],[0.0,0.0,0.0,1.0]],"antennas":[-0.019163,0.441845],"body_yaw":-0.128783,"check_collision":false},{"head":[[0.982311,0.185311,-0.026915,-0.016286],[-0.187027,0.978027,-0.09211,0.004549],[0.009254,0.095515,0.995385,0.018108],[0.0,0.0,0.0,1.0]],"antennas":[-0.019163,0.441845],"body_yaw":-0.128783,"check_collision":false},{"head":[[0.982357,0.185082,-0.026839,-0.016251],[-0.18679,0.978081,-0.092015,0.004629],[0.009221,0.095405,0.995396,0.018051],[0.0,0.0,0.0,1.0]],"antennas":[-0.019163,0.441845],"body_yaw":-0.128783,"check_collision":false},{"head":[[0.982396,0.184906,-0.026616,-0.016178],[-0.186596,0.978097,-0.092237,0.004629],[0.008978,0.09558,0.995381,0.017995],[0.0,0.0,0.0,1.0]],"antennas":[-0.019163,0.441845],"body_yaw":-0.128783,"check_collision":false},{"head":[[0.982395,0.184964,-0.026237,-0.016037],[-0.186616,0.978105,-0.092118,0.004505],[0.008624,0.095393,0.995402,0.017955],[0.0,0.0,0.0,1.0]],"antennas":[-0.019163,0.441845],"body_yaw":-0.128783,"check_collision":false},{"head":[[0.982375,0.185079,-0.026159,-0.015997],[-0.186721,0.978108,-0.091864,0.004499],[0.008585,0.095129,0.995428,0.017971],[0.0,0.0,0.0,1.0]],"antennas":[-0.019163,0.441845],"body_yaw":-0.128783,"check_collision":false},{"head":[[0.982372,0.185076,-0.026329,-0.015951],[-0.186734,0.978103,-0.091899,0.004436],[0.008744,0.095196,0.99542,0.018047],[0.0,0.0,0.0,1.0]],"antennas":[-0.019163,0.441845],"body_yaw":-0.128783,"check_collision":false},{"head":[[0.982324,0.185354,-0.026149,-0.015895],[-0.186991,0.978097,-0.091436,0.004454],[0.008629,0.094709,0.995468,0.01809],[0.0,0.0,0.0,1.0]],"antennas":[-0.019163,0.441845],"body_yaw":-0.128783,"check_collision":false},{"head":[[0.982306,0.185464,-0.026035,-0.015777],[-0.187087,0.97811,-0.091102,0.004325],[0.008569,0.094361,0.995501,0.017992],[0.0,0.0,0.0,1.0]],"antennas":[-0.019163,0.441845],"body_yaw":-0.128783,"check_collision":false},{"head":[[0.982306,0.185487,-0.025864,-0.015685],[-0.18709,0.97814,-0.09077,0.004363],[0.008462,0.094003,0.995536,0.017887],[0.0,0.0,0.0,1.0]],"antennas":[-0.019163,0.441845],"body_yaw":-0.128783,"check_collision":false},{"head":[[0.982317,0.185477,-0.025516,-0.015673],[-0.187047,0.978155,-0.090701,0.004503],[0.008136,0.093869,0.995551,0.017811],[0.0,0.0,0.0,1.0]],"antennas":[-0.019163,0.441845],"body_yaw":-0.128783,"check_collision":false},{"head":[[0.982251,0.185876,-0.025183,-0.015631],[-0.187412,0.978088,-0.090671,0.004317],[0.007778,0.093781,0.995562,0.017758],[0.0,0.0,0.0,1.0]],"antennas":[-0.019163,0.441845],"body_yaw":-0.128783,"check_collision":false},{"head":[[0.98216,0.186406,-0.024781,-0.015514],[-0.187901,0.978017,-0.090423,0.004076],[0.00738,0.093466,0.995595,0.017783],[0.0,0.0,0.0,1.0]],"antennas":[-0.019163,0.441845],"body_yaw":-0.128783,"check_collision":false},{"head":[[0.982121,0.186639,-0.024586,-0.015495],[-0.188113,0.978011,-0.090042,0.003961],[0.00724,0.093057,0.995634,0.017814],[0.0,0.0,0.0,1.0]],"antennas":[-0.019163,0.441845],"body_yaw":-0.128783,"check_collision":false},{"head":[[0.982068,0.186997,-0.023953,-0.015407],[-0.188407,0.977993,-0.089626,0.004007],[0.006666,0.092532,0.995687,0.017827],[0.0,0.0,0.0,1.0]],"antennas":[-0.019163,0.441845],"body_yaw":-0.128783,"check_collision":false},{"head":[[0.981995,0.187435,-0.023545,-0.015297],[-0.188802,0.977964,-0.089113,0.003852],[0.006323,0.091954,0.995743,0.017693],[0.0,0.0,0.0,1.0]],"antennas":[-0.019163,0.441845],"body_yaw":-0.128783,"check_collision":false},{"head":[[0.982021,0.187372,-0.022937,-0.015099],[-0.188684,0.977985,-0.089132,0.003896],[0.005731,0.091857,0.995756,0.017484],[0.0,0.0,0.0,1.0]],"antennas":[-0.019163,0.441845],"body_yaw":-0.128783,"check_collision":false},{"head":[[0.982015,0.187428,-0.022751,-0.014964],[-0.188722,0.977993,-0.088957,0.003977],[0.005577,0.091651,0.995776,0.017349],[0.0,0.0,0.0,1.0]],"antennas":[-0.019163,0.441845],"body_yaw":-0.128783,"check_collision":false},{"head":[[0.981984,0.187612,-0.02256,-0.014947],[-0.188885,0.978,-0.088541,0.004068],[0.005452,0.091207,0.995817,0.017223],[0.0,0.0,0.0,1.0]],"antennas":[-0.019163,0.441845],"body_yaw":-0.128783,"check_collision":false},{"head":[[0.981997,0.18757,-0.022365,-0.014835],[-0.188825,0.978011,-0.088542,0.004004],[0.005266,0.091171,0.995821,0.017178],[0.0,0.0,0.0,1.0]],"antennas":[-0.019163,0.441845],"body_yaw":-0.128783,"check_collision":false},{"head":[[0.982008,0.187555,-0.022006,-0.014615],[-0.188776,0.97805,-0.088214,0.004147],[0.004977,0.090781,0.995858,0.017173],[0.0,0.0,0.0,1.0]],"antennas":[-0.019163,0.441845],"body_yaw":-0.128783,"check_collision":false},{"head":[[0.982001,0.187599,-0.021938,-0.014468],[-0.188811,0.978088,-0.087715,0.0042],[0.005002,0.090278,0.995904,0.017155],[0.0,0.0,0.0,1.0]],"antennas":[-0.019163,0.441845],"body_yaw":-0.128783,"check_collision":false},{"head":[[0.982004,0.187589,-0.021872,-0.014317],[-0.188793,0.978118,-0.087422,0.004166],[0.004994,0.089978,0.995931,0.017038],[0.0,0.0,0.0,1.0]],"antennas":[-0.019163,0.441845],"body_yaw":-0.128783,"check_collision":false},{"head":[[0.982001,0.187617,-0.021782,-0.014208],[-0.188812,0.978138,-0.087157,0.004109],[0.004954,0.089701,0.995956,0.016888],[0.0,0.0,0.0,1.0]],"antennas":[-0.019163,0.441845],"body_yaw":-0.128783,"check_collision":false},{"head":[[0.981989,0.187677,-0.021814,-0.014067],[-0.188873,0.978153,-0.086859,0.003993],[0.005036,0.089414,0.995982,0.01689],[0.0,0.0,0.0,1.0]],"antennas":[-0.019163,0.441845],"body_yaw":-0.128783,"check_collision":false},{"head":[[0.98195,0.187883,-0.021794,-0.013997],[-0.189074,0.978162,-0.086313,0.003979],[0.005101,0.088876,0.99603,0.016967],[0.0,0.0,0.0,1.0]],"antennas":[-0.019163,0.441845],"body_yaw":-0.128783,"check_collision":false},{"head":[[0.98197,0.187807,-0.021517,-0.013904],[-0.188973,0.978195,-0.086162,0.004059],[0.004866,0.088675,0.996049,0.016929],[0.0,0.0,0.0,1.0]],"antennas":[-0.019163,0.441845],"body_yaw":-0.128783,"check_collision":false},{"head":[[0.981984,0.187773,-0.021167,-0.013713],[-0.188908,0.978196,-0.086289,0.003941],[0.004503,0.088733,0.996045,0.016923],[0.0,0.0,0.0,1.0]],"antennas":[-0.019163,0.441845],"body_yaw":-0.128783,"check_collision":false},{"head":[[0.982042,0.187532,-0.020634,-0.013576],[-0.188622,0.978248,-0.086326,0.003828],[0.003997,0.088667,0.996053,0.016942],[0.0,0.0,0.0,1.0]],"antennas":[-0.019163,0.441845],"body_yaw":-0.128783,"check_collision":false},{"head":[[0.982173,0.186878,-0.020313,-0.013517],[-0.187945,0.978308,-0.087126,0.003699],[0.00359,0.08939,0.99599,0.016819],[0.0,0.0,0.0,1.0]],"antennas":[-0.019163,0.441845],"body_yaw":-0.128783,"check_collision":false},{"head":[[0.98218,0.186863,-0.020142,-0.01346],[-0.187914,0.978299,-0.087283,0.00363],[0.003395,0.089513,0.99598,0.016721],[0.0,0.0,0.0,1.0]],"antennas":[-0.019163,0.441845],"body_yaw":-0.128783,"check_collision":false},{"head":[[0.982283,0.18631,-0.020221,-0.0135],[-0.187371,0.978414,-0.08717,0.003669],[0.003544,0.089414,0.995988,0.016727],[0.0,0.0,0.0,1.0]],"antennas":[-0.019163,0.441845],"body_yaw":-0.128783,"check_collision":false},{"head":[[0.982351,0.185972,-0.02002,-0.013522],[-0.187018,0.978433,-0.087714,0.003753],[0.003275,0.08991,0.995944,0.016691],[0.0,0.0,0.0,1.0]],"antennas":[-0.019163,0.441845],"body_yaw":-0.128783,"check_collision":false},{"head":[[0.982491,0.185325,-0.019138,-0.013597],[-0.186297,0.97845,-0.089044,0.004019],[0.002224,0.09105,0.995844,0.016583],[0.0,0.0,0.0,1.0]],"antennas":[-0.019163,0.441845],"body_yaw":-0.128783,"check_collision":false},{"head":[[0.982548,0.185226,-0.01703,-0.013651],[-0.186007,0.978277,-0.091521,0.004129],[-0.000292,0.093092,0.995657,0.016393],[0.0,0.0,0.0,1.0]],"antennas":[-0.019163,0.441845],"body_yaw":-0.128783,"check_collision":false},{"head":[[0.982741,0.184393,-0.014845,-0.013619],[-0.184966,0.978168,-0.094737,0.004038],[-0.002948,0.095848,0.995392,0.01628],[0.0,0.0,0.0,1.0]],"antennas":[-0.019163,0.441845],"body_yaw":-0.128783,"check_collision":false},{"head":[[0.982911,0.183615,-0.01311,-0.013612],[-0.184014,0.978099,-0.097274,0.003874],[-0.005038,0.098024,0.995171,0.016184],[0.0,0.0,0.0,1.0]],"antennas":[-0.019163,0.441845],"body_yaw":-0.128783,"check_collision":false},{"head":[[0.983025,0.18309,-0.011817,-0.013638],[-0.183355,0.978075,-0.098746,0.003813],[-0.006522,0.099237,0.995042,0.016014],[0.0,0.0,0.0,1.0]],"antennas":[-0.019163,0.441845],"body_yaw":-0.128783,"check_collision":false},{"head":[[0.983149,0.182506,-0.010493,-0.013602],[-0.182636,0.978115,-0.099675,0.003849],[-0.007928,0.099912,0.994965,0.015798],[0.0,0.0,0.0,1.0]],"antennas":[-0.019163,0.441845],"body_yaw":-0.128783,"check_collision":false},{"head":[[0.983103,0.182873,-0.008158,-0.013528],[-0.182762,0.978038,-0.100199,0.00388],[-0.010345,0.099997,0.994934,0.015772],[0.0,0.0,0.0,1.0]],"antennas":[-0.019163,0.441845],"body_yaw":-0.128783,"check_collision":false},{"head":[[0.98306,0.183207,-0.00527,-0.0135],[-0.18281,0.978056,-0.099939,0.003883],[-0.013155,0.099209,0.99498,0.015615],[0.0,0.0,0.0,1.0]],"antennas":[-0.019163,0.441845],"body_yaw":-0.128783,"check_collision":false},{"head":[[0.983025,0.183453,-0.00264,-0.013347],[-0.182786,0.978006,-0.100466,0.003866],[-0.015849,0.099244,0.994937,0.015303],[0.0,0.0,0.0,1.0]],"antennas":[-0.019163,0.441845],"body_yaw":-0.128783,"check_collision":false},{"head":[[0.983038,0.183402,-0.000451,-0.013131],[-0.182489,0.977889,-0.102131,0.003626],[-0.01829,0.100481,0.994771,0.015112],[0.0,0.0,0.0,1.0]],"antennas":[-0.019163,0.441845],"body_yaw":-0.128783,"check_collision":false},{"head":[[0.983085,0.183145,0.001141,-0.013048],[-0.182039,0.977794,-0.103832,0.003538],[-0.020132,0.101868,0.994594,0.014812],[0.0,0.0,0.0,1.0]],"antennas":[-0.019163,0.441845],"body_yaw":-0.128783,"check_collision":false},{"head":[[0.983064,0.183243,0.002851,-0.013008],[-0.181941,0.977711,-0.104783,0.00356],[-0.021988,0.10249,0.994491,0.014555],[0.0,0.0,0.0,1.0]],"antennas":[-0.019163,0.441845],"body_yaw":-0.128783,"check_collision":false},{"head":[[0.98292,0.183939,0.005955,-0.012874],[-0.182277,0.977481,-0.106331,0.003341],[-0.025379,0.103429,0.994313,0.014534],[0.0,0.0,0.0,1.0]],"antennas":[-0.019163,0.441845],"body_yaw":-0.128783,"check_collision":false},{"head":[[0.982863,0.184117,0.008967,-0.012698],[-0.182109,0.977381,-0.107531,0.003204],[-0.028563,0.104056,0.994161,0.014529],[0.0,0.0,0.0,1.0]],"antennas":[-0.019163,0.441845],"body_yaw":-0.128783,"check_collision":false},{"head":[[0.982881,0.18389,0.0114,-0.012555],[-0.181553,0.977211,-0.109991,0.00315],[-0.031366,0.106039,0.993867,0.014366],[0.0,0.0,0.0,1.0]],"antennas":[-0.019163,0.441845],"body_yaw":-0.128783,"check_collision":false},{"head":[[0.982918,0.183583,0.013033,-0.012459],[-0.180992,0.977033,-0.112468,0.003077],[-0.033381,0.108188,0.99357,0.014086],[0.0,0.0,0.0,1.0]],"antennas":[-0.02073,0.441845],"body_yaw":-0.128783,"check_collision":false},{"head":[[0.982957,0.183273,0.014368,-0.012331],[-0.180496,0.976977,-0.113743,0.003016],[-0.034884,0.109211,0.993406,0.013677],[0.0,0.0,0.0,1.0]],"antennas":[-0.029228,0.441845],"body_yaw":-0.128783,"check_collision":false},{"head":[[0.982967,0.1831,0.015826,-0.012237],[-0.180122,0.97691,-0.114907,0.003],[-0.0365,0.1101,0.99325,0.013423],[0.0,0.0,0.0,1.0]],"antennas":[-0.039619,0.441845],"body_yaw":-0.128783,"check_collision":false},{"head":[[0.982888,0.183291,0.018317,-0.012125],[-0.180004,0.97683,-0.115766,0.00276],[-0.039112,0.110488,0.993108,0.01328],[0.0,0.0,0.0,1.0]],"antennas":[-0.051818,0.441845],"body_yaw":-0.128783,"check_collision":false},{"head":[[0.982807,0.183441,0.020954,-0.012064],[-0.179835,0.976784,-0.116412,0.002727],[-0.041822,0.110642,0.99298,0.013263],[0.0,0.0,0.0,1.0]],"antennas":[-0.067329,0.441845],"body_yaw":-0.128783,"check_collision":false},{"head":[[0.982832,0.183075,0.022899,-0.011917],[-0.179196,0.976739,-0.117769,0.002701],[-0.043927,0.111644,0.992777,0.013176],[0.0,0.0,0.0,1.0]],"antennas":[-0.085329,0.443095],"body_yaw":-0.128783,"check_collision":false},{"head":[[0.982852,0.182793,0.024246,-0.011807],[-0.178701,0.976657,-0.119193,0.002774],[-0.045468,0.112816,0.992575,0.013009],[0.0,0.0,0.0,1.0]],"antennas":[-0.104064,0.452312],"body_yaw":-0.128783,"check_collision":false},{"head":[[0.982917,0.182372,0.024804,-0.011806],[-0.178191,0.976677,-0.119789,0.002739],[-0.046072,0.113323,0.992489,0.01283],[0.0,0.0,0.0,1.0]],"antennas":[-0.122889,0.465478],"body_yaw":-0.128783,"check_collision":false},{"head":[[0.982906,0.182245,0.026107,-0.011719],[-0.177939,0.976778,-0.119345,0.002542],[-0.047251,0.112659,0.99251,0.012575],[0.0,0.0,0.0,1.0]],"antennas":[-0.141636,0.481026],"body_yaw":-0.128783,"check_collision":false},{"head":[[0.982812,0.182366,0.028683,-0.011635],[-0.177761,0.976792,-0.119494,0.002474],[-0.049809,0.112341,0.992421,0.012399],[0.0,0.0,0.0,1.0]],"antennas":[-0.160725,0.49794],"body_yaw":-0.128783,"check_collision":false},{"head":[[0.982771,0.182068,0.031821,-0.011484],[-0.17709,0.976861,-0.119921,0.002324],[-0.052918,0.11222,0.992273,0.012259],[0.0,0.0,0.0,1.0]],"antennas":[-0.181034,0.514924],"body_yaw":-0.128783,"check_collision":false},{"head":[[0.982688,0.18207,0.034268,-0.011329],[-0.176757,0.976788,-0.121007,0.002219],[-0.055505,0.112855,0.99206,0.012131],[0.0,0.0,0.0,1.0]],"antennas":[-0.203724,0.532246],"body_yaw":-0.128783,"check_collision":false},{"head":[[0.982589,0.182244,0.03615,-0.011175],[-0.176693,0.976746,-0.121436,0.002196],[-0.05744,0.112934,0.991941,0.011769],[0.0,0.0,0.0,1.0]],"antennas":[-0.227213,0.549399],"body_yaw":-0.128783,"check_collision":false},{"head":[[0.9826,0.181947,0.037314,-0.011062],[-0.176289,0.976866,-0.121056,0.002234],[-0.058477,0.112371,0.991944,0.011506],[0.0,0.0,0.0,1.0]],"antennas":[-0.250924,0.566521],"body_yaw":-0.128783,"check_collision":false},{"head":[[0.982623,0.181474,0.03898,-0.011025],[-0.175625,0.976975,-0.121142,0.002287],[-0.060067,0.112191,0.991869,0.011322],[0.0,0.0,0.0,1.0]],"antennas":[-0.27665,0.583652],"body_yaw":-0.128783,"check_collision":false},{"head":[[0.982572,0.181036,0.042176,-0.010937],[-0.174767,0.977004,-0.122148,0.002451],[-0.063319,0.112648,0.991615,0.010978],[0.0,0.0,0.0,1.0]],"antennas":[-0.305391,0.600824],"body_yaw":-0.128783,"check_collision":false},{"head":[[0.982736,0.179315,0.045555,-0.010861],[-0.172579,0.977213,-0.123575,0.00249],[-0.066676,0.11358,0.991289,0.010703],[0.0,0.0,0.0,1.0]],"antennas":[-0.334877,0.617989],"body_yaw":-0.128783,"check_collision":false},{"head":[[0.982846,0.178211,0.047475,-0.010776],[-0.171198,0.977337,-0.124515,0.002569],[-0.068589,0.114251,0.991081,0.010324],[0.0,0.0,0.0,1.0]],"antennas":[-0.364498,0.635107],"body_yaw":-0.128783,"check_collision":false},{"head":[[0.982866,0.177467,0.049799,-0.010688],[-0.17012,0.977397,-0.125517,0.0027],[-0.070948,0.114895,0.990841,0.009886],[0.0,0.0,0.0,1.0]],"antennas":[-0.39407,0.652198],"body_yaw":-0.128783,"check_collision":false},{"head":[[0.982992,0.175967,0.052548,-0.010564],[-0.168324,0.977728,-0.12536,0.002752],[-0.073437,0.114383,0.990719,0.00935],[0.0,0.0,0.0,1.0]],"antennas":[-0.423809,0.669385],"body_yaw":-0.128783,"check_collision":false},{"head":[[0.983115,0.174429,0.055315,-0.010445],[-0.166528,0.978123,-0.124677,0.00282],[-0.075852,0.113361,0.990654,0.008953],[0.0,0.0,0.0,1.0]],"antennas":[-0.453489,0.68658],"body_yaw":-0.128783,"check_collision":false},{"head":[[0.983264,0.172763,0.057844,-0.01036],[-0.164536,0.978385,-0.125262,0.002949],[-0.078234,0.113648,0.990436,0.008768],[0.0,0.0,0.0,1.0]],"antennas":[-0.483095,0.704195],"body_yaw":-0.128783,"check_collision":false},{"head":[[0.983757,0.169376,0.059449,-0.010284],[-0.160941,0.978915,-0.125794,0.003098],[-0.079502,0.114183,0.990274,0.008471],[0.0,0.0,0.0,1.0]],"antennas":[-0.51263,0.721538],"body_yaw":-0.128783,"check_collision":false},{"head":[[0.983946,0.167904,0.060481,-0.010184],[-0.159304,0.979098,-0.126452,0.003174],[-0.080449,0.114787,0.990127,0.008231],[0.0,0.0,0.0,1.0]],"antennas":[-0.542377,0.73873],"body_yaw":-0.128783,"check_collision":false},{"head":[[0.983965,0.166924,0.062837,-0.010126],[-0.158003,0.979225,-0.1271,0.003207],[-0.082748,0.115134,0.989897,0.007881],[0.0,0.0,0.0,1.0]],"antennas":[-0.571993,0.756145],"body_yaw":-0.128783,"check_collision":false},{"head":[[0.983916,0.165973,0.066048,-0.010106],[-0.156692,0.979445,-0.127027,0.003084],[-0.085773,0.114634,0.989698,0.007547],[0.0,0.0,0.0,1.0]],"antennas":[-0.601668,0.773543],"body_yaw":-0.128783,"check_collision":false},{"head":[[0.983939,0.164801,0.068585,-0.010097],[-0.155213,0.979651,-0.127254,0.003038],[-0.088161,0.114565,0.989496,0.007273],[0.0,0.0,0.0,1.0]],"antennas":[-0.63124,0.790925],"body_yaw":-0.128783,"check_collision":false},{"head":[[0.984287,0.162012,0.070219,-0.009994],[-0.152194,0.980048,-0.12784,0.003006],[-0.08953,0.115144,0.989306,0.007025],[0.0,0.0,0.0,1.0]],"antennas":[-0.661103,0.808713],"body_yaw":-0.128783,"check_collision":false},{"head":[[0.984659,0.159399,0.070987,-0.009902],[-0.149347,0.980261,-0.129556,0.002954],[-0.090237,0.116966,0.989028,0.006925],[0.0,0.0,0.0,1.0]],"antennas":[-0.69073,0.82585],"body_yaw":-0.128783,"check_collision":false},{"head":[[0.984797,0.158089,0.071993,-0.009826],[-0.147817,0.980339,-0.130713,0.003028],[-0.091241,0.118084,0.988803,0.00666],[0.0,0.0,0.0,1.0]],"antennas":[-0.72039,0.843261],"body_yaw":-0.128783,"check_collision":false},{"head":[[0.984738,0.157794,0.073437,-0.009706],[-0.147297,0.980339,-0.131296,0.00298],[-0.092711,0.118475,0.988619,0.006433],[0.0,0.0,0.0,1.0]],"antennas":[-0.750079,0.860964],"body_yaw":-0.128783,"check_collision":false},{"head":[[0.98465,0.157605,0.075001,-0.009697],[-0.146819,0.980264,-0.132387,0.002966],[-0.094386,0.119344,0.988356,0.006248],[0.0,0.0,0.0,1.0]],"antennas":[-0.779704,0.878629],"body_yaw":-0.128783,"check_collision":false},{"head":[[0.98468,0.156636,0.076615,-0.009788],[-0.145554,0.980305,-0.133479,0.003148],[-0.096013,0.120282,0.988086,0.005987],[0.0,0.0,0.0,1.0]],"antennas":[-0.809321,0.896289],"body_yaw":-0.128783,"check_collision":false},{"head":[[0.984664,0.155817,0.078471,-0.009845],[-0.144408,0.980329,-0.134544,0.003036],[-0.097892,0.121148,0.987796,0.005828],[0.0,0.0,0.0,1.0]],"antennas":[-0.839074,0.91403],"body_yaw":-0.128783,"check_collision":false},{"head":[[0.984646,0.155473,0.07938,-0.009859],[-0.143897,0.980323,-0.135133,0.002973],[-0.098828,0.121636,0.987643,0.00574],[0.0,0.0,0.0,1.0]],"antennas":[-0.868775,0.93174],"body_yaw":-0.128783,"check_collision":false},{"head":[[0.984751,0.154422,0.080116,-0.009846],[-0.142763,0.980493,-0.135099,0.003044],[-0.099415,0.121601,0.987588,0.005617],[0.0,0.0,0.0,1.0]],"antennas":[-0.898502,0.949465],"body_yaw":-0.128783,"check_collision":false},{"head":[[0.984862,0.153219,0.081062,-0.009792],[-0.141458,0.980694,-0.135015,0.003076],[-0.100184,0.121505,0.987522,0.005573],[0.0,0.0,0.0,1.0]],"antennas":[-0.928051,0.967084],"body_yaw":-0.128783,"check_collision":false},{"head":[[0.985026,0.151639,0.082032,-0.009697],[-0.1398,0.980978,-0.134679,0.003175],[-0.100894,0.121194,0.987488,0.005293],[0.0,0.0,0.0,1.0]],"antennas":[-0.957729,0.984781],"body_yaw":-0.128783,"check_collision":false},{"head":[[0.985701,0.144863,0.086075,-0.009386],[-0.132943,0.982428,-0.131,0.001234],[-0.103539,0.117683,0.987639,0.006303],[0.0,0.0,0.0,1.0]],"antennas":[-0.987314,1.002421],"body_yaw":-0.128783,"check_collision":false},{"head":[[0.985606,0.143797,0.088905,-0.009606],[-0.131535,0.982606,-0.13109,0.000986],[-0.106209,0.117509,0.987376,0.006067],[0.0,0.0,0.0,1.0]],"antennas":[-1.016647,1.019912],"body_yaw":-0.128783,"check_collision":false},{"head":[[0.985498,0.143071,0.091236,-0.009684],[-0.130479,0.982679,-0.131598,0.000943],[-0.108484,0.117785,0.987096,0.005772],[0.0,0.0,0.0,1.0]],"antennas":[-1.04578,1.037283],"body_yaw":-0.128783,"check_collision":false},{"head":[[0.985508,0.142043,0.092726,-0.009652],[-0.129217,0.982774,-0.13213,0.000942],[-0.109897,0.118234,0.986886,0.005561],[0.0,0.0,0.0,1.0]],"antennas":[-1.075085,1.054757],"body_yaw":-0.128783,"check_collision":false},{"head":[[0.985494,0.141067,0.094349,-0.009708],[-0.128013,0.982888,-0.132456,0.001071],[-0.11142,0.118456,0.986688,0.005355],[0.0,0.0,0.0,1.0]],"antennas":[-1.105104,1.072656],"body_yaw":-0.128783,"check_collision":false},{"head":[[0.985446,0.139967,0.09646,-0.009681],[-0.126674,0.983075,-0.132355,0.00127],[-0.113353,0.11821,0.986498,0.005078],[0.0,0.0,0.0,1.0]],"antennas":[-1.134762,1.090118],"body_yaw":-0.128783,"check_collision":false},{"head":[[0.985432,0.13803,0.099355,-0.00965],[-0.124554,0.983526,-0.131007,0.001324],[-0.115801,0.116723,0.98639,0.004811],[0.0,0.0,0.0,1.0]],"antennas":[-1.164492,1.10752],"body_yaw":-0.128783,"check_collision":false},{"head":[[0.985356,0.135743,0.103182,-0.00966],[-0.121937,0.983982,-0.130038,0.001445],[-0.119181,0.115552,0.986126,0.004466],[0.0,0.0,0.0,1.0]],"antennas":[-1.194149,1.125204],"body_yaw":-0.128783,"check_collision":false},{"head":[[0.985176,0.133898,0.107239,-0.009546],[-0.119696,0.984339,-0.129422,0.00148],[-0.122889,0.114667,0.985774,0.004144],[0.0,0.0,0.0,1.0]],"antennas":[-1.223825,1.142899],"body_yaw":-0.128783,"check_collision":false},{"head":[[0.985116,0.130691,0.11165,-0.009179],[-0.116357,0.985121,-0.126484,0.000367],[-0.126519,0.111611,0.985665,0.004838],[0.0,0.0,0.0,1.0]],"antennas":[-1.253485,1.160585],"body_yaw":-0.128783,"check_collision":false},{"head":[[0.984751,0.131419,0.113993,-0.009175],[-0.116888,0.985125,-0.125961,7e-05],[-0.128851,0.110716,0.985464,0.004628],[0.0,0.0,0.0,1.0]],"antennas":[-1.283141,1.178268],"body_yaw":-0.128783,"check_collision":false},{"head":[[0.984583,0.131126,0.11577,-0.009106],[-0.116406,0.985192,-0.125885,9.2e-05],[-0.130562,0.110468,0.985267,0.004191],[0.0,0.0,0.0,1.0]],"antennas":[-1.312714,1.195901],"body_yaw":-0.128783,"check_collision":false},{"head":[[0.984669,0.129885,0.116438,-0.008971],[-0.115012,0.985282,-0.126461,-4.2e-05],[-0.131149,0.11113,0.985114,0.003879],[0.0,0.0,0.0,1.0]],"antennas":[-1.342191,1.213282],"body_yaw":-0.128783,"check_collision":false},{"head":[[0.984593,0.12915,0.117885,-0.008815],[-0.113988,0.985281,-0.127388,-1e-05],[-0.132602,0.111988,0.984822,0.003576],[0.0,0.0,0.0,1.0]],"antennas":[-1.372057,1.230816],"body_yaw":-0.128783,"check_collision":false},{"head":[[0.984329,0.128941,0.12029,-0.008639],[-0.113414,0.985261,-0.128058,-0.000112],[-0.135029,0.112409,0.984445,0.003289],[0.0,0.0,0.0,1.0]],"antennas":[-1.401757,1.248448],"body_yaw":-0.128783,"check_collision":false},{"head":[[0.984059,0.128466,0.122979,-0.008613],[-0.112388,0.985151,-0.129792,-8.6e-05],[-0.137827,0.113902,0.983885,0.002874],[0.0,0.0,0.0,1.0]],"antennas":[-1.431412,1.26594],"body_yaw":-0.128783,"check_collision":false},{"head":[[0.983701,0.128109,0.126177,-0.008647],[-0.111426,0.985044,-0.131423,-0.000108],[-0.141126,0.115222,0.983264,0.002544],[0.0,0.0,0.0,1.0]],"antennas":[-1.461098,1.28337],"body_yaw":-0.128783,"check_collision":false},{"head":[[0.983231,0.127885,0.130005,-0.008666],[-0.110518,0.984932,-0.133018,-0.000148],[-0.145058,0.11642,0.98255,0.002411],[0.0,0.0,0.0,1.0]],"antennas":[-1.490757,1.300695],"body_yaw":-0.128783,"check_collision":false},{"head":[[0.983052,0.127161,0.132058,-0.008602],[-0.109444,0.984957,-0.133724,-0.000186],[-0.147076,0.117005,0.98218,0.002142],[0.0,0.0,0.0,1.0]],"antennas":[-1.520407,1.3181],"body_yaw":-0.128783,"check_collision":false},{"head":[[0.982894,0.12645,0.1339,-0.008499],[-0.108432,0.984997,-0.134254,-0.000462],[-0.148867,0.117439,0.981859,0.00195],[0.0,0.0,0.0,1.0]],"antennas":[-1.549839,1.335376],"body_yaw":-0.128783,"check_collision":false},{"head":[[0.982512,0.125906,0.137177,-0.008474],[-0.107298,0.984949,-0.13551,-0.000615],[-0.152174,0.118422,0.981234,0.001634],[0.0,0.0,0.0,1.0]],"antennas":[-1.579674,1.352892],"body_yaw":-0.128783,"check_collision":false},{"head":[[0.981939,0.1252,0.141849,-0.008411],[-0.105925,0.98501,-0.136142,-0.000769],[-0.156767,0.118657,0.980482,0.001374],[0.0,0.0,0.0,1.0]],"antennas":[-1.609272,1.370099],"body_yaw":-0.128783,"check_collision":false},{"head":[[0.981404,0.124839,0.145816,-0.008366],[-0.104883,0.984954,-0.137347,-0.000866],[-0.160768,0.1195,0.979731,0.001138],[0.0,0.0,0.0,1.0]],"antennas":[-1.639034,1.387573],"body_yaw":-0.128783,"check_collision":false},{"head":[[0.98074,0.125558,0.149612,-0.00837],[-0.104882,0.984738,-0.13889,-0.000902],[-0.164768,0.120523,0.978941,0.000851],[0.0,0.0,0.0,1.0]],"antennas":[-1.668684,1.404871],"body_yaw":-0.128783,"check_collision":false},{"head":[[0.980082,0.127173,0.152531,-0.008325],[-0.10609,0.984564,-0.139206,-0.000981],[-0.167879,0.120251,0.978446,0.000753],[0.0,0.0,0.0,1.0]],"antennas":[-1.698447,1.422344],"body_yaw":-0.128783,"check_collision":false},{"head":[[0.979445,0.128129,0.15579,-0.008212],[-0.106979,0.984733,-0.137316,-0.001192],[-0.171005,0.117827,0.978199,0.000594],[0.0,0.0,0.0,1.0]],"antennas":[-1.72808,1.439856],"body_yaw":-0.128783,"check_collision":false},{"head":[[0.978759,0.127912,0.160217,-0.008138],[-0.106857,0.985232,-0.133791,-0.001183],[-0.174964,0.113829,0.977973,0.000211],[0.0,0.0,0.0,1.0]],"antennas":[-1.75778,1.457449],"body_yaw":-0.128783,"check_collision":false},{"head":[[0.978131,0.126876,0.164809,-0.008012],[-0.105198,0.985353,-0.134214,-0.001292],[-0.179424,0.113941,0.977151,-0.000143],[0.0,0.0,0.0,1.0]],"antennas":[-1.787348,1.47508],"body_yaw":-0.128783,"check_collision":false},{"head":[[0.977317,0.127127,0.16938,-0.007896],[-0.104689,0.985242,-0.135416,-0.001191],[-0.184095,0.114612,0.976203,-0.000587],[0.0,0.0,0.0,1.0]],"antennas":[-1.816988,1.492334],"body_yaw":-0.128783,"check_collision":false},{"head":[[0.976293,0.128294,0.174334,-0.007755],[-0.104971,0.984992,-0.137012,-0.001187],[-0.189295,0.115463,0.975108,-0.001019],[0.0,0.0,0.0,1.0]],"antennas":[-1.846616,1.509599],"body_yaw":-0.128783,"check_collision":false},{"head":[[0.97576,0.128707,0.176992,-0.007593],[-0.104984,0.98493,-0.137448,-0.001211],[-0.192016,0.115535,0.974567,-0.001339],[0.0,0.0,0.0,1.0]],"antennas":[-1.876287,1.527152],"body_yaw":-0.128783,"check_collision":false},{"head":[[0.975401,0.128707,0.178959,-0.007522],[-0.105319,0.985289,-0.134587,-0.001117],[-0.193649,0.112429,0.974608,-0.00175],[0.0,0.0,0.0,1.0]],"antennas":[-1.906051,1.544626],"body_yaw":-0.128783,"check_collision":false},{"head":[[0.974946,0.127996,0.181925,-0.007456],[-0.104526,0.985556,-0.133242,-0.000941],[-0.196352,0.110888,0.974243,-0.002204],[0.0,0.0,0.0,1.0]],"antennas":[-1.935757,1.562068],"body_yaw":-0.128783,"check_collision":false},{"head":[[0.974711,0.125978,0.184578,-0.007392],[-0.102493,0.985976,-0.131709,-0.000993],[-0.198582,0.109461,0.973953,-0.002588],[0.0,0.0,0.0,1.0]],"antennas":[-1.965427,1.579489],"body_yaw":-0.128783,"check_collision":false},{"head":[[0.974073,0.125091,0.188503,-0.00734],[-0.100815,0.985933,-0.133316,-0.000969],[-0.202528,0.110855,0.972982,-0.003001],[0.0,0.0,0.0,1.0]],"antennas":[-1.994965,1.59696],"body_yaw":-0.128783,"check_collision":false},{"head":[[0.973638,0.124884,0.190872,-0.007298],[-0.100089,0.98585,-0.134468,-0.00102],[-0.204964,0.111819,0.972361,-0.003279],[0.0,0.0,0.0,1.0]],"antennas":[-2.024681,1.614679],"body_yaw":-0.128783,"check_collision":false},{"head":[[0.973474,0.124383,0.192035,-0.007293],[-0.099042,0.985694,-0.136376,-0.001125],[-0.206251,0.113739,0.971866,-0.003567],[0.0,0.0,0.0,1.0]],"antennas":[-2.054176,1.631992],"body_yaw":-0.128783,"check_collision":false},{"head":[[0.973173,0.124496,0.193482,-0.00728],[-0.098467,0.985414,-0.138794,-0.001098],[-0.207939,0.116019,0.971237,-0.003798],[0.0,0.0,0.0,1.0]],"antennas":[-2.083905,1.649719],"body_yaw":-0.128783,"check_collision":false},{"head":[[0.972785,0.124322,0.195532,-0.007289],[-0.098004,0.985435,-0.138974,-0.000916],[-0.209961,0.116029,0.970801,-0.004169],[0.0,0.0,0.0,1.0]],"antennas":[-2.113517,1.667375],"body_yaw":-0.128783,"check_collision":false},{"head":[[0.972228,0.122853,0.199199,-0.007345],[-0.096814,0.986023,-0.135597,-0.000743],[-0.213073,0.112546,0.970532,-0.004615],[0.0,0.0,0.0,1.0]],"antennas":[-2.1434,1.685082],"body_yaw":-0.128783,"check_collision":false},{"head":[[0.971771,0.123612,0.200949,-0.007367],[-0.096578,0.985543,-0.139207,-0.000638],[-0.215252,0.11587,0.96966,-0.005054],[0.0,0.0,0.0,1.0]],"antennas":[-2.173006,1.702192],"body_yaw":-0.128783,"check_collision":false},{"head":[[0.971697,0.122796,0.201808,-0.00746],[-0.095509,0.98556,-0.139818,-0.00033],[-0.216063,0.116586,0.969394,-0.005425],[0.0,0.0,0.0,1.0]],"antennas":[-2.202686,1.719723],"body_yaw":-0.128783,"check_collision":false},{"head":[[0.971945,0.120974,0.201714,-0.007569],[-0.093473,0.985628,-0.140717,-0.000283],[-0.215838,0.117914,0.969283,-0.005544],[0.0,0.0,0.0,1.0]],"antennas":[-2.232319,1.737292],"body_yaw":-0.128783,"check_collision":false},{"head":[[0.972186,0.12009,0.201079,-0.007649],[-0.092353,0.985537,-0.142082,-0.000115],[-0.215234,0.11956,0.969216,-0.005703],[0.0,0.0,0.0,1.0]],"antennas":[-2.261791,1.754598],"body_yaw":-0.128783,"check_collision":false},{"head":[[0.972054,0.119182,0.202253,-0.007796],[-0.091168,0.985572,-0.142606,-6.5e-05],[-0.216331,0.120182,0.968895,-0.005937],[0.0,0.0,0.0,1.0]],"antennas":[-2.291423,1.771723],"body_yaw":-0.128783,"check_collision":false},{"head":[[0.971642,0.115949,0.206075,-0.008046],[-0.088075,0.986275,-0.139658,0.000171],[-0.21944,0.117548,0.968519,-0.006234],[0.0,0.0,0.0,1.0]],"antennas":[-2.321194,1.789202],"body_yaw":-0.128783,"check_collision":false},{"head":[[0.971574,0.114371,0.207276,-0.008269],[-0.086209,0.986368,-0.140166,0.000315],[-0.220481,0.118313,0.968189,-0.006531],[0.0,0.0,0.0,1.0]],"antennas":[-2.350983,1.80678],"body_yaw":-0.128783,"check_collision":false},{"head":[[0.971472,0.112914,0.20855,-0.00852],[-0.084214,0.986317,-0.141727,0.000499],[-0.221699,0.120121,0.967688,-0.006879],[0.0,0.0,0.0,1.0]],"antennas":[-2.380408,1.824325],"body_yaw":-0.128783,"check_collision":false},{"head":[[0.971821,0.113885,0.206384,-0.008644],[-0.085086,0.985996,-0.143431,0.000536],[-0.219829,0.121829,0.967901,-0.006997],[0.0,0.0,0.0,1.0]],"antennas":[-2.410189,1.842003],"body_yaw":-0.128783,"check_collision":false},{"head":[[0.971923,0.114641,0.205485,-0.008914],[-0.085682,0.98576,-0.144693,0.000404],[-0.219146,0.123024,0.967905,-0.007055],[0.0,0.0,0.0,1.0]],"antennas":[-2.439842,1.859491],"body_yaw":-0.128783,"check_collision":false},{"head":[[0.972064,0.114804,0.204722,-0.009262],[-0.085739,0.98562,-0.145608,0.000467],[-0.218495,0.123987,0.967929,-0.007217],[0.0,0.0,0.0,1.0]],"antennas":[-2.469589,1.876954],"body_yaw":-0.128783,"check_collision":false},{"head":[[0.972402,0.114038,0.203541,-0.009612],[-0.084907,0.985554,-0.146537,0.000687],[-0.217311,0.125211,0.968038,-0.007453],[0.0,0.0,0.0,1.0]],"antennas":[-2.49931,1.894604],"body_yaw":-0.128783,"check_collision":false},{"head":[[0.972676,0.112803,0.202923,-0.009998],[-0.082925,0.985177,-0.150167,0.001011],[-0.216854,0.129236,0.967612,-0.007827],[0.0,0.0,0.0,1.0]],"antennas":[-2.528771,1.911969],"body_yaw":-0.128783,"check_collision":false},{"head":[[0.972886,0.111469,0.20265,-0.010421],[-0.080891,0.984851,-0.15338,0.001133],[-0.216677,0.132829,0.967165,-0.008016],[0.0,0.0,0.0,1.0]],"antennas":[-2.558612,1.929762],"body_yaw":-0.128783,"check_collision":false},{"head":[[0.972822,0.111521,0.20293,-0.010943],[-0.079941,0.984251,-0.157672,0.001443],[-0.217318,0.137164,0.966416,-0.008251],[0.0,0.0,0.0,1.0]],"antennas":[-2.588324,1.947479],"body_yaw":-0.128783,"check_collision":false},{"head":[[0.972765,0.110453,0.203786,-0.011522],[-0.078417,0.984145,-0.15909,0.001628],[-0.218127,0.138777,0.966003,-0.008423],[0.0,0.0,0.0,1.0]],"antennas":[-2.617837,1.965077],"body_yaw":-0.128783,"check_collision":false},{"head":[[0.972731,0.108426,0.205032,-0.012067],[-0.075351,0.983783,-0.162765,0.001741],[-0.219355,0.142877,0.965127,-0.008615],[0.0,0.0,0.0,1.0]],"antennas":[-2.647541,1.982789],"body_yaw":-0.128783,"check_collision":false},{"head":[[0.972189,0.106731,0.208465,-0.012515],[-0.072577,0.983599,-0.165122,0.001843],[-0.222669,0.1454,0.96399,-0.008802],[0.0,0.0,0.0,1.0]],"antennas":[-2.677254,2.000505],"body_yaw":-0.128783,"check_collision":false},{"head":[[0.971538,0.105421,0.212133,-0.012912],[-0.070002,0.983289,-0.168053,0.001962],[-0.226304,0.14842,0.962683,-0.009004],[0.0,0.0,0.0,1.0]],"antennas":[-2.706483,2.018942],"body_yaw":-0.128783,"check_collision":false},{"head":[[0.970989,0.104374,0.215142,-0.013365],[-0.068099,0.983154,-0.16962,0.002026],[-0.229222,0.150048,0.961739,-0.009165],[0.0,0.0,0.0,1.0]],"antennas":[-2.731831,2.03851],"body_yaw":-0.128783,"check_collision":false},{"head":[[0.969422,0.104451,0.222062,-0.013808],[-0.067222,0.983311,-0.169059,0.002203],[-0.236015,0.148962,0.960264,-0.009376],[0.0,0.0,0.0,1.0]],"antennas":[-2.753067,2.058676],"body_yaw":-0.128783,"check_collision":false},{"head":[[0.967592,0.102589,0.230742,-0.014304],[-0.065105,0.984214,-0.164574,0.002309],[-0.243983,0.144218,0.958996,-0.009517],[0.0,0.0,0.0,1.0]],"antennas":[-2.770928,2.079151],"body_yaw":-0.128783,"check_collision":false},{"head":[[0.966391,0.101332,0.236262,-0.014664],[-0.063529,0.984667,-0.162468,0.002495],[-0.249102,0.141998,0.958011,-0.009665],[0.0,0.0,0.0,1.0]],"antennas":[-2.787472,2.099569],"body_yaw":-0.128783,"check_collision":false},{"head":[[0.964943,0.099763,0.24276,-0.014965],[-0.061264,0.985006,-0.161276,0.002439],[-0.255209,0.14075,0.956586,-0.009718],[0.0,0.0,0.0,1.0]],"antennas":[-2.803523,2.120514],"body_yaw":-0.128783,"check_collision":false},{"head":[[0.963344,0.099773,0.249026,-0.015211],[-0.060002,0.984885,-0.162483,0.002604],[-0.261474,0.141584,0.95477,-0.009938],[0.0,0.0,0.0,1.0]],"antennas":[-2.819583,2.141472],"body_yaw":-0.128783,"check_collision":false},{"head":[[0.961881,0.100762,0.254229,-0.015444],[-0.0597,0.984593,-0.164357,0.002916],[-0.266873,0.142915,0.953076,-0.010195],[0.0,0.0,0.0,1.0]],"antennas":[-2.835659,2.16245],"body_yaw":-0.128783,"check_collision":false},{"head":[[0.960277,0.101852,0.259796,-0.01559],[-0.059487,0.984326,-0.166021,0.002955],[-0.272634,0.143972,0.951285,-0.010311],[0.0,0.0,0.0,1.0]],"antennas":[-2.85174,2.183434],"body_yaw":-0.128783,"check_collision":false},{"head":[[0.959098,0.102459,0.263883,-0.015623],[-0.05926,0.984215,-0.166759,0.002868],[-0.276803,0.1443,0.95003,-0.010351],[0.0,0.0,0.0,1.0]],"antennas":[-2.868059,2.204366],"body_yaw":-0.128783,"check_collision":false},{"head":[[0.9582,0.102514,0.267104,-0.015618],[-0.058802,0.984235,-0.166802,0.002818],[-0.279993,0.144123,0.949122,-0.010466],[0.0,0.0,0.0,1.0]],"antennas":[-2.884367,2.225859],"body_yaw":-0.128783,"check_collision":false},{"head":[[0.956742,0.102144,0.272418,-0.015715],[-0.057935,0.984479,-0.165664,0.002899],[-0.285111,0.142715,0.94781,-0.010702],[0.0,0.0,0.0,1.0]],"antennas":[-2.900432,2.247381],"body_yaw":-0.128783,"check_collision":false},{"head":[[0.955336,0.101366,0.277592,-0.015838],[-0.056748,0.984776,-0.164303,0.002868],[-0.290021,0.141212,0.946545,-0.010849],[0.0,0.0,0.0,1.0]],"antennas":[-2.916402,2.269303],"body_yaw":-0.128783,"check_collision":false},{"head":[[0.953927,0.10145,0.282366,-0.015833],[-0.055646,0.984595,-0.165759,0.003059],[-0.294832,0.142409,0.944878,-0.01103],[0.0,0.0,0.0,1.0]],"antennas":[-2.932465,2.291353],"body_yaw":-0.128783,"check_collision":false},{"head":[[0.95256,0.100735,0.287198,-0.015893],[-0.053647,0.984436,-0.167357,0.003059],[-0.299587,0.14401,0.943138,-0.011126],[0.0,0.0,0.0,1.0]],"antennas":[-2.948508,2.313375],"body_yaw":-0.128783,"check_collision":false},{"head":[[0.950981,0.101529,0.292107,-0.01598],[-0.052874,0.984043,-0.169894,0.003267],[-0.304695,0.146121,0.941174,-0.011205],[0.0,0.0,0.0,1.0]],"antennas":[-2.964675,2.335568],"body_yaw":-0.128783,"check_collision":false},{"head":[[0.949783,0.102086,0.295789,-0.015991],[-0.052286,0.983771,-0.17164,0.003433],[-0.308511,0.147555,0.939707,-0.011361],[0.0,0.0,0.0,1.0]],"antennas":[-2.980572,2.35739],"body_yaw":-0.128783,"check_collision":false},{"head":[[0.948651,0.102061,0.299409,-0.015806],[-0.051375,0.983663,-0.172531,0.003496],[-0.312126,0.14829,0.938396,-0.011549],[0.0,0.0,0.0,1.0]],"antennas":[-2.996022,2.379311],"body_yaw":-0.128783,"check_collision":false},{"head":[[0.947543,0.103116,0.30254,-0.015767],[-0.051353,0.983349,-0.174323,0.003413],[-0.315477,0.149642,0.93706,-0.011596],[0.0,0.0,0.0,1.0]],"antennas":[-3.008149,2.401439],"body_yaw":-0.128783,"check_collision":false},{"head":[[0.94673,0.103531,0.304931,-0.015789],[-0.050658,0.983001,-0.176472,0.003576],[-0.318018,0.151624,0.935882,-0.011715],[0.0,0.0,0.0,1.0]],"antennas":[-3.01807,2.423652],"body_yaw":-0.128783,"check_collision":false},{"head":[[0.945831,0.102845,0.307939,-0.015782],[-0.048962,0.982837,-0.177858,0.003885],[-0.320946,0.153147,0.934634,-0.011943],[0.0,0.0,0.0,1.0]],"antennas":[-3.026272,2.445668],"body_yaw":-0.128783,"check_collision":false},{"head":[[0.944514,0.102979,0.31191,-0.015768],[-0.047469,0.98241,-0.180604,0.003985],[-0.325022,0.155777,0.932788,-0.012066],[0.0,0.0,0.0,1.0]],"antennas":[-3.033651,2.467745],"body_yaw":-0.128783,"check_collision":false},{"head":[[0.943206,0.104333,0.315399,-0.015764],[-0.047693,0.982095,-0.182248,0.004179],[-0.328766,0.156855,0.931294,-0.012177],[0.0,0.0,0.0,1.0]],"antennas":[-3.037635,2.486879],"body_yaw":-0.128783,"check_collision":false},{"head":[[0.942296,0.105665,0.317667,-0.015797],[-0.04815,0.981794,-0.183743,0.004201],[-0.331299,0.157845,0.930229,-0.012234],[0.0,0.0,0.0,1.0]],"antennas":[-3.037635,2.503394],"body_yaw":-0.128783,"check_collision":false},{"head":[[0.941519,0.106099,0.319821,-0.015749],[-0.047659,0.981523,-0.185312,0.004283],[-0.333573,0.159232,0.929179,-0.012404],[0.0,0.0,0.0,1.0]],"antennas":[-3.037635,2.518457],"body_yaw":-0.128783,"check_collision":false},{"head":[[0.941085,0.106104,0.321093,-0.015599],[-0.047105,0.981376,-0