{"description":"When a stressful or difficult situation is finally resolved.","time":[0.0,0.02,0.04,0.06,0.08,0.1,0.12,0.14,0.16,0.18,0.2,0.22,0.24,0.26,0.28,0.3,0.32,0.34,0.36,0.38,0.4,0.42,0.44,0.46,0.48,0.5,0.52,0.54,0.56,0.58,0.6,0.62,0.64,0.66,0.68,0.7,0.72,0.74,0.76,0.78,0.8,0.82,0.84,0.86,0.88,0.9,0.92,0.94,0.96,0.98,1.0,1.02,1.04,1.06,1.08,1.1,1.12,1.14,1.16,1.18,1.2,1.22,1.24,1.26,1.28,1.3,1.32,1.34,1.36,1.38,1.4,1.42,1.44,1.46,1.48,1.5,1.52,1.54,1.56,1.58,1.6,1.62,1.64,1.66,1.68,1.7,1.72,1.74,1.76,1.78,1.8,1.82,1.84,1.86,1.88,1.9,1.92,1.94,1.96,1.98,2.0,2.02,2.04,2.06,2.08,2.1,2.12,2.14,2.16,2.18,2.2,2.22,2.24,2.26,2.28,2.3,2.32,2.34,2.36,2.38,2.4,2.42,2.44,2.46,2.48,2.5,2.52,2.54,2.56,2.58,2.6,2.62,2.64,2.66,2.68,2.7,2.72,2.74,2.76,2.78,2.8,2.82,2.84,2.86,2.88,2.9,2.92,2.94,2.96,2.98,3.0,3.02,3.04,3.06,3.08,3.1,3.12,3.14,3.16,3.18,3.2,3.22,3.24,3.26,3.28,3.3,3.32,3.34,3.36,3.38,3.4,3.42,3.44,3.46,3.48,3.5,3.52,3.54,3.56,3.58,3.6,3.62,3.64,3.66,3.68,3.7,3.72,3.74,3.76,3.78,3.8,3.82,3.84,3.86,3.88,3.9,3.92,3.94,3.96,3.98,4.0,4.02,4.04,4.06,4.08,4.1,4.12,4.14,4.16,4.18,4.2,4.22,4.24,4.26,4.28,4.3,4.32,4.34,4.36,4.38,4.4,4.42,4.44,4.46,4.48,4.5,4.52,4.54,4.56,4.58,4.6,4.62,4.64,4.66,4.68,4.7,4.72,4.74,4.76,4.78,4.8,4.82,4.84,4.86,4.88,4.9,4.92,4.94,4.96,4.98,5.0],"set_target_data":[{"head":[[0.999837,0.016395,0.007538,-0.011799],[-0.016107,0.999195,-0.03675,-0.002297],[-0.008134,0.036623,0.999296,-0.001882],[0.0,0.0,0.0,1.0]],"antennas":[0.0,0.0],"body_yaw":0.0,"check_collision":false},{"head":[[0.999976,0.003589,0.005883,-0.011699],[-0.003382,0.999389,-0.034796,-0.002339],[-0.006004,0.034775,0.999377,-0.001938],[0.0,0.0,0.0,1.0]],"antennas":[0.0,0.0],"body_yaw":0.0,"check_collision":false},{"head":[[0.99997,-0.006408,0.004426,-0.0115],[0.006553,0.999415,-0.033581,-0.002228],[-0.004208,0.033609,0.999426,-0.001914],[0.0,0.0,0.0,1.0]],"antennas":[0.0,0.0],"body_yaw":0.0,"check_collision":false},{"head":[[0.999905,-0.013422,0.00329,-0.011459],[0.013522,0.999375,-0.032675,-0.002408],[-0.002849,0.032716,0.999461,-0.001886],[0.0,0.0,0.0,1.0]],"antennas":[0.0,0.0],"body_yaw":0.0,"check_collision":false},{"head":[[0.999808,-0.019364,0.00302,-0.011456],[0.019451,0.999295,-0.03211,-0.002603],[-0.002396,0.032163,0.99948,-0.00182],[0.0,0.0,0.0,1.0]],"antennas":[0.0,0.0],"body_yaw":0.0,"check_collision":false},{"head":[[0.999651,-0.026144,0.003662,-0.01158],[0.026247,0.99916,-0.031467,-0.002745],[-0.002837,0.031552,0.999498,-0.001964],[0.0,0.0,0.0,1.0]],"antennas":[0.0,0.0],"body_yaw":0.0,"check_collision":false},{"head":[[0.999482,-0.031874,0.004339,-0.011628],[0.031992,0.999016,-0.030705,-0.002832],[-0.003356,0.030828,0.999519,-0.001921],[0.0,0.0,0.0,1.0]],"antennas":[0.0,0.0],"body_yaw":0.0,"check_collision":false},{"head":[[0.999328,-0.03635,0.004677,-0.01187],[0.036476,0.998865,-0.030633,-0.002943],[-0.003558,0.030783,0.99952,-0.001951],[0.0,0.0,0.0,1.0]],"antennas":[0.0,0.0],"body_yaw":0.0,"check_collision":false},{"head":[[0.999192,-0.039871,0.005136,-0.012086],[0.040011,0.998727,-0.030729,-0.002929],[-0.003904,0.030909,0.999515,-0.002021],[0.0,0.0,0.0,1.0]],"antennas":[0.0,0.0],"body_yaw":0.0,"check_collision":false},{"head":[[0.999074,-0.042585,0.00606,-0.01206],[0.042754,0.998596,-0.031286,-0.002968],[-0.004719,0.031517,0.999492,-0.002019],[0.0,0.0,0.0,1.0]],"antennas":[0.0,0.0],"body_yaw":0.0,"check_collision":false},{"head":[[0.998993,-0.044379,0.006561,-0.012041],[0.044564,0.998511,-0.031455,-0.003031],[-0.005155,0.031716,0.999484,-0.002051],[0.0,0.0,0.0,1.0]],"antennas":[0.0,0.0],"body_yaw":0.0,"check_collision":false},{"head":[[0.998936,-0.045631,0.006646,-0.012182],[0.045819,0.99845,-0.03159,-0.003076],[-0.005194,0.031861,0.999479,-0.002108],[0.0,0.0,0.0,1.0]],"antennas":[0.0,0.0],"body_yaw":0.0,"check_collision":false},{"head":[[0.998891,-0.046514,0.007258,-0.012294],[0.046721,0.998412,-0.031475,-0.003105],[-0.005783,0.031779,0.999478,-0.002091],[0.0,0.0,0.0,1.0]],"antennas":[0.0,0.0],"body_yaw":0.0,"check_collision":false},{"head":[[0.998805,-0.04815,0.008417,-0.012251],[0.048392,0.998335,-0.031393,-0.00304],[-0.006891,0.031763,0.999472,-0.001977],[0.0,0.0,0.0,1.0]],"antennas":[0.0,0.0],"body_yaw":0.0,"check_collision":false},{"head":[[0.998685,-0.05056,0.008523,-0.012336],[0.050805,0.99821,-0.031568,-0.002662],[-0.006912,0.03196,0.999465,-0.001997],[0.0,0.0,0.0,1.0]],"antennas":[0.0,0.0],"body_yaw":0.0,"check_collision":false},{"head":[[0.998528,-0.053535,0.008666,-0.012514],[0.053788,0.998032,-0.032237,-0.002437],[-0.006923,0.032656,0.999443,-0.001926],[0.0,0.0,0.0,1.0]],"antennas":[0.0,0.0],"body_yaw":0.0,"check_collision":false},{"head":[[0.998382,-0.056029,0.009675,-0.012506],[0.056318,0.997873,-0.032822,-0.002377],[-0.007816,0.033314,0.999414,-0.001877],[0.0,0.0,0.0,1.0]],"antennas":[0.0,0.0],"body_yaw":0.0,"check_collision":false},{"head":[[0.998278,-0.057834,0.009816,-0.012381],[0.058131,0.997756,-0.033223,-0.002392],[-0.007873,0.033737,0.9994,-0.001857],[0.0,0.0,0.0,1.0]],"antennas":[0.0,0.0],"body_yaw":0.0,"check_collision":false},{"head":[[0.99822,-0.058981,0.008801,-0.012452],[0.059241,0.997698,-0.033002,-0.002389],[-0.006834,0.033464,0.999417,-0.001795],[0.0,0.0,0.0,1.0]],"antennas":[0.0,0.0],"body_yaw":0.0,"check_collision":false},{"head":[[0.998136,-0.060516,0.007859,-0.012629],[0.060743,0.997616,-0.032748,-0.002417],[-0.005859,0.033164,0.999433,-0.001631],[0.0,0.0,0.0,1.0]],"antennas":[0.0,0.0],"body_yaw":0.0,"check_collision":false},{"head":[[0.998013,-0.062514,0.007896,-0.012592],[0.062738,0.997506,-0.032346,-0.002371],[-0.005855,0.032777,0.999446,-0.001487],[0.0,0.0,0.0,1.0]],"antennas":[0.0,0.0],"body_yaw":0.0,"check_collision":false},{"head":[[0.997926,-0.06384,0.008206,-0.012473],[0.064072,0.997425,-0.032208,-0.002499],[-0.006129,0.032667,0.999448,-0.001322],[0.0,0.0,0.0,1.0]],"antennas":[0.0,0.0],"body_yaw":0.0,"check_collision":false},{"head":[[0.997836,-0.065198,0.008514,-0.01257],[0.06544,0.997338,-0.032158,-0.002512],[-0.006394,0.032646,0.999447,-0.001152],[0.0,0.0,0.0,1.0]],"antennas":[0.0,0.0],"body_yaw":0.0,"check_collision":false},{"head":[[0.997755,-0.066362,0.009026,-0.0126],[0.06662,0.997264,-0.032033,-0.002563],[-0.006876,0.032562,0.999446,-0.00108],[0.0,0.0,0.0,1.0]],"antennas":[0.0,0.0],"body_yaw":0.0,"check_collision":false},{"head":[[0.997662,-0.067602,0.01003,-0.012424],[0.067891,0.99718,-0.03197,-0.002524],[-0.00784,0.032576,0.999438,-0.001222],[0.0,0.0,0.0,1.0]],"antennas":[0.0,0.0],"body_yaw":0.0,"check_collision":false},{"head":[[0.997579,-0.06853,0.011842,-0.012294],[0.068885,0.997086,-0.032786,-0.002422],[-0.009561,0.033523,0.999392,-0.00134],[0.0,0.0,0.0,1.0]],"antennas":[0.0,0.0],"body_yaw":0.0,"check_collision":false},{"head":[[0.997523,-0.069221,0.012538,-0.012382],[0.069603,0.997026,-0.033099,-0.002388],[-0.01021,0.03389,0.999373,-0.001202],[0.0,0.0,0.0,1.0]],"antennas":[0.0,0.0],"body_yaw":0.0,"check_collision":false},{"head":[[0.997472,-0.069774,0.013429,-0.012363],[0.070188,0.996975,-0.03338,-0.002525],[-0.01106,0.034238,0.999352,-0.001125],[0.0,0.0,0.0,1.0]],"antennas":[0.0,0.0],"body_yaw":0.0,"check_collision":false},{"head":[[0.997393,-0.070728,0.014292,-0.012112],[0.071163,0.996928,-0.032715,-0.002549],[-0.011934,0.033647,0.999363,-0.001226],[0.0,0.0,0.0,1.0]],"antennas":[0.0,0.0],"body_yaw":0.0,"check_collision":false},{"head":[[0.997312,-0.071575,0.015702,-0.011916],[0.07205,0.996882,-0.032165,-0.002452],[-0.013351,0.03321,0.999359,-0.001399],[0.0,0.0,0.0,1.0]],"antennas":[0.0,0.0],"body_yaw":0.0,"check_collision":false},{"head":[[0.9973,-0.071587,0.016375,-0.01187],[0.072071,0.996911,-0.031206,-0.002299],[-0.014091,0.032302,0.999379,-0.001455],[0.0,0.0,0.0,1.0]],"antennas":[0.0,0.0],"body_yaw":0.0,"check_collision":false},{"head":[[0.997286,-0.071697,0.016757,-0.011808],[0.072192,0.996907,-0.031057,-0.002163],[-0.014478,0.032182,0.999377,-0.001542],[0.0,0.0,0.0,1.0]],"antennas":[0.0,0.0],"body_yaw":0.0,"check_collision":false},{"head":[[0.997317,-0.071226,0.016913,-0.01173],[0.071716,0.996961,-0.030409,-0.002268],[-0.014696,0.03154,0.999394,-0.001495],[0.0,0.0,0.0,1.0]],"antennas":[0.0,0.0],"body_yaw":0.0,"check_collision":false},{"head":[[0.997306,-0.0713,0.017235,-0.01174],[0.071797,0.996963,-0.030165,-0.002325],[-0.015032,0.031321,0.999396,-0.001363],[0.0,0.0,0.0,1.0]],"antennas":[0.0,0.0],"body_yaw":0.0,"check_collision":false},{"head":[[0.997302,-0.071413,0.017001,-0.011787],[0.071901,0.996959,-0.03005,-0.002146],[-0.014804,0.031191,0.999404,-0.001349],[0.0,0.0,0.0,1.0]],"antennas":[0.0,0.0],"body_yaw":0.0,"check_collision":false},{"head":[[0.997335,-0.071044,0.01661,-0.011757],[0.07151,0.997007,-0.029373,-0.002005],[-0.014474,0.030482,0.999431,-0.001467],[0.0,0.0,0.0,1.0]],"antennas":[0.0,0.0],"body_yaw":0.0,"check_collision":false},{"head":[[0.997374,-0.070556,0.016356,-0.011725],[0.071006,0.997061,-0.028771,-0.002074],[-0.014278,0.029857,0.999452,-0.001505],[0.0,0.0,0.0,1.0]],"antennas":[0.0,0.0],"body_yaw":0.0,"check_collision":false},{"head":[[0.997391,-0.070283,0.016457,-0.011816],[0.070732,0.997087,-0.028549,-0.002226],[-0.014403,0.029638,0.999457,-0.001393],[0.0,0.0,0.0,1.0]],"antennas":[0.0,0.0],"body_yaw":0.0,"check_collision":false},{"head":[[0.997451,-0.069486,0.016255,-0.011892],[0.069923,0.997157,-0.028085,-0.002397],[-0.014258,0.02915,0.999473,-0.00129],[0.0,0.0,0.0,1.0]],"antennas":[0.0,0.0],"body_yaw":0.0,"check_collision":false},{"head":[[0.997515,-0.068726,0.015492,-0.011885],[0.069131,0.997232,-0.027354,-0.002572],[-0.013569,0.028357,0.999506,-0.001223],[0.0,0.0,0.0,1.0]],"antennas":[0.0,0.0],"body_yaw":0.0,"check_collision":false},{"head":[[0.997558,-0.068334,0.014457,-0.011926],[0.068705,0.997272,-0.02698,-0.002577],[-0.012574,0.027907,0.999531,-0.001169],[0.0,0.0,0.0,1.0]],"antennas":[0.0,0.0],"body_yaw":0.0,"check_collision":false},{"head":[[0.997601,-0.06786,0.013693,-0.01199],[0.068208,0.997311,-0.026809,-0.002556],[-0.011836,0.027679,0.999547,-0.001092],[0.0,0.0,0.0,1.0]],"antennas":[0.0,0.0],"body_yaw":0.0,"check_collision":false},{"head":[[0.997665,-0.067045,0.013028,-0.011995],[0.067372,0.997374,-0.026577,-0.002551],[-0.011211,0.027392,0.999562,-0.00113],[0.0,0.0,0.0,1.0]],"antennas":[0.0,0.0],"body_yaw":0.0,"check_collision":false},{"head":[[0.997711,-0.066422,0.012686,-0.011923],[0.066739,0.997419,-0.026462,-0.002496],[-0.010896,0.027249,0.999569,-0.001239],[0.0,0.0,0.0,1.0]],"antennas":[0.0,0.0],"body_yaw":0.0,"check_collision":false},{"head":[[0.997722,-0.066214,0.012934,-0.011852],[0.066542,0.997422,-0.026861,-0.002395],[-0.011122,0.027661,0.999555,-0.001208],[0.0,0.0,0.0,1.0]],"antennas":[0.0,0.0],"body_yaw":0.0,"check_collision":false},{"head":[[0.997711,-0.066327,0.013195,-0.011832],[0.06667,0.997396,-0.027518,-0.002203],[-0.011335,0.028334,0.999534,-0.001203],[0.0,0.0,0.0,1.0]],"antennas":[0.0,0.0],"body_yaw":0.0,"check_collision":false},{"head":[[0.997783,-0.065366,0.012514,-0.011915],[0.065688,0.997465,-0.027358,-0.002166],[-0.010694,0.028119,0.999547,-0.001189],[0.0,0.0,0.0,1.0]],"antennas":[0.0,0.0],"body_yaw":0.0,"check_collision":false},{"head":[[0.997864,-0.064268,0.011721,-0.011902],[0.064566,0.997542,-0.027217,-0.002261],[-0.009943,0.027916,0.999561,-0.001139],[0.0,0.0,0.0,1.0]],"antennas":[0.0,0.0],"body_yaw":0.0,"check_collision":false},{"head":[[0.997933,-0.063341,0.010843,-0.011792],[0.063616,0.997603,-0.027219,-0.002359],[-0.009093,0.027852,0.999571,-0.000982],[0.0,0.0,0.0,1.0]],"antennas":[0.0,0.0],"body_yaw":0.0,"check_collision":false},{"head":[[0.997994,-0.062494,0.010138,-0.011817],[0.06275,0.997656,-0.0273,-0.002428],[-0.008408,0.027881,0.999576,-0.000839],[0.0,0.0,0.0,1.0]],"antennas":[0.0,0.0],"body_yaw":0.0,"check_collision":false},{"head":[[0.998067,-0.061443,0.009338,-0.011901],[0.061679,0.997717,-0.027496,-0.00254],[-0.007627,0.028019,0.999578,-0.000818],[0.0,0.0,0.0,1.0]],"antennas":[0.0,0.0],"body_yaw":0.0,"check_collision":false},{"head":[[0.998141,-0.060307,0.008785,-0.011923],[0.060526,0.997794,-0.027274,-0.002673],[-0.007121,0.027755,0.999589,-0.00074],[0.0,0.0,0.0,1.0]],"antennas":[0.0,0.0],"body_yaw":0.0,"check_collision":false},{"head":[[0.998181,-0.05968,0.008569,-0.012002],[0.059893,0.997833,-0.027258,-0.002685],[-0.006923,0.027721,0.999592,-0.000615],[0.0,0.0,0.0,1.0]],"antennas":[0.0,0.0],"body_yaw":0.0,"check_collision":false},{"head":[[0.99821,-0.059222,0.008306,-0.012079],[0.059427,0.997863,-0.027166,-0.002673],[-0.006679,0.027611,0.999596,-0.000523],[0.0,0.0,0.0,1.0]],"antennas":[0.0,0.0],"body_yaw":0.0,"check_collision":false},{"head":[[0.998238,-0.058802,0.008005,-0.012097],[0.058998,0.997894,-0.026962,-0.002689],[-0.006403,0.027387,0.999604,-0.000478],[0.0,0.0,0.0,1.0]],"antennas":[0.0,0.0],"body_yaw":0.0,"check_collision":false},{"head":[[0.998257,-0.058499,0.007803,-0.01203],[0.058688,0.997919,-0.026723,-0.002795],[-0.006224,0.027135,0.999612,-0.000397],[0.0,0.0,0.0,1.0]],"antennas":[0.0,0.0],"body_yaw":0.0,"check_collision":false},{"head":[[0.998277,-0.058151,0.007795,-0.01201],[0.058339,0.997946,-0.02647,-0.002845],[-0.00624,0.026879,0.999619,-0.000238],[0.0,0.0,0.0,1.0]],"antennas":[0.0,0.0],"body_yaw":0.0,"check_collision":false},{"head":[[0.99832,-0.057458,0.007455,-0.012076],[0.057633,0.998001,-0.025915,-0.002842],[-0.005951,0.026301,0.999636,-0.000227],[0.0,0.0,0.0,1.0]],"antennas":[0.0,0.0],"body_yaw":0.0,"check_collision":false},{"head":[[0.998339,-0.057132,0.007409,-0.011952],[0.057305,0.998026,-0.025676,-0.002681],[-0.005927,0.026058,0.999643,-0.000349],[0.0,0.0,0.0,1.0]],"antennas":[0.0,0.0],"body_yaw":0.0,"check_collision":false},{"head":[[0.998359,-0.056804,0.007255,-0.011892],[0.056974,0.998038,-0.025978,-0.002862],[-0.005765,0.026349,0.999636,-0.000215],[0.0,0.0,0.0,1.0]],"antennas":[0.0,0.0],"body_yaw":0.0,"check_collision":false},{"head":[[0.998362,-0.05673,0.007415,-0.011862],[0.056908,0.99803,-0.026408,-0.002838],[-0.005903,0.026787,0.999624,-0.000186],[0.0,0.0,0.0,1.0]],"antennas":[0.0,0.0],"body_yaw":0.0,"check_collision":false},{"head":[[0.998382,-0.056358,0.007494,-0.011769],[0.05654,0.998042,-0.026739,-0.002899],[-0.005972,0.02712,0.999614,-0.000173],[0.0,0.0,0.0,1.0]],"antennas":[0.0,0.0],"body_yaw":0.0,"check_collision":false},{"head":[[0.998405,-0.05596,0.007499,-0.011733],[0.056145,0.998054,-0.027147,-0.002864],[-0.005965,0.027525,0.999603,-0.000138],[0.0,0.0,0.0,1.0]],"antennas":[0.0,0.0],"body_yaw":0.0,"check_collision":false},{"head":[[0.998423,-0.055642,0.007386,-0.011707],[0.055825,0.998065,-0.027371,-0.002753],[-0.005849,0.02774,0.999598,-4.9e-05],[0.0,0.0,0.0,1.0]],"antennas":[0.0,0.0],"body_yaw":0.0,"check_collision":false},{"head":[[0.998417,-0.055752,0.007402,-0.011773],[0.055937,0.998046,-0.027837,-0.002684],[-0.005836,0.028207,0.999585,-8e-06],[0.0,0.0,0.0,1.0]],"antennas":[0.0,0.0],"body_yaw":0.0,"check_collision":false},{"head":[[0.998437,-0.055411,0.007332,-0.011861],[0.055595,0.998068,-0.027739,-0.002677],[-0.005781,0.028103,0.999588,-3e-06],[0.0,0.0,0.0,1.0]],"antennas":[0.0,0.0],"body_yaw":0.0,"check_collision":false},{"head":[[0.998468,-0.054849,0.007313,-0.01183],[0.055031,0.998104,-0.027571,-0.002553],[-0.005787,0.027931,0.999593,-3.5e-05],[0.0,0.0,0.0,1.0]],"antennas":[0.0,0.0],"body_yaw":0.0,"check_collision":false},{"head":[[0.998495,-0.054363,0.0073,-0.011822],[0.054545,0.998133,-0.027485,-0.002528],[-0.005792,0.027841,0.999596,-1.3e-05],[0.0,0.0,0.0,1.0]],"antennas":[0.0,0.0],"body_yaw":0.0,"check_collision":false},{"head":[[0.998493,-0.054412,0.00715,-0.011874],[0.05459,0.998127,-0.027604,-0.002566],[-0.005634,0.027952,0.999593,-0.0001],[0.0,0.0,0.0,1.0]],"antennas":[0.0,0.0],"body_yaw":0.0,"check_collision":false},{"head":[[0.998504,-0.054229,0.007017,-0.011875],[0.054404,0.998136,-0.027662,-0.002517],[-0.005504,0.028002,0.999593,-0.0001],[0.0,0.0,0.0,1.0]],"antennas":[0.0,0.0],"body_yaw":0.0,"check_collision":false},{"head":[[0.998513,-0.054053,0.007054,-0.011791],[0.054228,0.998148,-0.027575,-0.002371],[-0.00555,0.027916,0.999595,3.6e-05],[0.0,0.0,0.0,1.0]],"antennas":[0.0,0.0],"body_yaw":0.0,"check_collision":false},{"head":[[0.998534,-0.053684,0.006846,-0.011786],[0.053855,0.998163,-0.02777,-0.002326],[-0.005342,0.028098,0.999591,8.8e-05],[0.0,0.0,0.0,1.0]],"antennas":[0.0,0.0],"body_yaw":0.0,"check_collision":false},{"head":[[0.998535,-0.053709,0.006524,-0.011819],[0.053871,0.998162,-0.027772,-0.002483],[-0.005021,0.028082,0.999593,0.000142],[0.0,0.0,0.0,1.0]],"antennas":[0.0,0.0],"body_yaw":0.0,"check_collision":false},{"head":[[0.998558,-0.053294,0.006447,-0.011842],[0.053452,0.998189,-0.027597,-0.002476],[-0.004965,0.027902,0.999598,0.000157],[0.0,0.0,0.0,1.0]],"antennas":[0.0,0.0],"body_yaw":0.0,"check_collision":false},{"head":[[0.998576,-0.052942,0.006573,-0.011686],[0.053103,0.99821,-0.027495,-0.002483],[-0.005106,0.027805,0.9996,0.000161],[0.0,0.0,0.0,1.0]],"antennas":[0.0,0.0],"body_yaw":0.0,"check_collision":false},{"head":[[0.9986,-0.052502,0.006386,-0.011694],[0.052659,0.998235,-0.027459,-0.00245],[-0.004933,0.027757,0.999603,0.000141],[0.0,0.0,0.0,1.0]],"antennas":[0.0,0.0],"body_yaw":0.0,"check_collision":false},{"head":[[0.998643,-0.0517,0.006283,-0.011721],[0.051854,0.998278,-0.027432,-0.002494],[-0.004854,0.027721,0.999604,8.9e-05],[0.0,0.0,0.0,1.0]],"antennas":[0.0,0.0],"body_yaw":0.0,"check_collision":false},{"head":[[0.99867,-0.051132,0.006604,-0.011626],[0.051295,0.998305,-0.027493,-0.002399],[-0.005187,0.027795,0.9996,0.000158],[0.0,0.0,0.0,1.0]],"antennas":[0.0,0.0],"body_yaw":0.0,"check_collision":false},{"head":[[0.998694,-0.05063,0.006798,-0.011609],[0.050798,0.998333,-0.027395,-0.002396],[-0.0054,0.027705,0.999602,0.000203],[0.0,0.0,0.0,1.0]],"antennas":[0.0,0.0],"body_yaw":0.0,"check_collision":false},{"head":[[0.998718,-0.050149,0.006898,-0.01165],[0.05032,0.998358,-0.02736,-0.002392],[-0.005515,0.027672,0.999602,0.000189],[0.0,0.0,0.0,1.0]],"antennas":[0.0,0.0],"body_yaw":0.0,"check_collision":false},{"head":[[0.998748,-0.049466,0.007458,-0.011691],[0.049655,0.998381,-0.027754,-0.002433],[-0.006073,0.02809,0.999587,0.000219],[0.0,0.0,0.0,1.0]],"antennas":[0.0,0.0],"body_yaw":0.0,"check_collision":false},{"head":[[0.998782,-0.048559,0.008782,-0.01174],[0.048791,0.998402,-0.028515,-0.002517],[-0.007383,0.028908,0.999555,0.000195],[0.0,0.0,0.0,1.0]],"antennas":[0.0,0.0],"body_yaw":0.0,"check_collision":false},{"head":[[0.998837,-0.047132,0.010135,-0.011827],[0.047409,0.998451,-0.02912,-0.00252],[-0.008747,0.029567,0.999525,4e-05],[0.0,0.0,0.0,1.0]],"antennas":[0.0,0.0],"body_yaw":0.0,"check_collision":false},{"head":[[0.998895,-0.045675,0.011065,-0.01195],[0.045983,0.998511,-0.029358,-0.002515],[-0.009707,0.029835,0.999508,-8.3e-05],[0.0,0.0,0.0,1.0]],"antennas":[0.0,0.0],"body_yaw":0.0,"check_collision":false},{"head":[[0.998934,-0.044561,0.012016,-0.011988],[0.044903,0.998543,-0.029915,-0.002836],[-0.010666,0.030423,0.99948,-7.5e-05],[0.0,0.0,0.0,1.0]],"antennas":[-0.020896,0.027027],"body_yaw":0.0,"check_collision":false},{"head":[[0.998954,-0.043801,0.013153,-0.011969],[0.044185,0.998557,-0.030515,-0.00284],[-0.011798,0.031064,0.999448,-0.00021],[0.0,0.0,0.0,1.0]],"antennas":[-0.050092,0.078635],"body_yaw":0.0,"check_collision":false},{"head":[[0.998979,-0.04295,0.014035,-0.012042],[0.043373,0.998568,-0.031322,-0.003088],[-0.012669,0.031899,0.999411,-0.000281],[0.0,0.0,0.0,1.0]],"antennas":[-0.096411,0.160957],"body_yaw":0.0,"check_collision":false},{"head":[[0.998994,-0.042236,0.015066,-0.012054],[0.042703,0.998572,-0.032111,-0.003344],[-0.013688,0.032722,0.999371,-0.000392],[0.0,0.0,0.0,1.0]],"antennas":[-0.168736,0.268841],"body_yaw":0.0,"check_collision":false},{"head":[[0.999007,-0.041177,0.017028,-0.012019],[0.04173,0.998567,-0.033514,-0.003287],[-0.015623,0.034192,0.999293,-0.000589],[0.0,0.0,0.0,1.0]],"antennas":[-0.267701,0.392546],"body_yaw":0.0,"check_collision":false},{"head":[[0.99898,-0.040752,0.019472,-0.011958],[0.041398,0.998565,-0.033983,-0.003383],[-0.018059,0.034754,0.999233,-0.000728],[0.0,0.0,0.0,1.0]],"antennas":[-0.38682,0.531326],"body_yaw":0.0,"check_collision":false},{"head":[[0.998957,-0.040551,0.020998,-0.01199],[0.041277,0.998522,-0.03537,-0.003657],[-0.019532,0.036199,0.999154,-0.000801],[0.0,0.0,0.0,1.0]],"antennas":[-0.51106,0.67648],"body_yaw":0.0,"check_collision":false},{"head":[[0.998969,-0.039928,0.021605,-0.011932],[0.040694,0.998513,-0.036266,-0.004006],[-0.020125,0.037108,0.999109,-0.000799],[0.0,0.0,0.0,1.0]],"antennas":[-0.635087,0.819921],"body_yaw":0.0,"check_collision":false},{"head":[[0.998961,-0.039977,0.021874,-0.011875],[0.040772,0.998476,-0.0372,-0.004192],[-0.020354,0.038053,0.999068,-0.00084],[0.0,0.0,0.0,1.0]],"antennas":[-0.759951,0.964271],"body_yaw":0.0,"check_collision":false},{"head":[[0.99908,-0.038142,0.019603,-0.011613],[0.038839,0.998579,-0.0365,-0.004425],[-0.018183,0.037228,0.999141,-0.001287],[0.0,0.0,0.0,1.0]],"antennas":[-0.886914,1.111047],"body_yaw":0.0,"check_collision":false},{"head":[[0.999332,-0.031875,0.017871,-0.011377],[0.032544,0.99873,-0.038463,-0.004595],[-0.016622,0.039019,0.9991,-0.002204],[0.0,0.0,0.0,1.0]],"antennas":[-1.01248,1.256208],"body_yaw":0.0,"check_collision":false},{"head":[[0.999587,-0.020002,0.020611,-0.011021],[0.021101,0.998286,-0.054579,-0.004807],[-0.019484,0.054992,0.998297,-0.003467],[0.0,0.0,0.0,1.0]],"antennas":[-1.138428,1.401812],"body_yaw":0.0,"check_collision":false},{"head":[[0.999515,-0.008817,0.029854,-0.010296],[0.010406,0.998515,-0.053477,-0.005298],[-0.029338,0.053762,0.998123,-0.005026],[0.0,0.0,0.0,1.0]],"antennas":[-1.263718,1.546654],"body_yaw":0.0,"check_collision":false},{"head":[[0.99937,-0.0013,0.035469,-0.009573],[0.00307,0.998751,-0.049876,-0.005489],[-0.03536,0.049954,0.998125,-0.006788],[0.0,0.0,0.0,1.0]],"antennas":[-1.389302,1.691836],"body_yaw":0.0,"check_collision":false},{"head":[[0.999166,0.002865,0.040742,-0.00912],[-0.000496,0.998314,-0.058046,-0.00483],[-0.04084,0.057977,0.997482,-0.009051],[0.0,0.0,0.0,1.0]],"antennas":[-1.514675,1.836774],"body_yaw":0.0,"check_collision":false},{"head":[[0.998981,0.007999,0.04441,-0.008337],[-0.005262,0.9981,-0.061394,-0.004513],[-0.044816,0.061098,0.997125,-0.011126],[0.0,0.0,0.0,1.0]],"antennas":[-1.640206,1.981896],"body_yaw":0.0,"check_collision":false},{"head":[[0.998575,0.009486,0.052524,-0.007579],[-0.006357,0.998213,-0.059411,-0.004428],[-0.052993,0.058992,0.996851,-0.013026],[0.0,0.0,0.0,1.0]],"antennas":[-1.765843,2.127139],"body_yaw":0.0,"check_collision":false},{"head":[[0.99795,0.004982,0.063801,-0.006986],[-0.001574,0.998574,-0.053362,-0.004716],[-0.063975,0.053153,0.996535,-0.01468],[0.0,0.0,0.0,1.0]],"antennas":[-1.889733,2.261544],"body_yaw":0.0,"check_collision":false},{"head":[[0.99745,-0.001572,0.071348,-0.00642],[0.004837,0.998948,-0.045611,-0.005199],[-0.071201,0.045839,0.996408,-0.0161],[0.0,0.0,0.0,1.0]],"antennas":[-1.967822,2.26464],"body_yaw":0.0,"check_collision":false},{"head":[[0.997001,-0.008477,0.076917,-0.005886],[0.011417,0.999218,-0.037863,-0.00578],[-0.076536,0.038627,0.996318,-0.017178],[0.0,0.0,0.0,1.0]],"antennas":[-1.967822,2.26464],"body_yaw":0.0,"check_collision":false},{"head":[[0.996823,-0.009611,0.07907,-0.005478],[0.012197,0.999404,-0.032296,-0.006287],[-0.078713,0.033158,0.996346,-0.01773],[0.0,0.0,0.0,1.0]],"antennas":[-1.967822,2.26464],"body_yaw":0.0,"check_collision":false},{"head":[[0.996939,-0.008811,0.077685,-0.005116],[0.0113,0.999435,-0.03166,-0.006633],[-0.077362,0.032441,0.996475,-0.018094],[0.0,0.0,0.0,1.0]],"antennas":[-1.967822,2.26464],"body_yaw":0.0,"check_collision":false},{"head":[[0.99713,-0.006158,0.075458,-0.004726],[0.008658,0.999423,-0.032844,-0.007111],[-0.075212,0.033403,0.996608,-0.018396],[0.0,0.0,0.0,1.0]],"antennas":[-1.967822,2.26464],"body_yaw":0.0,"check_collision":false},{"head":[[0.997113,-0.004579,0.075791,-0.00436],[0.006849,0.999535,-0.029726,-0.007672],[-0.075619,0.030159,0.996681,-0.018649],[0.0,0.0,0.0,1.0]],"antennas":[-1.967822,2.26464],"body_yaw":0.0,"check_collision":false},{"head":[[0.997118,-0.00593,0.075636,-0.004075],[0.007939,0.999623,-0.026288,-0.007963],[-0.075452,0.026813,0.996789,-0.01899],[0.0,0.0,0.0,1.0]],"antennas":[-1.967822,2.26464],"body_yaw":0.0,"check_collision":false},{"head":[[0.997106,-0.009466,0.075438,-0.003815],[0.011518,0.999574,-0.026811,-0.008069],[-0.075152,0.027602,0.99679,-0.019392],[0.0,0.0,0.0,1.0]],"antennas":[-1.967822,2.26464],"body_yaw":0.0,"check_collision":false},{"head":[[0.997069,-0.011298,0.075664,-0.003581],[0.01358,0.999466,-0.029713,-0.008214],[-0.075288,0.030654,0.996691,-0.019807],[0.0,0.0,0.0,1.0]],"antennas":[-1.967822,2.26464],"body_yaw":0.0,"check_collision":false},{"head":[[0.996834,-0.012693,0.078487,-0.003504],[0.015552,0.999234,-0.03592,-0.008348],[-0.077971,0.037027,0.996268,-0.020027],[0.0,0.0,0.0,1.0]],"antennas":[-1.967822,2.26464],"body_yaw":0.0,"check_collision":false},{"head":[[0.99643,-0.012599,0.083483,-0.003423],[0.016305,0.998905,-0.043858,-0.008418],[-0.082839,0.045062,0.995544,-0.020155],[0.0,0.0,0.0,1.0]],"antennas":[-1.967822,2.26464],"body_yaw":0.0,"check_collision":false},{"head":[[0.996066,-0.012262,0.087761,-0.00326],[0.016891,0.998494,-0.0522,-0.008311],[-0.086989,0.053477,0.994773,-0.02041],[0.0,0.0,0.0,1.0]],"antennas":[-1.967822,2.26464],"body_yaw":0.0,"check_collision":false},{"head":[[0.995689,-0.012943,0.091848,-0.003194],[0.01837,0.998119,-0.05849,-0.008296],[-0.090918,0.059925,0.994054,-0.02055],[0.0,0.0,0.0,1.0]],"antennas":[-1.967822,2.26464],"body_yaw":0.0,"check_collision":false},{"head":[[0.99547,-0.013599,0.094097,-0.003212],[0.019489,0.997888,-0.061964,-0.008161],[-0.093056,0.063517,0.993633,-0.020447],[0.0,0.0,0.0,1.0]],"antennas":[-1.967822,2.26464],"body_yaw":0.0,"check_collision":false},{"head":[[0.995286,-0.014671,0.095871,-0.003244],[0.020942,0.997683,-0.064736,-0.008269],[-0.0947,0.066439,0.993286,-0.020441],[0.0,0.0,0.0,1.0]],"antennas":[-1.967822,2.26464],"body_yaw":0.0,"check_collision":false},{"head":[[0.995077,-0.015381,0.097904,-0.00321],[0.021929,0.997568,-0.066163,-0.008247],[-0.096648,0.067984,0.992994,-0.020561],[0.0,0.0,0.0,1.0]],"antennas":[-1.967822,2.26464],"body_yaw":0.0,"check_collision":false},{"head":[[0.994909,-0.015961,0.099504,-0.003173],[0.022668,0.997519,-0.066645,-0.008358],[-0.098193,0.068561,0.992803,-0.020566],[0.0,0.0,0.0,1.0]],"antennas":[-1.967822,2.26464],"body_yaw":0.0,"check_collision":false},{"head":[[0.994802,-0.015682,0.100614,-0.003195],[0.022415,0.997559,-0.066136,-0.008496],[-0.099331,0.068048,0.992725,-0.02059],[0.0,0.0,0.0,1.0]],"antennas":[-1.967822,2.26464],"body_yaw":0.0,"check_collision":false},{"head":[[0.994717,-0.015595,0.101466,-0.003266],[0.022237,0.997659,-0.064663,-0.008558],[-0.10022,0.066578,0.992735,-0.020561],[0.0,0.0,0.0,1.0]],"antennas":[-1.967822,2.26464],"body_yaw":0.0,"check_collision":false},{"head":[[0.994651,-0.015377,0.102145,-0.003295],[0.021871,0.997789,-0.062764,-0.00869],[-0.100954,0.064662,0.992787,-0.020377],[0.0,0.0,0.0,1.0]],"antennas":[-1.967822,2.26464],"body_yaw":0.0,"check_collision":false},{"head":[[0.994604,-0.015576,0.102567,-0.00326],[0.022025,0.99783,-0.062047,-0.008709],[-0.101378,0.063971,0.992789,-0.020184],[0.0,0.0,0.0,1.0]],"antennas":[-1.967822,2.26464],"body_yaw":0.0,"check_collision":false},{"head":[[0.994554,-0.015547,0.103057,-0.003263],[0.021982,0.997859,-0.061599,-0.008707],[-0.101878,0.063528,0.992766,-0.020059],[0.0,0.0,0.0,1.0]],"antennas":[-1.967822,2.26464],"body_yaw":0.0,"check_collision":false},{"head":[[0.994541,-0.015487,0.103187,-0.003285],[0.021815,0.997931,-0.06048,-0.008831],[-0.102037,0.062401,0.992822,-0.019953],[0.0,0.0,0.0,1.0]],"antennas":[-1.967822,2.26464],"body_yaw":0.0,"check_collision":false},{"head":[[0.994548,-0.01568,0.103096,-0.003311],[0.021835,0.998028,-0.058847,-0.008807],[-0.10197,0.060777,0.992929,-0.01992],[0.0,0.0,0.0,1.0]],"antennas":[-1.967822,2.26464],"body_yaw":0.0,"check_collision":false},{"head":[[0.994572,-0.016012,0.102812,-0.003382],[0.021982,0.998121,-0.057198,-0.008913],[-0.101702,0.059148,0.993055,-0.019785],[0.0,0.0,0.0,1.0]],"antennas":[-1.967822,2.26464],"body_yaw":0.0,"check_collision":false},{"head":[[0.994593,-0.01642,0.102539,-0.00348],[0.022244,0.998188,-0.055913,-0.008987],[-0.101435,0.057892,0.993156,-0.019635],[0.0,0.0,0.0,1.0]],"antennas":[-1.967822,2.26464],"body_yaw":0.0,"check_collision":false},{"head":[[0.994487,-0.016955,0.103485,-0.003594],[0.022845,0.99817,-0.055997,-0.009012],[-0.102346,0.058052,0.993054,-0.019447],[0.0,0.0,0.0,1.0]],"antennas":[-1.967822,2.26464],"body_yaw":0.0,"check_collision":false},{"head":[[0.994334,-0.016963,0.104942,-0.003598],[0.022998,0.998134,-0.056569,-0.009065],[-0.103786,0.058662,0.992868,-0.019227],[0.0,0.0,0.0,1.0]],"antennas":[-1.967822,2.26464],"body_yaw":0.0,"check_collision":false},{"head":[[0.994318,-0.016151,0.105217,-0.003545],[0.022223,0.998138,-0.056795,-0.008996],[-0.104104,0.058811,0.992826,-0.019113],[0.0,0.0,0.0,1.0]],"antennas":[-1.967822,2.26464],"body_yaw":0.0,"check_collision":false},{"head":[[0.994347,-0.015847,0.104988,-0.003521],[0.021864,0.998169,-0.056401,-0.009076],[-0.103902,0.058378,0.992873,-0.01911],[0.0,0.0,0.0,1.0]],"antennas":[-1.967822,2.26464],"body_yaw":0.0,"check_collision":false},{"head":[[0.994364,-0.01585,0.104832,-0.003493],[0.021792,0.998206,-0.055774,-0.009152],[-0.103759,0.057744,0.992925,-0.019051],[0.0,0.0,0.0,1.0]],"antennas":[-1.967822,2.26464],"body_yaw":0.0,"check_collision":false},{"head":[[0.994292,-0.016156,0.105465,-0.003498],[0.022184,0.998171,-0.056244,-0.009226],[-0.104364,0.058263,0.992831,-0.018988],[0.0,0.0,0.0,1.0]],"antennas":[-1.967822,2.26464],"body_yaw":0.0,"check_collision":false},{"head":[[0.994214,-0.016447,0.106153,-0.00344],[0.022561,0.998139,-0.056661,-0.009239],[-0.105023,0.058728,0.992734,-0.019052],[0.0,0.0,0.0,1.0]],"antennas":[-1.967822,2.26464],"body_yaw":0.0,"check_collision":false},{"head":[[0.994133,-0.016345,0.106922,-0.003351],[0.022462,0.998163,-0.056264,-0.009259],[-0.105806,0.058336,0.992674,-0.019125],[0.0,0.0,0.0,1.0]],"antennas":[-1.967822,2.26464],"body_yaw":0.0,"check_collision":false},{"head":[[0.994115,-0.016232,0.107108,-0.00337],[0.022333,0.99818,-0.056012,-0.009044],[-0.106004,0.058074,0.992668,-0.019216],[0.0,0.0,0.0,1.0]],"antennas":[-1.967822,2.26464],"body_yaw":0.0,"check_collision":false},{"head":[[0.994083,-0.016105,0.107422,-0.00338],[0.022216,0.998188,-0.055929,-0.008789],[-0.106327,0.057985,0.992639,-0.019261],[0.0,0.0,0.0,1.0]],"antennas":[-1.967822,2.26464],"body_yaw":0.0,"check_collision":false},{"head":[[0.993988,-0.016164,0.108293,-0.003325],[0.022312,0.998193,-0.0558,-0.008843],[-0.107195,0.05788,0.992552,-0.019136],[0.0,0.0,0.0,1.0]],"antennas":[-1.967822,2.26464],"body_yaw":0.0,"check_collision":false},{"head":[[0.993866,-0.016453,0.109358,-0.003347],[0.022712,0.998159,-0.056238,-0.008659],[-0.108231,0.058376,0.99241,-0.01915],[0.0,0.0,0.0,1.0]],"antennas":[-1.967822,2.26464],"body_yaw":0.0,"check_collision":false},{"head":[[0.993707,-0.016805,0.110743,-0.003352],[0.02327,0.998083,-0.057353,-0.008579],[-0.109567,0.059569,0.992193,-0.019128],[0.0,0.0,0.0,1.0]],"antennas":[-1.967822,2.26464],"body_yaw":0.0,"check_collision":false},{"head":[[0.993594,-0.017369,0.111662,-0.003435],[0.024003,0.998008,-0.058342,-0.008611],[-0.110426,0.060649,0.992032,-0.019022],[0.0,0.0,0.0,1.0]],"antennas":[-1.967822,2.26464],"body_yaw":0.0,"check_collision":false},{"head":[[0.993455,-0.017593,0.112857,-0.003546],[0.024402,0.997946,-0.059238,-0.008582],[-0.111583,0.061604,0.991844,-0.018969],[0.0,0.0,0.0,1.0]],"antennas":[-1.967822,2.26464],"body_yaw":0.0,"check_collision":false},{"head":[[0.993296,-0.017875,0.114211,-0.003664],[0.024841,0.997897,-0.059869,-0.008547],[-0.112901,0.062305,0.991651,-0.01887],[0.0,0.0,0.0,1.0]],"antennas":[-1.967822,2.26464],"body_yaw":0.0,"check_collision":false},{"head":[[0.993168,-0.017998,0.115301,-0.003717],[0.025079,0.997867,-0.060264,-0.008519],[-0.11397,0.062744,0.991501,-0.018771],[0.0,0.0,0.0,1.0]],"antennas":[-1.967822,2.26464],"body_yaw":0.0,"check_collision":false},{"head":[[0.99309,-0.01766,0.116016,-0.003802],[0.024785,0.997875,-0.060258,-0.008475],[-0.114706,0.062717,0.991418,-0.018731],[0.0,0.0,0.0,1.0]],"antennas":[-1.967822,2.26464],"body_yaw":0.0,"check_collision":false},{"head":[[0.993013,-0.017803,0.116654,-0.003941],[0.025044,0.997829,-0.060902,-0.00849],[-0.115317,0.063398,0.991304,-0.018582],[0.0,0.0,0.0,1.0]],"antennas":[-1.967822,2.26464],"body_yaw":0.0,"check_collision":false},{"head":[[0.992961,-0.018964,0.116912,-0.004034],[0.026275,0.997772,-0.061316,-0.00848],[-0.115488,0.063956,0.991248,-0.018397],[0.0,0.0,0.0,1.0]],"antennas":[-1.967822,2.26464],"body_yaw":0.0,"check_collision":false},{"head":[[0.992861,-0.019986,0.117595,-0.004095],[0.027506,0.997655,-0.062675,-0.008378],[-0.116066,0.065462,0.991082,-0.018315],[0.0,0.0,0.0,1.0]],"antennas":[-1.967822,2.26464],"body_yaw":0.0,"check_collision":false},{"head":[[0.992667,-0.020676,0.119099,-0.004162],[0.028384,0.997585,-0.063395,-0.008234],[-0.117501,0.066311,0.990856,-0.018335],[0.0,0.0,0.0,1.0]],"antennas":[-1.967822,2.26464],"body_yaw":0.0,"check_collision":false},{"head":[[0.992474,-0.021065,0.120634,-0.004241],[0.028929,0.997542,-0.063816,-0.008126],[-0.118993,0.066825,0.990644,-0.018394],[0.0,0.0,0.0,1.0]],"antennas":[-1.967822,2.26464],"body_yaw":0.0,"check_collision":false},{"head":[[0.992196,-0.021662,0.122792,-0.004293],[0.029715,0.997499,-0.064134,-0.007997],[-0.121095,0.067282,0.990358,-0.018309],[0.0,0.0,0.0,1.0]],"antennas":[-1.967822,2.26464],"body_yaw":0.0,"check_collision":false},{"head":[[0.991903,-0.022783,0.124939,-0.004393],[0.031013,0.997446,-0.064333,-0.007779],[-0.123155,0.067687,0.990076,-0.018236],[0.0,0.0,0.0,1.0]],"antennas":[-1.967822,2.26464],"body_yaw":0.0,"check_collision":false},{"head":[[0.991653,-0.02383,0.126712,-0.004608],[0.032201,0.997403,-0.064428,-0.007682],[-0.124847,0.067971,0.989845,-0.017965],[0.0,0.0,0.0,1.0]],"antennas":[-1.967822,2.26464],"body_yaw":0.0,"check_collision":false},{"head":[[0.991361,-0.024527,0.128851,-0.004864],[0.03314,0.997326,-0.065131,-0.007564],[-0.126909,0.068838,0.989523,-0.017689],[0.0,0.0,0.0,1.0]],"antennas":[-1.967822,2.26464],"body_yaw":0.0,"check_collision":false},{"head":[[0.990927,-0.025315,0.131993,-0.00511],[0.034169,0.997283,-0.065256,-0.007445],[-0.129982,0.069174,0.9891,-0.017437],[0.0,0.0,0.0,1.0]],"antennas":[-1.967822,2.26464],"body_yaw":0.0,"check_collision":false},{"head":[[0.990367,-0.026072,0.135993,-0.005354],[0.03528,0.997213,-0.065744,-0.007459],[-0.1339,0.069909,0.988526,-0.017163],[0.0,0.0,0.0,1.0]],"antennas":[-1.967822,2.26464],"body_yaw":0.0,"check_collision":false},{"head":[[0.989855,-0.027627,0.139372,-0.005672],[0.037228,0.997075,-0.066756,-0.007269],[-0.13712,0.071267,0.987987,-0.016943],[0.0,0.0,0.0,1.0]],"antennas":[-1.967822,2.26464],"body_yaw":0.0,"check_collision":false},{"head":[[0.989339,-0.029643,0.142584,-0.006005],[0.039599,0.996933,-0.067497,-0.007215],[-0.140146,0.072424,0.987479,-0.016718],[0.0,0.0,0.0,1.0]],"antennas":[-1.967822,2.26464],"body_yaw":0.0,"check_collision":false},{"head":[[0.988794,-0.031427,0.145938,-0.006308],[0.041693,0.996826,-0.067825,-0.007125],[-0.143343,0.073149,0.986966,-0.016513],[0.0,0.0,0.0,1.0]],"antennas":[-1.967822,2.26464],"body_yaw":0.0,"check_collision":false},{"head":[[0.988352,-0.032263,0.148729,-0.006607],[0.042636,0.996836,-0.06709,-0.006937],[-0.146094,0.07265,0.986599,-0.016345],[0.0,0.0,0.0,1.0]],"antennas":[-1.967822,2.26464],"body_yaw":0.0,"check_collision":false},{"head":[[0.987955,-0.032821,0.151219,-0.006935],[0.043278,0.996855,-0.066382,-0.006905],[-0.148565,0.072127,0.986269,-0.015969],[0.0,0.0,0.0,1.0]],"antennas":[-1.967822,2.255804],"body_yaw":0.0,"check_collision":false},{"head":[[0.987532,-0.03355,0.153799,-0.007247],[0.044037,0.996894,-0.065293,-0.006702],[-0.151131,0.071252,0.985943,-0.015665],[0.0,0.0,0.0,1.0]],"antennas":[-1.956621,2.226612],"body_yaw":0.0,"check_collision":false},{"head":[[0.987126,-0.03443,0.156192,-0.007569],[0.044988,0.996898,-0.064572,-0.006515],[-0.153485,0.070767,0.985614,-0.01531],[0.0,0.0,0.0,1.0]],"antennas":[-1.929228,2.176505],"body_yaw":0.0,"check_collision":false},{"head":[[0.986674,-0.03524,0.15885,-0.007815],[0.046031,0.996838,-0.064773,-0.00639],[-0.156065,0.071221,0.985176,-0.014949],[0.0,0.0,0.0,1.0]],"antennas":[-1.884589,2.105754],"body_yaw":0.0,"check_collision":false},{"head":[[0.986297,-0.036232,0.160953,-0.007958],[0.047286,0.996739,-0.065381,-0.006139],[-0.158059,0.072096,0.984794,-0.014738],[0.0,0.0,0.0,1.0]],"antennas":[-1.829256,2.02824],"body_yaw":0.0,"check_collision":false},{"head":[[0.986001,-0.036803,0.162628,-0.008098],[0.048052,0.996676,-0.065784,-0.005995],[-0.159667,0.072678,0.984492,-0.014529],[0.0,0.0,0.0,1.0]],"antennas":[-1.770015,1.948217],"body_yaw":0.0,"check_collision":false},{"head":[[0.985677,-0.037127,0.164508,-0.008228],[0.04842,0.996698,-0.065174,-0.005879],[-0.161545,0.072206,0.98422,-0.014364],[0.0,0.0,0.0,1.0]],"antennas":[-1.710576,1.867939],"body_yaw":0.0,"check_collision":false},{"head":[[0.985343,-0.037127,0.166498,-0.008358],[0.048531,0.996707,-0.064957,-0.005698],[-0.163538,0.072086,0.9839,-0.014195],[0.0,0.0,0.0,1.0]],"antennas":[-1.651066,1.787564],"body_yaw":0.0,"check_collision":false},{"head":[[0.985105,-0.036926,0.16794,-0.008504],[0.0485,0.996683,-0.065345,-0.005723],[-0.16497,0.072517,0.983629,-0.013818],[0.0,0.0,0.0,1.0]],"antennas":[-1.591557,1.70719],"body_yaw":0.0,"check_collision":false},{"head":[[0.98502,-0.036805,0.168469,-0.008639],[0.048255,0.996758,-0.06438,-0.005581],[-0.165553,0.071545,0.983602,-0.01348],[0.0,0.0,0.0,1.0]],"antennas":[-1.532309,1.627169],"body_yaw":0.0,"check_collision":false},{"head":[[0.985031,-0.036977,0.168362,-0.008816],[0.048114,0.996881,-0.062554,-0.005548],[-0.165524,0.069718,0.983738,-0.013037],[0.0,0.0,0.0,1.0]],"antennas":[-1.4729,1.546931],"body_yaw":0.0,"check_collision":false},{"head":[[0.984958,-0.036791,0.168829,-0.008988],[0.047658,0.997013,-0.06077,-0.005395],[-0.166089,0.067902,0.98377,-0.012668],[0.0,0.0,0.0,1.0]],"antennas":[-1.413385,1.466549],"body_yaw":0.0,"check_collision":false},{"head":[[0.984822,-0.036475,0.16969,-0.009063],[0.047134,0.997132,-0.059211,-0.005314],[-0.167043,0.06631,0.983717,-0.012216],[0.0,0.0,0.0,1.0]],"antennas":[-1.353993,1.386335],"body_yaw":0.0,"check_collision":false},{"head":[[0.98465,-0.036754,0.170627,-0.009155],[0.047384,0.997153,-0.05865,-0.005212],[-0.167986,0.065834,0.983589,-0.01186],[0.0,0.0,0.0,1.0]],"antennas":[-1.29468,1.306226],"body_yaw":0.0,"check_collision":false},{"head":[[0.984524,-0.037452,0.1712,-0.009293],[0.04802,0.997161,-0.058009,-0.005172],[-0.168541,0.065332,0.983527,-0.011496],[0.0,0.0,0.0,1.0]],"antennas":[-1.235341,1.226082],"body_yaw":0.0,"check_collision":false},{"head":[[0.984555,-0.037584,0.170992,-0.009447],[0.047869,0.997258,-0.05643,-0.005117],[-0.168402,0.063744,0.983655,-0.011081],[0.0,0.0,0.0,1.0]],"antennas":[-1.175817,1.145688],"body_yaw":0.0,"check_collision":false},{"head":[[0.98484,-0.037026,0.169467,-0.009516],[0.046876,0.997413,-0.054492,-0.005001],[-0.167011,0.061609,0.984028,-0.010538],[0.0,0.0,0.0,1.0]],"antennas":[-1.116982,1.066225],"body_yaw":0.0,"check_collision":false},{"head":[[0.985282,-0.036225,0.167056,-0.009654],[0.045874,0.997472,-0.054261,-0.005053],[-0.164668,0.061126,0.984453,-0.009822],[0.0,0.0,0.0,1.0]],"antennas":[-1.057808,0.986304],"body_yaw":0.0,"check_collision":false},{"head":[[0.985902,-0.036542,0.163288,-0.009758],[0.046138,0.997399,-0.05537,-0.004914],[-0.16084,0.062123,0.985023,-0.009169],[0.0,0.0,0.0,1.0]],"antennas":[-0.999632,0.908198],"body_yaw":0.0,"check_collision":false},{"head":[[0.986674,-0.037543,0.158319,-0.009834],[0.047179,0.997227,-0.057553,-0.004892],[-0.155719,0.064256,0.985709,-0.008416],[0.0,0.0,0.0,1.0]],"antennas":[-0.938521,0.826922],"body_yaw":0.0,"check_collision":false},{"head":[[0.98751,-0.038138,0.152871,-0.00988],[0.047443,0.997207,-0.057692,-0.004756],[-0.150244,0.064224,0.986561,-0.007855],[0.0,0.0,0