{"description":"A longer version of reprimand1, used when you\u2019re getting angry at someone.","time":[0.0,0.02,0.04,0.06,0.08,0.1,0.12,0.14,0.16,0.18,0.2,0.22,0.24,0.26,0.28,0.3,0.32,0.34,0.36,0.38,0.4,0.42,0.44,0.46,0.48,0.5,0.52,0.54,0.56,0.58,0.6,0.62,0.64,0.66,0.68,0.7,0.72,0.74,0.76,0.78,0.8,0.82,0.84,0.86,0.88,0.9,0.92,0.94,0.96,0.98,1.0,1.02,1.04,1.06,1.08,1.1,1.12,1.14,1.16,1.18,1.2,1.22,1.24,1.26,1.28,1.3,1.32,1.34,1.36,1.38,1.4,1.42,1.44,1.46,1.48,1.5,1.52,1.54,1.56,1.58,1.6,1.62,1.64,1.66,1.68,1.7,1.72,1.74,1.76,1.78,1.8,1.82,1.84,1.86,1.88,1.9,1.92,1.94,1.96,1.98,2.0,2.02,2.04,2.06,2.08,2.1,2.12,2.14,2.16,2.18,2.2,2.22,2.24,2.26,2.28,2.3,2.32,2.34,2.36,2.38,2.4,2.42,2.44,2.46,2.48,2.5,2.52,2.54,2.56,2.58,2.6,2.62,2.64,2.66,2.68,2.7,2.72,2.74,2.76,2.78,2.8,2.82,2.84,2.86,2.88,2.9,2.92,2.94,2.96,2.98,3.0,3.02,3.04,3.06,3.08,3.1,3.12,3.14,3.16,3.18,3.2,3.22,3.24,3.26,3.28,3.3,3.32,3.34,3.36,3.38,3.4,3.42,3.44,3.46,3.48,3.5,3.52,3.54,3.56,3.58,3.6,3.62,3.64,3.66,3.68,3.7,3.72,3.74,3.76,3.78,3.8,3.82,3.84,3.86,3.88,3.9,3.92,3.94,3.96,3.98,4.0,4.02,4.04,4.06,4.08,4.1,4.12,4.14,4.16,4.18,4.2,4.22,4.24,4.26,4.28,4.3,4.32,4.34,4.36,4.38,4.4,4.42,4.44,4.46,4.48,4.5,4.52,4.54,4.56,4.58,4.6,4.62,4.64,4.66,4.68,4.7,4.72,4.74,4.76,4.78,4.8,4.82,4.84,4.86,4.88,4.9,4.92,4.94,4.96,4.98,5.0,5.02,5.04,5.06,5.08,5.1,5.12,5.14,5.16,5.18,5.2,5.22,5.24,5.26,5.28,5.3,5.32,5.34,5.36,5.38,5.4,5.42,5.44,5.46,5.48,5.5,5.52,5.54,5.56,5.58,5.6,5.62,5.64,5.66,5.68,5.7,5.72,5.74,5.76,5.78,5.8,5.82,5.84,5.86,5.88,5.9,5.92,5.94,5.96,5.98,6.0,6.02,6.04,6.06,6.08,6.1,6.12,6.14,6.16,6.18,6.2,6.22,6.24,6.26,6.28,6.3,6.32,6.34,6.36,6.38,6.4,6.42,6.44,6.46,6.48,6.5,6.52,6.54,6.56,6.58,6.6,6.62,6.64,6.66,6.68,6.7,6.72,6.74,6.76,6.78,6.8,6.82,6.84,6.86,6.88,6.9,6.92,6.94,6.96,6.98,7.0,7.02,7.04,7.06,7.08,7.1,7.12,7.14,7.16,7.18,7.2,7.22,7.24,7.26,7.28,7.3,7.32,7.34,7.36,7.38,7.4,7.42,7.44,7.46,7.48,7.5,7.52,7.54,7.56,7.58,7.6,7.62,7.64,7.66,7.68,7.7,7.72,7.74,7.76,7.78,7.8,7.82,7.84,7.86,7.88,7.9,7.92,7.94,7.96,7.98,8.0,8.02,8.04,8.06,8.08,8.1,8.12,8.14,8.16,8.18,8.2,8.22,8.24,8.26,8.28,8.3,8.32,8.34,8.36,8.38,8.4,8.42,8.44,8.46,8.48,8.5,8.52,8.54,8.56,8.58,8.6,8.62,8.64,8.66,8.68,8.7,8.72,8.74,8.76,8.78,8.8,8.82,8.84,8.86,8.88,8.9,8.92,8.94,8.96,8.98,9.0,9.02,9.04,9.06,9.08,9.1,9.12,9.14,9.16,9.18,9.2,9.22,9.24,9.26,9.28,9.3,9.32,9.34,9.36,9.38,9.4,9.42,9.44,9.46,9.48,9.5,9.52,9.54,9.56,9.58,9.6,9.62,9.64,9.66,9.68,9.7,9.72,9.74,9.76,9.78,9.8,9.82,9.84,9.86,9.88,9.9,9.92,9.94,9.96,9.98,10.0,10.02,10.04,10.06,10.08,10.1,10.12,10.14,10.16,10.18,10.2,10.22,10.24,10.26,10.28,10.3,10.32,10.34,10.36,10.38,10.4,10.42,10.44,10.46,10.48,10.5,10.52,10.54,10.56,10.58,10.6,10.62,10.64,10.66,10.68,10.7,10.72,10.74,10.76,10.78,10.8,10.82,10.84,10.86,10.88,10.9,10.92,10.94,10.96,10.98,11.0,11.02,11.04,11.06,11.08,11.1,11.12,11.14],"set_target_data":[{"head":[[0.939924,0.306029,-0.151293,-0.00426],[-0.31224,0.949822,-0.018568,0.006491],[0.138019,0.064692,0.988315,0.006828],[0.0,0.0,0.0,1.0]],"antennas":[0.0,0.0],"body_yaw":-0.281658,"check_collision":false},{"head":[[0.939676,0.306581,-0.151715,-0.004312],[-0.312792,0.949645,-0.018321,0.006559],[0.138458,0.064671,0.988254,0.006808],[0.0,0.0,0.0,1.0]],"antennas":[0.0,0.0],"body_yaw":-0.281658,"check_collision":false},{"head":[[0.939554,0.306818,-0.151987,-0.004285],[-0.313066,0.949552,-0.018437,0.006549],[0.138663,0.064904,0.988211,0.006825],[0.0,0.0,0.0,1.0]],"antennas":[0.0,0.0],"body_yaw":-0.281658,"check_collision":false},{"head":[[0.93954,0.306755,-0.152205,-0.004258],[-0.313058,0.949549,-0.018738,0.006453],[0.138778,0.065254,0.988171,0.006884],[0.0,0.0,0.0,1.0]],"antennas":[0.0,0.0],"body_yaw":-0.281658,"check_collision":false},{"head":[[0.939649,0.306531,-0.151981,-0.004144],[-0.312916,0.949582,-0.019441,0.006349],[0.138359,0.065825,0.988192,0.006941],[0.0,0.0,0.0,1.0]],"antennas":[0.0,0.0],"body_yaw":-0.281658,"check_collision":false},{"head":[[0.939772,0.306382,-0.151519,-0.004152],[-0.312725,0.949646,-0.019375,0.0065],[0.137953,0.065592,0.988264,0.006899],[0.0,0.0,0.0,1.0]],"antennas":[0.0,0.0],"body_yaw":-0.281658,"check_collision":false},{"head":[[0.939864,0.306223,-0.151275,-0.004141],[-0.31254,0.949708,-0.019322,0.006396],[0.13775,0.065439,0.988303,0.006934],[0.0,0.0,0.0,1.0]],"antennas":[0.0,0.0],"body_yaw":-0.281658,"check_collision":false},{"head":[[0.939927,0.305689,-0.151959,-0.004293],[-0.312046,0.949871,-0.019316,0.00642],[0.138437,0.065573,0.988198,0.006998],[0.0,0.0,0.0,1.0]],"antennas":[0.0,0.0],"body_yaw":-0.281658,"check_collision":false},{"head":[[0.940189,0.304362,-0.152996,-0.004389],[-0.310854,0.95025,-0.019879,0.006194],[0.139334,0.06625,0.988027,0.007143],[0.0,0.0,0.0,1.0]],"antennas":[0.0,0.0],"body_yaw":-0.281658,"check_collision":false},{"head":[[0.940645,0.302362,-0.154154,-0.004501],[-0.309045,0.950819,-0.020824,0.006057],[0.140276,0.067229,0.987827,0.007222],[0.0,0.0,0.0,1.0]],"antennas":[0.0,0.0],"body_yaw":-0.281658,"check_collision":false},{"head":[[0.94124,0.299978,-0.155182,-0.004768],[-0.306844,0.95151,-0.021793,0.006171],[0.14112,0.068129,0.987645,0.007215],[0.0,0.0,0.0,1.0]],"antennas":[0.0,0.0],"body_yaw":-0.281658,"check_collision":false},{"head":[[0.941687,0.297181,-0.157829,-0.005222],[-0.304441,0.952243,-0.023441,0.006357],[0.143325,0.070124,0.987188,0.007136],[0.0,0.0,0.0,1.0]],"antennas":[0.0,0.0],"body_yaw":-0.281658,"check_collision":false},{"head":[[0.942418,0.293143,-0.160981,-0.005648],[-0.300994,0.953266,-0.026208,0.006332],[0.145775,0.073153,0.98661,0.007221],[0.0,0.0,0.0,1.0]],"antennas":[0.0,0.0],"body_yaw":-0.281658,"check_collision":false},{"head":[[0.942694,0.290613,-0.163925,-0.005948],[-0.298933,0.953862,-0.028051,0.006293],[0.14821,0.075446,0.986074,0.007361],[0.0,0.0,0.0,1.0]],"antennas":[0.0,0.0],"body_yaw":-0.281658,"check_collision":false},{"head":[[0.943076,0.289028,-0.164531,-0.005989],[-0.297527,0.954272,-0.029045,0.006298],[0.148612,0.076344,0.985944,0.007338],[0.0,0.0,0.0,1.0]],"antennas":[0.0,0.0],"body_yaw":-0.281658,"check_collision":false},{"head":[[0.943174,0.28916,-0.163738,-0.00583],[-0.297483,0.954308,-0.028278,0.006382],[0.148079,0.07538,0.986099,0.007256],[0.0,0.0,0.0,1.0]],"antennas":[0.0,0.0],"body_yaw":-0.281658,"check_collision":false},{"head":[[0.943287,0.289075,-0.163235,-0.005658],[-0.297262,0.954396,-0.027639,0.006324],[0.147801,0.074595,0.9862,0.007088],[0.0,0.0,0.0,1.0]],"antennas":[0.0,0.0],"body_yaw":-0.281658,"check_collision":false},{"head":[[0.943417,0.288581,-0.163359,-0.005659],[-0.296759,0.954555,-0.027556,0.006193],[0.147982,0.074475,0.986182,0.007017],[0.0,0.0,0.0,1.0]],"antennas":[0.0,0.0],"body_yaw":-0.281658,"check_collision":false},{"head":[[0.943342,0.288109,-0.164617,-0.005852],[-0.29639,0.954667,-0.027636,0.006095],[0.149192,0.074861,0.98597,0.007107],[0.0,0.0,0.0,1.0]],"antennas":[0.0,0.0],"body_yaw":-0.281658,"check_collision":false},{"head":[[0.9435,0.286815,-0.165966,-0.006028],[-0.295246,0.95501,-0.028038,0.006171],[0.150457,0.075455,0.985733,0.007146],[0.0,0.0,0.0,1.0]],"antennas":[0.0,0.0],"body_yaw":-0.281658,"check_collision":false},{"head":[[0.943683,0.285323,-0.167493,-0.006044],[-0.294027,0.955352,-0.029161,0.006018],[0.151694,0.076766,0.985442,0.007068],[0.0,0.0,0.0,1.0]],"antennas":[0.0,0.0],"body_yaw":-0.281658,"check_collision":false},{"head":[[0.943911,0.283089,-0.169978,-0.006128],[-0.292184,0.955873,-0.030584,0.00583],[0.153819,0.078533,0.984973,0.006967],[0.0,0.0,0.0,1.0]],"antennas":[0.0,0.0],"body_yaw":-0.281658,"check_collision":false},{"head":[[0.943969,0.281108,-0.172916,-0.006342],[-0.290591,0.956323,-0.031683,0.005657],[0.156457,0.080156,0.984427,0.006964],[0.0,0.0,0.0,1.0]],"antennas":[0.0,0.0],"body_yaw":-0.281658,"check_collision":false},{"head":[[0.944109,0.277473,-0.177952,-0.006392],[-0.287594,0.957173,-0.033323,0.005411],[0.161085,0.082638,0.983475,0.006916],[0.0,0.0,0.0,1.0]],"antennas":[0.0,0.0],"body_yaw":-0.281658,"check_collision":false},{"head":[[0.944589,0.272078,-0.183643,-0.006451],[-0.283014,0.95845,-0.03572,0.005153],[0.166294,0.085714,0.982344,0.006849],[0.0,0.0,0.0,1.0]],"antennas":[0.0,0.0],"body_yaw":-0.281658,"check_collision":false},{"head":[[0.944941,0.267426,-0.188599,-0.006527],[-0.279212,0.959458,-0.03847,0.004942],[0.170665,0.089011,0.9813,0.006772],[0.0,0.0,0.0,1.0]],"antennas":[0.0,0.0],"body_yaw":-0.281658,"check_collision":false},{"head":[[0.945185,0.263053,-0.193465,-0.006562],[-0.275649,0.96039,-0.040861,0.004875],[0.175053,0.09195,0.980256,0.006547],[0.0,0.0,0.0,1.0]],"antennas":[0.0,0.0],"body_yaw":-0.281658,"check_collision":false},{"head":[[0.945709,0.257495,-0.198318,-0.006393],[-0.271129,0.961514,-0.044495,0.004634],[0.179228,0.095849,0.979127,0.006122],[0.0,0.0,0.0,1.0]],"antennas":[0.0,0.0],"body_yaw":-0.281658,"check_collision":false},{"head":[[0.946319,0.253006,-0.201169,-0.006216],[-0.267444,0.962392,-0.0477,0.004502],[0.181535,0.098941,0.978394,0.005686],[0.0,0.0,0.0,1.0]],"antennas":[0.0,0.0],"body_yaw":-0.281658,"check_collision":false},{"head":[[0.946726,0.250283,-0.202652,-0.006115],[-0.265047,0.962996,-0.048881,0.004537],[0.182919,0.099989,0.97803,0.005288],[0.0,0.0,0.0,1.0]],"antennas":[0.0,0.0],"body_yaw":-0.281658,"check_collision":false},{"head":[[0.947315,0.249441,-0.20093,-0.005824],[-0.264148,0.963205,-0.049614,0.004837],[0.181162,0.100075,0.978348,0.004818],[0.0,0.0,0.0,1.0]],"antennas":[0.0,0.0],"body_yaw":-0.281658,"check_collision":false},{"head":[[0.948022,0.248844,-0.198322,-0.005346],[-0.263319,0.963418,-0.049878,0.005204],[0.178655,0.099507,0.978867,0.004289],[0.0,0.0,0.0,1.0]],"antennas":[0.0,0.0],"body_yaw":-0.281658,"check_collision":false},{"head":[[0.948975,0.24592,-0.197409,-0.00476],[-0.260533,0.964095,-0.051412,0.005573],[0.177677,0.10022,0.978972,0.003743],[0.0,0.0,0.0,1.0]],"antennas":[0.0,0.0],"body_yaw":-0.281658,"check_collision":false},{"head":[[0.949799,0.244304,-0.195441,-0.003991],[-0.259057,0.964381,-0.05347,0.005559],[0.175417,0.101416,0.979257,0.003207],[0.0,0.0,0.0,1.0]],"antennas":[0.0,0.0],"body_yaw":-0.281658,"check_collision":false},{"head":[[0.950153,0.243871,-0.194259,-0.003414],[-0.258939,0.96427,-0.055977,0.005621],[0.173667,0.103488,0.979352,0.002711],[0.0,0.0,0.0,1.0]],"antennas":[0.0,0.0],"body_yaw":-0.281658,"check_collision":false},{"head":[[0.950108,0.242423,-0.196279,-0.003291],[-0.258183,0.964308,-0.058753,0.005673],[0.17503,0.106497,0.978786,0.002529],[0.0,0.0,0.0,1.0]],"antennas":[0.0,0.0],"body_yaw":-0.281658,"check_collision":false},{"head":[[0.950322,0.239819,-0.198429,-0.003395],[-0.256295,0.964633,-0.061607,0.005742],[0.176637,0.109403,0.978177,0.0028],[0.0,0.0,0.0,1.0]],"antennas":[0.0,0.0],"body_yaw":-0.281658,"check_collision":false},{"head":[[0.95024,0.237895,-0.201123,-0.003515],[-0.254963,0.964875,-0.063329,0.005703],[0.178992,0.111457,0.977517,0.003006],[0.0,0.0,0.0,1.0]],"antennas":[0.0,0.0],"body_yaw":-0.281658,"check_collision":false},{"head":[[0.950054,0.236712,-0.203381,-0.003595],[-0.254217,0.965003,-0.064371,0.005548],[0.181026,0.112859,0.976981,0.003258],[0.0,0.0,0.0,1.0]],"antennas":[0.0,0.0],"body_yaw":-0.281658,"check_collision":false},{"head":[[0.949723,0.23552,-0.206291,-0.003762],[-0.253626,0.965059,-0.065846,0.00543],[0.183575,0.114856,0.976273,0.003453],[0.0,0.0,0.0,1.0]],"antennas":[0.0,0.0],"body_yaw":-0.281658,"check_collision":false},{"head":[[0.949445,0.233212,-0.210156,-0.004006],[-0.252244,0.965239,-0.068457,0.005357],[0.186886,0.118007,0.975268,0.003622],[0.0,0.0,0.0,1.0]],"antennas":[0.0,0.0],"body_yaw":-0.281658,"check_collision":false},{"head":[[0.949287,0.231115,-0.213169,-0.004084],[-0.25098,0.965384,-0.071012,0.005056],[0.189378,0.120912,0.974431,0.00358],[0.0,0.0,0.0,1.0]],"antennas":[0.0,0.0],"body_yaw":-0.281658,"check_collision":false},{"head":[[0.949264,0.229536,-0.214967,-0.00425],[-0.249897,0.965553,-0.072518,0.005152],[0.190917,0.122558,0.973925,0.003595],[0.0,0.0,0.0,1.0]],"antennas":[0.0,0.0],"body_yaw":-0.281658,"check_collision":false},{"head":[[0.949332,0.228866,-0.215382,-0.004298],[-0.249317,0.965684,-0.072765,0.005289],[0.191338,0.122776,0.973815,0.003697],[0.0,0.0,0.0,1.0]],"antennas":[0.0,0.0],"body_yaw":-0.281658,"check_collision":false},{"head":[[0.949476,0.227129,-0.216583,-0.004343],[-0.247871,0.965993,-0.073608,0.005281],[0.192499,0.123574,0.973485,0.003848],[0.0,0.0,0.0,1.0]],"antennas":[0.0,0.0],"body_yaw":-0.281658,"check_collision":false},{"head":[[0.949469,0.225517,-0.218291,-0.0045],[-0.246586,0.96627,-0.074281,0.005305],[0.194177,0.124355,0.973053,0.004066],[0.0,0.0,0.0,1.0]],"antennas":[0.0,0.0],"body_yaw":-0.281658,"check_collision":false},{"head":[[0.949463,0.22426,-0.219609,-0.004647],[-0.245446,0.966572,-0.074123,0.005352],[0.195645,0.124279,0.972768,0.004295],[0.0,0.0,0.0,1.0]],"antennas":[0.0,0.0],"body_yaw":-0.281658,"check_collision":false},{"head":[[0.9496,0.223007,-0.220289,-0.00462],[-0.244231,0.96689,-0.073986,0.005286],[0.196496,0.124059,0.972625,0.004429],[0.0,0.0,0.0,1.0]],"antennas":[0.0,0.0],"body_yaw":-0.281658,"check_collision":false},{"head":[[0.949978,0.221391,-0.22029,-0.004705],[-0.24263,0.967277,-0.074206,0.005207],[0.196653,0.123943,0.972608,0.004359],[0.0,0.0,0.0,1.0]],"antennas":[0.0,0.0],"body_yaw":-0.281658,"check_collision":false},{"head":[[0.950546,0.219645,-0.219585,-0.004847],[-0.240879,0.967669,-0.074793,0.005099],[0.196058,0.123987,0.972722,0.004286],[0.0,0.0,0.0,1.0]],"antennas":[0.0,0.0],"body_yaw":-0.281658,"check_collision":false},{"head":[[0.950798,0.219413,-0.218727,-0.005016],[-0.240507,0.967771,-0.07467,0.00501],[0.195294,0.123601,0.972925,0.004326],[0.0,0.0,0.0,1.0]],"antennas":[0.0,0.0],"body_yaw":-0.281658,"check_collision":false},{"head":[[0.95106,0.220344,-0.216642,-0.005241],[-0.24094,0.967758,-0.073434,0.005017],[0.193476,0.122038,0.973485,0.004345],[0.0,0.0,0.0,1.0]],"antennas":[0.0,0.0],"body_yaw":-0.281658,"check_collision":false},{"head":[[0.951591,0.221246,-0.213366,-0.0054],[-0.241202,0.967785,-0.072206,0.004973],[0.190517,0.120174,0.9743,0.004434],[0.0,0.0,0.0,1.0]],"antennas":[0.0,0.0],"body_yaw":-0.281658,"check_collision":false},{"head":[[0.953019,0.22212,-0.205955,-0.00575],[-0.24071,0.968086,-0.069771,0.005104],[0.183885,0.116068,0.976071,0.004456],[0.0,0.0,0.0,1.0]],"antennas":[0.0,0.0],"body_yaw":-0.281658,"check_collision":false},{"head":[[0.954935,0.226504,-0.191822,-0.006186],[-0.24228,0.968164,-0.062918,0.005146],[0.171464,0.106557,0.979411,0.004391],[0.0,0.0,0.0,1.0]],"antennas":[0.0,0.0],"body_yaw":-0.281658,"check_collision":false},{"head":[[0.956392,0.231112,-0.178608,-0.006393],[-0.244376,0.968067,-0.05592,0.004993],[0.159981,0.097129,0.98233,0.004432],[0.0,0.0,0.0,1.0]],"antennas":[0.0,0.0],"body_yaw":-0.281658,"check_collision":false},{"head":[[0.957342,0.233109,-0.170753,-0.006596],[-0.245065,0.968092,-0.052357,0.005096],[0.153099,0.091969,0.983922,0.004339],[0.0,0.0,0.0,1.0]],"antennas":[0.0,0.0],"body_yaw":-0.281658,"check_collision":false},{"head":[[0.958105,0.234477,-0.164486,-0.006758],[-0.245591,0.968054,-0.050559,0.00511],[0.147377,0.088837,0.985083,0.004237],[0.0,0.0,0.0,1.0]],"antennas":[0.0,0.0],"body_yaw":-0.281658,"check_collision":false},{"head":[[0.958445,0.234857,-0.16194,-0.006745],[-0.245602,0.968101,-0.049591,0.004826],[0.145127,0.087303,0.985554,0.004257],[0.0,0.0,0.0,1.0]],"antennas":[0.0,0.0],"body_yaw":-0.281658,"check_collision":false},{"head":[[0.958783,0.234955,-0.159788,-0.00695],[-0.245469,0.968149,-0.049319,0.004806],[0.143111,0.086509,0.985919,0.004265],[0.0,0.0,0.0,1.0]],"antennas":[0.0,0.0],"body_yaw":-0.281658,"check_collision":false},{"head":[[0.959227,0.235099,-0.156882,-0.007082],[-0.245382,0.968163,-0.049481,0.004725],[0.140254,0.08596,0.986377,0.004504],[0.0,0.0,0.0,1.0]],"antennas":[0.0,0.0],"body_yaw":-0.281658,"check_collision":false},{"head":[[0.959411,0.235131,-0.155708,-0.007159],[-0.245433,0.968105,-0.05035,0.004749],[0.138903,0.086522,0.986519,0.004855],[0.0,0.0,0.0,1.0]],"antennas":[0.0,0.0],"body_yaw":-0.281658,"check_collision":false},{"head":[[0.959697,0.235045,-0.154063,-0.007278],[-0.245282,0.968113,-0.050931,0.004629],[0.13718,0.086667,0.986747,0.005142],[0.0,0.0,0.0,1.0]],"antennas":[0.0,0.0],"body_yaw":-0.281658,"check_collision":false},{"head":[[0.959677,0.236,-0.152722,-0.007425],[-0.246161,0.967877,-0.05118,0.00457],[0.135738,0.08671,0.986943,0.005166],[0.0,0.0,0.0,1.0]],"antennas":[0.0,0.0],"body_yaw":-0.281658,"check_collision":false},{"head":[[0.960008,0.237788,-0.147786,-0.007585],[-0.247552,0.967513,-0.051349,0.004479],[0.130775,0.08588,0.987685,0.005121],[0.0,0.0,0.0,1.0]],"antennas":[0.0,0.0],"body_yaw":-0.281658,"check_collision":false},{"head":[[0.960772,0.24129,-0.136733,-0.007912],[-0.249885,0.967016,-0.049377,0.004365],[0.120309,0.081607,0.989377,0.004952],[0.0,0.0,0.0,1.0]],"antennas":[0.0,0.0],"body_yaw":-0.281658,"check_collision":false},{"head":[[0.961607,0.247257,-0.119067,-0.008422],[-0.254112,0.966076,-0.046083,0.004141],[0.103633,0.07457,0.991816,0.004391],[0.0,0.0,0.0,1.0]],"antennas":[0.0,0.0],"body_yaw":-0.281658,"check_collision":false},{"head":[[0.962329,0.252721,-0.100275,-0.008675],[-0.258027,0.965143,-0.043823,0.004287],[0.085705,0.068046,0.993994,0.003904],[0.0,0.0,0.0,1.0]],"antennas":[0.0,0.0],"body_yaw":-0.281658,"check_collision":false},{"head":[[0.962818,0.255698,-0.087179,-0.008825],[-0.260022,0.964676,-0.042304,0.004512],[0.073283,0.0634,0.995294,0.003516],[0.0,0.0,0.0,1.0]],"antennas":[0.0,0.0],"body_yaw":-0.281658,"check_collision":false},{"head":[[0.963797,0.257745,-0.068285,-0.008884],[-0.260739,0.964615,-0.039167,0.004787],[0.055773,0.055553,0.996897,0.003003],[0.0,0.0,0.0,1.0]],"antennas":[0.0,0.0],"body_yaw":-0.281658,"check_collision":false},{"head":[[0.963887,0.26373,-0.036975,-0.008635],[-0.264747,0.96397,-0.025917,0.004877],[0.028808,0.03477,0.99898,0.002251],[0.0,0.0,0.0,1.0]],"antennas":[0.0,0.0],"body_yaw":-0.281658,"check_collision":false},{"head":[[0.962138,0.272555,0.002211,-0.007868],[-0.272542,0.962132,-0.004889,0.005226],[-0.00346,0.004101,0.999986,0.001196],[0.0,0.0,0.0,1.0]],"antennas":[0.0,0.0],"body_yaw":-0.281658,"check_collision":false},{"head":[[0.960058,0.277147,0.03845,-0.006558],[-0.277747,0.96059,0.011143,0.005861],[-0.033847,-0.021377,0.999198,0.00012],[0.0,0.0,0.0,1.0]],"antennas":[0.0,0.0],"body_yaw":-0.281658,"check_collision":false},{"head":[[0.958703,0.276919,0.064841,-0.005443],[-0.278878,0.960045,0.023235,0.006791],[-0.055816,-0.040359,0.997625,-0.000946],[0.0,0.0,0.0,1.0]],"antennas":[0.0,0.0],"body_yaw":-0.281658,"check_collision":false},{"head":[[0.95901,0.2724,0.078091,-0.005163],[-0.275366,0.960874,0.029927,0.007137],[-0.066883,-0.050204,0.996497,-0.001561],[0.0,0.0,0.0,1.0]],"antennas":[0.0,0.0],"body_yaw":-0.281658,"check_collision":false},{"head":[[0.961935,0.266918,0.058611,-0.006619],[-0.26881,0.962813,0.027058,0.006539],[-0.049209,-0.041783,0.997914,-0.001233],[0.0,0.0,0.0,1.0]],"antennas":[0.0,-0.0],"body_yaw":-0.281658,"check_collision":false},{"head":[[0.966213,0.256032,0.029675,-0.008789],[-0.256625,0.96634,0.018194,0.005499],[-0.024018,-0.025194,0.999394,-0.000341],[0.0,0.0,0.0,1.0]],"antennas":[0.000324,-0.030334],"body_yaw":-0.281658,"check_collision":false},{"head":[[0.967877,0.251343,0.006399,-0.01019],[-0.251412,0.967771,0.014525,0.004826],[-0.002542,-0.015667,0.999874,0.00042],[0.0,0.0,0.0,1.0]],"antennas":[0.056361,-0.075864],"body_yaw":-0.281658,"check_collision":false},{"head":[[0.96818,0.24999,0.011535,-0.009594],[-0.25016,0.968058,0.016873,0.004834],[-0.006949,-0.019222,0.999791,0.000177],[0.0,0.0,0.0,1.0]],"antennas":[0.085985,-0.085692],"body_yaw":-0.281658,"check_collision":false},{"head":[[0.968472,0.247859,0.02508,-0.00834],[-0.24843,0.968377,0.022981,0.005182],[-0.018591,-0.028487,0.999421,-0.000316],[0.0,0.0,0.0,1.0]],"antennas":[0.075132,-0.055181],"body_yaw":-0.281658,"check_collision":false},{"head":[[0.969595,0.242042,0.036083,-0.007927],[-0.242906,0.969805,0.02178,0.005877],[-0.029722,-0.029882,0.999111,-0.000736],[0.0,0.0,0.0,1.0]],"antennas":[0.02883,0.001209],"body_yaw":-0.281658,"check_collision":false},{"head":[[0.97198,0.233629,0.025944,-0.009141],[-0.234031,0.972133,0.013697,0.005738],[-0.022021,-0.019385,0.99957,-0.000398],[0.0,0.0,0.0,1.0]],"antennas":[-0.03096,0.056984],"body_yaw":-0.281658,"check_collision":false},{"head":[[0.973483,0.227911,0.019691,-0.010105],[-0.228121,0.97359,0.009148,0.005064],[-0.017086,-0.013398,0.999764,0.000133],[0.0,0.0,0.0,1.0]],"antennas":[-0.076002,0.085945],"body_yaw":-0.281658,"check_collision":false},{"head":[[0.973215,0.22951,0.013315,-0.009707],[-0.229647,0.973224,0.009871,0.004985],[-0.010693,-0.012665,0.999863,0.000147],[0.0,0.0,0.0,1.0]],"antennas":[-0.085383,0.074462],"body_yaw":-0.281658,"check_collision":false},{"head":[[0.972355,0.2323,0.023705,-0.00861],[-0.232581,0.972527,0.009857,0.005607],[-0.020764,-0.015098,0.99967,-0.000512],[0.0,0.0,0.0,1.0]],"antennas":[-0.054744,0.027931],"body_yaw":-0.281658,"check_collision":false},{"head":[[0.973074,0.227691,0.035834,-0.007758],[-0.228062,0.973625,0.006569,0.005935],[-0.033393,-0.014564,0.999336,-0.001367],[0.0,0.0,0.0,1.0]],"antennas":[0.001931,-0.03164],"body_yaw":-0.281658,"check_collision":false},{"head":[[0.973869,0.225529,0.026758,-0.008586],[-0.225613,0.974217,0.000107,0.005938],[-0.026044,-0.006141,0.999642,-0.001835],[0.0,0.0,0.0,1.0]],"antennas":[0.057373,-0.076246],"body_yaw":-0.281658,"check_collision":false},{"head":[[0.98236,0.177795,0.057955,0.00617],[-0.177759,0.984057,-0.005802,-0.017413],[-0.058063,-0.004603,0.998302,0.013469],[0.0,0.0,0.0,1.0]],"antennas":[0.085725,-0.084956],"body_yaw":-0.281658,"check_collision":false},{"head":[[0.982301,0.180031,0.0517,0.003748],[-0.180604,0.983534,0.006592,-0.018275],[-0.049662,-0.015812,0.998641,0.015539],[0.0,0.0,0.0,1.0]],"antennas":[0.073961,-0.053789],"body_yaw":-0.281658,"check_collision":false},{"head":[[0.980788,0.184011,0.064774,0.004279],[-0.185606,0.982431,0.019483,-0.016513],[-0.060051,-0.031131,0.99771,0.015303],[0.0,0.0,0.0,1.0]],"antennas":[0.027394,0.002681],"body_yaw":-0.281658,"check_collision":false},{"head":[[0.978259,0.188678,0.086084,0.005687],[-0.191626,0.981088,0.027303,-0.015445],[-0.079305,-0.043205,0.995914,0.014251],[0.0,0.0,0.0,1.0]],"antennas":[-0.032102,0.057832],"body_yaw":-0.281658,"check_collision":false},{"head":[[0.975717,0.196566,0.09663,0.005845],[-0.200631,0.979069,0.034226,-0.013158],[-0.08788,-0.052782,0.994732,0.012988],[0.0,0.0,0.0,1.0]],"antennas":[-0.076178,0.085649],"body_yaw":-0.281658,"check_collision":false},{"head":[[0.974747,0.203957,0.090944,0.00471],[-0.207939,0.977457,0.036606,-0.012584],[-0.081427,-0.054593,0.995183,0.012549],[0.0,0.0,0.0,1.0]],"antennas":[-0.084656,0.07325],"body_yaw":-0.281658,"check_collision":false},{"head":[[0.974686,0.203792,0.091957,0.004509],[-0.208475,0.977016,0.044467,-0.012929],[-0.080782,-0.062512,0.99477,0.012238],[0.0,0.0,0.0,1.0]],"antennas":[-0.053132,0.026406],"body_yaw":-0.281658,"check_collision":false},{"head":[[0.973448,0.205905,0.100009,0.005478],[-0.212217,0.975552,0.05711,-0.012355],[-0.085805,-0.076817,0.993346,0.011489],[0.0,0.0,0.0,1.0]],"antennas":[0.003026,-0.03278],"body_yaw":-0.281658,"check_collision":false},{"head":[[0.971539,0.209531,0.110492,0.006019],[-0.217047,0.974258,0.060929,-0.010848],[-0.094881,-0.083177,0.992008,0.010281],[0.0,0.0,0.0,1.0]],"antennas":[0.058032,-0.076482],"body_yaw":-0.281658,"check_collision":false},{"head":[[0.969629,0.211893,0.122154,0.005516],[-0.220134,0.973725,0.058309,-0.008958],[-0.106589,-0.083429,0.990797,0.008873],[0.0,0.0,0.0,1.0]],"antennas":[0.085527,-0.084281],"body_yaw":-0.281658,"check_collision":false},{"head":[[0.967087,0.214448,0.136951,0.004045],[-0.22343,0.973234,0.053799,-0.007514],[-0.121748,-0.082627,0.989116,0.008129],[0.0,0.0,0.0,1.0]],"antennas":[0.072886,-0.052339],"body_yaw":-0.281658,"check_collision":false},{"head":[[0.964969,0.212802,0.153459,0.002761],[-0.223397,0.97316,0.055263,-0.006193],[-0.13758,-0.087609,0.986609,0.007717],[0.0,0.0,0.0,1.0]],"antennas":[0.026152,0.003916],"body_yaw":-0.281658,"check_collision":false},{"head":[[0.963421,0.209909,0.166608,0.003029],[-0.221654,0.973566,0.055135,-0.00529],[-0.150631,-0.090047,0.984481,0.006918],[0.0,0.0,0.0,1.0]],"antennas":[-0.033057,0.058516],"body_yaw":-0.281658,"check_collision":false},{"head":[[0.960471,0.214557,0.177369,0.004668],[-0.228385,0.971634,0.061377,-0.004761],[-0.159169,-0.099459,0.982229,0.006025],[0.0,0.0,0.0,1.0]],"antennas":[-0.076758,0.085572],"body_yaw":-0.281658,"check_collision":false},{"head":[[0.956962,0.220228,0.189006,0.006263],[-0.23671,0.969106,0.069298,-0.004167],[-0.167906,-0.111055,0.979528,0.004897],[0.0,0.0,0.0,1.0]],"antennas":[-0.083999,0.072206],"body_yaw":-0.281658,"check_collision":false},{"head":[[0.956674,0.22004,0.190677,0.006654],[-0.237385,0.968654,0.073201,-0.003432],[-0.168593,-0.115293,0.97892,0.004364],[0.0,0.0,0.0,1.0]],"antennas":[-0.05298,0.025645],"body_yaw":-0.281658,"check_collision":false},{"head":[[0.958175,0.217911,0.185515,0.005757],[-0.234031,0.969728,0.069686,-0.003499],[-0.164714,-0.110187,0.980167,0.004673],[0.0,0.0,0.0,1.0]],"antennas":[0.004881,-0.033909],"body_yaw":-0.281658,"check_collision":false},{"head":[[0.960864,0.209791,0.180907,0.004879],[-0.224164,0.972525,0.06282,-0.003734],[-0.162758,-0.100914,0.981492,0.005319],[0.0,0.0,0.0,1.0]],"antennas":[0.058868,-0.076951],"body_yaw":-0.281658,"check_collision":false},{"head":[[0.963847,0.202566,0.173106,0.004544],[-0.214359,0.97536,0.052187,-0.003767],[-0.158269,-0.087407,0.98352,0.005956],[0.0,0.0,0.0,1.0]],"antennas":[0.085531,-0.083705],"body_yaw":-0.281658,"check_collision":false},{"head":[[0.964281,0.21376,0.156424,0.004367],[-0.222328,0.97418,0.039292,-0.003202],[-0.143986,-0.072666,0.986908,0.006274],[0.0,0.0,0.0,1.0]],"antennas":[0.071928,-0.051111],"body_yaw":-0.281658,"check_collision":false},{"head":[[0.963147,0.227378,0.143691,0.004275],[-0.234602,0.971451,0.035287,-0.002809],[-0.131565,-0.067697,0.988993,0.005912],[0.0,0.0,0.0,1.0]],"antennas":[0.024377,0.005538],"body_yaw":-0.281658,"check_collision":false},{"head":[[0.963708,0.22985,0.135776,0.003415],[-0.236447,0.971034,0.034427,-0.002381],[-0.12393,-0.065281,0.990141,0.005344],[0.0,0.0,0.0,1.0]],"antennas":[-0.034463,0.059514],"body_yaw":-0.281658,"check_collision":false},{"head":[[0.966076,0.217182,0.139747,0.002635],[-0.222846,0.974505,0.026056,-0.001564],[-0.130526,-0.056314,0.989844,0.004467],[0.0,0.0,0.0,1.0]],"antennas":[-0.077117,0.085507],"body_yaw":-0.281658,"check_collision":false},{"head":[[0.968646,0.204812,0.14063,0.002569],[-0.209578,0.977591,0.019805,-0.00074],[-0.133422,-0.048657,0.989864,0.003961],[0.0,0.0,0.0,1.0]],"antennas":[-0.083497,0.071296],"body_yaw":-0.281658,"check_collision":false},{"head":[[0.968778,0.210034,0.131738,0.002405],[-0.215135,0.976249,0.025601,-0.000519],[-0.123232,-0.053144,0.990954,0.004418],[0.0,0.0,0.0,1.0]],"antennas":[-0.050671,0.023589],"body_yaw":-0.281658,"check_collision":false},{"head":[[0.967874,0.221847,0.118342,0.002102],[-0.227025,0.973361,0.032067,-0.000878],[-0.108075,-0.057903,0.992455,0.00534],[0.0,0.0,0.0,1.0]],"antennas":[0.006036,-0.035263],"body_yaw":-0.281658,"check_collision":false},{"head":[[0.967352,0.22875,0.109108,0.001682],[-0.234429,0.971214,0.04226,-0.000877],[-0.0963,-0.066459,0.993131,0.005317],[0.0,0.0,0.0,1.0]],"antennas":[0.059836,-0.077438],"body_yaw":-0.281658,"check_collision":false},{"head":[[0.96846,0.222137,0.112874,0.001073],[-0.228401,0.972489,0.045813,-0.000772],[-0.099592,-0.070149,0.992553,0.004796],[0.0,0.0,0.0,1.0]],"antennas":[0.085473,-0.083247],"body_yaw":-0.281658,"check_collision":false},{"head":[[0.971589,0.203106,0.121501,0.000493],[-0.209067,0.977148,0.038377,-0.000267],[-0.11093,-0.062689,0.991849,0.00394],[0.0,0.0,0.0,1.0]],"antennas":[0.070914,-0.049863],"body_yaw":-0.281658,"check_collision":false},{"head":[[0.972276,0.199049,0.122716,0.000646],[-0.204084,0.9785,0.029803,8.3e-05],[-0.114146,-0.054021,0.991994,0.003402],[0.0,0.0,0.0,1.0]],"antennas":[0.022978,0.006952],"body_yaw":-0.281658,"check_collision":false},{"head":[[0.96909,0.217223,0.116952,0.001245],[-0.222635,0.974265,0.035236,0.000528],[-0.106288,-0.060185,0.992512,0.003197],[0.0,0.0,0.0,1.0]],"antennas":[-0.03561,0.060455],"body_yaw":-0.281658,"check_collision":false},{"head":[[0.965495,0.231756,0.118778,0.001534],[-0.238277,0.970209,0.043807,0.00142],[-0.105087,-0.070597,0.991954,0.002872],[0.0,0.0,0.0,1.0]],"antennas":[-0.07749,0.085521],"body_yaw":-0.281658,"check_collision":false},{"head":[[0.965899,0.226101,0.126166,0.000744],[-0.233208,0.971406,0.044538,0.002425],[-0.112488,-0.072442,0.991009,0.002558],[0.0,0.0,0.0,1.0]],"antennas":[-0.083052,0.070496],"body_yaw":-0.281658,"check_collision":false},{"head":[[0.969769,0.203551,0.134591,-0.000387],[-0.210171,0.976971,0.036809,0.003058],[-0.124,-0.063983,0.990217,0.002681],[0.0,0.0,0.0,1.0]],"antennas":[-0.0503,0.022699],"body_yaw":-0.281658,"check_collision":false},{"head":[[0.971762,0.193946,0.134401,-0.000665],[-0.199727,0.979367,0.030826,0.003191],[-0.12565,-0.056799,0.990447,0.003145],[0.0,0.0,0.0,1.0]],"antennas":[0.006536,-0.035764],"body_yaw":-0.281658,"check_collision":false},{"head":[[0.970198,0.205017,0.12917,0.00032],[-0.211649,0.976537,0.039753,0.003013],[-0.117989,-0.065907,0.990825,0.003412],[0.0,0.0,0.0,1.0]],"antennas":[0.061019,-0.078078],"body_yaw":-0.281658,"check_collision":false},{"head":[[0.968266,0.215503,0.126566,0.001684],[-0.223011,0.973617,0.048326,0.003379],[-0.112813,-0.075018,0.99078,0.00314],[0.0,0.0,0.0,1.0]],"antennas":[0.085648,-0.082875],"body_yaw":-0.281658,"check_collision":false},{"head":[[0.970669,0.20904,0.118756,0.001424],[-0.215127,0.975732,0.040843,0.004301],[-0.107336,-0.065192,0.992083,0.002746],[0.0,0.0,0.0,1.0]],"antennas":[0.070142,-0.048724],"body_yaw":-0.281658,"check_collision":false},{"head":[[0.97691,0.187897,0.101693,-0.001124],[-0.190674,0.981484,0.018221,0.004689],[-0.096386,-0.037191,0.994649,0.003484],[0.0,0.0,0.0,1.0]],"antennas":[0.021647,0.008387],"body_yaw":-0.281658,"check_collision":false},{"head":[[0.982567,0.16722,0.081241,-0.004035],[-0.167976,0.985788,0.002519,0.00424],[-0.079665,-0.016122,0.996691,0.004913],[0.0,0.0,0.0,1.0]],"antennas":[-0.036835,0.061473],"body_yaw":-0.281658,"check_collision":false},{"head":[[0.986183,0.154487,0.059801,-0.006557],[-0.154255,0.987994,-0.008508,0.003353],[-0.060398,-0.000834,0.998174,0.006418],[0.0,0.0,0.0,1.0]],"antennas":[-0.078249,0.085789],"body_yaw":-0.281658,"check_collision":false},{"head":[[0.989286,0.143308,0.027842,-0.009194],[-0.142674,0.989489,-0.023556,0.002063],[-0.030925,0.019331,0.999335,0.008165],[0.0,0.0,0.0,1.0]],"antennas":[-0.08275,0.076441],"body_yaw":-0.281658,"check_collision":false},{"head":[[0.991645,0.128554,-0.010693,-0.012384],[-0.1289,0.990709,-0.04337,0.000837],[0.005018,0.044386,0.999002,0.009998],[0.0,0.0,0.0,1.0]],"antennas":[-0.076436,0.076441],"body_yaw":-0.281658,"check_collision":false},{"head":[[0.991841,0.116327,-0.052147,-0.015079],[-0.119209,0.991285,-0.056058,-0.000216],[0.045172,0.061817,0.997065,0.011421],[0.0,0.0,0.0,1.0]],"antennas":[-0.076436,0.076441],"body_yaw":-0.281658,"check_collision":false},{"head":[[0.989716,0.114634,-0.085563,-0.016602],[-0.119815,0.991096,-0.058075,-0.000372],[0.078144,0.067729,0.994639,0.011845],[0.0,0.0,0.0,1.0]],"antennas":[-0.076436,0.076441],"body_yaw":-0.281658,"check_collision":false},{"head":[[0.98719,0.11641,-0.109112,-0.017589],[-0.123548,0.990456,-0.061098,6.5e-05],[0.100958,0.073796,0.99215,0.01165],[0.0,0.0,0.0,1.0]],"antennas":[-0.076436,0.076441],"body_yaw":-0.281658,"check_collision":false},{"head":[[0.984108,0.113477,-0.136582,-0.018885],[-0.123203,0.990252,-0.064973,0.000532],[0.127878,0.080768,0.988496,0.011453],[0.0,0.0,0.0,1.0]],"antennas":[-0.076436,0.076441],"body_yaw":-0.281658,"check_collision":false},{"head":[[0.981622,0.104689,-0.159559,-0.019847],[-0.116751,0.990819,-0.068173,0.000481],[0.150957,0.085549,0.984832,0.011485],[0.0,0.0,0.0,1.0]],"antennas":[-0.076436,0.076441],"body_yaw":-0.281658,"check_collision":false},{"head":[[0.980137,0.096166,-0.173444,-0.020433],[-0.109663,0.991503,-0.069973,0.000593],[0.165242,0.087604,0.982355,0.011485],[0.0,0.0,0.0,1.0]],"antennas":[-0.076436,0.076441],"body_yaw":-0.281658,"check_collision":false},{"head":[[0.979303,0.089994,-0.18129,-0.020002],[-0.103626,0.992346,-0.067162,0.001038],[0.173858,0.084559,0.981134,0.011394],[0.0,0.0,0.0,1.0]],"antennas":[-0.076436,0.076441],"body_yaw":-0.281658,"check_collision":false},{"head":[[0.979804,0.08837,-0.179374,-0.019048],[-0.100527,0.993133,-0.05984,0.002128],[0.172855,0.076663,0.981959,0.010739],[0.0,0.0,0.0,1.0]],"antennas":[-0.076436,0.076441],"body_yaw":-0.281658,"check_collision":false},{"head":[[0.982707,0.08762,-0.163122,-0.018055],[-0.097701,0.993704,-0.054828,0.00341],[0.157292,0.069817,0.985081,0.009805],[0.0,0.0,0.0,1.0]],"antennas":[-0.076436,0.076441],"body_yaw":-0.281658,"check_collision":false},{"head":[[0.988419,0.086049,-0.124993,-0.016747],[-0.092758,0.994488,-0.048878,0.004766],[0.120098,0.059907,0.990953,0.008515],[0.0,0.0,0.0,1.0]],"antennas":[-0.076436,0.076441],"body_yaw":-0.281658,"check_collision":false},{"head":[[0.9929,0.086319,-0.081842,-0.015133],[-0.089958,0.995065,-0.041865,0.005709],[0.077824,0.04893,0.995766,0.007311],[0.0,0.0,0.0,1.0]],"antennas":[-0.076436,0.076441],"body_yaw":-0.281658,"check_collision":false},{"head":[[0.993498,0.095037,-0.062682,-0.014418],[-0.097717,0.994363,-0.041153,0.006036],[0.058418,0.04701,0.997185,0.00645],[0.0,0.0,0.0,1.0]],"antennas":[-0.076436,0.076441],"body_yaw":-0.281658,"check_collision":false},{"head":[[0.992632,0.099333,-0.069389,-0.014586],[-0.103043,0.993312,-0.052092,0.005311],[0.06375,0.058858,0.996229,0.006688],[0.0,0.0,0.0,1.0]],"antennas":[-0.076436,0.076441],"body_yaw":-0.281658,"check_collision":false},{"head":[[0.991627,0.102228,-0.078901,-0.014284],[-0.106704,0.992782,-0.054753,0.004302],[0.072734,0.062714,0.995378,0.006885],[0.0,0.0,0.0,1.0]],"antennas":[-0.076436,0.076441],"body_yaw":-0.281658,"check_collision":false},{"head":[[0.99146,0.112429,-0.066079,-0.011989],[-0.115253,0.992506,-0.040597,0.004452],[0.06102,0.047867,0.996988,0.005922],[0.0,0.0,0.0,1.0]],"antennas":[-0.081287,0.081824],"body_yaw":-0.281658,"check_collision":false},{"head":[[0.991316,0.128476,-0.028037,-0.008812],[-0.128842,0.991597,-0.011645,0.006062],[0.026305,0.015156,0.999539,0.004118],[0.0,0.0,0.0,1.0]],"antennas":[-0.098429,0.105596],"body_yaw":-0.281658,"check_collision":false},{"head":[[0.991166,0.132277,0.009588,-0.007181],[-0.132305,0.991206,0.002293,0.00801],[-0.009201,-0.003542,0.999951,0.002308],[0.0,0.0,0.0,1.0]],"antennas":[-0.131111,0.144599],"body_yaw":-0.281658,"check_collision":false},{"head":[[0.991976,0.126116,0.008902,-0.009642],[-0.125994,0.991944,-0.013161,0.008497],[-0.010491,0.011934,0.999874,0.002159],[0.0,0.0,0.0,1.0]],"antennas":[-0.182878,0.194889],"body_yaw":-0.281658,"check_collision":false},{"head":[[0.992878,0.117956,-0.016703,-0.01198],[-0.118374,0.992608,-0.02679,0.006183],[0.01342,0.028577,0.999502,0.004344],[0.0,0.0,0.0,1.0]],"antennas":[-0.250916,0.255196],"body_yaw":-0.281658,"check_collision":false},{"head":[[0.991078,0.12638,-0.042329,-0.012052],[-0.127354,0.991631,-0.02117,0.004192],[0.039299,0.026372,0.998879,0.005712],[0.0,0.0,0.0,1.0]],"antennas":[-0.319584,0.323438],"body_yaw":-0.281658,"check_collision":false},{"head":[[0.990269,0.135121,-0.033305,-0.009542],[-0.135531,0.990719,-0.010382,0.003741],[0.031593,0.014795,0.999391,0.004661],[0.0,0.0,0.0,1.0]],"antennas":[-0.388559,0.392956],"body_yaw":-0.281658,"check_collision":false},{"head":[[0.989497,0.144526,0.002804,-0.005082],[-0.144539,0.989488,0.004774,0.004273],[-0.002084,-0.005129,0.999985,0.002248],[0.0,0.0,0.0,1.0]],"antennas":[-0.457339,0.462277],"body_yaw":-0.281658,"check_collision":false},{"head":[[0.988215,0.14501,0.049024,-0.003016],[-0.145504,0.989335,0.006636,0.00722],[-0.047539,-0.013691,0.998776,-0.000164],[0.0,0.0,0.0,1.0]],"antennas":[-0.526091,0.531571],"body_yaw":-0.281658,"check_collision":false},{"head":[[0.989249,0.130986,0.065036,-0.005387],[-0.129909,0.991313,-0.020541,0.010283],[-0.067161,0.011871,0.997672,-0.001111],[0.0,0.0,0.0,1.0]],"antennas":[-0.594598,0.600617],"body_yaw":-0.281658,"check_collision":false},{"head":[[0.990843,0.132439,0.026251,-0.009485],[-0.131501,0.990708,-0.034704,0.009161],[-0.030604,0.030935,0.999053,0.001737],[0.0,0.0,0.0,1.0]],"antennas":[-0.663998,0.670564],"body_yaw":-0.281658,"check_collision":false},{"head":[[0.991735,0.127789,-0.011452,-0.011188],[-0.128111,0.991175,-0.034048,0.006321],[0.007,0.035234,0.999355,0.004708],[0.0,0.0,0.0,1.0]],"antennas":[-0.732927,0.740036],"body_yaw":-0.281658,"check_collision":false},{"head":[[0.990084,0.133646,-0.043276,-0.010671],[-0.134501,0.990759,-0.017472,0.00487],[0.040541,0.023119,0.99891,0.005197],[0.0,0.0,0.0,1.0]],"antennas":[-0.801736,0.809386],"body_yaw":-0.281658,"check_collision":false},{"head":[[0.99008,0.135649,-0.036622,-0.008809],[-0.135913,0.990709,-0.004786,0.004492],[0.035633,0.009716,0.999318,0.003824],[0.0,0.0,0.0,1.0]],"antennas":[-0.87005,0.878239],"body_yaw":-0.281658,"check_collision":false},{"head":[[0.989751,0.142786,0.00242,-0.005808],[-0.142805,0.989681,0.011746,0.004112],[-0.000718,-0.011971,0.999928,0.001883],[0.0,0.0,0.0,1.0]],"antennas":[-0.938689,0.947417],"body_yaw":-0.281658,"check_collision":false},{"head":[[0.987894,0.146855,0.050001,-0.004431],[-0.148125,0.988708,0.022707,0.006921],[-0.046101,-0.029839,0.998491,-0.000685],[0.0,0.0,0.0,1.0]],"antennas":[-1.007061,1.016328],"body_yaw":-0.281658,"check_collision":false},{"head":[[0.98568,0.146248,0.083945,-0.005149],[-0.148197,0.988804,0.017444,0.010135],[-0.080454,-0.029635,0.996318,-0.00139],[0.0,0.0,0.0,1.0]],"antennas":[-1.075825,1.085634],"body_yaw":-0.281658,"check_collision":false},{"head":[[0.986942,0.146672,0.066581,-0.00763],[-0.147247,0.989093,0.003777,0.01035],[-0.065301,-0.013531,0.997774,-0.000707],[0.0,0.0,0.0,1.0]],"antennas":[-1.145119,1.155473],"body_yaw":-0.281658,"check_collision":false},{"head":[[0.98938,0.143234,0.024706,-0.009639],[-0.143081,0.98968,-0.007888,0.007712],[-0.025581,0.004269,0.999664,0.002184],[0.0,0.0,0.0,1.0]],"antennas":[-1.213841,1.224736],"body_yaw":-0.281658,"check_collision":false},{"head":[[0.989041,0.146914,-0.014658,-0.009035],[-0.147011,0.989118,-0.005825,0.00424],[0.013642,0.007916,0.999876,0.004864],[0.0,0.0,0.0,1.0]],"antennas":[-1.282672,1.29411],"body_yaw":-0.281658,"check_collision":false},{"head":[[0.988457,0.150146,-0.020239,-0.007746],[-0.150141,0.988663,0.001753,0.004404],[0.020273,0.001306,0.999794,0.002876],[0.0,0.0,0.0,1.0]],"antennas":[-1.351414,1.363393],"body_yaw":-0.281658,"check_collision":false},{"head":[[0.98784,0.15456,0.01682,-0.004205],[-0.154907,0.987689,0.021793,0.00496],[-0.013244,-0.024134,0.999621,0.000681],[0.0,0.0,0.0,1.0]],"antennas":[-1.420097,1.432617],"body_yaw":-0.281658,"check_collision":false},{"head":[[0.985705,0.155056,0.065902,-0.003814],[-0.157578,0.986888,0.034942,0.008318],[-0.05962,-0.044827,0.997214,-0.002343],[0.0,0.0,0.0,1.0]],"antennas":[-1.489463,1.502529],"body_yaw":-0.281658,"check_collision":false},{"head":[[0.982771,0.149848,0.108197,-0.003637],[-0.153938,0.987611,0.030444,0.010432],[-0.102294,-0.046575,0.993663,-0.00363],[0.0,0.0,0.0,1.0]],"antennas":[-1.558644,1.572255],"body_yaw":-0.281658,"check_collision":false},{"head":[[0.981914,0.15542,0.108114,-0.004384],[-0.158718,0.987066,0.022551,0.009808],[-0.103211,-0.039303,0.993883,-0.002507],[0.0,0.0,0.0,1.0]],"antennas":[-1.627085,1.641235],"body_yaw":-0.281658,"check_collision":false},{"head":[[0.983185,0.159375,0.08914,-0.004623],[-0.161906,0.986564,0.021873,0.008536],[-0.084457,-0.035938,0.995779,-0.00117],[0.0,0.0,0.0,1.0]],"antennas":[-1.695741,1.710431],"body_yaw":-0.281658,"check_collision":false},{"head":[[0.984908,0.159728,0.066651,-0.004243],[-0.161562,0.986593,0.023067,0.007455],[-0.062073,-0.033488,0.99751,-0.0007