{"description":"When someone does something you disapprove of, you try to stop them, like saying 'what\u2019s wrong with you?' Can be funny too, like if someone offers you a drink!","time":[0.0,0.02,0.04,0.06,0.08,0.1,0.12,0.14,0.16,0.18,0.2,0.22,0.24,0.26,0.28,0.3,0.32,0.34,0.36,0.38,0.4,0.42,0.44,0.46,0.48,0.5,0.52,0.54,0.56,0.58,0.6,0.62,0.64,0.66,0.68,0.7,0.72,0.74,0.76,0.78,0.8,0.82,0.84,0.86,0.88,0.9,0.92,0.94,0.96,0.98,1.0,1.02,1.04,1.06,1.08,1.1,1.12,1.14,1.16,1.18,1.2,1.22,1.24,1.26,1.28,1.3,1.32,1.34,1.36,1.38,1.4,1.42,1.44,1.46,1.48,1.5,1.52,1.54,1.56,1.58,1.6,1.62,1.64,1.66,1.68,1.7,1.72,1.74,1.76,1.78,1.8,1.82,1.84,1.86,1.88,1.9,1.92,1.94,1.96,1.98,2.0,2.02,2.04,2.06,2.08,2.1,2.12,2.14,2.16,2.18,2.2,2.22,2.24,2.26,2.28,2.3,2.32,2.34,2.36,2.38,2.4,2.42,2.44,2.46,2.48,2.5,2.52,2.54,2.56,2.58,2.6,2.62,2.64,2.66,2.68,2.7,2.72,2.74,2.76,2.78,2.8,2.82,2.84,2.86,2.88,2.9,2.92,2.94,2.96,2.98,3.0,3.02,3.04,3.06,3.08,3.1,3.12,3.14,3.16,3.18,3.2,3.22,3.24,3.26,3.28,3.3,3.32,3.34,3.36,3.38,3.4,3.42,3.44,3.46,3.48,3.5,3.52,3.54,3.56,3.58,3.6,3.62,3.64,3.66,3.68,3.7,3.72,3.74,3.76,3.78,3.8,3.82,3.84,3.86,3.88,3.9,3.92,3.94,3.96,3.98,4.0,4.02,4.04,4.06,4.08,4.1,4.12,4.14,4.16,4.18,4.2,4.22,4.24,4.26,4.28,4.3,4.32,4.34,4.36,4.38,4.4,4.42,4.44,4.46,4.48,4.5,4.52,4.54,4.56,4.58,4.6,4.62,4.64,4.66,4.68,4.7],"set_target_data":[{"head":[[0.977715,0.195851,0.075596,-0.002842],[-0.195174,0.980633,-0.016312,0.006628],[-0.077327,0.001194,0.997005,0.014459],[0.0,0.0,0.0,1.0]],"antennas":[-0.290299,0.126649],"body_yaw":-0.281658,"check_collision":false},{"head":[[0.977888,0.19492,0.075773,-0.002904],[-0.194247,0.980818,-0.016224,0.006797],[-0.077482,0.001147,0.996993,0.014632],[0.0,0.0,0.0,1.0]],"antennas":[-0.290299,0.126649],"body_yaw":-0.281658,"check_collision":false},{"head":[[0.978044,0.194108,0.075836,-0.002906],[-0.193449,0.98098,-0.01602,0.006921],[-0.077503,0.000998,0.996992,0.014749],[0.0,0.0,0.0,1.0]],"antennas":[-0.290299,0.126649],"body_yaw":-0.281658,"check_collision":false},{"head":[[0.978167,0.193536,0.075714,-0.002956],[-0.192936,0.981093,-0.015231,0.007063],[-0.07723,0.000291,0.997013,0.014723],[0.0,0.0,0.0,1.0]],"antennas":[-0.290299,0.126649],"body_yaw":-0.281658,"check_collision":false},{"head":[[0.978385,0.192498,0.075546,-0.002981],[-0.191964,0.981297,-0.014342,0.007152],[-0.076894,-0.00047,0.997039,0.014644],[0.0,0.0,0.0,1.0]],"antennas":[-0.290299,0.126649],"body_yaw":-0.281658,"check_collision":false},{"head":[[0.978826,0.190166,0.075745,-0.003016],[-0.189697,0.981751,-0.013411,0.007347],[-0.076913,-0.001241,0.997037,0.014646],[0.0,0.0,0.0,1.0]],"antennas":[-0.290299,0.126649],"body_yaw":-0.281658,"check_collision":false},{"head":[[0.978971,0.189311,0.076008,-0.002953],[-0.188908,0.981915,-0.012523,0.007438],[-0.077005,-0.002099,0.997029,0.014583],[0.0,0.0,0.0,1.0]],"antennas":[-0.290299,0.126649],"body_yaw":-0.281658,"check_collision":false},{"head":[[0.979097,0.188563,0.076245,-0.002952],[-0.188227,0.982057,-0.011635,0.007451],[-0.077071,-0.00296,0.997021,0.014605],[0.0,0.0,0.0,1.0]],"antennas":[-0.290299,0.126649],"body_yaw":-0.281658,"check_collision":false},{"head":[[0.979259,0.187719,0.076245,-0.003082],[-0.187424,0.982217,-0.011065,0.00765],[-0.076967,-0.003455,0.997028,0.014759],[0.0,0.0,0.0,1.0]],"antennas":[-0.290299,0.126649],"body_yaw":-0.281658,"check_collision":false},{"head":[[0.979392,0.186963,0.07639,-0.003123],[-0.186717,0.982359,-0.010419,0.007907],[-0.076991,-0.004059,0.997024,0.014875],[0.0,0.0,0.0,1.0]],"antennas":[-0.290299,0.126649],"body_yaw":-0.281658,"check_collision":false},{"head":[[0.979564,0.18606,0.076392,-0.003103],[-0.185842,0.982529,-0.010021,0.008001],[-0.076922,-0.004381,0.997027,0.015049],[0.0,0.0,0.0,1.0]],"antennas":[-0.290299,0.126649],"body_yaw":-0.281658,"check_collision":false},{"head":[[0.979748,0.184985,0.076642,-0.0031],[-0.184811,0.982729,-0.009413,0.008506],[-0.077059,-0.004942,0.997014,0.014819],[0.0,0.0,0.0,1.0]],"antennas":[-0.290278,0.101155],"body_yaw":-0.281658,"check_collision":false},{"head":[[0.979913,0.183857,0.077245,-0.003068],[-0.183715,0.982938,-0.008996,0.008676],[-0.077581,-0.005376,0.996972,0.014693],[0.0,0.0,0.0,1.0]],"antennas":[-0.238312,0.053955],"body_yaw":-0.281658,"check_collision":false},{"head":[[0.980056,0.18287,0.077777,-0.00301],[-0.182759,0.98312,-0.0086,0.008864],[-0.078037,-0.005786,0.996934,0.014505],[0.0,0.0,0.0,1.0]],"antennas":[-0.205945,0.040852],"body_yaw":-0.281658,"check_collision":false},{"head":[[0.980131,0.182319,0.078126,-0.002984],[-0.182239,0.98322,-0.00821,0.008944],[-0.078312,-0.006191,0.99691,0.014425],[0.0,0.0,0.0,1.0]],"antennas":[-0.213388,0.068148],"body_yaw":-0.281658,"check_collision":false},{"head":[[0.980209,0.181832,0.078277,-0.003002],[-0.18178,0.983308,-0.007848,0.008839],[-0.078397,-0.006537,0.996901,0.014378],[0.0,0.0,0.0,1.0]],"antennas":[-0.257051,0.122945],"body_yaw":-0.281658,"check_collision":false},{"head":[[0.980303,0.18123,0.078491,-0.002947],[-0.181211,0.983416,-0.007425,0.008634],[-0.078535,-0.006945,0.996887,0.014456],[0.0,0.0,0.0,1.0]],"antennas":[-0.31579,0.179044],"body_yaw":-0.281658,"check_collision":false},{"head":[[0.980398,0.180543,0.078888,-0.002947],[-0.180568,0.983538,-0.00687,0.008943],[-0.078829,-0.007509,0.99686,0.014463],[0.0,0.0,0.0,1.0]],"antennas":[-0.36322,0.210977],"body_yaw":-0.281658,"check_collision":false},{"head":[[0.980428,0.180034,0.07968,-0.002874],[-0.180119,0.983625,-0.006179,0.009056],[-0.079488,-0.008294,0.996801,0.014522],[0.0,0.0,0.0,1.0]],"antennas":[-0.375818,0.202939],"body_yaw":-0.281658,"check_collision":false},{"head":[[0.980518,0.179252,0.080332,-0.002836],[-0.179421,0.983759,-0.005162,0.008989],[-0.079952,-0.009352,0.996755,0.014516],[0.0,0.0,0.0,1.0]],"antennas":[-0.34823,0.159033],"body_yaw":-0.281658,"check_collision":false},{"head":[[0.980655,0.178174,0.081049,-0.002777],[-0.178427,0.983944,-0.004168,0.008881],[-0.080491,-0.010374,0.996701,0.014446],[0.0,0.0,0.0,1.0]],"antennas":[-0.293813,0.100063],"body_yaw":-0.281658,"check_collision":false},{"head":[[0.980738,0.17723,0.082112,-0.002765],[-0.177597,0.984099,-0.002869,0.008638],[-0.081315,-0.011769,0.996619,0.014471],[0.0,0.0,0.0,1.0]],"antennas":[-0.241444,0.053424],"body_yaw":-0.281658,"check_collision":false},{"head":[[0.980803,0.175747,0.08449,-0.002875],[-0.176217,0.984349,-0.001921,0.008635],[-0.083506,-0.013004,0.996422,0.014367],[0.0,0.0,0.0,1.0]],"antennas":[-0.237773,0.041382],"body_yaw":-0.281658,"check_collision":false},{"head":[[0.980846,0.172901,0.089705,-0.002997],[-0.173526,0.984829,-0.000846,0.008701],[-0.08849,-0.014736,0.995968,0.014131],[0.0,0.0,0.0,1.0]],"antennas":[-0.292111,0.075049],"body_yaw":-0.281658,"check_collision":false},{"head":[[0.984524,0.130736,0.116704,-0.00108],[-0.131378,0.99133,-0.002209,-0.017103],[-0.115981,-0.013157,0.993164,0.02],[0.0,0.0,0.0,1.0]],"antennas":[-0.389653,0.156401],"body_yaw":-0.281658,"check_collision":false},{"head":[[0.984263,0.126315,0.123577,-0.003381],[-0.127285,0.991866,-4.3e-05,-0.017509],[-0.122577,-0.015687,0.992335,0.02],[0.0,0.0,0.0,1.0]],"antennas":[-0.502373,0.255951],"body_yaw":-0.281658,"check_collision":false},{"head":[[0.983436,0.12176,0.134268,-0.004589],[-0.123509,0.992332,0.004745,-0.014417],[-0.13266,-0.02125,0.990934,0.02],[0.0,0.0,0.0,1.0]],"antennas":[-0.60239,0.342835],"body_yaw":-0.281658,"check_collision":false},{"head":[[0.982446,0.117073,0.145236,-0.005451],[-0.119547,0.992793,0.008394,-0.013658],[-0.143207,-0.025609,0.989361,0.02],[0.0,0.0,0.0,1.0]],"antennas":[-0.667758,0.397926],"body_yaw":-0.281658,"check_collision":false},{"head":[[0.981587,0.11198,0.154749,-0.005682],[-0.11498,0.993312,0.010543,-0.013867],[-0.152533,-0.028142,0.987898,0.02],[0.0,0.0,0.0,1.0]],"antennas":[-0.695847,0.421744],"body_yaw":-0.281658,"check_collision":false},{"head":[[0.981483,0.106726,0.159062,-0.004325],[-0.109871,0.993884,0.011086,-0.012612],[-0.156906,-0.028358,0.987206,0.02],[0.0,0.0,0.0,1.0]],"antennas":[-0.697873,0.430439],"body_yaw":-0.281658,"check_collision":false},{"head":[[0.981219,0.103838,0.162561,-0.001511],[-0.10694,0.994211,0.010423,-0.011812],[-0.160538,-0.027612,0.986643,0.02],[0.0,0.0,0.0,1.0]],"antennas":[-0.701276,0.452457],"body_yaw":-0.281658,"check_collision":false},{"head":[[0.981975,0.109146,0.154311,0.001488],[-0.11255,0.993555,0.013469,-0.012026],[-0.151847,-0.030594,0.98793,0.02],[0.0,0.0,0.0,1.0]],"antennas":[-0.732147,0.50926],"body_yaw":-0.281658,"check_collision":false},{"head":[[0.984925,0.114726,0.129465,0.002363],[-0.119213,0.99249,0.027433,-0.011367],[-0.125346,-0.042454,0.991204,0.02],[0.0,0.0,0.0,1.0]],"antennas":[-0.80265,0.605748],"body_yaw":-0.281658,"check_collision":false},{"head":[[0.987697,0.117029,0.103721,0.001999],[-0.121991,0.991606,0.042845,-0.010651],[-0.097837,-0.054971,0.993683,0.02],[0.0,0.0,0.0,1.0]],"antennas":[-0.908909,0.728784],"body_yaw":-0.281658,"check_collision":false},{"head":[[0.989796,0.113818,0.085729,0.000866],[-0.118658,0.991485,0.053644,-0.010994],[-0.078893,-0.063269,0.994873,0.02],[0.0,0.0,0.0,1.0]],"antennas":[-1.029309,0.851992],"body_yaw":-0.281658,"check_collision":false},{"head":[[0.991211,0.103953,0.081824,0.000305],[-0.108896,0.992333,0.058455,-0.010108],[-0.07512,-0.066852,0.994931,0.02],[0.0,0.0,0.0,1.0]],"antennas":[-1.136747,0.949633],"body_yaw":-0.281658,"check_collision":false},{"head":[[0.991737,0.096896,0.084076,0.000357],[-0.102135,0.992935,0.06041,-0.008937],[-0.077629,-0.068498,0.994626,0.02],[0.0,0.0,0.0,1.0]],"antennas":[-1.209683,1.007544],"body_yaw":-0.281658,"check_collision":false},{"head":[[0.99071,0.096379,0.095944,0.002046],[-0.102233,0.993063,0.058087,-0.008928],[-0.089681,-0.067356,0.99369,0.02],[0.0,0.0,0.0,1.0]],"antennas":[-1.243992,1.030058],"body_yaw":-0.281658,"check_collision":false},{"head":[[0.98785,0.100649,0.118419,0.003054],[-0.107625,0.992721,0.054051,-0.007511],[-0.112117,-0.066139,0.991491,0.02],[0.0,0.0,0.0,1.0]],"antennas":[-1.254954,1.039439],"body_yaw":-0.281658,"check_collision":false},{"head":[[0.985616,0.098689,0.137188,0.003],[-0.106425,0.993051,0.050231,-0.007153],[-0.131278,-0.064108,0.989271,0.019827],[0.0,0.0,0.0,1.0]],"antennas":[-1.266371,1.062582],"body_yaw":-0.281658,"check_collision":false},{"head":[[0.984755,0.091666,0.147832,0.001574],[-0.099756,0.993841,0.048252,-0.007245],[-0.142499,-0.062263,0.987835,0.019585],[0.0,0.0,0.0,1.0]],"antennas":[-1.30301,1.120222],"body_yaw":-0.281658,"check_collision":false},{"head":[[0.982686,0.094753,0.159216,0.001444],[-0.103584,0.993457,0.048097,-0.007289],[-0.153617,-0.063757,0.986071,0.019508],[0.0,0.0,0.0,1.0]],"antennas":[-1.380643,1.218902],"body_yaw":-0.281658,"check_collision":false},{"head":[[0.980232,0.120704,0.156765,0.005021],[-0.128946,0.990698,0.043477,-0.007265],[-0.150059,-0.062831,0.986678,0.019174],[0.0,0.0,0.0,1.0]],"antennas":[-1.491774,1.342061],"body_yaw":-0.281658,"check_collision":false},{"head":[[0.978232,0.143691,0.149716,0.007838],[-0.152406,0.987132,0.048395,-0.005428],[-0.140836,-0.070159,0.987544,0.019186],[0.0,0.0,0.0,1.0]],"antennas":[-1.618089,1.46614],"body_yaw":-0.281658,"check_collision":false},{"head":[[0.979954,0.149351,0.131852,0.007344],[-0.157915,0.985805,0.057023,-0.003321],[-0.121464,-0.076701,0.989628,0.019349],[0.0,0.0,0.0,1.0]],"antennas":[-1.729513,1.563506],"body_yaw":-0.281658,"check_collision":false},{"head":[[0.983834,0.140258,0.111348,0.004726],[-0.148432,0.986524,0.068836,-0.002793],[-0.100193,-0.084251,0.991395,0.02],[0.0,0.0,0.0,1.0]],"antennas":[-1.806058,1.621512],"body_yaw":-0.281658,"check_collision":false},{"head":[[0.986904,0.131915,0.092843,0.002994],[-0.139267,0.9872,0.077729,-0.003414],[-0.081401,-0.089641,0.992642,0.02],[0.0,0.0,0.0,1.0]],"antennas":[-1.842459,1.644581],"body_yaw":-0.281658,"check_collision":false},{"head":[[0.988511,0.13424,0.069468,0.003455],[-0.139455,0.987258,0.076637,-0.004388],[-0.058295,-0.085444,0.994636,0.02],[0.0,0.0,0.0,1.0]],"antennas":[-1.853177,1.653547],"body_yaw":-0.281658,"check_collision":false},{"head":[[0.986534,0.155168,0.051706,0.005819],[-0.159008,0.983945,0.081045,-0.004169],[-0.038301,-0.088176,0.995368,0.019772],[0.0,0.0,0.0,1.0]],"antennas":[-1.865255,1.678907],"body_yaw":-0.281658,"check_collision":false},{"head":[[0.984626,0.169382,0.042671,0.008862],[-0.172406,0.981636,0.081653,-0.002933],[-0.028057,-0.087755,0.995747,0.018357],[0.0,0.0,0.0,1.0]],"antennas":[-1.901944,1.736903],"body_yaw":-0.281658,"check_collision":false},{"head":[[0.984752,0.172717,0.020806,0.011157],[-0.173876,0.981016,0.08588,-0.000735],[-0.005578,-0.088188,0.996088,0.017344],[0.0,0.0,0.0,1.0]],"antennas":[-1.981362,1.837934],"body_yaw":-0.281658,"check_collision":false},{"head":[[0.986653,0.162523,-0.010143,0.010892],[-0.161022,0.983026,0.087931,0.000878],[0.024261,-0.085124,0.996075,0.018296],[0.0,0.0,0.0,1.0]],"antennas":[-2.094045,1.96283],"body_yaw":-0.281658,"check_collision":false},{"head":[[0.986464,0.157017,-0.047275,0.009309],[-0.152248,0.984088,0.091607,0.001854],[0.060907,-0.083169,0.994672,0.02],[0.0,0.0,0.0,1.0]],"antennas":[-2.219329,2.086509],"body_yaw":-0.281658,"check_collision":false},{"head":[[0.985056,0.155296,-0.07448,0.009205],[-0.148597,0.984942,0.088362,0.003152],[0.08708,-0.075974,0.9933,0.02],[0.0,0.0,0.0,1.0]],"antennas":[-2.330316,2.183396],"body_yaw":-0.281658,"check_collision":false},{"head":[[0.98178,0.163633,-0.096606,0.011926],[-0.155279,0.9839,0.088485,0.00345],[0.109529,-0.071872,0.991382,0.019944],[0.0,0.0,0.0,1.0]],"antennas":[-2.405853,2.240474],"body_yaw":-0.281658,"check_collision":false},{"head":[[0.980537,0.170328,-0.09765,0.014779],[-0.162503,0.983194,0.083203,0.004131],[0.11018,-0.065715,0.991737,0.018587],[0.0,0.0,0.0,1.0]],"antennas":[-2.441824,2.263127],"body_yaw":-0.281658,"check_collision":false},{"head":[[0.979487,0.174433,-0.100884,0.016042],[-0.166384,0.982527,0.083405,0.005839],[0.11367,-0.064909,0.991396,0.0161],[0.0,0.0,0.0,1.0]],"antennas":[-2.452336,2.272946],"body_yaw":-0.281658,"check_collision":false},{"head":[[0.979454,0.1714,-0.10626,0.014941],[-0.162601,0.982882,0.086629,0.006754],[0.119289,-0.067571,0.990557,0.015816],[0.0,0.0,0.0,1.0]],"antennas":[-2.464151,2.297613],"body_yaw":-0.281658,"check_collision":false},{"head":[[0.980289,0.162812,-0.111916,0.013665],[-0.153615,0.984342,0.086449,0.006935],[0.124238,-0.067553,0.98995,0.016972],[0.0,0.0,0.0,1.0]],"antennas":[-2.503139,2.358603],"body_yaw":-0.281658,"check_collision":false},{"head":[[0.976851,0.178557,-0.117813,0.014836],[-0.169162,0.981872,0.085507,0.007045],[0.130945,-0.063598,0.989348,0.017195],[0.0,0.0,0.0,1.0]],"antennas":[-2.58208,2.458871],"body_yaw":-0.281658,"check_collision":false},{"head":[[0.974826,0.193359,-0.111022,0.017535],[-0.184012,0.978875,0.089126,0.007008],[0.12591,-0.066453,0.989814,0.015951],[0.0,0.0,0.0,1.0]],"antennas":[-2.69534,2.583908],"body_yaw":-0.281658,"check_collision":false},{"head":[[0.975485,0.201982,-0.087367,0.019924],[-0.194855,0.977257,0.083674,0.007883],[0.102281,-0.064599,0.992656,0.013957],[0.0,0.0,0.0,1.0]],"antennas":[-2.821357,2.696629],"body_yaw":-0.281658,"check_collision":false},{"head":[[0.978839,0.193353,-0.066999,0.019763],[-0.188117,0.979104,0.077252,0.008789],[0.080536,-0.063014,0.994758,0.012554],[0.0,0.0,0.0,1.0]],"antennas":[-2.930711,2.724027],"body_yaw":-0.281658,"check_collision":false},{"head":[[0.982544,0.176144,-0.05983,0.017922],[-0.171891,0.982621,0.070074,0.009343],[0.071134,-0.058567,0.995746,0.01312],[0.0,0.0,0.0,1.0]],"antennas":[-2.957373,2.711205],"body_yaw":-0.281658,"check_collision":false},{"head":[[0.978061,0.192003,-0.080815,0.017452],[-0.185627,0.979341,0.080211,0.009079],[0.094546,-0.06345,0.993496,0.015064],[0.0,0.0,0.0,1.0]],"antennas":[-2.930327,2.664212],"body_yaw":-0.281658,"check_collision":false},{"head":[[0.962096,0.246515,-0.116624,0.019425],[-0.234933,0.966369,0.104579,0.008581],[0.138482,-0.073217,0.987655,0.016121],[0.0,0.0,0.0,1.0]],"antennas":[-2.873569,2.604953],"body_yaw":-0.281658,"check_collision":false},{"head":[[0.954317,0.271702,-0.12433,0.022032],[-0.258065,0.959214,0.115373,0.008797],[0.150606,-0.078017,0.985511,0.014626],[0.0,0.0,0.0,1.0]],"antennas":[-2.819019,2.561517],"body_yaw":-0.281658,"check_collision":false},{"head":[[0.958644,0.264549,-0.104956,0.023635],[-0.254486,0.961884,0.100079,0.010031],[0.127431,-0.06923,0.989428,0.012027],[0.0,0.0,0.0,1.0]],"antennas":[-2.791796,2.554199],"body_yaw":-0.281658,"check_collision":false},{"head":[[0.968616,0.229163,-0.096268,0.022383],[-0.221897,0.971738,0.080548,0.011691],[0.112006,-0.056658,0.992091,0.010748],[0.0,0.0,0.0,1.0]],"antennas":[-2.805033,2.586569],"body_yaw":-0.281658,"check_collision":false},{"head":[[0.979785,0.184561,-0.077191,0.020024],[-0.179297,0.981275,0.070377,0.0128],[0.088734,-0.055114,0.994529,0.010977],[0.0,0.0,0.0,1.0]],"antennas":[-2.852441,2.643348],"body_yaw":-0.281658,"check_collision":false},{"head":[[0.982294,0.17363,-0.070364,0.019592],[-0.168181,0.982732,0.077149,0.011789],[0.082545,-0.063949,0.994533,0.012166],[0.0,0.0,0.0,1.0]],"antennas":[-2.911819,2.697955],"body_yaw":-0.281658,"check_collision":false},{"head":[[0.976569,0.201656,-0.075156,0.021698],[-0.195307,0.977137,0.08402,0.010725],[0.09038,-0.067373,0.993626,0.012249],[0.0,0.0,0.0,1.0]],"antennas":[-2.955071,2.724598],"body_yaw":-0.281658,"check_collision":false},{"head":[[0.976812,0.205541,-0.059927,0.02414],[-0.200454,0.976328,0.081252,0.010767],[0.075209,-0.067356,0.99489,0.010114],[0.0,0.0,0.0,1.0]],"antennas":[-2.962029,2.710753],"body_yaw":-0.281658,"check_collision":false},{"head":[[0.980874,0.193835,-0.017749,0.024967],[-0.192446,0.979418,0.060872,0.011915],[0.029183,-0.056292,0.997988,0.006484],[0.0,0.0,0.0,1.0]],"antennas":[-2.929052,2.662835],"body_yaw":-0.281658,"check_collision":false},{"head":[[0.986247,0.161856,0.033452,0.024554],[-0.162901,0.986146,0.03128,0.013142],[-0.027926,-0.036299,0.998951,0.004645],[0.0,0.0,0.0,1.0]],"antennas":[-2.871985,2.60344],"body_yaw":-0.281658,"check_collision":false},{"head":[[0.985862,0.157876,0.056138,0.024706],[-0.159975,0.986498,0.035059,0.012473],[-0.049845,-0.043545,0.997807,0.004567],[0.0,0.0,0.0,1.0]],"antennas":[-2.817506,2.560438],"body_yaw":-0.281658,"check_collision":false},{"head":[[0.976294,0.2122,0.042681,0.027667],[-0.21439,0.975155,0.055767,0.01165],[-0.029787,-0.063596,0.997531,0.005483],[0.0,0.0,0.0,1.0]],"antennas":[-2.791198,2.554133],"body_yaw":-0.281658,"check_collision":false},{"head":[[0.96815,0.248505,0.030514,0.03],[-0.250109,0.965504,0.072443,0.011608],[-0.011459,-0.077767,0.996906,0.00423],[0.0,0.0,0.0,1.0]],"antennas":[-2.804846,2.587122],"body_yaw":-0.281658,"check_collision":false},{"head":[[0.969437,0.245191,0.008564,0.03],[-0.245101,0.966359,0.077951,0.012323],[0.010837,-0.077668,0.99692,0.002958],[0.0,0.0,0.0,1.0]],"antennas":[-2.85382,2.644934],"body_yaw":-0.281658,"check_collision":false},{"head":[[0.977647,0.209507,0.017681,0.029176],[-0.210223,0.975452,0.065577,0.01249],[-0.003508,-0.067828,0.997691,0.002405],[0.0,0.0,0.0,1.0]],"antennas":[-2.913205,2.699357],"body_yaw":-0.281658,"check_collision":false},{"head":[[0.988413,0.147282,0.036705,0.025936],[-0.149223,0.987137,0.05738,0.013528],[-0.027782,-0.062192,0.997677,0.002321],[0.0,0.0,0.0,1.0]],"antennas":[-2.95616,2.72525],"body_yaw":-0.281658,"check_collision":false},{"head":[[0.991974,0.120384,0.038677,0.025008],[-0.122783,0.990157,0.067188,0.012007],[-0.030208,-0.071397,0.99699,0.002632],[0.0,0.0,0.0,1.0]],"antennas":[-2.962185,2.710363],"body_yaw":-0.281658,"check_collision":false},{"head":[[0.985334,0.169517,0.019529,0.026103],[-0.170543,0.982135,0.07954,0.011121],[-0.005697,-0.081704,0.99664,0.003676],[0.0,0.0,0.0,1.0]],"antennas":[-2.928297,2.661492],"body_yaw":-0.281658,"check_collision":false},{"head":[[0.984084,0.176245,0.022736,0.026657],[-0.177524,0.980777,0.081003,0.012327],[-0.008022,-0.08375,0.996454,0.002297],[0.0,0.0,0.0,1.0]],"antennas":[-2.870673,2.601929],"body_yaw":-0.281658,"check_collision":false},{"head":[[0.98344,0.176934,0.039253,0.02739],[-0.179575,0.980551,0.079194,0.012911],[-0.024477,-0.084932,0.996086,0.001227],[0.0,0.0,0.0,1.0]],"antennas":[-2.816448,2.559625],"body_yaw":-0.281658,"check_collision":false},{"head":[[0.987083,0.147944,0.061479,0.025303],[-0.152656,0.984977,0.08072,0.014132],[-0.048613,-0.089063,0.994839,0.001222],[0.0,0.0,0.0,1.0]],"antennas":[-2.790984,2.554439],"body_yaw":-0.281658,"check_collision":false},{"head":[[0.988617,0.136086,0.064163,0.024081],[-0.141253,0.986371,0.08438,0.012659],[-0.051805,-0.092483,0.994366,0.003171],[0.0,0.0,0.0,1.0]],"antennas":[-2.806399,2.58877],"body_yaw":-0.281658,"check_collision":false},{"head":[[0.986283,0.16069,0.037747,0.023033],[-0.163623,0.981913,0.095257,0.010921],[-0.021757,-0.100126,0.994737,0.005383],[0.0,0.0,0.0,1.0]],"antennas":[-2.855144,2.646368],"body_yaw":-0.281658,"check_collision":false},{"head":[[0.979852,0.198872,0.018414,0.024413],[-0.19972,0.975122,0.096175,0.009879],[0.00117,-0.097915,0.995194,0.006065],[0.0,0.0,0.0,1.0]],"antennas":[-2.914788,2.700312],"body_yaw":-0.281658,"check_collision":false},{"head":[[0.976702,0.214151,0.013893,0.02546],[-0.214374,0.970652,0.10899,0.010817],[0.009855,-0.109429,0.993946,0.004657],[0.0,0.0,0.0,1.0]],"antennas":[-2.956538,2.725011],"body_yaw":-0.281658,"check_collision":false},{"head":[[0.981369,0.189489,0.031773,0.024776],[-0.191839,0.975532,0.107397,0.012398],[-0.010645,-0.111492,0.993708,0.003441],[0.0,0.0,0.0,1.0]],"antennas":[-2.961315,2.70907],"body_yaw":-0.281658,"check_collision":false},{"head":[[0.9889,0.134862,0.062366,0.022934],[-0.140624,0.985026,0.099743,0.014179],[-0.047981,-0.107406,0.993057,0.002868],[0.0,0.0,0.0,1.0]],"antennas":[-2.926836,2.65997],"body_yaw":-0.281658,"check_collision":false},{"head":[[0.991583,0.103803,0.077388,0.021943],[-0.110893,0.989398,0.093779,0.013966],[-0.066833,-0.101571,0.992581,0.003544],[0.0,0.0,0.0,1.0]],"antennas":[-2.869265,2.60085],"body_yaw":-0.281658,"check_collision":false},{"head":[[0.988716,0.137608,0.059205,0.02261],[-0.142934,0.984884,0.097846,0.012599],[-0.044845,-0.105205,0.993439,0.00461],[0.0,0.0,0.0,1.0]],"antennas":[-2.815525,2.559406],"body_yaw":-0.281658,"check_collision":false},{"head":[[0.983841,0.175508,0.035409,0.023642],[-0.178297,0.978438,0.104256,0.011476],[-0.016348,-0.108885,0.99392,0.0051],[0.0,0.0,0.0,1.0]],"antennas":[-2.791475,2.555323],"body_yaw":-0.281658,"check_collision":false},{"head":[[0.97878,0.203998,0.019331,0.024559],[-0.204859,0.972017,0.114962,0.01151],[0.004662,-0.116483,0.993182,0.005081],[0.0,0.0,0.0,1.0]],"antennas":[-2.802089,2.590183],"body_yaw":-0.281658,"check_collision":false},{"head":[[0.982353,0.185422,0.02453,0.023953],[-0.187012,0.975923,0.112254,0.012932],[-0.003125,-0.114861,0.993377,0.004786],[0.0,0.0,0.0,1.0]],"antennas":[-2.826996,2.639897],"body_yaw":-0.281658,"check_collision":false},{"head":[[0.989172,0.139297,0.046205,0.022467],[-0.143613,0.983588,0.109223,0.014133],[-0.030232,-0.114676,0.992943,0.004617],[0.0,0.0,0.0,1.0]],"antennas":[-2.844026,2.679299],"body_yaw":-0.281658,"check_collision":false},{"head":[[0.992505,0.108364,0.056486,0.021624],[-0.113795,0.988049,0.103974,0.014166],[-0.044544,-0.109623,0.992975,0.00503],[0.0,0.0,0.0,1.0]],"antennas":[-2.832193,2.6764],"body_yaw":-0.281658,"check_collision":false},{"head":[[0.990061,0.133977,0.04277,0.022261],[-0.137975,0.984213,0.110853,0.012991],[-0.027243,-0.115652,0.992916,0.005814],[0.0,0.0,0.0,1.0]],"antennas":[-2.775948,2.610993],"body_yaw":-0.281658,"check_collision":false},{"head":[[0.985515,0.167248,0.028085,0.023508],[-0.169383,0.978894,0.11435,0.012182],[-0.008368,-0.117451,0.993043,0.00603],[0.0,0.0,0.0,1.0]],"antennas":[-2.672674,2.494053],"body_yaw":-0.281658,"check_collision":false},{"head":[[0.981351,0.191246,0.019374,0.024535],[-0.192188,0.974206,0.11826,0.012291],[0.003743,-0.119778,0.992794,0.005281],[0.0,0.0,0.0,1.0]],"antennas":[-2.545734,2.365997],"body_yaw":-0.281658,"check_collision":false},{"head":[[0.984643,0.172342,0.027872,0.02358],[-0.174405,0.978203,0.112704,0.013535],[-0.007841,-0.115834,0.993238,0.004599],[0.0,0.0,0.0,1.0]],"antennas":[-2.425149,2.257451],"body_yaw":-0.281658,"check_collision":false},{"head":[[0.990479,0.128379,0.049705,0.022251],[-0.133016,0.985513,0.10522,0.014842],[-0.035477,-0.11083,0.993206,0.004335],[0.0,0.0,0.0,1.0]],"antennas":[-2.332685,2.185307],"body_yaw":-0.281658,"check_collision":false},{"head":[[0.99263,0.101911,0.065576,0.022294],[-0.108182,0.989038,0.100499,0.014733],[-0.054616,-0.106852,0.992774,0.004613],[0.0,0.0,0.0,1.0]],"antennas":[-2.280084,2.151257],"body_yaw":-0.281658,"check_collision":false},{"head":[[0.989217,0.134723,0.057435,0.023947],[-0.140416,0.983907,0.110505,0.013383],[-0.041623,-0.117378,0.992215,0.005275],[0.0,0.0,0.0,1.0]],"antennas":[-2.260087,2.1393],"body_yaw":-0.281658,"check_collision":false},{"head":[[0.984571,0.16888,0.045816,0.026083],[-0.17318,0.977927,0.11691,0.012366],[-0.025061,-0.12304,0.992085,0.005708],[0.0,0.0,0.0,1.0]],"antennas":[-2.249218,2.122303],"body_yaw":-0.281658,"check_collision":false},{"head":[[0.980849,0.189602,0.044564,0.028248],[-0.193694,0.973563,0.121072,0.012024],[-0.02043,-0.127385,0.991643,0.005516],[0.0,0.0,0.0,1.0]],"antennas":[-2.220033,2.075799],"body_yaw":-0.281658,"check_collision":false},{"head":[[0.982564,0.175277,0.062022,0.028851],[-0.181554,0.97642,0.116797,0.012637],[-0.040088,-0.126021,0.991217,0.005099],[0.0,0.0,0.0,1.0]],"antennas":[-2.153442,1.988719],"body_yaw":-0.281658,"check_collision":false},{"head":[[0.986261,0.146671,0.076003,0.027938],[-0.154768,0.98127,0.114702,0.012801],[-0.057756,-0.124889,0.990488,0.00609],[0.0,0.0,0.0,1.0]],"antennas":[-2.048486,1.869665],"body_yaw":-0.281658,"check_collision":false},{"head":[[0.98849,0.138969,0.059799,0.025614],[-0.145379,0.981922,0.121222,0.012225],[-0.041872,-0.128521,0.990822,0.009571],[0.0,0.0,0.0,1.0]],"antennas":[-1.921427,1.741808],"body_yaw":-0.281658,"check_collision":false},{"head":[[0.989011,0.144637,0.030614,0.023331],[-0.14728,0.981936,0.118786,0.012675],[-0.01288,-0.12199,0.992448,0.013427],[0.0,0.0,0.0,1.0]],"antennas":[-1.799486,1.63258],"body_yaw":-0.281658,"check_collision":false},{"head":[[0.988809,0.149189,-0.000581,0.021601],[-0.148174,0.982521,0.112678,0.013421],[0.017381,-0.111331,0.993631,0.01659],[0.0,0.0,0.0,1.0]],"antennas":[-1.707787,1.560996],"body_yaw":-0.281658,"check_collision":false},{"head":[[0.985872,0.158941,-0.052864,0.018807],[-0.150917,0.979783,0.131336,0.013915],[0.07267,-0.121503,0.989927,0.019415],[0.0,0.0,0.0,1.0]],"antennas":[-1.656871,1.528333],"body_yaw":-0.281658,"check_collision":false},{"head":[[0.981853,0.14528,-0.121897,0.014047],[-0.127524,0.981527,0.142628,0.003571],[0.140366,-0.124495,0.982242,0.02],[0.0,0.0,0.0,1.0]],"antennas":[-1.637339,1.516407],"body_yaw":-0.281658,"check_collision":false},{"head":[[0.973835,0.128209,-0.187637,0.008515],[-0.102909,0.984945,0.138898,-0.004467],[0.20262,-0.115955,0.972368,0.02],[0.0,0.0,0.0,1.0]],"antennas":[-1.626085,1.498875],"body_yaw":-0.281658,"check_collision":false},{"head":[[0.966132,0.11279,-0.232092,0.004904],[-0.082186,0.987076,0.137571,-0.009119],[0.244609,-0.113837,0.962916,0.02],[0.0,0.0,0.0,1.0]],"antennas":[-1.596093,1.451303],"body_yaw":-0.281658,"check_collision":false},{"head":[[0.960197,0.109383,-0.257016,0.003535],[-0.07434,0.987023,0.142334,-0.013948],[0.26925,-0.117562,0.955868,0.02],[0.0,0.0,0.0,1.0]],"antennas":[-1.528501,1.363291],"body_yaw":-0.281658,"check_collision":false},{"head":[[0.953596,0.120205,-0.276054,0.002671],[-0.080504,0.985261,0.15093,-0.012595],[0.290128,-0.121702,0.949218,0.02],[0.0,0.0,0.0,1.0]],"antennas":[-1.422574,1.243711],"body_yaw":-0.281658,"check_collision":false},{"head":[[0.947918,0.129226,-0.291122,0.002128],[-0.086021,0.983901,0.156652,-0.010791],[0.306679,-0.12345,0.943773,0.02],[0.0,0.0,0.0,1.0]],"antennas":[-1.295367,1.1159],"body_yaw":-0.281658,"check_collision":false},{"head":[[0.945046,0.131787,-0.299199,0.001611],[-0.087505,0.983729,0.156907,-0.009225],[0.315009,-0.122103,0.941201,0.02],[0.0,0.0,0.0,1.0]],"antennas":[-1.174221,1.007662],"body_yaw":-0.281658,"check_collision":false},{"head":[[0.944456,0.130122,-0.30178,0.000882],[-0.086866,0.984459,0.152623,-0.00731],[0.31695,-0.117931,0.941082,0.02],[0.0,0.0,0.0,1.0]],"antennas":[-1.083192,0.93686],"body_yaw":-0.281658,"check_collision":false},{"head":[[0.944945,0.126393,-0.301835,0.000131],[-0.084952,0.985522,0.14673,-0.005694],[0.31601,-0.11301,0.942001,0.02],[0.0,0.0,0.0,1.0]],"antennas":[-1.032777,0.904544],"body_yaw":-0.281658,"check_collision":false},{"head":[[0.945235,0.125592,-0.30126,-0.000691],[-0.086206,0.986293,0.140695,-0.004617],[0.314801,-0.10702,0.943105,0.02],[0.0,0.0,0.0,1.0]],"antennas":[-1.013831,0.893009],"body_yaw":-0.281658,"check_collision":false},{"head":[[0.945593,0.127366,-0.299386,-0.001608],[-0.090162,0.986733,0.135011,-0.003751],[0.31261,-0.100672,0.944532,0.02],[0.0,0.0,0.0,1.0]],"antennas":[-1.002648,0.875085],"body_yaw":-0.281658,"check_collision":false},{"head":[[0.946417,0.126758,-0.29703,-0.002623],[-0.092618,0.987649,0.126376,-0.002634],[0.309381,-0.092094,0.946468,0.02],[0.0,0.0,0.0,1.0]],"antennas":[-0.971817,0.826519],"body_yaw":-0.281658,"check_collision":false},{"head":[[0.947721,0.125091,-0.293559,-0.003704],[-0.094626,0.988751,0.115837,-0.00131],[0.304747,-0.082003,0.948897,0.02],[0.0,0.0,0.0,1.0]],"antennas":[-0.903173,0.737524],"body_yaw":-0.281658,"check_collision":false},{"head":[[0.949716,0.12283,-0.288016,-0.004408],[-0.096384,0.989862,0.104326,-9.7e-05],[0.29791,-0.07132,0.951926,0.02],[0.0,0.0,0.0,1.0]],"antennas":[-0.796993,0.617777],"body_yaw":-0.281658,"check_collision":false},{"head":[[0.952003,0.11946,-0.281815,-0.004955],[-0.097909,0.991171,0.089406,0.001148],[0.290008,-0.057522,0.955294,0.02],[0.0,0.0,0.0,1.0]],"antennas":[-0.6696,0.490248],"body_yaw":-0.281658,"check_collision":false},{"head":[[0.954878,0.116352,-0.273258,-0.005788],[-0.100255,0.992339,0.072202,0.003109],[0.279566,-0.041549,0.959227,0.02],[0.0,0.0,0.0,1.0]],"antennas":[-0.555609,0.392076],"body_yaw":-0.281658,"check_collision":false},{"head":[[0.958796,0.115871,-0.259393,-0.006795],[-0.104617,0.992888,0.056828,0.005327],[0.264132,-0.027349,0.964099,0.02],[0.0,0.0,0.0,1.0]],"antennas":[-0.520028,0.372943],"body_yaw":-0.281658,"check_collision":false},{"head":[[0.963752,0.11624,-0.240148,-0.007353],[-0.108135,0.993039,0.046702,0.006951],[0.243905,-0.01904,0.969612,0.02],[0.0,0.0,0.0,1.0]],"antennas":[-0.539963,0.410749],"body_yaw":-0.281658,"check_collision":false},{"head":[[0.967936,0.11951,-0.220947,-0.007532],[-0.113121,0.992719,0.041394,0.008657],[0.224285,-0.015073,0.974407,0.02],[0.0,0.0,0.0,1.0]],"antennas":[-0.590772,0.468806],"body_yaw":-0.281658,"check_collision":false},{"head":[[0.971543,0.119263,-0.204646,-0.007544],[-0.11443,0.992803,0.035334,0.010129],[0.207387,-0.010911,0.978198,0.01989],[0.0,0.0,0.0,1.0]],"antennas":[-0.649112,0.519918],"body_yaw":-0.281658,"check_collision":false},{"head":[[0.974929,0.116101,-0.189825,-0.007663],[-0.112678,0.993215,0.028768,0.011445],[0.191877,-0.006658,0.981396,0.019146],[0.0,0.0,0.0,1.0]],"antennas":[-0.686947,0.539941],"body_yaw":-0.281658,"check_collision":false},{"head":[[0.977966,0.113476,-0.175233,-0.007898],[-0.111047,0.993534,0.023637,0.012863],[0.176782,-0.003657,0.984243,0.018432],[0.0,0.0,0.0,1.0]],"antennas":[-0.686885,0.519511],"body_yaw":-0.281658,"check_collision":false},{"head":[[0.981473,0.112055,-0.155419,-0.007713],[-0.110427,0.993701,0.019096,0.013773],[0.15658,-0.00158,0.987664,0.017555],[0.0,0.0,0.0,1.0]],"antennas":[-0.648655,0.468202],"body_yaw":-0.281658,"check_collision":false},{"head":[[0.985218,0.110994,-0.130485,-0.007103],[-0.110138,0.993821,0.013784,0.014245],[0.131209,0.000791,0.991354,0.016416],[0.0,0.0,0.0,1.0]],"antennas":[-0.590677,0.410108],"body_yaw":-0.281658,"check_collision":false},{"head":[[0.988116,0.109907,-0.10746,-0.006196],[-0.109667,0.993935,0.008151,0.014431],[0.107704,0.003731,0.994176,0.015219],[0.0,0.0,0.0,1.0]],"antennas":[-0.539477,0.372542],"body_yaw":-0.281658,"check_collision":false},{"head":[[0.989707,0.106486,-0.09561,-0.005755],[-0.106652,0.994291,0.003388,0.014588],[0.095425,0.006844,0.995413,0.014378],[0.0,0.0,0.0,1.0]],"antennas":[-0.519833,0.373245],"body_yaw":-0.281658,"check_collision":false},{"head":[[0.99101,0.102843,-0.085568,-0.005558],[-0.103544,0.994618,-0.003784,0.014707],[0.084718,0.01261,0.996325,0.014076],[0.0,0.0,0.0,1.0]],"antennas":[-0.540582,0.41187],"body_yaw":-0.281658,"check_collision":false},{"head":[[0.992591,0.100001,-0.069007,-0.005222],[-0.100971,0.994832,-0.010701,0.014757],[0.06758,0.01759,0.997559,0.013927],[0.0,0.0,0.0,1.0]],"antennas":[-0.584957,0.432771],"body_yaw":-0.281658,"check_collision":false},{"head":[[0.994015,0.097105,-0.050044,-0.004587],[-0.098036,0.995046,-0.016481,0.014818],[0.048195,0.021289,0.998611,0.013716],[0.0,0.0,0.0,1.0]],"antennas":[-0.584957,0.432771],"body_yaw":-0.281658,"check_collision":false},{"head":[[0.994895,0.095347,-0.033063,-0.004092],[-0.096057,0.995163,-0.020591,0.014795],[0.030939,0.023661,0.999241,0.013417],[0.0,0.0,0.0,1.0]],"antennas":[-0.584957,0.432771],"body_yaw":-0.281658,"check_collision":false},{"head":[[0.995141,0.096496,-0.01957,-0.004171],[-0.096936,0.995026,-0.022938,0.01401],[0.017259,0.024724,0.999545,0.013363],[0.0,0.0,0.0,1.0]],"antennas":[-0.584957,0.432771],"body_yaw":-0.281658,"check_collision":false},{"head":[[0.994537,0.103225,-0.015516,-0.004062],[-0.103527,0.994423,-0.020143,0.013665],[0.013351,0.021639,0.999677,0.013516],[0.0,0.0,0.0,1.0]],"antennas":[-0.584957,0.432771],"body_yaw":-0.281658,"check_collision":false},{"head":[[0.993073,0.115622,-0.020906,-0.003849],[-0.115967,0.993123,-0.016082,0.01311],[0.018902,0.018395,0.999652,0.013788],[0.0,0.0,0.0,1.0]],"antennas":[-0.584957,0.432771],"body_yaw":-0.281658,"check_collision":false},{"head":[[0.991427,0.128248,-0.024991,-0.003547],[-0.128619,0.991598,-0.013802,0.011844],[0.023011,0.016898,0.999592,0.014215],[0.0,0.0,0.0,1.0]],"antennas":[-0.584957,0.432771],"body_yaw":-0.281658,"check_collision":false},{"head":[[0.990423,0.136599,-0.020083,-0.002567],[-0.136892,0.990486,-0.014061,0.010909],[0.017971,0.016675,0.999699,0.013991],[0.0,0.0,0.0,1.0]],"antennas":[-0.584957,0.432771],"body_yaw":-0.281658,"check_collision":false},{"head":[[0.990018,0.140916,-0.002535,-0.001396],[-0.140939,0.989891,-0.015905,0.010631],[0.000268,0.016104,0.99987,0.013276],[0.0,0.0,0.0,1.0]],"antennas":[-0.584957,0.432771],"body_yaw":-0.281658,"check_collision":false},{"head":[[0.990726,0.13544,0.010869,-0.000534],[-0.135234,0.990651,-0.017934,0.010486],[-0.013196,0.016298,0.99978,0.012464],[0.0,0.0,0.0,1.0]],"antennas":[-0.584957,0.432771],"body_yaw":-0.281658,"check_collision":false},{"head":[[0.99198,0.125643,0.013781,-0.000635],[-0.125303,0.991847,-0.023218,0.01048],[-0.016586,0.021305,0.999635,0.012274],[0.0,0.0,0.0,1.0]],"antennas":[-0.584957,0.432771],"body_yaw":-0.281658,"check_collision":false},{"head":[[0.992169,0.124298,0.01231,-0.000884],[-0.123974,0.991988,-0.024284,0.009558],[-0.01523,0.022568,0.999629,0.013328],[0.0,0.0,0.0,1.0]],"antennas":[-0.584957,0.432771],"body_yaw":-0.281658,"check_collision":false},{"head":[[0.99188,0.126883,0.008684,-0.001387],[-0.126633,0.991636,-0.024944,0.00894],[-0.011776,0.023642,0.999651,0.013957],[0.0,0.0,0.0,1.0]],"antennas":[-0.584957,0.432771],"body_yaw":-0.281658,"check_collision":false},{"head":[[0.991815,0.127247,0.010543,-0.001167],[-0.126916,0.991527,-0.027673,0.008055],[-0.013975,0.026109,0.999561,0.01407],[0.0,0.0,0.0,1.0]],"antennas":[-0.584957,0.432771],"body_yaw":-0.281658,"check_collision":false},{"head":[[0.991815,0.126227,0.019239,-0.000631],[-0.125608,0.991609,-0.030572,0.008165],[-0.022936,0.027906,0.999347,0.012975],[0.0,0.0,0.0,1.0]],"antennas":[-0.584957,0.432771],"body_yaw":-0.281658,"check_collision":false},{"head":[[0.992115,0.119778,0.036884,0.000888],[-0.118494,0.992329,-0.035247,0.007847],[-0.040823,0.030598,0.998698,0.012213],[0.0,0.0,0.0,1.0]],"antennas":[-0.584957,0.432771],"body_yaw":-0.281658,"check_collision":false},{"head":[[0.992201,0.112937,0.052745,0.001754],[-0.111287,0.993232,-0.03324,0.007131],[-0.056142,0.027111,0.998055,0.011616],[0.0,0.0,0.0,1.0]],"antennas":[-0.584957,0.432771],"body_yaw":-0.281658,"check_collision":false},{"head":[[0.992144,0.110813,0.058061,0.002231],[-0.109257,0.993581,-0.029317,0.006447],[-0.060937,0.022743,0.997882,0.011547],[0.0,0.0,0.0,1.0]],"antennas":[-0.584957,0.432771],"body_yaw":-0.281658,"check_collision":false},{"head":[[0.991828,0.114451,0.056367,0.002447],[-0.113202,0.993261,-0.02487,0.005545],[-0.058834,0.018286,0.9981,0.012341],[0.0,0.0,0.0,1.0]],"antennas":[-0.584957,0.432771],"body_yaw":-0.281658,"check_collision":false},{"head":[[0.991564,0.117824,0.054031,0.002948],[-0.1167,0.992889,-0.023516,0.004807],[-0.056418,0.017012,0.998262,0.012909],[0.0,0.0,0.0,1.0]],"antennas":[-0.584957,0.432771],"body_yaw":-0.281658,"check_collision":false},{"head":[[0.991405,0.120548,0.050835,0.003426],[-0.119438,0.992543,-0.024352,0.004303],[-0.053391,0.018071,0.99841,0.012996],[0.0,0.0,0.0,1.0]],"antennas":[-0.584957,0.432771],"body_yaw":-0.281658,"check_collision":false},{"head":[[0.991058,0.123239,0.051155,0.003634],[-0.122107,0.992209,-0.024721,0.004168],[-0.053803,0.018253,0.998385,0.012466],[0.0,0.0,0.0,1.0]],"antennas":[-0.584957,0.432771],"body_yaw":-0.281658,"check_collision":false},{"head":[[0.990721,0.125114,0.053085,0.00371],[-0.123877,0.991957,-0.026005,0.004069],[-0.055912,0.019188,0.998251,0.012327],[0.0,0.0,0.0,1.0]],"antennas":[-0.584957,0.432771],"body_yaw":-0.281658,"check_collision":false},{"head":[[0.990189,0.129578,0.052297,0.003711],[-0.128172,0.991316,-0.029408,0.00444],[-0.055653,0.022416,0.998199,0.012581],[0.0,0.0,0.0,1.0]],"antennas":[-0.584957,0.432771],"body_yaw":-0.281658,"check_collision":false},{"head":[[0.988928,0.138961,0.052072,0.003846],[-0.137344,0.989958,-0.033465,0.00474],[-0.0562,0.025943,0.998082,0.013061],[0.0,0.0,0.0,1.0]],"antennas":[-0.584957,0.432771],"body_yaw":-0.281658,"check_collision":false},{"head":[[0.98742,0.153656,0.037292,0.004691],[-0.152419,0.98773,-0.034019,0.006414],[-0.042061,0.027907,0.998725,0.012216],[0.0,0.0,0.0,1.0]],"antennas":[-0.584957,0.432771],"body_yaw":-0.281658,"check_collision":false},{"head":[[0.985632,0.16696,0.025573,0.005637],[-0.165986,0.985457,-0.036381,0.007726],[-0.031275,0.031614,0.999011,0.011319],[0.0,0.0,0.0,1.0]],"antennas":[-0.584957,0.432771],"body_yaw":-0.281658,"check_collision":false},{"head":[[0.985877,0.165369,0.026441,0.005948],[-0.164187,0.985537,-0.041937,0.00853],[-0.032993,0.037003,0.99877,0.010876],[0.0,0.0,0.0,1.0]],"antennas":[-0.584957,0.432771],"body_yaw":-0.281658,"check_collision":false},{"head":[[0.986207,0.162663,0.030595,0.006195],[-0.161246,0.985925,-0.044181,0.008745],[-0.037351,0.038638,0.998555,0.01088],[0.0,0.0,0.0,1.0]],"antennas":[-0.584957,0.432771],"body_yaw":-0.281658,"check_collision":false},{"head":[[0.986004,0.163519,0.032517,0.006499],[-0.162091,0.985858,-0.042538,0.008917],[-0.039013,0.036672,0.998566,0.010824],[0.0,0.0,0.0,1.0]],"antennas":[-0.584957,0.432771],"body_yaw":-0.281658,"check_collision":false},{"head":[[0.986055,0.163471,0.031201,0.006607],[-0.16208,0.985845,-0.042882,0.009413],[-0.037769,0.037227,0.998593,0.011023],[0.0,0.0,0.0,1.0]],"antennas":[-0.584957,0.432771],"body_yaw":-0.281658,"check_collision":false},{"head":[[0.986881,0.159489,0.0251,0.006727],[-0.158335,0.986461,-0.042711,0.009516],[-0.031572,0.038176,0.998772,0.011083],[0.0,0.0,0.0,1.0]],"antennas":[-0.584957,0.432771],"body_yaw":-0.281658,"check_collision":false},{"head":[[0.988234,0.151763,0.019004,0.006833],[-0.150812,0.987575,-0.044172,0.009678],[-0.025472,0.040786,0.998843,0.010838],[0.0,0.0,0.0,1.0]],"antennas":[-0.584957,0.432771],"body_yaw":-0.281658,"check_collision":false},{"head":[[0.989538,0.143842,0.01117,0.007],[-0.143186,0.988615,-0.046239,0.009723],[-0.017694,0.044156,0.998868,0.010647],[0.0,0.0,0.0,1.0]