{"description":"A funny way to scold your interlocutor because you think they\u2019re saying something silly.","time":[0.0,0.02,0.04,0.06,0.08,0.1,0.12,0.14,0.16,0.18,0.2,0.22,0.24,0.26,0.28,0.3,0.32,0.34,0.36,0.38,0.4,0.42,0.44,0.46,0.48,0.5,0.52,0.54,0.56,0.58,0.6,0.62,0.64,0.66,0.68,0.7,0.72,0.74,0.76,0.78,0.8,0.82,0.84,0.86,0.88,0.9,0.92,0.94,0.96,0.98,1.0,1.02,1.04,1.06,1.08,1.1,1.12,1.14,1.16,1.18,1.2,1.22,1.24,1.26,1.28,1.3,1.32,1.34,1.36,1.38,1.4,1.42,1.44,1.46,1.48,1.5,1.52,1.54,1.56,1.58,1.6,1.62,1.64,1.66,1.68,1.7,1.72,1.74,1.76,1.78,1.8,1.82,1.84,1.86,1.88,1.9,1.92,1.94,1.96,1.98,2.0,2.02,2.04,2.06,2.08,2.1,2.12,2.14,2.16,2.18,2.2,2.22,2.24,2.26,2.28,2.3,2.32,2.34,2.36,2.38,2.4,2.42,2.44,2.46,2.48,2.5,2.52,2.54,2.56,2.58,2.6,2.62,2.64,2.66,2.68,2.7,2.72,2.74,2.76,2.78,2.8,2.82,2.84,2.86,2.88,2.9,2.92,2.94,2.96,2.98,3.0,3.02,3.04,3.06,3.08,3.1,3.12,3.14,3.16,3.18,3.2,3.22,3.24,3.26,3.28,3.3,3.32,3.34,3.36,3.38,3.4,3.42,3.44,3.46,3.48,3.5,3.52,3.54,3.56,3.58,3.6,3.62,3.64,3.66,3.68,3.7,3.72,3.74,3.76,3.78,3.8,3.82,3.84,3.86,3.88,3.9,3.92,3.94,3.96,3.98,4.0,4.02,4.04,4.06,4.08,4.1,4.12,4.14,4.16,4.18,4.2,4.22,4.24,4.26,4.28],"set_target_data":[{"head":[[0.878588,0.468699,-0.091676,-0.011953],[-0.47741,0.867078,-0.142321,0.000103],[0.012784,0.168808,0.985566,0.008423],[0.0,0.0,0.0,1.0]],"antennas":[0.0,0.0],"body_yaw":-0.268188,"check_collision":false},{"head":[[0.879253,0.467727,-0.09025,-0.011757],[-0.476216,0.867645,-0.142862,0.000159],[0.011484,0.168591,0.985619,0.008371],[0.0,0.0,0.0,1.0]],"antennas":[0.0,0.0],"body_yaw":-0.268188,"check_collision":false},{"head":[[0.879432,0.467557,-0.089384,-0.012017],[-0.475886,0.868062,-0.141421,0.001052],[0.011468,0.166907,0.985906,0.008312],[0.0,0.0,0.0,1.0]],"antennas":[0.0,0.0],"body_yaw":-0.268188,"check_collision":false},{"head":[[0.879211,0.467986,-0.089319,-0.01223],[-0.476292,0.867925,-0.140895,0.001571],[0.011585,0.166418,0.985987,0.008241],[0.0,0.0,0.0,1.0]],"antennas":[0.0,0.0],"body_yaw":-0.268188,"check_collision":false},{"head":[[0.879278,0.46806,-0.088265,-0.012207],[-0.476187,0.868028,-0.14062,0.001645],[0.010798,0.165675,0.986121,0.008199],[0.0,0.0,0.0,1.0]],"antennas":[0.0,0.0],"body_yaw":-0.268188,"check_collision":false},{"head":[[0.879389,0.468071,-0.087086,-0.012138],[-0.476,0.868181,-0.14031,0.001675],[0.009932,0.16484,0.98627,0.0081],[0.0,0.0,0.0,1.0]],"antennas":[0.0,0.0],"body_yaw":-0.268188,"check_collision":false},{"head":[[0.879205,0.468497,-0.086661,-0.012183],[-0.476334,0.868262,-0.138663,0.001829],[0.010282,0.163193,0.986541,0.008103],[0.0,0.0,0.0,1.0]],"antennas":[0.0,0.0],"body_yaw":-0.268188,"check_collision":false},{"head":[[0.879163,0.468742,-0.08575,-0.01221],[-0.476424,0.868256,-0.138392,0.002329],[0.009582,0.162522,0.986658,0.007689],[0.0,0.0,0.0,1.0]],"antennas":[0.0,0.0],"body_yaw":-0.268188,"check_collision":false},{"head":[[0.879661,0.467821,-0.085675,-0.012168],[-0.475497,0.868857,-0.137803,0.002418],[0.009972,0.161958,0.986747,0.007615],[0.0,0.0,0.0,1.0]],"antennas":[0.0,0.0],"body_yaw":-0.268188,"check_collision":false},{"head":[[0.880031,0.467111,-0.085744,-0.012148],[-0.474812,0.869155,-0.138291,0.002436],[0.009928,0.162413,0.986673,0.007455],[0.0,0.0,0.0,1.0]],"antennas":[0.0,0.0],"body_yaw":-0.268188,"check_collision":false},{"head":[[0.879671,0.467739,-0.086018,-0.012498],[-0.475468,0.868935,-0.137415,0.00289],[0.01047,0.161779,0.986771,0.007319],[0.0,0.0,0.0,1.0]],"antennas":[0.0,0.0],"body_yaw":-0.268188,"check_collision":false},{"head":[[0.880202,0.466824,-0.085555,-0.012239],[-0.474495,0.869372,-0.138011,0.002637],[0.009952,0.162073,0.986729,0.007346],[0.0,0.0,0.0,1.0]],"antennas":[0.0,0.0],"body_yaw":-0.268188,"check_collision":false},{"head":[[0.879893,0.467443,-0.085356,-0.012413],[-0.475069,0.869136,-0.13752,0.003039],[0.009903,0.161553,0.986814,0.007201],[0.0,0.0,0.0,1.0]],"antennas":[0.0,0.0],"body_yaw":-0.268188,"check_collision":false},{"head":[[0.880244,0.466673,-0.085948,-0.012281],[-0.474404,0.869501,-0.137509,0.002912],[0.01056,0.161816,0.986764,0.007244],[0.0,0.0,0.0,1.0]],"antennas":[0.0,0.0],"body_yaw":-0.268188,"check_collision":false},{"head":[[0.880249,0.466614,-0.086216,-0.012511],[-0.474387,0.869541,-0.137314,0.003101],[0.010895,0.16177,0.986768,0.007224],[0.0,0.0,0.0,1.0]],"antennas":[0.0,0.0],"body_yaw":-0.268188,"check_collision":false},{"head":[[0.880475,0.466155,-0.086387,-0.012668],[-0.473962,0.869757,-0.137416,0.003214],[0.011079,0.161936,0.986739,0.007333],[0.0,0.0,0.0,1.0]],"antennas":[0.0,0.0],"body_yaw":-0.268188,"check_collision":false},{"head":[[0.880985,0.465165,-0.086527,-0.012816],[-0.473002,0.870348,-0.136975,0.00351],[0.011593,0.161601,0.986788,0.007404],[0.0,0.0,0.0,1.0]],"antennas":[0.0,0.0],"body_yaw":-0.268188,"check_collision":false},{"head":[[0.881503,0.464127,-0.08682,-0.012959],[-0.472035,0.870739,-0.13783,0.003606],[0.011627,0.16248,0.986643,0.007473],[0.0,0.0,0.0,1.0]],"antennas":[0.0,0.0],"body_yaw":-0.268188,"check_collision":false},{"head":[[0.8826,0.462041,-0.086811,-0.013146],[-0.469989,0.871617,-0.139266,0.003601],[0.011319,0.163717,0.986442,0.007715],[0.0,0.0,0.0,1.0]],"antennas":[0.0,0.0],"body_yaw":-0.268188,"check_collision":false},{"head":[[0.883866,0.459581,-0.086987,-0.013347],[-0.467604,0.872698,-0.140518,0.00335],[0.011335,0.164874,0.986249,0.007822],[0.0,0.0,0.0,1.0]],"antennas":[0.0,0.0],"body_yaw":-0.268188,"check_collision":false},{"head":[[0.885227,0.456741,-0.088093,-0.013607],[-0.464996,0.87392,-0.141573,0.003149],[0.012324,0.166287,0.986,0.007959],[0.0,0.0,0.0,1.0]],"antennas":[0.0,0.0],"body_yaw":-0.268188,"check_collision":false},{"head":[[0.887235,0.452412,-0.090206,-0.014101],[-0.461095,0.875762,-0.142941,0.003085],[0.014331,0.168416,0.985612,0.008078],[0.0,0.0,0.0,1.0]],"antennas":[0.0,0.0],"body_yaw":-0.268188,"check_collision":false},{"head":[[0.889222,0.448012,-0.092567,-0.014483],[-0.45718,0.877539,-0.14461,0.002895],[0.016445,0.17091,0.985149,0.008345],[0.0,0.0,0.0,1.0]],"antennas":[0.0,0.0],"body_yaw":-0.268188,"check_collision":false},{"head":[[0.891237,0.443623,-0.094317,-0.014723],[-0.453163,0.879493,-0.145382,0.002766],[0.018456,0.172311,0.98487,0.008541],[0.0,0.0,0.0,1.0]],"antennas":[0.0,0.0],"body_yaw":-0.268188,"check_collision":false},{"head":[[0.894382,0.436761,-0.096545,-0.014845],[-0.446804,0.88253,-0.146652,0.002237],[0.021153,0.174299,0.984465,0.008889],[0.0,0.0,0.0,1.0]],"antennas":[0.0,0.0],"body_yaw":-0.268188,"check_collision":false},{"head":[[0.896843,0.431252,-0.098456,-0.015367],[-0.441735,0.884849,-0.148027,0.002388],[0.023282,0.176249,0.98407,0.009001],[0.0,0.0,0.0,1.0]],"antennas":[0.0,0.0],"body_yaw":-0.268188,"check_collision":false},{"head":[[0.898609,0.427511,-0.098673,-0.015276],[-0.438129,0.886316,-0.149956,0.001839],[0.023348,0.177984,0.983756,0.009122],[0.0,0.0,0.0,1.0]],"antennas":[0.0,0.0],"body_yaw":-0.268188,"check_collision":false},{"head":[[0.90036,0.424319,-0.096461,-0.015058],[-0.434613,0.887846,-0.151132,0.001577],[0.021514,0.177997,0.983796,0.009185],[0.0,0.0,0.0,1.0]],"antennas":[0.0,0.0],"body_yaw":-0.278468,"check_collision":false},{"head":[[0.901783,0.421979,-0.09339,-0.015159],[-0.431759,0.889246,-0.151081,0.001916],[0.019294,0.176564,0.9841,0.009179],[0.0,0.0,0.0,1.0]],"antennas":[0.0,0.0],"body_yaw":-0.323711,"check_collision":false},{"head":[[0.902193,0.421527,-0.091453,-0.015223],[-0.430966,0.889681,-0.150786,0.002233],[0.017803,0.175451,0.984327,0.009232],[0.0,0.0,0.0,1.0]],"antennas":[0.0,0.0],"body_yaw":-0.379709,"check_collision":false},{"head":[[0.902624,0.420896,-0.090096,-0.015236],[-0.430107,0.890078,-0.150895,0.002535],[0.016681,0.174952,0.984436,0.009214],[0.0,0.0,0.0,1.0]],"antennas":[0.0,0.0],"body_yaw":-0.43451,"check_collision":false},{"head":[[0.903413,0.419693,-0.087761,-0.015097],[-0.42854,0.890529,-0.15268,0.002266],[0.014075,0.175542,0.984371,0.009175],[0.0,0.0,0.0,1.0]],"antennas":[0.0,0.0],"body_yaw":-0.473699,"check_collision":false},{"head":[[0.903289,0.420069,-0.087243,-0.01519],[-0.428818,0.890407,-0.152609,0.002746],[0.013575,0.175262,0.984428,0.009016],[0.0,0.0,0.0,1.0]],"antennas":[0.0,0.0],"body_yaw":-0.467463,"check_collision":false},{"head":[[0.903502,0.419787,-0.086385,-0.014941],[-0.428403,0.890435,-0.153613,0.002511],[0.012436,0.175798,0.984348,0.009023],[0.0,0.0,0.0,1.0]],"antennas":[0.0,0.0],"body_yaw":-0.411768,"check_collision":false},{"head":[[0.902843,0.421326,-0.085791,-0.014846],[-0.429819,0.889682,-0.154016,0.002359],[0.011436,0.175927,0.984337,0.008977],[0.0,0.0,0.0,1.0]],"antennas":[0.0,0.0],"body_yaw":-0.356382,"check_collision":false},{"head":[[0.901916,0.423354,-0.085547,-0.014841],[-0.431777,0.888711,-0.154146,0.002497],[0.010768,0.175964,0.984338,0.008827],[0.0,0.0,0.0,1.0]],"antennas":[0.0,0.0],"body_yaw":-0.324804,"check_collision":false},{"head":[[0.901086,0.42512,-0.085543,-0.014826],[-0.433518,0.88782,-0.154395,0.002765],[0.010311,0.176208,0.984299,0.008739],[0.0,0.0,0.0,1.0]],"antennas":[0.0,0.0],"body_yaw":-0.375203,"check_collision":false},{"head":[[0.901925,0.42287,-0.08782,-0.014533],[-0.431718,0.888511,-0.155457,0.0026],[0.012291,0.178124,0.983931,0.008985],[0.0,0.0,0.0,1.0]],"antennas":[0.0,0.0],"body_yaw":-0.431051,"check_collision":false},{"head":[[0.908594,0.406506,-0.095967,-0.014024],[-0.41712,0.894992,-0.158114,0.002319],[0.021615,0.183692,0.982746,0.009299],[0.0,0.0,0.0,1.0]],"antennas":[0.0,0.0],"body_yaw":-0.484448,"check_collision":false},{"head":[[0.91793,0.382559,-0.105131,-0.013504],[-0.39532,0.904356,-0.160817,0.002353],[0.033554,0.189179,0.981369,0.009326],[0.0,0.0,0.0,1.0]],"antennas":[0.0,0.0],"body_yaw":-0.524909,"check_collision":false},{"head":[[0.929422,0.351887,-0.111136,-0.012778],[-0.366466,0.915503,-0.166,0.002175],[0.043332,0.195012,0.979843,0.009276],[0.0,0.0,0.0,1.0]],"antennas":[0.0,0.0],"body_yaw":-0.515538,"check_collision":false},{"head":[[0.94473,0.308895,-0.109861,-0.012353],[-0.324457,0.928981,-0.178107,0.001052],[0.047043,0.203908,0.977859,0.00867],[0.0,0.0,0.0,1.0]],"antennas":[0.0,0.0],"body_yaw":-0.472815,"check_collision":false},{"head":[[0.962844,0.25037,-0.101223,-0.011684],[-0.266195,0.94305,-0.199489,-0.000367],[0.045512,0.219022,0.974658,0.008362],[0.0,0.0,0.0,1.0]],"antennas":[0.0,0.0],"body_yaw":-0.424217,"check_collision":false},{"head":[[0.975385,0.19855,-0.095923,-0.011314],[-0.215241,0.951787,-0.218568,-0.001526],[0.047902,0.233835,0.971096,0.008434],[0.0,0.0,0.0,1.0]],"antennas":[0.0,0.0],"body_yaw":-0.391896,"check_collision":false},{"head":[[0.982891,0.160781,-0.089865,-0.011178],[-0.177337,0.957896,-0.225802,-0.002445],[0.049776,0.237875,0.970019,0.008561],[0.0,0.0,0.0,1.0]],"antennas":[0.0,0.0],"body_yaw":-0.405854,"check_collision":false},{"head":[[0.984684,0.148642,-0.091115,-0.011026],[-0.165283,0.962179,-0.21655,-0.002053],[0.055481,0.228293,0.97201,0.008404],[0.0,0.0,0.0,1.0]],"antennas":[0.0,0.0],"body_yaw":-0.417571,"check_collision":false},{"head":[[0.985108,0.145136,-0.092183,-0.010427],[-0.161603,0.964644,-0.2082,-0.002182],[0.058706,0.219996,0.973733,0.008141],[0.0,0.0,0.0,1.0]],"antennas":[0.0,0.0],"body_yaw":-0.419749,"check_collision":false},{"head":[[0.985489,0.14257,-0.092115,-0.009889],[-0.159047,0.965171,-0.207723,-0.00199],[0.059292,0.219359,0.973841,0.007329],[0.0,0.0,0.0,1.0]],"antennas":[0.0,0.0],"body_yaw":-0.419749,"check_collision":false},{"head":[[0.987152,0.136699,-0.082729,-0.008217],[-0.151719,0.964322,-0.216945,-0.006507],[0.050121,0.226709,0.972672,0.007765],[0.0,0.0,0.0,1.0]],"antennas":[0.0,0.0],"body_yaw":-0.402927,"check_collision":false},{"head":[[0.987949,0.135715,-0.074419,-0.009145],[-0.149247,0.962695,-0.225707,-0.006635],[0.041011,0.234094,0.971349,0.0072],[0.0,0.0,0.0,1.0]],"antennas":[0.0,0.0],"body_yaw":-0.356,"check_collision":false},{"head":[[0.988567,0.132841,-0.071335,-0.009838],[-0.146068,0.961086,-0.234472,-0.00604],[0.037412,0.242211,0.969502,0.007287],[0.0,0.0,0.0,1.0]],"antennas":[0.0,0.0],"body_yaw":-0.355701,"check_collision":false},{"head":[[0.988617,0.131619,-0.072884,-0.010433],[-0.145497,0.959686,-0.240487,-0.004748],[0.038293,0.248354,0.967912,0.007558],[0.0,0.0,0.0,1.0]],"antennas":[0.0,0.0],"body_yaw":-0.400915,"check_collision":false},{"head":[[0.987619,0.136817,-0.076742,-0.01039],[-0.151432,0.959202,-0.238745,-0.004681],[0.040947,0.24741,0.968045,0.007806],[0.0,0.0,0.0,1.0]],"antennas":[0.0,0.0],"body_yaw":-0.448284,"check_collision":false},{"head":[[0.986982,0.141673,-0.076122,-0.010113],[-0.155741,0.960033,-0.232553,-0.00391],[0.040133,0.241381,0.9696,0.008001],[0.0,0.0,0.0,1.0]],"antennas":[0.0,0.0],"body_yaw":-0.475902,"check_collision":false},{"head":[[0.986745,0.146006,-0.070826,-0.009661],[-0.158565,0.960317,-0.229453,-0.002918],[0.034514,0.237642,0.970739,0.007508],[0.0,0.0,0.0,1.0]],"antennas":[0.0,0.0],"body_yaw":-0.480964,"check_collision":false},{"head":[[0.98562,0.159416,-0.056029,-0.008879],[-0.168094,0.958835,-0.228867,-0.002021],[0.017237,0.234994,0.971844,0.006092],[0.0,0.0,0.0,1.0]],"antennas":[0.0,0.0],"body_yaw":-0.477684,"check_collision":false},{"head":[[0.983131,0.180062,-0.032127,-0.009074],[-0.182485,0.953728,-0.238959,-0.001648],[-0.012386,0.240791,0.970498,0.004486],[0.0,0.0,0.0,1.0]],"antennas":[0.0,0.0],"body_yaw":-0.434012,"check_collision":false},{"head":[[0.974203,0.225245,-0.013895,-0.010075],[-0.221375,0.941875,-0.252713,-0.000869],[-0.043835,0.24927,0.967441,0.00326],[0.0,0.0,0.0,1.0]],"antennas":[0.0,0.0],"body_yaw":-0.378438,"check_collision":false},{"head":[[0.955803,0.293901,-0.00793,-0.010863],[-0.285355,0.92084,-0.265754,-0.00129],[-0.070803,0.256271,0.964008,0.003503],[0.0,0.0,0.0,1.0]],"antennas":[0.0,0.0],"body_yaw":-0.322942,"check_collision":false},{"head":[[0.94437,0.328745,-0.009578,-0.011445],[-0.317311,0.903095,-0.289368,-0.001059],[-0.086478,0.27631,0.95717,0.004395],[0.0,0.0,0.0,1.0]],"antennas":[0.0,0.0],"body_yaw":-0.277802,"check_collision":false},{"head":[[0.942062,0.335293,-0.009899,-0.011584],[-0.323045,0.898911,-0.295975,-0.001531],[-0.09034,0.282024,0.955145,0.005766],[0.0,0.0,0.0,1.0]],"antennas":[0.0,0.0],"body_yaw":-0.318602,"check_collision":false},{"head":[[0.94396,0.329921,-0.009617,-0.01107],[-0.317432,0.899474,-0.300306,-0.002884],[-0.090427,0.286529,0.953795,0.006008],[0.0,0.0,0.0,1.0]],"antennas":[0.0,0.0],"body_yaw":-0.374607,"check_collision":false},{"head":[[0.946826,0.321506,-0.012384,-0.010334],[-0.310252,0.902132,-0.299835,-0.003825],[-0.085227,0.287734,0.953911,0.005675],[0.0,0.0,0.0,1.0]],"antennas":[0.0,0.0],"body_yaw":-0.42947,"check_collision":false},{"head":[[0.951406,0.307397,-0.018272,-0.00983],[-0.29877,0.907077,-0.296561,-0.004617],[-0.074588,0.287609,0.954839,0.005602],[0.0,0.0,0.0,1.0]],"antennas":[0.0,0.0],"body_yaw":-0.469072,"check_collision":false},{"head":[[0.960745,0.276197,-0.026163,-0.009572],[-0.271282,0.915508,-0.297071,-0.005172],[-0.058098,0.292507,0.954497,0.005604],[0.0,0.0,0.0,1.0]],"antennas":[0.0,0.0],"body_yaw":-0.456993,"check_collision":false},{"head":[[0.971799,0.234975,-0.019841,-0.009827],[-0.229701,0.924232,-0.305014,-0.005804],[-0.053333,0.30097,0.952141,0.005622],[0.0,0.0,0.0,1.0]],"antennas":[0.0,0.0],"body_yaw":-0.407625,"check_collision":false},{"head":[[0.979382,0.201561,-0.013567,-0.010085],[-0.195925,0.931333,-0.306973,-0.006529],[-0.049239,0.303302,0.951622,0.00554],[0.0,0.0,0.0,1.0]],"antennas":[0.0,0.0],"body_yaw":-0.353525,"check_collision":false},{"head":[[0.981757,0.189644,-0.013759,-0.010219],[-0.185439,0.938964,-0.289758,-0.006979],[-0.042031,0.287023,0.957001,0.005911],[0.0,0.0,0.0,1.0]],"antennas":[0.0,0.0],"body_yaw":-0.307062,"check_collision":false},{"head":[[0.980742,0.193782,-0.024354,-0.010289],[-0.193145,0.94382,-0.268138,-0.007691],[-0.028975,0.267678,0.963073,0.006173],[0.0,0.0,0.0,1.0]],"antennas":[0.0,0.0],"body_yaw":-0.309015,"check_collision":false},{"head":[[0.980225,0.195356,-0.03156,-0.01076],[-0.19689,0.946791,-0.2546,-0.008367],[-0.019857,0.255779,0.966531,0.006693],[0.0,0.0,0.0,1.0]],"antennas":[0.0,0.0],"body_yaw":-0.364477,"check_collision":false},{"head":[[0.981651,0.188046,-0.031611,-0.010426],[-0.189858,0.948459,-0.25373,-0.012181],[-0.017731,0.255076,0.966759,0.00829],[0.0,0.0,0.0,1.0]],"antennas":[0.0,0.0],"body_yaw":-0.419897,"check_collision":false},{"head":[[0.982578,0.1831,-0.031866,-0.011597],[-0.185142,0.949364,-0.253832,-0.012147],[-0.016224,0.255309,0.966723,0.008587],[0.0,0.0,0.0,1.0]],"antennas":[0.0,0.0],"body_yaw":-0.474615,"check_collision":false},{"head":[[0.981503,0.187465,-0.038832,-0.012377],[-0.191171,0.948867,-0.251207,-0.012626],[-0.010246,0.253984,0.967154,0.008264],[0.0,0.0,0.0,1.0]],"antennas":[0.0,0.0],"body_yaw":-0.511736,"check_collision":false},{"head":[[0.977691,0.201819,-0.05822,-0.013317],[-0.209977,0.946283,-0.245882,-0.013076],[0.005469,0.252621,0.96755,0.00779],[0.0,0.0,0.0,1.0]],"antennas":[0.0,0.0],"body_yaw":-0.511736,"check_collision":false},{"head":[[0.974424,0.209893,-0.080269,-0.014632],[-0.223338,0.944074,-0.242579,-0.014012],[0.024865,0.254302,0.966805,0.008153],[0.0,0.0,0.0,1.0]],"antennas":[0.0,0.0],"body_yaw":-0.511736,"check_collision":false},{"head":[[0.97593,0.19774,-0.091978,-0.014536],[-0.214772,0.944681,-0.247894,-0.01836],[0.037871,0.261682,0.964411,0.010225],[0.0,0.0,0.0,1.0]],"antennas":[0.0,0.0],"body_yaw":-0.511337,"check_collision":false},{"head":[[0.979068,0.185497,-0.083762,-0.015546],[-0.200971,0.946164,-0.253741,-0.018326],[0.032184,0.265264,0.963639,0.011513],[0.0,0.0,0.0,1.0]],"antennas":[0.0,0.0],"body_yaw":-0.475491,"check_collision":false},{"head":[[0.98491,0.163869,-0.055665,-0.015642],[-0.172772,0.949702,-0.261181,-0.017718],[0.010066,0.266857,0.963684,0.012492],[0.0,0.0,0.0,1.0]],"antennas":[0.0,0.0],"body_yaw":-0.464781,"check_collision":false},{"head":[[0.989894,0.140995,-0.01515,-0.015711],[-0.140006,0.954756,-0.262373,-0.017845],[-0.022529,0.261843,0.964848,0.013023],[0.0,0.0,0.0,1.0]],"antennas":[0.0,0.0],"body_yaw":-0.520416,"check_collision":false},{"head":[[0.990164,0.13988,-0.002971,-0.014871],[-0.136045,0.957629,-0.253846,-0.022005],[-0.032663,0.251753,0.96724,0.014146],[0.0,0.0,0.0,1.0]],"antennas":[0.0,0.0],"body_yaw":-0.576163,"check_collision":false},{"head":[[0.987884,0.152972,-0.026153,-0.015948],[-0.15463,0.955912,-0.249644,-0.021595],[-0.013189,0.250663,0.967985,0.013467],[0.0,0.0,0.0,1.0]],"antennas":[0.0,0.0],"body_yaw":-0.62442,"check_collision":false},{"head":[[0.988608,0.147312,-0.030884,-0.016454],[-0.150344,0.956698,-0.249249,-0.021493],[-0.007171,0.251052,0.967947,0.012807],[0.0,0.0,0.0,1.0]],"antennas":[0.0,0.0],"body_yaw":-0.611357,"check_collision":false},{"head":[[0.991122,0.132593,-0.009807,-0.016222],[-0.130752,0.958668,-0.252705,-0.020943],[-0.024105,0.251744,0.967494,0.011818],[0.0,0.0,0.0,1.0]],"antennas":[0.0,0.0],"body_yaw":-0.555488,"check_collision":false},{"head":[[0.993854,0.106298,0.030892,-0.015188],[-0.094573,0.960399,-0.262087,-0.022623],[-0.057528,0.257555,0.96455,0.012554],[0.0,0.0,0.0,1.0]],"antennas":[0.0,0.0],"body_yaw":-0.529586,"check_collision":false},{"head":[[0.993536,0.106212,0.040059,-0.015351],[-0.092314,0.961352,-0.259385,-0.02319],[-0.066061,0.254011,0.964943,0.014352],[0.0,0.0,0.0,1.0]],"antennas":[0.0,0.0],"body_yaw":-0.529586,"check_collision":false},{"head":[[0.989842,0.142057,0.005718,-0.016002],[-0.136121,0.958558,-0.250277,-0.023627],[-0.041035,0.246956,0.968157,0.016034],[0.0,0.0,0.0,1.0]],"antennas":[0.0,0.0],"body_yaw":-0.529586,"check_collision":false},{"head":[[0.985655,0.164933,-0.03579,-0.015976],[-0.168602,0.95279,-0.252515,-0.024773],[-0.007548,0.254927,0.966931,0.017939],[0.0,0.0,0.0,1.0]],"antennas":[0.0,0.0],"body_yaw":-0.529586,"check_collision":false},{"head":[[0.985774,0.160447,-0.050059,-0.017029],[-0.168026,0.947903,-0.270641,-0.023975],[0.004028,0.275202,0.961378,0.018119],[0.0,0.0,0.0,1.0]],"antennas":[0.0,0.0],"body_yaw":-0.529586,"check_collision":false},{"head":[[0.991562,0.12641,-0.028733,-0.017504],[-0.129455,0.95391,-0.270734,-0.023923],[-0.006815,0.272169,0.962225,0.016821],[0.0,0.0,0.0,1.0]],"antennas":[0.0,0.0],"body_yaw":-0.529586,"check_collision":false},{"head":[[0.991948,0.123905,-0.026216,-0.017376],[-0.126233,0.95055,-0.283759,-0.024032],[-0.010239,0.284783,0.958537,0.015784],[0.0,0.0,0.0,1.0]],"antennas":[0.0,0.0],"body_yaw":-0.529586,"check_collision":false},{"head":[[0.988224,0.146135,-0.045373,-0.016913],[-0.153016,0.942583,-0.296855,-0.0266],[-0.000613,0.300302,0.953844,0.016462],[0.0,0.0,0.0,1.0]],"antennas":[0.0,0.0],"body_yaw":-0.529586,"check_collision":false},{"head":[[0.984328,0.161616,-0.070559,-0.017225],[-0.17576,0.931715,-0.317829,-0.02935],[0.014375,0.325249,0.945519,0.018794],[0.0,0.0,0.0,1.0]],"antennas":[0.0,0.0],"body_yaw":-0.529586,"check_collision":false},{"head":[[0.987192,0.145147,-0.066209,-0.018268],[-0.158995,0.929231,-0.333542,-0.029885],[0.013111,0.339797,0.940407,0.019939],[0.0,0.0,0.0,1.0]],"antennas":[0.0,0.0],"body_yaw":-0.529586,"check_collision":false},{"head":[[0.99291,0.111481,-0.04126,-0.019005],[-0.118871,0.932168,-0.341954,-0.03],[0.000339,0.344434,0.93881,0.02],[0.0,0.0,0.0,1.0]],"antennas":[0.0,0.0],"body_yaw":-0.529586,"check_collision":false},{"head":[[0.995935,0.088828,-0.014906,-0.01868],[-0.088623,0.936869,-0.338264,-0.03],[-0.016082,0.33821,0.940933,0.02],[0.0,0.0,0.0,1.0]],"antennas":[0.0,0.0],"body_yaw":-0.529586,"check_collision":false},{"head":[[0.99438,0.105837,-0.002454,-0.01703],[-0.10011,0.932529,-0.346939,-0.03],[-0.034431,0.345235,0.937884,0.02],[0.0,0.0,0.0,1.0]],"antennas":[0.0,0.0],"body_yaw":-0.529586,"check_collision":false},{"head":[[0.992455,0.121461,0.016741,-0.014887],[-0.107074,0.925112,-0.364284,-0.03],[-0.059733,0.359743,0.931138,0.01961],[0.0,0.0,0.0,1.0]],"antennas":[0.0,0.0],"body_yaw":-0.529586,"check_collision":false},{"head":[[0.992463,0.105416,0.062492,-0.012911],[-0.073562,0.92032,-0.384188,-0.03],[-0.098012,0.376695,0.921138,0.019494],[0.0,0.0,0.0,1.0]],"antennas":[0.0,0.0],"body_yaw":-0.529586,"check_collision":false},{"head":[[0.991253,0.068986,0.112509,-0.012888],[-0.02002,0.921238,-0.388483,-0.03],[-0.130447,0.382833,0.914561,0.01851],[0.0,0.0,0.0,1.0]],"antennas":[0.0,0.0],"body_yaw":-0.529586,"check_collision":false},{"head":[[0.991458,0.067266,0.111746,-0.013757],[-0.020402,0.926188,-0.376509,-0.03],[-0.128824,0.371013,0.919649,0.0179],[0.0,0.0,0.0,1.0]],"antennas":[0.0,0.0],"body_yaw":-0.529586,"check_collision":false},{"head":[[0.992076,0.087818,0.089853,-0.014869],[-0.05043,0.933352,-0.355403,-0.03],[-0.115075,0.348056,0.930384,0.018637],[0.0,0.0,0.0,1.0]],"antennas":[0.0,0.0],"body_yaw":-0.529586,"check_collision":false},{"head":[[0.992234,0.093056,0.082538,-0.015925],[-0.058527,0.934794,-0.350335,-0.03],[-0.109756,0.342783,0.932981,0.019436],[0.0,0.0,0.0,1.0]],"antennas":[0.0,0.0],"body_yaw":-0.529586,"check_collision":false},{"head":[[0.992196,0.088562,0.087777,-0.016908],[-0.051651,0.932629,-0.357122,-0.03],[-0.113491,0.349801,0.929924,0.01967],[0.0,0.0,0.0,1.0]],"antennas":[0.0,0.0],"body_yaw":-0.529586,"check_collision":false},{"head":[[0.991621,0.085159,0.097142,-0.017218],[-0.044835,0.93209,-0.359441,-0.029289],[-0.121155,0.352074,0.928098,0.019023],[0.0,0.0,0.0,1.0]],"antennas":[0.0,0.0],"body_yaw":-0.529586,"check_collision":false},{"head":[[0.990646,0.090013,0.102555,-0.017111],[-0.04761,0.932342,-0.358429,-0.027881],[-0.12788,0.350193,0.927907,0.017668],[0.0,0.0,0.0,1.0]],"antennas":[0.0,0.0],"body_yaw":-0.529586,"check_collision":false},{"head":[[0.989872,0.098447,0.102286,-0.015804],[-0.055341,0.931087,-0.360576,-0.029657],[-0.130735,0.351263,0.927104,0.017123],[0.0,0.0,0.0,1.0]],"antennas":[0.0,0.0],"body_yaw":-0.521543,"check_collision":false},{"head":[[0.989176,0.11451,0.091747,-0.015332],[-0.073611,0.928169,-0.364806,-0.03],[-0.126931,0.354104,0.926552,0.017052],[0.0,0.0,0.0,1.0]],"antennas":[0.0,0.0],"body_yaw":-0.472791,"check_collision":false},{"head":[[0.988643,0.12879,0.077442,-0.015911],[-0.092105,0.926468,-0.364931,-0.029929],[-0.118747,0.353653,0.927808,0.017292],[0.0,0.0,0.0,1.0]],"antennas":[0.0,0.0],"body_yaw":-0.417169,"check_collision":false},{"head":[[0.986675,0.153234,0.054699,-0.015955],[-0.123123,0.922962,-0.364666,-0.028525],[-0.106364,0.353072,0.92953,0.018203],[0.0,0.0,0.0,1.0]],"antennas":[0.0,0.0],"body_yaw":-0.361772,"check_collision":false},{"head":[[0.979964,0.198463,0.016816,-0.016051],[-0.179416,0.916261,-0.358155,-0.025461],[-0.086488,0.347962,0.933511,0.018958],[0.0,0.0,0.0,1.0]],"antennas":[0.0,0.0],"body_yaw":-0.306337,"check_collision":false},{"head":[[0.962752,0.268701,-0.030139,-0.015306],[-0.263027,0.904889,-0.334652,-0.02178],[-0.062649,0.330114,0.94186,0.018461],[0.0,0.0,0.0,1.0]],"antennas":[0.0,0.0],"body_yaw":-0.250598,"check_collision":false},{"head":[[0.945125,0.319075,-0.070219,-0.014817],[-0.324069,0.888298,-0.325432,-0.018817],[-0.041462,0.33033,0.942954,0.016953],[0.0,0.0,0.0,1.0]],"antennas":[0.0,0.0],"body_yaw":-0.195282,"check_collision":false},{"head":[[0.939097,0.333796,-0.081718,-0.014962],[-0.341546,0.880279,-0.329324,-0.017035],[-0.037993,0.337178,0.940674,0.014908],[0.0,0.0,0.0,1.0]],"antennas":[0.0,0.0],"body_yaw":-0.159621,"check_collision":false},{"head":[[0.931915,0.351142,-0.090743,-0.015244],[-0.361148,0.87552,-0.320992,-0.016073],[-0.033267,0.331909,0.942725,0.013274],[0.0,0.0,0.0,1.0]],"antennas":[0.0,0.0],"body_yaw":-0.156598,"check_collision":false},{"head":[[0.917349,0.379833,-0.119156,-0.01519],[-0.397816,0.863711,-0.309428,-0.01556],[-0.014614,0.331255,0.943428,0.012599],[0.0,0.0,0.0,1.0]],"antennas":[0.0,0.0],"body_yaw":-0.156598,"check_collision":false},{"head":[[0.902984,0.403024,-0.148969,-0.015645],[-0.429599,0.853325,-0.295435,-0.014712],[0.008052,0.33077,0.943677,0.012627],[0.0,0.0,0.0,1.0]],"antennas":[0.0,0.0],"body_yaw":-0.156598,"check_collision":false},{"head":[[0.893799,0.413656,-0.17324,-0.016834],[-0.447621,0.846588,-0.287964,-0.013578],[0.027545,0.334928,0.941841,0.013372],[0.0,0.0,0.0,1.0]],"antennas":[0.0,0.0],"body_yaw":-0.156598,"check_collision":false},{"head":[[0.881736,0.424954,-0.204832,-0.017893],[-0.468763,0.837992,-0.279338,-0.013485],[0.052942,0.34232,0.938091,0.014197],[0.0,0.0,0.0,1.0]],"antennas":[0.0,0.0],"body_yaw":-0.166605,"check_collision":false},{"head":[[0.860435,0.444871,-0.248477,-0.019108],[-0.501705,0.82491,-0.260412,-0.012101],[0.089121,0.34873,0.932976,0.014406],[0.0,0.0,0.0,1.0]],"antennas":[0.0,0.0],"body_yaw":-0.217792,"check_collision":false},{"head":[[0.836633,0.465521,-0.288677,-0.020161],[-0.533497,0.811996,-0.236736,-0.010585],[0.124198,0.35207,0.927697,0.014099],[0.0,0.0,0.0,1.0]],"antennas":[0.0,0.0],"body_yaw":-0.27325,"check_collision":false},{"head":[[0.819325,0.478294,-0.316136,-0.021279],[-0.553597,0.803406,-0.219246,-0.009071],[0.149121,0.354645,0.923033,0.013312],[0.0,0.0,0.0,1.0]],"antennas":[0.0,0.0],"body_yaw":-0.328366,"check_collision":false},{"head":[[0.794323,0.497241,-0.349002,-0.022041],[-0.580848,0.789926,-0.196551,-0.008137],[0.177953,0.358842,0.916278,0.012148],[0.0,0.0,0.0,1.0]],"antennas":[0.0,0.0],"body_yaw":-0.384166,"check_collision":false},{"head":[[0.761033,0.528601,-0.376044,-0.022089],[-0.616494,0.769741,-0.165636,-0.006209],[0.201901,0.357883,0.911677,0.010292],[0.0,0.0,0.0,1.0]],"antennas":[0.0,0.0],"body_yaw":-0.430139,"check_collision":false},{"head":[[0.728714,0.565676,-0.385988,-0.021868],[-0.650864,0.747366,-0.133492,-0.005481],[0.212961,0.348503,0.912794,0.009421],[0.0,0.0,0.0,1.0]],"antennas":[0.0,0.0],"body_yaw":-0.432686,"check_collision":false},{"head":[[0.702103,0.590732,-0.397602,-0.021949],[-0.67614,0.728204,-0.112038,-0.004306],[0.223351,0.347497,0.910692,0.009148],[0.0,0.0,0.0,1.0]],"antennas":[0.0,0.0],"body_yaw":-0.377439,"check_collision":false},{"head":[[0.68791,0.60127,-0.406515,-0.022322],[-0.68791,0.71873,-0.101029,-0.002683],[0.231429,0.349145,0.908041,0.00897],[0.0,0.0,0.0,1.0]],"antennas":[0.0,0.0],"body_yaw":-0.343435,"check_collision":false},{"head":[[0.688061,0.602239,-0.404823,-0.022067],[-0.68806,0.718687,-0.100306,-0.002546],[0.230533,0.347559,0.908877,0.009658],[0.0,0.0,0.0,1.0]],"antennas":[0.0,0.0],"body_yaw":-0.381423,"check_collision":false},{"head":[[0.689073,0.605116,-0.398764,-0.022108],[-0.689073,0.717483,-0.101969,-0.001827],[0.224403,0.345041,0.911367,0.009422],[0.0,0.0,0.0,1.0]],"antennas":[0.0,0.0],"body_yaw":-0.436748,"check_collision":false},{"head":[[0.688175,0.60596,-0.399033,-0.021447],[-0.688177,0.719374,-0.094414,-0.002023],[0.229843,0.339579,0.912063,0.009425],[0.0,0.0,0.0,1.0]],"antennas":[0.0,0.0],"body_yaw":-0.492537,"check_collision":false},{"head":[[0.686575,0.603392,-0.405626,-0.020769],[-0.686575,0.721634,-0.088647,-0.002214],[0.239225,0.339356,0.90973,0.00917],[0.0,0.0,0.0,1.0]],"antennas":[0.0,0.0],"body_yaw":-0.547695,"check_collision":false},{"head":[[0.687666,0.605176,-0.401095,-0.020118],[-0.687665,0.720116,-0.092465,-0.002313],[0.232877,0.339404,0.911358,0.008561],[0.0,0.0,0.0,1.0]],"antennas":[0.0,0.0],"body_yaw":-0.598036,"check_collision":false},{"head":[[0.69087,0.611463,-0.385761,-0.019611],[-0.690868,0.715606,-0.103002,-0.003858],[0.213071,0.337671,0.916831,0.008448],[0.0,0.0,0.0,1.0]],"antennas":[0.0,0.0],"body_yaw":-0.604594,"check_collision":false},{"head":[[0.691915,0.615602,-0.377212,-0.018874],[-0.691916,0.714598,-0.102963,-0.00512],[0.206171,0.33224,0.920386,0.008377],[0.0,0.0,0.0,1.0]],"antennas":[0.0,0.0],"body_yaw":-0.548376,"check_collision":false},{"head":[[0.691141,0.617062,-0.376242,-0.018492],[-0.691142,0.716519,-0.094459,-0.005293],[0.211297,0.325322,0.921694,0.008575],[0.0,0.0,0.0,1.0]],"antennas":[0.0,0.0],"body_yaw":-0.493065,"check_collision":false},{"head":[[0.690898,0.618002,-0.375145,-0.018425],[-0.690898,0.717215,-0.090897,-0.004519],[0.212886,0.321987,0.922499,0.00884],[0.0,0.0,0.0,1.0]],"antennas":[0.0,0.0],"body_yaw":-0.442474,"check_collision":false},{"head":[[0.691759,0.617627,-0.374175,-0.01808],[-0.691761,0.715454,-0.097943,-0.003783],[0.207212,0.326593,0.922171,0.009106],[0.0,0.0,0.0,1.0]],"antennas":[0.0,0.0],"body_yaw":-0.437959,"check_collision":false},{"head":[[0.693524,0.62019,-0.366591,-0.017866],[-0.693523,0.7125,-0.106629,-0.003864],[0.195066,0.328189,0.924252,0.009329],[0.0,0.0,0.0,1.0]],"antennas":[0.0,0.0],"body_yaw":-0.454306,"check_collision":false},{"head":[[0.694614,0.624562,-0.356979,-0.017599],[-0.69461,0.711394,-0.106941,-0.004643],[0.187161,0.322243,0.927971,0.008837],[0.0,0.0,0.0,1.0]],"antennas":[0.0,0.0],"body_yaw":-0.456555,"check_collision":false},{"head":[[0.69526,0.629417,-0.347057,-0.016953],[-0.69526,0.71139,-0.10265,-0.006013],[0.182283,0.312664,0.932209,0.008297],[0.0,0.0,0.0,1.0]],"antennas":[0.0,0.0],"body_yaw":-0.413742,"check_collision":false},{"head":[[0.694315,0.628636,-0.350348,-0.016209],[-0.694314,0.713204,-0.096267,-0.006926],[0.189353,0.310091,0.931659,0.007553],[0.0,0.0,0.0,1.0]],"antennas":[0.0,0.0],"body_yaw":-0.358036,"check_collision":false},{"head":[[0.693068,0.625969,-0.357518,-0.01587],[-0.693069,0.715023,-0.091637,-0.006859],[0.198272,0.311295,0.929399,0.006964],[0.0,0.0,0.0,1.0]],"antennas":[0.0,0.0],"body_yaw":-0.302511,"check_collision":false},{"head":[[0.696153,0.630361,-0.343535,-0.01679],[-0.696151,0.709638,-0.108574,-0.005825],[0.175345,0.314736,0.932843,0.006962],[0.0,0.0,0.0,1.0]],"antennas":[0.0,0.0],"body_yaw":-0.247118,"check_collision":false},{"head":[[0.700342,0.640106,-0.315888,-0.017987],[-0.700337,0.701746,-0.130691,-0.00612],[0.138017,0.312757,0.939752,0.008214],[0.0,0.0,0.0,1.0]],"antennas":[0.0,0.0],"body_yaw":-0.192095,"check_collision":false},{"head":[[0.701087,0.644522,-0.305071,-0.018088],[-0.701089,0.701148,-0.129867,-0.008585],[0.130198,0.30493,0.943433,0.009837],[0.0,0.0,0.0,1.0]],"antennas":[0.0,0.0],"body_yaw":-0.145934,"check_collision":false},{"head":[[0.699908,0.645125,-0.3065,-0.017558],[-0.699909,0.70502,-0.114342,-0.009509],[0.142323,0.294551,0.944978,0.010461],[0.0,0.0,0.0,1.0]],"antennas":[0.0,0.0],"body_yaw":-0.183798,"check_collision":false},{"head":[[0.699002,0.643154,-0.312648,-0.016744],[-0.699002,0.706788,-0.108843,-0.010208],[0.150973,0.294623,0.943612,0.010529],[0.0,0.0,0.0,1.0]],"antennas":[0.0,0.0],"body_yaw":-0.234792,"check_collision":false},{"head":[[0.699257,0.642322,-0.313787,-0.016335],[-0.699261,0.7058,-0.113493,-0.010347],[0.148572,0.29878,0.942686,0.00999],[0.0,0.0,0.0,1.0]],"antennas":[0.0,0.0],"body_yaw":-0.278889,"check_collision":false},{"head":[[0.701505,0.645312,-0.302427,-0.015645],[-0.701504,0.700067,-0.133411,-0.011379],[0.125627,0.305742,0.94379,0.00913],[0.0,0.0,0.0,1.0]],"antennas":[0.0,0.0],"body_yaw":-0.290848,"check_collision":false},{"head":[[0.703162,0.651609,-0.284551,-0.015546],[-0.703163,0.696636,-0.142341,-0.0119],[0.105478,0.300174,0.948035,0.008796],[0.0,0.0,0.0,1.0]],"antennas":[0.0,0.0],"body_yaw":-0.235439,"check_collision":false},{"head":[[0.702172,0.651124,-0.288084,-0.015611],[-0.702173,0.700275,-0.128713,-0.012297],[0.11793,0.292663,0.948916,0.008667],[0.0,0.0,0.0,1.0]],"antennas":[0.0,0.0],"body_yaw":-0.179825,"check_collision":false},{"head":[[0.700408,0.647911,-0.2994,-0.015279],[-0.700407,0.704635,-0.113662,-0.01226],[0.137325,0.289312,0.947333,0.009686],[0.0,0.0,0.0,1.0]],"antennas":[0.0,0.0],"body_yaw":-0.125224,"check_collision":false},{"head":[[0.699498,0.644048,-0.309687,-0.015245],[-0.699498,0.705772,-0.112198,-0.011447],[0.146308,0.295107,0.944196,0.010691],[0.0,0.0,0.0,1.0]],"antennas":[0.0,0.0],"body_yaw":-0.086935,"check_collision":false},{"head":[[0.700848,0.644181,-0.306339,-0.015195],[-0.700848,0.701795,-0.127652,-0.010716],[0.132756,0.304162,0.943325,0.011105],[0.0,0.0,0.0,1.0]],"antennas":[0.0,0.0],"body_yaw":-0.095825,"check_collision":false},{"head":[[0.702779,0.6497,-0.289813,-0.01471],[-0.702777,0.697297,-0.140998,-0.011044],[0.110479,0.302764,0.94664,0.010756],[0.0,0.0,0.0,1.0]],"antennas":[0.0,0.0],"body_yaw":-0.150243,"check_collision":false},{"head":[[0.702898,0.653303,-0.281298,-0.014211],[-0.702899,0.698546,-0.134036,-0.012004],[0.108934,0.291938,0.950213,0.00991],[0.0,0.0,0.0,1.0]],"antennas":[0.0,0.0],"body_yaw":-0.205514,"check_collision":false},{"head":[[0.70206,0.653499,-0.282932,-0.014083],[-0.702061,0.701708,-0.121311,-0.013164],[0.119259,0.283803,0.951438,0.009731],[0.0,0.0,0.0,1.0]],"antennas":[0.0,0.0],"body_yaw":-0.257273,"check_collision":false},{"head":[[0.701434,0.653771,-0.283855,-0.014275],[-0.701434,0.703843,-0.112231,-0.013029],[0.126416,0.277828,0.952276,0.009606],[0.0,0.0,0.0,1.0]],"antennas":[0.0,0.0],"body_yaw":-0.280065,"check_collision":false},{"head":[[0.702862,0.653258,-0.281495,-0.014928],[-0.701636,0.701788,-0.123289,-0.012157],[0.11701,0.284162,0.951609,0.00947],[0.0,0.0,0.0,1.0]],"antennas":[0.0,0.0],"body_yaw":-0.22378,"check_collision":false},{"head":[[0.725097,0.63355,-0.269905,-0.015546],[-0.680491,0.719326,-0.139651,-0.011741],[0.105674,0.284928,0.952706,0.009473],[0.0,0.0,0.0,1.0]],"antennas":[0.0,0.0],"body_yaw":-0.168462,"check_collision":false},{"head":[[0.757507,0.60438,-0.246794,-0.016021],[-0.647139,0.744976,-0.161931,-0.011707],[0.085988,0.282374,0.955443,0.0101],[0.0,0.0,0.0,1.0]],"antennas":[0.0,0.0],"body_yaw":-0.112907,"check_collision":false},{"head":[[0.798291,0.560908,-0.219349,-0.016744],[-0.598678,0.778756,-0.187414,-0.012345],[0.065698,0.28093,0.957477,0.011312],[0.0,0.0,0.0,1.0]],"antennas":[0.0,0.0],"body_yaw":-0.058566,"check_collision":false},{"head":[[0.823014,0.526966,-0.212027,-0.01706],[-0.564435,0.800588,-0.201177,-0.012383],[0.063733,0.285246,0.956333,0.012126],[0.0,0.0,0.0,1.0]],"antennas":[0.0,0.0],"body_yaw":-0.096564,"check_collision":false},{"head":[[0.851516,0.485235,-0.198665,-0.017347],[-0.520772,0.826737,-0.212843,-0.0123],[0.060965,0.284698,0.956677,0.012035],[0.0,0.0,0.0,1.0]],"antennas":[0.0,0.0],"body_yaw":-0.152219,"check_collision":false},{"head":[[0.878184,0.443768,-0.178503,-0.016738],[-0.475611,0.849809,-0.227197,-0.013018],[0.05087,0.284419,0.95735,0.011419],[0.0,0.0,0.0,1.0]],"antennas":[0.0,0.0],"body_yaw":-0.207782,"check_collision":false},{"head":[[0.900417,0.401417,-0.167668,-0.015966],[-0.432214,0.869239,-0.24003,-0.013029],[0.049392,0.288595,0.956176,0.010594],[0.0,0.0,0.0,1.0]],"antennas":[0.0,0.0],"body_yaw":-0.263392,"check_collision":false},{"head":[[0.916603,0.364937,-0.163278,-0.015159],[-0.396374,0.882849,-0.251924,-0.01126],[0.052214,0.295633,0.953874,0.009554],[0.0,0.0,0.0,1.0]],"antennas":[0.0,0.0],"body_yaw":-0.311103,"check_collision":false},{"head":[[0.940402,0.309095,-0.14179,-0.014879],[-0.337301,0.900863,-0.273265,-0.009725],[0.043268,0.304805,0.951431,0.009173],[0.0,0.0,0.0,1.0]],"antennas":[0.0,0.0],"body_yaw":-0.295531,"check_collision":false},{"head":[[0.955252,0.268332,-0.124466,-0.01476],[-0.293554,0.911691,-0.28748,-0.008749],[0.036334,0.311154,0.949665,0.009278],[0.0,0.0,0.0,1.0]],"antennas":[0.0,0.0],"body_yaw":-0.243175,"check_collision":false},{"head":[[0.964581,0.238547,-0.112598,-0.014705],[-0.261689,0.919072,-0.294661,-0.008004],[0.033195,0.31369,0.948945,0.009795],[0.0,0.0,0.0,1.0]],"antennas":[0.0,0.0],"body_yaw":-0.187376,"check_collision":false},{"head":[[0.97376,0.202473,-0.103908,-0.014726],[-0.224993,0.925132,-0.305794,-0.007231],[0.034213,0.321148,0.946411,0.010321],[0.0,0.0,0.0,1.0]],"antennas":[0.0,0.0],"body_yaw":-0.132105,"check_collision":false},{"head":[[0.978383,0.179952,-0.101898,-0.014578],[-0.203383,0.926497,-0.316605,-0.006163],[0.037435,0.330485,0.943069,0.010426],[0.0,0.0,0.0,1.0]],"antennas":[0.0,0.0],"body_yaw":-0.076298,"check_collision":false},{"head":[[0.98305,0.156718,-0.09514,-0.014413],[-0.179419,0.929071,-0.323475,-0.005419],[0.037698,0.335062,0.941442,0.009777],[0.0,0.0,0.0,1.0]],"antennas":[0.0,0.0],"body_yaw":-0.021074,"check_collision":false},{"head":[[0.988633,0.128046,-0.078802,-0.014203],[-0.14701,0.933126,-0.328121,-0.005258],[0.031517,0.335976,0.941343,0.008979],[0.0,0.0,0.0,1.0]],"antennas":[0.0,0.0],"body_yaw":0.032183,"check_collision":false},{"head":[[0.990862,0.115933,-0.068933,-0.01405],[-0.132229,0.935755,-0.326922,-0.005144],[0.026603,0.333049,0.942534,0.008572],[0.0,0.0,0.0,1.0]],"antennas":[0.0,0.0],"body_yaw":0.055306,"check_collision":false},{"head":[[0.99094,0.116404,-0.066986,-0.013907],[-0.132033,0.93567,-0.327245,-0.00434],[0.024584,0.333125,0.942562,0.008553],[0.0,0.0,0.0,1.0]],"antennas":[0.0,0.0],"body_yaw":0.05574,"check_collision":false},{"head":[[0.991578,0.113,-0.063274,-0.013879],[-0.127656,0.935155,-0.330439,-0.003783],[0.021831,0.335733,0.941704,0.008694],[0.0,0.0,0.0,1.0]],"antennas":[0.0,0.0],"body_yaw":0.05574,"check_collision":false},{"head":[[0.992583,0.106065,-0.059413,-0.014094],[-0.119917,0.934562,-0.334982,-0.003657],[0.019995,0.339622,0.940349,0.008945],[0.0,0.0,0.0,1.0]],"antennas":[0.0,0.0],"body_yaw":0.05574,"check_collision":false},{"head":[[0.991491,0.111244,-0.067611,-0.014663],[-0.127437,0.935463,-0.329649,-0.003544],[0.026576,0.33546,0.941679,0.009357],[0.0,0.0,0.0,1.0]],"antennas":[0.0,0.0],"body_yaw":0.05574,"check_collision":false},{"head":[[0.985941,0.142316,-0.087557,-0.015266],[-0.16299,0.934536,-0.31635,-0.003487],[0.036804,0.326173,0.944593,0.009949],[0.0,0.0,0.0,1.0]],"antennas":[0.0,0.0],"body_yaw":0.05574,"check_collision":false},{"head":[[0.979205,0.176554,-0.099931,-0.014282],[-0.199265,0.929507,-0.310339,-0.007425],[0.038095,0.323799,0.945359,0.012159],[0.0,0.0,0.0,1.0]],"antennas":[0.0,0.0],"body_yaw":0.05574,"check_collision":false},{"head":[[0.975846,0.191196,-0.105685,-0.014549],[-0.215056,0.925825,-0.310804,-0.007268],[0.038421,0.326025,0.94458,0.011759],[0.0,0.0,0.0,1.0]],"antennas":[0.0,0.0],"body_yaw":0.05574,"check_collision":false},{"head":[[0.975389,0.196431,-0.100158,-0.014805],[-0.218587,0.921026,-0.322384,-0.006903],[0.028922,0.336343,0.941295,0.011142],[0.0,0.0,0.0,1.0]],"antennas":[0.0,0.0],"body_yaw":0.05574,"check_collision":false},{"head":[[0.973085,0.207008,-0.101259,-0.014884],[-0.229169,0.915474,-0.330739,-0.006452],[0.024235,0.345043,0.938274,0.010046],[0.0,0.0,0.0,1.0]],"antennas":[0.0,0.0],"body_yaw":0.05574,"check_collision":false