{"description":"Like a sad 'yes,' or a grumpy 'OK.'","time":[0.0,0.02,0.04,0.06,0.08,0.1,0.12,0.14,0.16,0.18,0.2,0.22,0.24,0.26,0.28,0.3,0.32,0.34,0.36,0.38,0.4,0.42,0.44,0.46,0.48,0.5,0.52,0.54,0.56,0.58,0.6,0.62,0.64,0.66,0.68,0.7,0.72,0.74,0.76,0.78,0.8,0.82,0.84,0.86,0.88,0.9,0.92,0.94,0.96,0.98,1.0,1.02,1.04,1.06,1.08,1.1,1.12,1.14,1.16,1.18,1.2,1.22,1.24,1.26,1.28,1.3,1.32,1.34,1.36,1.38,1.4,1.42,1.44,1.46,1.48,1.5,1.52,1.54,1.56,1.58,1.6,1.62,1.64,1.66,1.68,1.7,1.72,1.74,1.76,1.78,1.8,1.82,1.84,1.86,1.88,1.9,1.92,1.94,1.96,1.98,2.0,2.02,2.04,2.06,2.08,2.1,2.12,2.14,2.16,2.18,2.2,2.22,2.24,2.26,2.28,2.3,2.32,2.34,2.36,2.38,2.4,2.42,2.44,2.46,2.48,2.5,2.52,2.54,2.56,2.58,2.6,2.62,2.64,2.66,2.68,2.7,2.72,2.74,2.76,2.78,2.8,2.82,2.84,2.86,2.88,2.9,2.92,2.94,2.96,2.98,3.0,3.02,3.04,3.06,3.08,3.1,3.12,3.14,3.16,3.18,3.2,3.22,3.24,3.26,3.28,3.3,3.32,3.34,3.36,3.38,3.4,3.42,3.44,3.46,3.48,3.5,3.52,3.54,3.56,3.58,3.6,3.62,3.64,3.66,3.68,3.7,3.72,3.74,3.76,3.78,3.8,3.82,3.84,3.86,3.88,3.9,3.92,3.94,3.96,3.98,4.0,4.02,4.04,4.06,4.08,4.1,4.12,4.14,4.16,4.18,4.2,4.22,4.24,4.26,4.28,4.3,4.32,4.34,4.36,4.38,4.4,4.42,4.44,4.46,4.48,4.5,4.52,4.54,4.56,4.58,4.6,4.62,4.64,4.66,4.68,4.7,4.72,4.74],"set_target_data":[{"head":[[0.986697,-0.161274,0.020465,-0.014367],[0.161634,0.986698,-0.017352,-0.009051],[-0.017394,0.020429,0.99964,0.00329],[0.0,0.0,0.0,1.0]],"antennas":[-0.034626,0.13005],"body_yaw":0.05574,"check_collision":false},{"head":[[0.986167,-0.164429,0.020918,-0.014431],[0.164815,0.986155,-0.018267,-0.009095],[-0.017625,0.021462,0.999614,0.003329],[0.0,0.0,0.0,1.0]],"antennas":[-0.034626,0.13005],"body_yaw":0.05574,"check_collision":false},{"head":[[0.985739,-0.166902,0.021503,-0.014469],[0.167313,0.985721,-0.018974,-0.00909],[-0.018029,0.022301,0.999589,0.003329],[0.0,0.0,0.0,1.0]],"antennas":[-0.034626,0.13005],"body_yaw":0.05574,"check_collision":false},{"head":[[0.985551,-0.167965,0.021851,-0.014476],[0.168384,0.985538,-0.019003,-0.009098],[-0.018343,0.022408,0.999581,0.003377],[0.0,0.0,0.0,1.0]],"antennas":[-0.034626,0.13005],"body_yaw":0.05574,"check_collision":false},{"head":[[0.985279,-0.169567,0.021713,-0.014443],[0.169994,0.985251,-0.019578,-0.009031],[-0.018073,0.022981,0.999573,0.003386],[0.0,0.0,0.0,1.0]],"antennas":[-0.034626,0.13005],"body_yaw":0.05574,"check_collision":false},{"head":[[0.984612,-0.173398,0.02175,-0.014391],[0.173868,0.984524,-0.02196,-0.008937],[-0.017605,0.025404,0.999522,0.003413],[0.0,0.0,0.0,1.0]],"antennas":[-0.034626,0.13005],"body_yaw":0.05574,"check_collision":false},{"head":[[0.984044,-0.176574,0.021874,-0.014337],[0.177079,0.983909,-0.023806,-0.0089],[-0.017318,0.027299,0.999477,0.003419],[0.0,0.0,0.0,1.0]],"antennas":[-0.034626,0.13005],"body_yaw":0.05574,"check_collision":false},{"head":[[0.983684,-0.178641,0.0213,-0.014347],[0.179144,0.983515,-0.024618,-0.008871],[-0.016551,0.028032,0.99947,0.003405],[0.0,0.0,0.0,1.0]],"antennas":[-0.034626,0.13005],"body_yaw":0.05574,"check_collision":false},{"head":[[0.983429,-0.180123,0.020555,-0.014371],[0.180613,0.983232,-0.025166,-0.00877],[-0.015678,0.028461,0.999472,0.003368],[0.0,0.0,0.0,1.0]],"antennas":[-0.034626,0.13005],"body_yaw":0.05574,"check_collision":false},{"head":[[0.983108,-0.181927,0.020033,-0.014349],[0.18241,0.982887,-0.025699,-0.008901],[-0.015015,0.028919,0.999469,0.003472],[0.0,0.0,0.0,1.0]],"antennas":[-0.034626,0.13005],"body_yaw":0.05574,"check_collision":false},{"head":[[0.982665,-0.184393,0.019206,-0.014366],[0.184856,0.982421,-0.02602,-0.008935],[-0.014071,0.029119,0.999477,0.003496],[0.0,0.0,0.0,1.0]],"antennas":[-0.034626,0.13005],"body_yaw":0.05574,"check_collision":false},{"head":[[0.982105,-0.187483,0.017895,-0.014367],[0.187915,0.981824,-0.02664,-0.009159],[-0.012575,0.029526,0.999485,0.003519],[0.0,0.0,0.0,1.0]],"antennas":[-0.034626,0.13005],"body_yaw":0.05574,"check_collision":false},{"head":[[0.981423,-0.191122,0.016775,-0.014327],[0.191523,0.981119,-0.026932,-0.009167],[-0.01131,0.029645,0.999497,0.003472],[0.0,0.0,0.0,1.0]],"antennas":[-0.034626,0.13005],"body_yaw":0.05574,"check_collision":false},{"head":[[0.980978,-0.193412,0.016573,-0.014315],[0.193812,0.980657,-0.027382,-0.009139],[-0.010957,0.030074,0.999488,0.003499],[0.0,0.0,0.0,1.0]],"antennas":[-0.034626,0.13005],"body_yaw":0.05574,"check_collision":false},{"head":[[0.980655,-0.195078,0.016166,-0.014361],[0.195464,0.980328,-0.027385,-0.008994],[-0.010506,0.030015,0.999494,0.003459],[0.0,0.0,0.0,1.0]],"antennas":[-0.034626,0.13005],"body_yaw":0.05574,"check_collision":false},{"head":[[0.980453,-0.196099,0.01603,-0.014421],[0.196479,0.98013,-0.027221,-0.008744],[-0.010373,0.029838,0.999501,0.00331],[0.0,0.0,0.0,1.0]],"antennas":[-0.034626,0.13005],"body_yaw":0.05574,"check_collision":false},{"head":[[0.980384,-0.196476,0.015633,-0.014351],[0.196841,0.980068,-0.026825,-0.009024],[-0.010051,0.029376,0.999518,0.003393],[0.0,0.0,0.0,1.0]],"antennas":[-0.034626,0.13005],"body_yaw":0.05574,"check_collision":false},{"head":[[0.980464,-0.196103,0.015317,-0.01425],[0.196451,0.980166,-0.026116,-0.00923],[-0.009892,0.028614,0.999542,0.003534],[0.0,0.0,0.0,1.0]],"antennas":[-0.044643,0.140288],"body_yaw":0.05574,"check_collision":false},{"head":[[0.980911,-0.193899,0.014718,-0.014107],[0.194219,0.980644,-0.024843,-0.00946],[-0.009616,0.027227,0.999583,0.003599],[0.0,0.0,0.0,1.0]],"antennas":[-0.063385,0.158692],"body_yaw":0.05574,"check_collision":false},{"head":[[0.981961,-0.18866,0.012619,-0.013951],[0.188908,0.981732,-0.022735,-0.009592],[-0.008099,0.024708,0.999662,0.003648],[0.0,0.0,0.0,1.0]],"antennas":[-0.092136,0.185419],"body_yaw":0.05574,"check_collision":false},{"head":[[0.983595,-0.180162,0.009058,-0.013698],[0.18031,0.98341,-0.019812,-0.009832],[-0.005339,0.021121,0.999763,0.003778],[0.0,0.0,0.0,1.0]],"antennas":[-0.129796,0.222747],"body_yaw":0.05574,"check_collision":false},{"head":[[0.985159,-0.171519,0.006619,-0.013554],[0.171618,0.984966,-0.019741,-0.009862],[-0.003134,0.020584,0.999783,0.003891],[0.0,0.0,0.0,1.0]],"antennas":[-0.174656,0.271976],"body_yaw":0.05574,"check_collision":false},{"head":[[0.986456,-0.163958,0.004765,-0.013436],[0.164021,0.986258,-0.019808,-0.009961],[-0.001452,0.020321,0.999792,0.003962],[0.0,0.0,0.0,1.0]],"antennas":[-0.225654,0.328486],"body_yaw":0.05574,"check_collision":false},{"head":[[0.987689,-0.156404,0.0029,-0.013407],[0.156431,0.987495,-0.019564,-0.010029],[0.000196,0.019776,0.999804,0.004015],[0.0,0.0,0.0,1.0]],"antennas":[-0.280566,0.391296],"body_yaw":0.05574,"check_collision":false},{"head":[[0.988776,-0.149392,0.002131,-0.013418],[0.149405,0.98858,-0.019697,-0.010077],[0.000836,0.019794,0.999804,0.004007],[0.0,0.0,0.0,1.0]],"antennas":[-0.343658,0.457262],"body_yaw":0.05574,"check_collision":false},{"head":[[0.989626,-0.143662,0.001481,-0.013392],[0.143663,0.989424,-0.020029,-0.009849],[0.001412,0.020034,0.999798,0.003843],[0.0,0.0,0.0,1.0]],"antennas":[-0.410406,0.526517],"body_yaw":0.05574,"check_collision":false},{"head":[[0.990309,-0.138874,0.001483,-0.01333],[0.138875,0.990092,-0.020798,-0.009811],[0.00142,0.020802,0.999783,0.003818],[0.0,0.0,0.0,1.0]],"antennas":[-0.477004,0.595832],"body_yaw":0.05574,"check_collision":false},{"head":[[0.990893,-0.134645,0.001608,-0.013312],[0.134648,0.99065,-0.021948,-0.009649],[0.001362,0.021965,0.999758,0.00373],[0.0,0.0,0.0,1.0]],"antennas":[-0.543851,0.665405],"body_yaw":0.05574,"check_collision":false},{"head":[[0.991357,-0.131188,0.001316,-0.013288],[0.131184,0.991099,-0.02267,-0.009543],[0.00167,0.022646,0.999742,0.003744],[0.0,0.0,0.0,1.0]],"antennas":[-0.610487,0.734758],"body_yaw":0.05574,"check_collision":false},{"head":[[0.991783,-0.127924,0.001091,-0.013299],[0.127915,0.991516,-0.023099,-0.009317],[0.001873,0.023049,0.999733,0.003711],[0.0,0.0,0.0,1.0]],"antennas":[-0.677005,0.803989],"body_yaw":0.05574,"check_collision":false},{"head":[[0.992307,-0.1238,0.000393,-0.013284],[0.123772,0.99201,-0.024425,-0.009236],[0.002634,0.024285,0.999702,0.003707],[0.0,0.0,0.0,1.0]],"antennas":[-0.743755,0.873462],"body_yaw":0.05574,"check_collision":false},{"head":[[0.992838,-0.119472,7.3e-05,-0.013086],[0.119434,0.992507,-0.025803,-0.009191],[0.00301,0.025627,0.999667,0.003702],[0.0,0.0,0.0,1.0]],"antennas":[-0.810208,0.942625],"body_yaw":0.05574,"check_collision":false},{"head":[[0.993223,-0.116228,-0.000138,-0.01295],[0.116183,0.992869,-0.026703,-0.009159],[0.00324,0.026506,0.999643,0.003663],[0.0,0.0,0.0,1.0]],"antennas":[-0.877197,1.012346],"body_yaw":0.05574,"check_collision":false},{"head":[[0.993518,-0.113677,-0.000201,-0.01288],[0.113628,0.993141,-0.027554,-0.009052],[0.003332,0.027352,0.99962,0.003614],[0.0,0.0,0.0,1.0]],"antennas":[-0.943636,1.081494],"body_yaw":0.05574,"check_collision":false},{"head":[[0.993911,-0.11019,-0.000238,-0.012819],[0.110137,0.993492,-0.029032,-0.00892],[0.003436,0.028829,0.999578,0.003591],[0.0,0.0,0.0,1.0]],"antennas":[-1.010498,1.151083],"body_yaw":0.05574,"check_collision":false},{"head":[[0.994211,-0.10745,-0.000101,-0.012781],[0.107398,0.993764,-0.029982,-0.008815],[0.003322,0.029797,0.99955,0.003508],[0.0,0.0,0.0,1.0]],"antennas":[-1.077153,1.220457],"body_yaw":0.05574,"check_collision":false},{"head":[[0.994405,-0.105639,-3.4e-05,-0.012731],[0.105587,0.99393,-0.030882,-0.008823],[0.003296,0.030706,0.999523,0.003514],[0.0,0.0,0.0,1.0]],"antennas":[-1.143939,1.289966],"body_yaw":0.05574,"check_collision":false},{"head":[[0.994655,-0.103258,-0.000295,-0.012733],[0.103197,0.994157,-0.031652,-0.008806],[0.003562,0.031452,0.999499,0.003533],[0.0,0.0,0.0,1.0]],"antennas":[-1.210701,1.35929],"body_yaw":0.05574,"check_collision":false},{"head":[[0.994919,-0.100673,-0.000555,-0.012724],[0.100603,0.994406,-0.032181,-0.008749],[0.003792,0.031962,0.999482,0.003565],[0.0,0.0,0.0,1.0]],"antennas":[-1.277243,1.427571],"body_yaw":0.05574,"check_collision":false},{"head":[[0.995078,-0.099091,-0.000714,-0.012706],[0.099015,0.994543,-0.032867,-0.008759],[0.003967,0.032635,0.999459,0.003579],[0.0,0.0,0.0,1.0]],"antennas":[-1.34399,1.495952],"body_yaw":0.05574,"check_collision":false},{"head":[[0.995298,-0.096852,-0.001098,-0.012719],[0.09676,0.99474,-0.03361,-0.008756],[0.004347,0.033345,0.999434,0.003599],[0.0,0.0,0.0,1.0]],"antennas":[-1.410663,1.564255],"body_yaw":0.05574,"check_collision":false},{"head":[[0.995511,-0.094631,-0.001443,-0.012746],[0.094526,0.994929,-0.034358,-0.008712],[0.004687,0.034068,0.999409,0.003622],[0.0,0.0,0.0,1.0]],"antennas":[-1.477435,1.63266],"body_yaw":0.05574,"check_collision":false},{"head":[[0.995577,-0.093933,-0.001462,-0.012723],[0.093824,0.994967,-0.035177,-0.008714],[0.004759,0.034884,0.99938,0.003627],[0.0,0.0,0.0,1.0]],"antennas":[-1.54415,1.700587],"body_yaw":0.05574,"check_collision":false},{"head":[[0.995584,-0.093873,-0.001009,-0.012683],[0.093776,0.994948,-0.035832,-0.008763],[0.004367,0.035579,0.999357,0.00363],[0.0,0.0,0.0,1.0]],"antennas":[-1.610787,1.76831],"body_yaw":0.05574,"check_collision":false},{"head":[[0.995678,-0.092873,-0.000902,-0.012668],[0.092779,0.99503,-0.036165,-0.008768],[0.004256,0.035925,0.999345,0.003672],[0.0,0.0,0.0,1.0]],"antennas":[-1.677416,1.836025],"body_yaw":0.05574,"check_collision":false},{"head":[[0.995732,-0.092293,-0.000543,-0.012634],[0.092212,0.995074,-0.036388,-0.008758],[0.003899,0.036183,0.999338,0.003719],[0.0,0.0,0.0,1.0]],"antennas":[-1.744265,1.903963],"body_yaw":0.05574,"check_collision":false},{"head":[[0.995706,-0.09257,1.4e-05,-0.012559],[0.092509,0.995037,-0.036649,-0.008772],[0.003378,0.036493,0.999328,0.003733],[0.0,0.0,0.0,1.0]],"antennas":[-1.810889,1.971673],"body_yaw":0.05574,"check_collision":false},{"head":[[0.995671,-0.092942,0.000415,-0.01252],[0.092894,0.994988,-0.037002,-0.00876],[0.003026,0.03688,0.999315,0.003744],[0.0,0.0,0.0,1.0]],"antennas":[-1.877659,2.038071],"body_yaw":0.05574,"check_collision":false},{"head":[[0.995632,-0.093366,0.000786,-0.012494],[0.09333,0.994931,-0.037427,-0.008753],[0.002712,0.037337,0.999299,0.003764],[0.0,0.0,0.0,1.0]],"antennas":[-1.941902,2.089342],"body_yaw":0.05574,"check_collision":false},{"head":[[0.995584,-0.093863,0.001263,-0.012459],[0.093843,0.994864,-0.037939,-0.008778],[0.002304,0.03789,0.999279,0.003792],[0.0,0.0,0.0,1.0]],"antennas":[-1.974429,2.097622],"body_yaw":0.05574,"check_collision":false},{"head":[[0.995504,-0.094699,0.001866,-0.012361],[0.094701,0.994759,-0.038554,-0.008968],[0.001795,0.038557,0.999255,0.003831],[0.0,0.0,0.0,1.0]],"antennas":[-1.977081,2.097622],"body_yaw":0.05574,"check_collision":false},{"head":[[0.995425,-0.095515,0.002392,-0.012388],[0.095535,0.994654,-0.039205,-0.009011],[0.001365,0.039254,0.999228,0.003847],[0.0,0.0,0.0,1.0]],"antennas":[-1.977081,2.097622],"body_yaw":0.05574,"check_collision":false},{"head":[[0.995323,-0.096547,0.003183,-0.012422],[0.096597,0.994525,-0.039873,-0.009026],[0.000684,0.039994,0.9992,0.003878],[0.0,0.0,0.0,1.0]],"antennas":[-1.977081,2.097622],"body_yaw":0.05574,"check_collision":false},{"head":[[0.995199,-0.097732,0.005315,-0.012537],[0.097868,0.994362,-0.040819,-0.009022],[-0.001295,0.041143,0.999152,0.00384],[0.0,0.0,0.0,1.0]],"antennas":[-1.977081,2.097622],"body_yaw":0.05574,"check_collision":false},{"head":[[0.99506,-0.098808,0.00966,-0.012633],[0.099132,0.994163,-0.04257,-0.00904],[-0.005398,0.043317,0.999047,0.00369],[0.0,0.0,0.0,1.0]],"antennas":[-1.977081,2.097622],"body_yaw":0.05574,"check_collision":false},{"head":[[0.994806,-0.100246,0.017655,-0.012844],[0.100935,0.993927,-0.043834,-0.009048],[-0.013153,0.045389,0.998883,0.003557],[0.0,0.0,0.0,1.0]],"antennas":[-1.977081,2.097622],"body_yaw":0.05574,"check_collision":false},{"head":[[0.994372,-0.10241,0.027156,-0.01302],[0.103543,0.993639,-0.044268,-0.009094],[-0.02245,0.046831,0.998651,0.003404],[0.0,0.0,0.0,1.0]],"antennas":[-1.977081,2.097622],"body_yaw":0.05574,"check_collision":false},{"head":[[0.993863,-0.104622,0.035922,-0.013065],[0.106179,0.993347,-0.044581,-0.009173],[-0.031018,0.048122,0.99836,0.003216],[0.0,0.0,0.0,1.0]],"antennas":[-1.977081,2.097622],"body_yaw":0.05574,"check_collision":false},{"head":[[0.993382,-0.106042,0.044131,-0.013052],[0.10801,0.993135,-0.044911,-0.009214],[-0.039065,0.04938,0.998016,0.002962],[0.0,0.0,0.0,1.0]],"antennas":[-1.977081,2.097622],"body_yaw":0.05574,"check_collision":false},{"head":[[0.992836,-0.106614,0.053952,-0.012926],[0.109051,0.993043,-0.044423,-0.009228],[-0.048841,0.049988,0.997555,0.002585],[0.0,0.0,0.0,1.0]],"antennas":[-1.977081,2.097622],"body_yaw":0.05574,"check_collision":false},{"head":[[0.992164,-0.107247,0.064097,-0.012626],[0.110118,0.992985,-0.043067,-0.009228],[-0.059029,0.049788,0.997014,0.002182],[0.0,0.0,0.0,1.0]],"antennas":[-1.977081,2.097622],"body_yaw":0.05574,"check_collision":false},{"head":[[0.991459,-0.1078,0.073398,-0.012439],[0.111116,0.992891,-0.042682,-0.009069],[-0.068275,0.050473,0.996389,0.001744],[0.0,0.0,0.0,1.0]],"antennas":[-1.977081,2.097622],"body_yaw":0.05574,"check_collision":false},{"head":[[0.990369,-0.108865,0.085548,-0.012386],[0.112963,0.992597,-0.044607,-0.008789],[-0.080058,0.053841,0.995335,0.001232],[0.0,0.0,0.0,1.0]],"antennas":[-1.977081,2.097622],"body_yaw":0.05574,"check_collision":false},{"head":[[0.989151,-0.109477,0.097955,-0.012246],[0.114437,0.99234,-0.046529,-0.00856],[-0.092111,0.057234,0.994103,0.000839],[0.0,0.0,0.0,1.0]],"antennas":[-1.977081,2.097622],"body_yaw":0.05574,"check_collision":false},{"head":[[0.988154,-0.109517,0.107507,-0.012084],[0.115269,0.992134,-0.048819,-0.008404],[-0.101315,0.060632,0.993005,0.000509],[0.0,0.0,0.0,1.0]],"antennas":[-1.977081,2.097622],"body_yaw":0.05574,"check_collision":false},{"head":[[0.986951,-0.109864,0.117717,-0.011888],[0.116487,0.991886,-0.050919,-0.008164],[-0.111168,0.063967,0.991741,0.000128],[0.0,0.0,0.0,1.0]],"antennas":[-1.977081,2.097622],"body_yaw":0.05574,"check_collision":false},{"head":[[0.985605,-0.110275,0.128151,-0.011637],[0.117761,0.99166,-0.052363,-0.008097],[-0.121308,0.066701,0.990371,-0.000304],[0.0,0.0,0.0,1.0]],"antennas":[-1.977081,2.097622],"body_yaw":0.05574,"check_collision":false},{"head":[[0.984356,-0.111227,0.136646,-0.0114],[0.119397,0.991426,-0.0531,-0.008163],[-0.129568,0.068585,0.989196,-0.000662],[0.0,0.0,0.0,1.0]],"antennas":[-1.977081,2.097622],"body_yaw":0.05574,"check_collision":false},{"head":[[0.983278,-0.111781,0.143769,-0.011267],[0.12061,0.991219,-0.054213,-0.008106],[-0.136446,0.070647,0.988125,-0.000974],[0.0,0.0,0.0,1.0]],"antennas":[-1.977081,2.097622],"body_yaw":0.05574,"check_collision":false},{"head":[[0.982104,-0.111966,0.151447,-0.01111],[0.121569,0.99102,-0.055686,-0.007865],[-0.143852,0.073101,0.986896,-0.001229],[0.0,0.0,0.0,1.0]],"antennas":[-1.977081,2.097622],"body_yaw":0.05574,"check_collision":false},{"head":[[0.980884,-0.112202,0.158989,-0.01082],[0.122701,0.990759,-0.057805,-0.007744],[-0.151034,0.076208,0.985587,-0.001334],[0.0,0.0,0.0,1.0]],"antennas":[-1.977081,2.097622],"body_yaw":0.05574,"check_collision":false},{"head":[[0.979277,-0.112765,0.168231,-0.010463],[0.124236,0.990482,-0.059261,-0.007742],[-0.159947,0.078933,0.983965,-0.001549],[0.0,0.0,0.0,1.0]],"antennas":[-1.977081,2.097622],"body_yaw":0.05574,"check_collision":false},{"head":[[0.97697,-0.112955,0.181026,-0.009867],[0.1259,0.990125,-0.061654,-0.007775],[-0.172274,0.083025,0.981544,-0.00189],[0.0,0.0,0.0,1.0]],"antennas":[-1.977081,2.097622],"body_yaw":0.05574,"check_collision":false},{"head":[[0.974727,-0.112535,0.192984,-0.009219],[0.126946,0.989844,-0.063975,-0.007869],[-0.183825,0.086856,0.979114,-0.002005],[0.0,0.0,0.0,1.0]],"antennas":[-1.977081,2.097622],"body_yaw":0.05574,"check_collision":false},{"head":[[0.972622,-0.112638,0.20327,-0.008572],[0.128398,0.989521,-0.066045,-0.008173],[-0.193701,0.090336,0.976893,-0.002051],[0.0,0.0,0.0,1.0]],"antennas":[-1.977081,2.097622],"body_yaw":0.05574,"check_collision":false},{"head":[[0.970445,-0.112434,0.21353,-0.007818],[0.129586,0.98923,-0.068061,-0.008432],[-0.203578,0.09372,0.974563,-0.00201],[0.0,0.0,0.0,1.0]],"antennas":[-1.977081,2.097622],"body_yaw":0.05574,"check_collision":false},{"head":[[0.96758,-0.111611,0.226564,-0.006926],[0.130374,0.989021,-0.069571,-0.008868],[-0.216312,0.096853,0.971508,-0.001973],[0.0,0.0,0.0,1.0]],"antennas":[-1.977081,2.097622],"body_yaw":0.05574,"check_collision":false},{"head":[[0.965298,-0.110541,0.236602,-0.006221],[0.130577,0.988913,-0.070711,-0.00949],[-0.226163,0.099152,0.96903,-0.001989],[0.0,0.0,0.0,1.0]],"antennas":[-1.977081,2.097622],"body_yaw":0.05574,"check_collision":false},{"head":[[0.964736,-0.110235,0.239025,-0.006098],[0.130552,0.988906,-0.070857,-0.009999],[-0.228563,0.099563,0.968425,-0.001755],[0.0,0.0,0.0,1.0]],"antennas":[-1.977081,2.097622],"body_yaw":0.05574,"check_collision":false},{"head":[[0.965548,-0.109575,0.236029,-0.006445],[0.129426,0.989096,-0.070275,-0.009767],[-0.225755,0.098402,0.969202,-0.00168],[0.0,0.0,0.0,1.0]],"antennas":[-1.977081,2.097622],"body_yaw":0.05574,"check_collision":false},{"head":[[0.967313,-0.110541,0.228223,-0.00644],[0.129337,0.989192,-0.069069,-0.010477],[-0.218122,0.096329,0.971156,-0.001212],[0.0,0.0,0.0,1.0]],"antennas":[-1.977081,2.097622],"body_yaw":0.05574,"check_collision":false},{"head":[[0.970486,-0.112472,0.213325,-0.006851],[0.128934,0.98953,-0.06485,-0.011507],[-0.203798,0.090441,0.974827,-0.000521],[0.0,0.0,0.0,1.0]],"antennas":[-1.977081,2.097622],"body_yaw":0.05574,"check_collision":false},{"head":[[0.974818,-0.11587,0.190537,-0.007505],[0.129202,0.989858,-0.059066,-0.012527],[-0.18176,0.082196,0.979902,0.000461],[0.0,0.0,0.0,1.0]],"antennas":[-1.977081,2.097622],"body_yaw":0.05574,"check_collision":false},{"head":[[0.978529,-0.121255,0.16667,-0.008001],[0.13216,0.989649,-0.055932,-0.013039],[-0.158163,0.076758,0.984425,0.001097],[0.0,0.0,0.0,1.0]],"antennas":[-1.977081,2.097622],"body_yaw":0.05574,"check_collision":false},{"head":[[0.981193,-0.124798,0.147259,-0.008341],[0.133779,0.989608,-0.052714,-0.013872],[-0.139151,0.071423,0.987692,0.001753],[0.0,0.0,0.0,1.0]],"antennas":[-1.977081,2.097622],"body_yaw":0.05574,"check_collision":false},{"head":[[0.982529,-0.12683,0.1362,-0.008731],[0.134756,0.989586,-0.050601,-0.013703],[-0.128364,0.06807,0.989388,0.001725],[0.0,0.0,0.0,1.0]],"antennas":[-1.977081,2.097622],"body_yaw":0.05574,"check_collision":false},{"head":[[0.982837,-0.127695,0.13314,-0.009093],[0.135367,0.989522,-0.050225,-0.013666],[-0.125332,0.067386,0.989824,0.001697],[0.0,0.0,0.0,1.0]],"antennas":[-1.977081,2.097622],"body_yaw":0.05574,"check_collision":false},{"head":[[0.982646,-0.127216,0.134993,-0.009202],[0.135099,0.989524,-0.050904,-0.013662],[-0.127103,0.068259,0.989538,0.001546],[0.0,0.0,0.0,1.0]],"antennas":[-1.977081,2.097622],"body_yaw":0.05574,"check_collision":false},{"head":[[0.981962,-0.126564,0.140474,-0.009236],[0.134959,0.989491,-0.051904,-0.013091],[-0.132428,0.069926,0.988723,0.001265],[0.0,0.0,0.0,1.0]],"antennas":[-1.977081,2.097622],"body_yaw":0.05574,"check_collision":false},{"head":[[0.980765,-0.124964,0.149948,-0.009247],[0.134346,0.989456,-0.054119,-0.012756],[-0.141604,0.073223,0.987212,0.001132],[0.0,0.0,0.0,1.0]],"antennas":[-1.977081,2.097622],"body_yaw":0.05574,"check_collision":false},{"head":[[0.979342,-0.122446,0.160922,-0.009142],[0.132712,0.989647,-0.05464,-0.01241],[-0.152565,0.074867,0.985454,0.000826],[0.0,0.0,0.0,1.0]],"antennas":[-1.977081,2.097622],"body_yaw":0.05574,"check_collision":false},{"head":[[0.977559,-0.119451,0.173523,-0.00881],[0.130608,0.989944,-0.05433,-0.012212],[-0.165289,0.075774,0.98333,0.000387],[0.0,0.0,0.0,1.0]],"antennas":[-1.977081,2.097622],"body_yaw":0.05574,"check_collision":false},{"head":[[0.975717,-0.117749,0.184693,-0.0084],[0.129745,0.990063,-0.054229,-0.012316],[-0.176472,0.076876,0.981299,0.000108],[0.0,0.0,0.0,1.0]],"antennas":[-1.977081,2.097622],"body_yaw":0.05574,"check_collision":false},{"head":[[0.973707,-0.115737,0.196214,-0.008096],[0.128669,0.990192,-0.054449,-0.01203],[-0.187987,0.078264,0.979048,-0.000322],[0.0,0.0,0.0,1.0]],"antennas":[-1.977081,2.097622],"body_yaw":0.05574,"check_collision":false},{"head":[[0.971318,-0.113481,0.208956,-0.007656],[0.127595,0.990283,-0.055308,-0.011682],[-0.200649,0.080383,0.97636,-0.00055],[0.0,0.0,0.0,1.0]],"antennas":[-1.977081,2.097622],"body_yaw":0.05574,"check_collision":false},{"head":[[0.969329,-0.113257,0.218117,-0.00714],[0.128365,0.990125,-0.056342,-0.011703],[-0.209582,0.082613,0.974295,-0.000842],[0.0,0.0,0.0,1.0]],"antennas":[-1.977081,2.097622],"body_yaw":0.05574,"check_collision":false},{"head":[[0.967477,-0.112628,0.226501,-0.00662],[0.128634,0.990044,-0.057146,-0.01166],[-0.21781,0.084423,0.972333,-0.001117],[0.0,0.0,0.0,1.0]],"antennas":[-1.977081,2.097622],"body_yaw":0.05574,"check_collision":false},{"head":[[0.964864,-0.111652,0.237847,-0.005936],[0.128882,0.989955,-0.05812,-0.011585],[-0.228968,0.086732,0.969562,-0.001432],[0.0,0.0,0.0,1.0]],"antennas":[-1.977081,2.097622],"body_yaw":0.05574,"check_collision":false},{"head":[[0.962516,-0.111272,0.24735,-0.005318],[0.129511,0.98984,-0.058681,-0.01188],[-0.238308,0.088516,0.967148,-0.001739],[0.0,0.0,0.0,1.0]],"antennas":[-1.977081,2.097622],"body_yaw":0.05574,"check_collision":false},{"head":[[0.960602,-0.110595,0.254976,-0.004751],[0.129593,0.989816,-0.0589,-0.012251],[-0.245866,0.089623,0.965152,-0.001895],[0.0,0.0,0.0,1.0]],"antennas":[-1.977081,2.097622],"body_yaw":0.05574,"check_collision":false},{"head":[[0.959189,-0.109836,0.260562,-0.004359],[0.129242,0.989886,-0.058496,-0.012442],[-0.251502,0.089785,0.963683,-0.001753],[0.0,0.0,0.0,1.0]],"antennas":[-1.977081,2.097622],"body_yaw":0.05574,"check_collision":false},{"head":[[0.958724,-0.108618,0.262773,-0.004212],[0.127959,0.990106,-0.057594,-0.012441],[-0.253917,0.088841,0.963137,-0.001635],[0.0,0.0,0.0,1.0]],"antennas":[-1.977081,2.097622],"body_yaw":0.05574,"check_collision":false},{"head":[[0.95999,-0.108928,0.257981,-0.004363],[0.127498,0.990238,-0.056331,-0.012408],[-0.249327,0.086969,0.964506,-0.001632],[0.0,0.0,0.0,1.0]],"antennas":[-1.977081,2.097622],"body_yaw":0.05574,"check_collision":false},{"head":[[0.961832,-0.110554,0.250314,-0.004606],[0.128173,0.990217,-0.055161,-0.012714],[-0.241767,0.085139,0.966592,-0.001537],[0.0,0.0,0.0,1.0]],"antennas":[-1.977081,2.097622],"body_yaw":0.05574,"check_collision":false},{"head":[[0.963809,-0.111843,0.241997,-0.004853],[0.128346,0.990286,-0.053491,-0.012727],[-0.233664,0.082615,0.968801,-0.001322],[0.0,0.0,0.0,1.0]],"antennas":[-1.977081,2.097622],"body_yaw":0.05574,"check_collision":false},{"head":[[0.966541,-0.113078,0.230243,-0.005239],[0.128076,0.990441,-0.051224,-0.012813],[-0.222249,0.078999,0.971784,-0.001054],[0.0,0.0,0.0,1.0]],"antennas":[-1.977081,2.097622],"body_yaw":0.05574,"check_collision":false},{"head":[[0.969536,-0.114812,0.216374,-0.005899],[0.128163,0.990558,-0.048671,-0.013083],[-0.208743,0.074919,0.975097,-0.00064],[0.0,0.0,0.0,1.0]],"antennas":[-1.977081,2.097622],"body_yaw":0.05574,"check_collision":false},{"head":[[0.972213,-0.116197,0.203226,-0.006601],[0.128335,0.99059,-0.047561,-0.013344],[-0.195787,0.07232,0.977976,-7.2e-05],[0.0,0.0,0.0,1.0]],"antennas":[-1.977081,2.097622],"body_yaw":0.05574,"check_collision":false},{"head":[[0.974368,-0.116989,0.192145,-0.007076],[0.128165,0.99065,-0.046759,-0.013778],[-0.184878,0.070186,0.980252,0.000629],[0.0,0.0,0.0,1.0]],"antennas":[-1.977081,2.097622],"body_yaw":0.05574,"check_collision":false},{"head":[[0.976038,-0.11733,0.18326,-0.007365],[0.127631,0.990781,-0.045425,-0.01444],[-0.176241,0.067726,0.982014,0.001277],[0.0,0.0,0.0,1.0]],"antennas":[-1.977081,2.097622],"body_yaw":0.05574,"check_collision":false},{"head":[[0.976962,-0.117581,0.178099,-0.007604],[0.127372,0.990855,-0.044536,-0.014164],[-0.171233,0.066195,0.983004,0.001226],[0.0,0.0,0.0,1.0]],"antennas":[-1.977081,2.097622],"body_yaw":0.05574,"check_collision":false},{"head":[[0.976957,-0.117289,0.178318,-0.007623],[0.12713,0.990876,-0.04476,-0.014527],[-0.171441,0.066398,0.982954,0.001398],[0.0,0.0,0.0,1.0]],"antennas":[-1.977081,2.097622],"body_yaw":0.05574,"check_collision":false},{"head":[[0.976726,-0.116618,0.180017,-0.007606],[0.126508,0.99097,-0.044433,-0.01423],[-0.173209,0.066172,0.98266,0.001301],[0.0,0.0,0.0,1.0]],"antennas":[-1.977081,2.097622],"body_yaw":0.05574,"check_collision":false},{"head":[[0.976226,-0.115545,0.18339,-0.007607],[0.125625,0.991088,-0.044296,-0.013611],[-0.176638,0.066281,0.982042,0.000924],[0.0,0.0,0.0,1.0]],"antennas":[-1.977081,2.097622],"body_yaw":0.05574,"check_collision":false},{"head":[[0.975292,-0.114543,0.188904,-0.007453],[0.124995,0.991166,-0.044341,-0.013492],[-0.182157,0.066858,0.980994,0.000832],[0.0,0.0,0.0,1.0]],"antennas":[-1.977081,2.097622],"body_yaw":0.05574,"check_collision":false},{"head":[[0.973637,-0.112664,0.19834,-0.006993],[0.123922,0.99126,-0.045251,-0.013886],[-0.191508,0.068637,0.979088,0.000811],[0.0,0.0,0.0,1.0]],"antennas":[-1.977081,2.097622],"body_yaw":0.05574,"check_collision":false},{"head":[[0.971033,-0.110196,0.21202,-0.006676],[0.122814,0.991304,-0.047253,-0.013747],[-0.20497,0.071923,0.976122,0.000355],[0.0,0.0,0.0,1.0]],"antennas":[-1.977081,2.097622],"body_yaw":0.05574,"check_collision":false},{"head":[[0.968558,-0.108884,0.223696,-0.006369],[0.122642,0.991265,-0.048515,-0.013511],[-0.216459,0.074424,0.973451,-7.8e-05],[0.0,0.0,0.0,1.0]],"antennas":[-1.977081,2.097622],"body_yaw":0.05574,"check_collision":false},{"head":[[0.966325,-0.10715,0.233957,-0.006076],[0.122179,0.991213,-0.05068,-0.013588],[-0.226471,0.077558,0.970925,-0.000309],[0.0,0.0,0.0,1.0]],"antennas":[-1.977081,2.097622],"body_yaw":0.05574,"check_collision":false},{"head":[[0.964189,-0.105186,0.243464,-0.005768],[0.121441,0.991199,-0.052703,-0.013838],[-0.235777,0.080382,0.968477,-0.000404],[0.0,0.0,0.0,1.0]],"antennas":[-1.977081,2.097622],"body_yaw":0.05574,"check_collision":false},{"head":[[0.962077,-0.103645,0.252321,-0.005367],[0.120967,0.991182,-0.054093,-0.013866],[-0.244489,0.082564,0.96613,-0.000541],[0.0,0.0,0.0,1.0]],"antennas":[-1.977081,2.097622],"body_yaw":0.05574,"check_collision":false},{"head":[[0.960524,-0.103095,0.258389,-0.005017],[0.121146,0.991116,-0.054896,-0.013864],[-0.250434,0.084031,0.96448,-0.000693],[0.0,0.0,0.0,1.0]],"antennas":[-1.977081,2.097622],"body_yaw":0.05574,"check_collision":false},{"head":[[0.959161,-0.102686,0.263564,-0.0048],[0.121475,0.991015,-0.055967,-0.013952],[-0.255449,0.085698,0.963017,-0.000711],[0.0,0.0,0.0,1.0]],"antennas":[-1.977081,2.097622],"body_yaw":0.05574,"check_collision":false},{"head":[[0.957815,-0.102041,0.268659,-0.004653],[0.121608,0.99093,-0.05718,-0.013854],[-0.260388,0.087439,0.961537,-0.00084],[0.0,0.0,0.0,1.0]],"antennas":[-1.977081,2.097622],"body_yaw":0.05574,"check_collision":false},{"head":[[0.956338,-0.100826,0.274319,-0.004538],[0.121295,0.990882,-0.058662,-0.013891],[-0.265903,0.089374,0.959848,-0.000892],[0.0,0.0,0.0,1.0]],"antennas":[-1.977081,2.097622],"body_yaw":0.05574,"check_collision":false},{"head":[[0.95526,-0.100015,0.278343,-0.004676],[0.121196,0.990819,-0.059916,-0.013045],[-0.269795,0.090969,0.958611,-0.00154],[0.0,0.0,0.0,1.0]],"antennas":[-1.977081,2.097622],"body_yaw":0.05574,"check_collision":false},{"head":[[0.954389,-0.099545,0.281484,-0.00471],[0.121228,0.99077,-0.060653,-0.012698],[-0.272848,0.09201,0.957647,-0.001814],[0.0,0.0,0.0,1.0]],"antennas":[-1.977081,2.097622],"body_yaw":0.05574,"check_collision":false},{"head":[[0.953498,-0.099183,0.284612,-0.004669],[0.12145,0.990682,-0.061643,-0.012831],[-0.275846,0.093342,0.956659,-0.001851],[0.0,0.0,0.0,1.0]],"antennas":[-1.977081,2.097622],"body_yaw":0.05574,"check_collision":false},{"head":[[0.952593,-0.098403,0.287896,-0.004611],[0.121399,0.990596,-0.0631,-0.012886],[-0.27898,0.095059,0.95558,-0.001805],[0.0,0.0,0.0,1.0]],"antennas":[-1.977081,2.097622],"body_yaw":0.05574,"check_collision":false},{"head":[[0.952158,-0.097755,0.289551,-0.004613],[0.121428,0.990476,-0.064911,-0.012614],[-0.280447,0.096965,0.954959,-0.001875],[0.0,0.0,0.0,1.0]],"antennas":[-1.977081,2.097622],"body_yaw":0.05574,"check_collision":false},{"head":[[0.951797,-0.09693,0.291011,-0.004618],[0.12134,0.990348,-0.066995,-0.012478],[-0.281708,0.099077,0.954371,-0.002042],[0.0,0.0,0.0,1.0]],"antennas":[-1.977081,2.097622],"body_yaw":0.05574,"check_collision":false},{"head":[[0.951191,-0.095822,0.29335,-0.004604],[0.120799,0.990331,-0.068205,-0.012305],[-0.283978,0.100312,0.953569,-0.002203],[0.0,0.0,0.0,1.0]],"antennas":[-1.977081,2.097622],"body_yaw":0.05574,"check_collision":false},{"head":[[0.950959,-0.095134,0.294323,-0.004673],[0.120472,0.990305,-0.069151,-0.012354],[-0.284891,0.101217,0.953201,-0.002084],[0.0,0.0,0.0,1.0]],"antennas":[-1.977081,2.097622],"body_yaw":0.05574,"check_collision":false},{"head":[[0.951139,-0.095112,0.293749,-0.004786],[0.120509,0.990272,-0.069565,-0.012254],[-0.284275,0.101566,0.953348,-0.001996],[0.0,0.0,0.0,1.0]],"antennas":[-1.977081,2.097622],"body_yaw":0.05574,"check_collision":false},{"head":[[0.951543,-0.095683,0.292251,-0.004852],[0.121021,0.99019,-0.069845,-0.012307],[-0.282701,0.101829,0.953788,-0.001868],[0.0,0.0,0.0,1.0]],"antennas":[-1.977081,2.097622],"body_yaw":0.05574,"check_collision":false},{"head":[[0.952813,-0.09671,0.287741,-0.005063],[0.121482,0.990159,-0.069475,-0.012186],[-0.278191,0.101152,0.955185,-0.001923],[0.0,0.0,0.0,1.0]],"antennas":[-1.977081,2.097622],"body_yaw":0.05574,"check_collision":false},{"head":[[0.955037,-0.098762,0.279553,-0.005429],[0.122263,0.990174,-0.067873,-0.012253],[-0.270103,0.099001,0.957728,-0.001763],[0.0,0.0,0.0,1.0]],"antennas":[-1.977081,2.097622],"body_yaw":0.05574,"check_collision":false},{"head":[[0.957123,-0.101048,0.271487,-0.005774],[0.123399,0.990126,-0.066512,-0.012591],[-0.262085,0.097161,0.960141,-0.001342],[0.0,0.0,0.0,1.0]],"antennas":[-1.977081,2.097622],"body_yaw":0.05574,"check_collision":false},{"head":[[0.958853,-0.102182,0.264878,-0.005929],[0.123689,0.990138,-0.065787,-0.012548],[-0.255543,0.095842,0.962035,-0.001148],[0.0,0.0,0.0,1.0]],"antennas":[-1.977081,2.097622],"body_yaw":0.05574,"check_collision":false},{"head":[[0.960142,-0.103502,0.259642,-0.006014],[0.124325,0.990107,-0.065056,-0.012821],[-0.25034,0.094743,0.963511,-0.00088],[0.0,0.0,0.0,1.0]],"antennas":[-1.977081,2.097622],"body_yaw":0.05574,"check_collision":false},{"head":[[0.960965,-0.104713,0.256089,-0.006148],[0.125022,0.990068,-0.064309,-0.013184],[-0.246811,0.093815,0.964512,-0.000581],[0.0,0.0,0.0,1.0]],"antennas":[-1.977081,2.097622],"body_yaw":0.05574,"check_collision":false},{"head":[[0.961672,-0.105851,0.252946,-0.006276],[0.125586,0.990071,-0.063145,-0.013469],[-0.243751,0.092491,0.965418,-0.000274],[0.0,0.0,0.0,1.0]],"antennas":[-1.977081,2.097622],"body_yaw":0.05574,"check_collision":false},{"head":[[0.962686,-0.106553,0.248763,-0.006427],[0.125551,0.990164,-0.06175,-0.013694],[-0.239736,0.090679,0.966594,-4.7e-05],[0.0,0.0,0.0,1.0]],"antennas":[-1.977081,2.097622],"body_yaw":0.05574,"check_collision":false},{"head":[[0.96348,-0.106726,0.245591,-0.006574],[0.125098,0.990303,-0.06042,-0.013877],[-0.236761,0.088936,0.967489,0.000113],[0.0,0.0,0.0,1.0]],"antennas":[-1.977081,2.097622],"body_yaw":0.05574,"check_collision":false},{"head":[[0.964639,-0.107683,0.240574,-0.006782],[0.125158,0.990409,-0.058536,-0.014227],[-0.231963,0.086576,0.968864,0.000343],[0.0,0.0,0.0,1.0]],"antennas":[-1.977081,2.097622],"body_yaw":0.05574,"check_collision":false},{"head":[[0.965771,-0.109135,0.235323,-0.007051],[0.125801,0.990419,-0.056968,-0.014198],[-0.226851,0.084622,0.970246,0.00051],[0.0,0.0,0.0,1.0]],"antennas":[-1.977081,2.097622],"body_yaw":0.05574,"check_collision":false},{"head":[[0.966797,-0.109962,0.230675,-0.007307],[0.125951,0.99047,-0.055727,-0.01404],[-0.222349,0.082931,0.971434,0.000585],[0.0,0.0,0.0,1.0]],"antennas":[-1.977081,2.097622],"body_yaw":0.05574,"check_collision":false},{"head":[[0.967725,-0.111394,0.226054,-0.007553],[0.126704,0.990451,-0.054342,-0.013748],[-0.217842,0.08123,0.972598,0.000564],[0.0,0.0,0.0,1.0]],"antennas":[-1.977081,2.097622],"body_yaw":0.05574,"check_collision":false},{"head":[[0.968681,-0.113379,0.220914,-0.007829],[0.127979,0.990365,-0.052892,-0.013694],[-0.212789,0.079508,0.973858,0.000699],[0.0,0.0,0.0,1.0]],"antennas":[-1.977081,2.097622],"body_yaw":0.05574,"check_collision":false},{"head":[[0.969706,-0.114785,0.215626,-0.008031],[0.128741,0.990325,-0.051788,-0.013606],[-0.207595,0.077979,0.975102,0.000794],[0.0,0.0,0.0,1.0]],"antennas":[-1.977081,2.097622],"body_yaw":0.05574,"check_collision":false},{"head":[[0.970632,-0.115859,0.210832,-0.008229],[0.129214,0.990322,-0.050663,-0.013547],[-0.202921,0.076418,0.976209,0.000893],[0.0,0.0,0.0,1.0]],"antennas":[-1.977081,2.097622],"body_yaw":0.05574,"check_collision":false},{"head":[[0.971229,-0.116449,0.207737,-0.008358],[0.129357,0.990355,-0.049627,-0.013807],[-0.199954,0.075071,0.976925,0.001139],[0.0,0.0,0.0,1.0]],"antennas":[-1.977081,2.097622],"body_yaw":0.05574,"check_collision":false},{"head":[[0.971518,-0.117022,0.206053,-0.008484],[0.129728,0.990327,-0.049224,-0.013636],[-0.1983,0.074553,0.977302,0.001108],[0.0,0.0,0.0,1.0]],"antennas":[-1.977081,2.097622],"body_yaw":0.05574,"check_collision":false},{"head":[[0.971793,-0.117405,0.204536,-0.008599],[0.129928,0.990318,-0.048867,-0.013507],[-0.196819,0.074063,0.977638,0.001072],[0.0,0.0,0.0,1.0]],"antennas":[-1.977081,2.097622],"body_yaw":0.05574,"check_collision":false},{"head":[[0.972055,-0.117272,0.20336,-0.008681],[0.129638,0.990372,-0.048548,-0.013681],[-0.195709,0.073554,0.9779,0.001247],[0.0,0.0,0.0,1.0]],"antennas":[-1.977081,2.097622],"body_yaw":0.05574,"check_collision":false},{"head":[[0.972493,-0.117349,0.20121,-0.008786],[0.129364,0.990454,-0.047598,-0.013594],[-0.193704,0.072318,0.978391,0.001329],[0.0,0.0,0.0,1.0]],"antennas":[-1.977081,2.097622],"body_yaw":0.05574,"check_collision":false},{"head":[[0.972997,-0.117894,0.198441,-0.008959],[0.129616,0.990444,-0.047113,-0.013752],[-0.19099,0.071562,0.97898,0.001447],[0.0,0.0,0.0,1.0]],"antennas":[-1.977081,2.097622],"body_yaw":0.05574,"check_collision":false},{"head":[[0.973379,-0.118591,0.196138,-0.009121],[0.130092,0.990397,-0.046787,-0.0137],[-0.188706,0.071057,0.97946,0.001464],[0.0,0.0,0.0,1.0]],"antennas":[-1.977081,2.097622],"body_yaw":0.05574,"check_collision":false},{"head":[[0.973613,-0.118717,0.194893,-0.009252],[0.130028,0.990431,-0.04626,-0.013563],[-0.187536,0.070381,0.979733,0.001569],[0.0,0.0,0.0,1.0]],"antennas":[-1.977081,2.097622],"body_yaw":0.05574,"check_collision":false},{"head":[[0.9738,-0.118774,0.193925,-0.009346],[0.12988,0.990483,-0.045552,-0.013432],[-0.186669,0.069545,0.979958,0.001639],[0.0,0.0,0.0,1.0]],"antennas":[-1.976908,2.097622],"body_yaw":0.05574,"check_collision":false},{"head":[[0.974155,-0.119239,0.191843,-0.00949],[0.130028,0.990506,-0.044625,-0.013313],[-0.184701,0.068416,0.98041,0.001653],[0.0,0.0,0.0,1.0]],"antennas":[-1.967526,2.097496],"body_yaw":0.05574,"check_collision":false},{"head":[[0.974749,-0.119453,0.188669,-0.009728],[0.129846,0.990572,-0.043679,-0.013223],[-0.181673,0.067074,0.981069,0.001753],[0.0,0.0,0.0,1.0]],"antennas":[-1.944812,2.084608],"body_yaw":0.05574,"check_collision":false},{"head":[[0.975316,-0.119792,0.185496,-0.009906],[0.129784,0.990625,-0.042649,-0.013112],[-0.178648,0.065671,0.981719,0.001774],[0.0,0.0,0.0,1.0]],"antennas":[-1.902956,2.057241],"body_yaw":0.05574,"check_collision":false},{"head":[[0.975788,-0.120333,0.182642,-0.010017],[0.129984,0.990635,-0.041779,-0.013096],[-0.175904,0.064508,0.982291,0.001858],[0.0,0.0,0.0,1.0]],"antennas":[-1.842922,2.017037],"body_yaw":0.05574,"check_collision":false},{"head":[[0.976196,-0.121024,0.179985,-0.010122],[0.130327,0.990634,-0.040746,-0.012909],[-0.173368,0.063233,0.982825,0.001911],[0.0,0.0,0.0,1.0]],"antennas":[-1.774151,1.968508],"body_yaw":0.05574,"check_collision":false},{"head":[[0.976638,-0.121149,0.177487,-0.010287],[0.130087,0.990713,-0.039573,-0.012636],[-0.171044,0.061737,0.983327,0.001851],[0.0,0.0,0.0,1.0]],"antennas":[-1.704166,1.916401],"body_yaw":0.05574,"check_collision":false},{"head":[[0.977004,-0.121452,0.175247,-0.010365],[0.130098,0.990746,-0.038679,-0.012573],[-0.168928,0.060589,0.983764,0.001892],[0.0,0.0,0.0,1.0]],"antennas":[-1.634876,1.863704],"body_yaw":0.05574,"check_collision":false},{"head":[[0.97729,-0.122181,0.173135,-0.01045],[0.130619,0.990698,-0.038169,-0.012385],[-0.166861,0.059917,0.984158,0.001972],[0.0,0.0,0.0,1.0]],"antennas":[-1.565333,1.80973],"body_yaw":0.05574,"check_collision":false},{"head":[[0.97778,-0.122855,0.169863,-0.01057],[0.131004,0.990669,-0.037586,-0.012261],[-0.16366,0.059004,0.984751,0.002077],[0.0,0.0,0.0,1.0]],"antennas":[-1.495882,1.755274],"body_yaw":0.05574,"check_collision":false},{"head":[[0.978437,-0.123835,0.165306,-0.010785],[0.131594,0.990621,-0.036798,-0.012267],[-0.159198,0.057758,0.985556,0.002184],[0.0,0.0,0.0,1.0]],"antennas":[-1.42649,1.700575],"body_yaw":0.05574,"check_collision":false},{"head":[[0.97906,-0.124873,0.160777,-0.01096],[0.132238,0.990567,-0.035912,-0.012192],[-0.154776,0.056421,0.986337,0.002258],[0.0,0.0,0.0,1.0]],"antennas":[-1.356887,1.645709],"body_yaw":0.05574,"check_collision":false},{"head":[[0.979658,-0.12579,0.156356,-0.011047],[0.132712,0.99055,-0.034608,-0.012284],[-0.150525,0.054654,0.987094,0.00241],[0.0,0.0,0.0,1.0]],"antennas":[-1.287706,1.591177],"body_yaw":0.05574,"check_collision":false},{"head":[[0.980458,-0.126835,0.150382,-0.011117],[0.133216,0.990534,-0.033101,-0.012349],[-0.14476,0.052487,0.988074,0.002514],[0.0,0.0,0.0,1.0]],"antennas":[-1.21809,1.536301],"body_yaw":0.05574,"check_collision":false},{"head":[[0.981446,-0.128657,0.142168,-0.011188],[0.134349,0.990444,-0.031152,-0.012305],[-0.136802,0.049674,0.989352,0.002723],[0.0,0.0,0.0,1.0]],"antennas":[-1.148784,1.48167],"body_yaw":0.05574,"check_collision":false},{"head":[[0.982337,-0.130431,0.134169,-0.011298],[0.135581,0.990313,-0.029956,-0.012108],[-0.128962,0.047618,0.990506,0.002923],[0.0,0.0,0.0,1.0]],"antennas":[-1.079483,1.4270