{"description":"You\u2019re very sad and start whining.","time":[0.0,0.02,0.04,0.06,0.08,0.1,0.12,0.14,0.16,0.18,0.2,0.22,0.24,0.26,0.28,0.3,0.32,0.34,0.36,0.38,0.4,0.42,0.44,0.46,0.48,0.5,0.52,0.54,0.56,0.58,0.6,0.62,0.64,0.66,0.68,0.7,0.72,0.74,0.76,0.78,0.8,0.82,0.84,0.86,0.88,0.9,0.92,0.94,0.96,0.98,1.0,1.02,1.04,1.06,1.08,1.1,1.12,1.14,1.16,1.18,1.2,1.22,1.24,1.26,1.28,1.3,1.32,1.34,1.36,1.38,1.4,1.42,1.44,1.46,1.48,1.5,1.52,1.54,1.56,1.58,1.6,1.62,1.64,1.66,1.68,1.7,1.72,1.74,1.76,1.78,1.8,1.82,1.84,1.86,1.88,1.9,1.92,1.94,1.96,1.98,2.0,2.02,2.04,2.06,2.08,2.1,2.12,2.14,2.16,2.18,2.2,2.22,2.24,2.26,2.28,2.3,2.32,2.34,2.36,2.38,2.4,2.42,2.44,2.46,2.48,2.5,2.52,2.54,2.56,2.58,2.6,2.62,2.64,2.66,2.68,2.7,2.72,2.74,2.76,2.78,2.8,2.82,2.84,2.86,2.88,2.9,2.92,2.94,2.96,2.98,3.0,3.02,3.04,3.06,3.08,3.1,3.12,3.14,3.16,3.18,3.2,3.22,3.24,3.26,3.28,3.3,3.32,3.34,3.36,3.38,3.4,3.42,3.44,3.46,3.48,3.5,3.52,3.54,3.56,3.58,3.6,3.62,3.64,3.66,3.68,3.7,3.72,3.74,3.76,3.78,3.8,3.82,3.84,3.86,3.88,3.9,3.92,3.94,3.96,3.98,4.0,4.02,4.04,4.06,4.08,4.1,4.12,4.14,4.16,4.18,4.2,4.22,4.24,4.26,4.28,4.3,4.32,4.34,4.36,4.38,4.4,4.42,4.44,4.46,4.48,4.5,4.52,4.54,4.56,4.58,4.6,4.62,4.64,4.66,4.68,4.7,4.72,4.74,4.76,4.78,4.8,4.82,4.84,4.86,4.88,4.9,4.92,4.94,4.96,4.98,5.0,5.02,5.04,5.06,5.08,5.1,5.12,5.14,5.16,5.18,5.2,5.22,5.24,5.26,5.28,5.3,5.32,5.34,5.36,5.38,5.4,5.42,5.44,5.46,5.48,5.5,5.52,5.54,5.56,5.58,5.6,5.62,5.64,5.66,5.68,5.7,5.72,5.74,5.76,5.78,5.8,5.82,5.84,5.86,5.88,5.9,5.92,5.94,5.96,5.98,6.0,6.02,6.04,6.06,6.08,6.1,6.12,6.14,6.16,6.18,6.2,6.22,6.24,6.26,6.28,6.3,6.32,6.34,6.36,6.38,6.4,6.42,6.44,6.46,6.48,6.5,6.52,6.54,6.56,6.58,6.6,6.62,6.64,6.66,6.68,6.7,6.72,6.74,6.76,6.78,6.8,6.82,6.84,6.86,6.88,6.9,6.92,6.94,6.96,6.98,7.0,7.02,7.04,7.06,7.08,7.1,7.12,7.14,7.16,7.18,7.2,7.22,7.24,7.26,7.28,7.3,7.32,7.34,7.36,7.38,7.4,7.42,7.44,7.46,7.48,7.5,7.52,7.54,7.56,7.58,7.6,7.62,7.64,7.66,7.68,7.7,7.72,7.74,7.76,7.78,7.8,7.82,7.84,7.86,7.88,7.9,7.92,7.94,7.96,7.98,8.0,8.02,8.04,8.06,8.08,8.1,8.12,8.14,8.16,8.18,8.2,8.22,8.24,8.26,8.28,8.3,8.32,8.34,8.36,8.38,8.4,8.42,8.44,8.46,8.48,8.5,8.52,8.54,8.56,8.58,8.6,8.62,8.64,8.66,8.68,8.7,8.72,8.74,8.76,8.78,8.8,8.82,8.84,8.86,8.88,8.9,8.92,8.94,8.96,8.98,9.0,9.02],"set_target_data":[{"head":[[0.992061,-0.104951,0.069286,-0.003828],[0.113023,0.985664,-0.125267,-0.01006],[-0.055146,0.132103,0.989701,0.0057],[0.0,0.0,0.0,1.0]],"antennas":[-0.020948,0.02095],"body_yaw":0.145647,"check_collision":false},{"head":[[0.992313,-0.105506,0.064674,-0.004004],[0.112943,0.985726,-0.124851,-0.010122],[-0.050579,0.131196,0.990065,0.005831],[0.0,0.0,0.0,1.0]],"antennas":[-0.020948,0.02095],"body_yaw":0.145647,"check_collision":false},{"head":[[0.992569,-0.104608,0.062165,-0.003991],[0.111683,0.985967,-0.124081,-0.010071],[-0.048313,0.130101,0.990323,0.00576],[0.0,0.0,0.0,1.0]],"antennas":[-0.020948,0.02095],"body_yaw":0.145647,"check_collision":false},{"head":[[0.992859,-0.103787,0.058817,-0.003968],[0.110386,0.986238,-0.12308,-0.010162],[-0.045233,0.128694,0.990652,0.005815],[0.0,0.0,0.0,1.0]],"antennas":[-0.020948,0.02095],"body_yaw":0.145647,"check_collision":false},{"head":[[0.993134,-0.10352,0.054478,-0.004111],[0.109544,0.986388,-0.122632,-0.009846],[-0.041042,0.127758,0.990956,0.005785],[0.0,0.0,0.0,1.0]],"antennas":[-0.020948,0.02095],"body_yaw":0.145647,"check_collision":false},{"head":[[0.99341,-0.103333,0.049591,-0.004282],[0.1087,0.986596,-0.121705,-0.009864],[-0.03635,0.126293,0.991327,0.00606],[0.0,0.0,0.0,1.0]],"antennas":[-0.020948,0.02095],"body_yaw":0.145647,"check_collision":false},{"head":[[0.993559,-0.103271,0.046653,-0.004406],[0.108229,0.986785,-0.120592,-0.009713],[-0.033583,0.124865,0.991605,0.006346],[0.0,0.0,0.0,1.0]],"antennas":[-0.020948,0.02095],"body_yaw":0.145647,"check_collision":false},{"head":[[0.993677,-0.1027,0.045365,-0.004387],[0.107476,0.986961,-0.119816,-0.009626],[-0.032468,0.123934,0.991759,0.006478],[0.0,0.0,0.0,1.0]],"antennas":[-0.020948,0.02095],"body_yaw":0.145647,"check_collision":false},{"head":[[0.993798,-0.102355,0.043456,-0.004398],[0.106881,0.987087,-0.119314,-0.009439],[-0.030683,0.123219,0.991905,0.006519],[0.0,0.0,0.0,1.0]],"antennas":[-0.020948,0.02095],"body_yaw":0.145647,"check_collision":false},{"head":[[0.993854,-0.101973,0.043069,-0.004351],[0.106457,0.987119,-0.119429,-0.009597],[-0.030336,0.12328,0.991908,0.006728],[0.0,0.0,0.0,1.0]],"antennas":[-0.020948,0.02095],"body_yaw":0.145647,"check_collision":false},{"head":[[0.993957,-0.100885,0.043255,-0.004302],[0.105404,0.987213,-0.119586,-0.009527],[-0.030637,0.123423,0.991881,0.006818],[0.0,0.0,0.0,1.0]],"antennas":[-0.020948,0.02095],"body_yaw":0.145647,"check_collision":false},{"head":[[0.99404,-0.100118,0.043145,-0.004319],[0.104642,0.987244,-0.120001,-0.009512],[-0.030581,0.123801,0.991836,0.006926],[0.0,0.0,0.0,1.0]],"antennas":[-0.020948,0.02095],"body_yaw":0.145647,"check_collision":false},{"head":[[0.993935,-0.101,0.043493,-0.004434],[0.105566,0.987126,-0.120155,-0.009599],[-0.030798,0.124018,0.991802,0.007176],[0.0,0.0,0.0,1.0]],"antennas":[-0.020948,0.02095],"body_yaw":0.145647,"check_collision":false},{"head":[[0.993952,-0.100425,0.044432,-0.004424],[0.105108,0.987191,-0.12003,-0.009599],[-0.031809,0.123974,0.991775,0.00751],[0.0,0.0,0.0,1.0]],"antennas":[-0.020948,0.02095],"body_yaw":0.145647,"check_collision":false},{"head":[[0.994,-0.099627,0.04514,-0.00438],[0.104437,0.987135,-0.121071,-0.009757],[-0.032497,0.125059,0.991617,0.007968],[0.0,0.0,0.0,1.0]],"antennas":[-0.020948,0.02095],"body_yaw":0.145647,"check_collision":false},{"head":[[0.994005,-0.099263,0.045826,-0.004369],[0.104218,0.986948,-0.122766,-0.009857],[-0.033042,0.126806,0.991377,0.008422],[0.0,0.0,0.0,1.0]],"antennas":[-0.020948,0.02095],"body_yaw":0.145647,"check_collision":false},{"head":[[0.99409,-0.098197,0.046296,-0.004373],[0.103247,0.98695,-0.123572,-0.010151],[-0.033557,0.127622,0.991255,0.009],[0.0,0.0,0.0,1.0]],"antennas":[-0.020948,0.02095],"body_yaw":0.145647,"check_collision":false},{"head":[[0.994188,-0.097243,0.046195,-0.004406],[0.102289,0.98704,-0.123648,-0.010315],[-0.033573,0.127655,0.99125,0.009553],[0.0,0.0,0.0,1.0]],"antennas":[-0.020948,0.02095],"body_yaw":0.145647,"check_collision":false},{"head":[[0.994231,-0.096998,0.04578,-0.004445],[0.101985,0.987104,-0.123392,-0.010323],[-0.03322,0.127349,0.991301,0.010031],[0.0,0.0,0.0,1.0]],"antennas":[-0.020948,0.02095],"body_yaw":0.145647,"check_collision":false},{"head":[[0.994336,-0.096114,0.04537,-0.004526],[0.101008,0.987375,-0.122012,-0.010522],[-0.03307,0.125904,0.991491,0.010615],[0.0,0.0,0.0,1.0]],"antennas":[-0.020948,0.02095],"body_yaw":0.145647,"check_collision":false},{"head":[[0.994442,-0.094986,0.045422,-0.004536],[0.099846,0.987671,-0.120568,-0.01047],[-0.03341,0.124433,0.991665,0.011075],[0.0,0.0,0.0,1.0]],"antennas":[-0.020948,0.02095],"body_yaw":0.145647,"check_collision":false},{"head":[[0.994537,-0.093759,0.04589,-0.004464],[0.098661,0.987879,-0.119841,-0.010588],[-0.034098,0.123714,0.991732,0.011557],[0.0,0.0,0.0,1.0]],"antennas":[-0.020948,0.02095],"body_yaw":0.145647,"check_collision":false},{"head":[[0.994596,-0.092815,0.046521,-0.004427],[0.097782,0.988032,-0.119295,-0.01082],[-0.034892,0.123199,0.991768,0.01203],[0.0,0.0,0.0,1.0]],"antennas":[-0.020948,0.02095],"body_yaw":0.145647,"check_collision":false},{"head":[[0.994683,-0.091626,0.047018,-0.004351],[0.096643,0.988208,-0.118762,-0.010754],[-0.035582,0.122675,0.991809,0.012434],[0.0,0.0,0.0,1.0]],"antennas":[-0.020948,0.02095],"body_yaw":0.145647,"check_collision":false},{"head":[[0.994793,-0.090471,0.046914,-0.004272],[0.095467,0.988375,-0.118325,-0.010464],[-0.035664,0.122187,0.991866,0.012748],[0.0,0.0,0.0,1.0]],"antennas":[-0.020948,0.02095],"body_yaw":0.145647,"check_collision":false},{"head":[[0.994836,-0.090573,0.045809,-0.004201],[0.095462,0.988277,-0.119149,-0.010307],[-0.03448,0.122907,0.991819,0.013111],[0.0,0.0,0.0,1.0]],"antennas":[-0.020948,0.02095],"body_yaw":0.145647,"check_collision":false},{"head":[[0.994841,-0.09077,0.045294,-0.004129],[0.09562,0.98817,-0.1199,-0.01042],[-0.033875,0.123612,0.991752,0.013528],[0.0,0.0,0.0,1.0]],"antennas":[-0.020948,0.02095],"body_yaw":0.145647,"check_collision":false},{"head":[[0.994907,-0.090471,0.044434,-0.004054],[0.095248,0.988093,-0.120831,-0.01055],[-0.032973,0.124448,0.991678,0.013883],[0.0,0.0,0.0,1.0]],"antennas":[-0.020948,0.02095],"body_yaw":0.145647,"check_collision":false},{"head":[[0.994965,-0.089795,0.044507,-0.003976],[0.094622,0.98802,-0.121912,-0.010668],[-0.033027,0.125509,0.991543,0.014144],[0.0,0.0,0.0,1.0]],"antennas":[-0.020948,0.02095],"body_yaw":0.145647,"check_collision":false},{"head":[[0.99511,-0.088185,0.044488,-0.003905],[0.093049,0.988064,-0.122763,-0.010674],[-0.033131,0.126302,0.991438,0.014349],[0.0,0.0,0.0,1.0]],"antennas":[-0.020948,0.02095],"body_yaw":0.145647,"check_collision":false},{"head":[[0.995234,-0.087057,0.043931,-0.003868],[0.091879,0.988098,-0.123369,-0.010774],[-0.032668,0.126817,0.991388,0.014587],[0.0,0.0,0.0,1.0]],"antennas":[-0.020948,0.02095],"body_yaw":0.145647,"check_collision":false},{"head":[[0.99537,-0.085959,0.042998,-0.003803],[0.090683,0.988156,-0.123788,-0.010894],[-0.031848,0.127114,0.991377,0.014867],[0.0,0.0,0.0,1.0]],"antennas":[-0.020948,0.02095],"body_yaw":0.145647,"check_collision":false},{"head":[[0.995531,-0.084689,0.041783,-0.003741],[0.089303,0.988138,-0.124931,-0.011029],[-0.030707,0.128105,0.991285,0.015151],[0.0,0.0,0.0,1.0]],"antennas":[-0.020948,0.02095],"body_yaw":0.145647,"check_collision":false},{"head":[[0.995614,-0.083989,0.041219,-0.003659],[0.088575,0.988047,-0.126167,-0.011109],[-0.03013,0.129264,0.991152,0.015389],[0.0,0.0,0.0,1.0]],"antennas":[-0.020948,0.02095],"body_yaw":0.145647,"check_collision":false},{"head":[[0.995719,-0.082938,0.040811,-0.003569],[0.087496,0.988071,-0.126732,-0.011278],[-0.029813,0.12976,0.991097,0.015494],[0.0,0.0,0.0,1.0]],"antennas":[-0.020948,0.02095],"body_yaw":0.145647,"check_collision":false},{"head":[[0.99581,-0.081872,0.040727,-0.003473],[0.08643,0.988149,-0.126856,-0.011351],[-0.029859,0.129844,0.991085,0.015491],[0.0,0.0,0.0,1.0]],"antennas":[-0.020948,0.02095],"body_yaw":0.145647,"check_collision":false},{"head":[[0.995882,-0.08099,0.040727,-0.003378],[0.085561,0.988199,-0.127053,-0.011441],[-0.029957,0.130015,0.991059,0.015524],[0.0,0.0,0.0,1.0]],"antennas":[-0.020948,0.02095],"body_yaw":0.145647,"check_collision":false},{"head":[[0.995939,-0.080253,0.04081,-0.003275],[0.084858,0.988186,-0.127626,-0.01143],[-0.030085,0.13057,0.990982,0.015562],[0.0,0.0,0.0,1.0]],"antennas":[-0.020948,0.02095],"body_yaw":0.145647,"check_collision":false},{"head":[[0.995931,-0.079893,0.041702,-0.003154],[0.084632,0.988145,-0.12809,-0.011403],[-0.030974,0.131098,0.990885,0.01556],[0.0,0.0,0.0,1.0]],"antennas":[-0.028405,0.022705],"body_yaw":0.145647,"check_collision":false},{"head":[[0.995897,-0.079574,0.043083,-0.00303],[0.084496,0.988162,-0.128044,-0.011363],[-0.032384,0.131159,0.990832,0.015589],[0.0,0.0,0.0,1.0]],"antennas":[-0.042326,0.03122],"body_yaw":0.145647,"check_collision":false},{"head":[[0.99586,-0.079314,0.044412,-0.002846],[0.084412,0.988168,-0.12806,-0.011486],[-0.033729,0.131279,0.990772,0.01564],[0.0,0.0,0.0,1.0]],"antennas":[-0.061014,0.042743],"body_yaw":0.145647,"check_collision":false},{"head":[[0.995821,-0.0789,0.046001,-0.002656],[0.084198,0.988231,-0.12771,-0.01164],[-0.035383,0.13105,0.990744,0.015663],[0.0,0.0,0.0,1.0]],"antennas":[-0.083979,0.056514],"body_yaw":0.145647,"check_collision":false},{"head":[[0.995784,-0.078364,0.04768,-0.00249],[0.083879,0.988286,-0.127493,-0.011819],[-0.03713,0.130955,0.990693,0.015625],[0.0,0.0,0.0,1.0]],"antennas":[-0.109253,0.072492],"body_yaw":0.145647,"check_collision":false},{"head":[[0.995696,-0.078227,0.04969,-0.002342],[0.084001,0.988293,-0.127362,-0.011747],[-0.039145,0.130988,0.990611,0.015467],[0.0,0.0,0.0,1.0]],"antennas":[-0.135325,0.090515],"body_yaw":0.145647,"check_collision":false},{"head":[[0.995608,-0.077847,0.052001,-0.002213],[0.08393,0.988291,-0.127422,-0.011627],[-0.041473,0.131227,0.990484,0.015211],[0.0,0.0,0.0,1.0]],"antennas":[-0.162678,0.110226],"body_yaw":0.145647,"check_collision":false},{"head":[[0.995469,-0.077271,0.055422,-0.002121],[0.083803,0.988318,-0.1273,-0.011615],[-0.044938,0.131367,0.990315,0.01498],[0.0,0.0,0.0,1.0]],"antennas":[-0.191816,0.131177],"body_yaw":0.145647,"check_collision":false},{"head":[[0.9953,-0.07705,0.058666,-0.002061],[0.083996,0.988343,-0.126975,-0.011461],[-0.048199,0.131306,0.99017,0.014774],[0.0,0.0,0.0,1.0]],"antennas":[-0.221565,0.153144],"body_yaw":0.145647,"check_collision":false},{"head":[[0.995121,-0.077589,0.060944,-0.002003],[0.084822,0.988296,-0.126793,-0.011378],[-0.050393,0.131343,0.990055,0.014619],[0.0,0.0,0.0,1.0]],"antennas":[-0.251674,0.175954],"body_yaw":0.145647,"check_collision":false},{"head":[[0.994957,-0.078183,0.062826,-0.002035],[0.085685,0.98816,-0.127269,-0.01137],[-0.052132,0.132011,0.989876,0.014419],[0.0,0.0,0.0,1.0]],"antennas":[-0.282492,0.199134],"body_yaw":0.145647,"check_collision":false},{"head":[[0.994743,-0.078394,0.06588,-0.002081],[0.086343,0.988002,-0.128051,-0.011314],[-0.055051,0.133066,0.989577,0.014117],[0.0,0.0,0.0,1.0]],"antennas":[-0.313324,0.222325],"body_yaw":0.145647,"check_collision":false},{"head":[[0.994456,-0.077704,0.070848,-0.002067],[0.086326,0.987997,-0.128103,-0.011369],[-0.060044,0.133509,0.989227,0.013793],[0.0,0.0,0.0,1.0]],"antennas":[-0.343961,0.245369],"body_yaw":0.145647,"check_collision":false},{"head":[[0.994145,-0.0773,0.075501,-0.002097],[0.086497,0.988084,-0.12731,-0.01139],[-0.06476,0.133095,0.988985,0.013469],[0.0,0.0,0.0,1.0]],"antennas":[-0.374778,0.268547],"body_yaw":0.145647,"check_collision":false},{"head":[[0.993818,-0.077591,0.079408,-0.00221],[0.08728,0.988071,-0.126879,-0.011371],[-0.068616,0.133026,0.988735,0.013197],[0.0,0.0,0.0,1.0]],"antennas":[-0.40544,0.29161],"body_yaw":0.145647,"check_collision":false},{"head":[[0.993602,-0.077657,0.081998,-0.002329],[0.087675,0.988067,-0.126635,-0.011259],[-0.071186,0.133014,0.988554,0.012941],[0.0,0.0,0.0,1.0]],"antennas":[-0.436406,0.314901],"body_yaw":0.145647,"check_collision":false},{"head":[[0.993406,-0.07754,0.084447,-0.002467],[0.087926,0.987978,-0.127158,-0.01134],[-0.073572,0.133745,0.988281,0.012784],[0.0,0.0,0.0,1.0]],"antennas":[-0.467174,0.338043],"body_yaw":0.145647,"check_collision":false},{"head":[[0.993226,-0.076747,0.087243,-0.002644],[0.087549,0.987951,-0.127621,-0.011325],[-0.076398,0.134395,0.987978,0.012563],[0.0,0.0,0.0,1.0]],"antennas":[-0.498021,0.361245],"body_yaw":0.145647,"check_collision":false},{"head":[[0.99297,-0.075899,0.090825,-0.002846],[0.087242,0.987898,-0.128243,-0.011322],[-0.079993,0.135265,0.987575,0.012353],[0.0,0.0,0.0,1.0]],"antennas":[-0.52859,0.384237],"body_yaw":0.145647,"check_collision":false},{"head":[[0.992744,-0.075599,0.093511,-0.003015],[0.087372,0.98779,-0.128986,-0.011325],[-0.082618,0.13622,0.987228,0.012099],[0.0,0.0,0.0,1.0]],"antennas":[-0.55946,0.407456],"body_yaw":0.145647,"check_collision":false},{"head":[[0.992588,-0.075278,0.095409,-0.003188],[0.087433,0.9876,-0.130388,-0.011321],[-0.084411,0.137764,0.986862,0.011794],[0.0,0.0,0.0,1.0]],"antennas":[-0.589881,0.430337],"body_yaw":0.145647,"check_collision":false},{"head":[[0.992517,-0.074241,0.096942,-0.003434],[0.086714,0.987513,-0.131526,-0.011332],[-0.085967,0.138948,0.986561,0.011471],[0.0,0.0,0.0,1.0]],"antennas":[-0.620878,0.453652],"body_yaw":0.145647,"check_collision":false},{"head":[[0.992415,-0.072932,0.098957,-0.003698],[0.085788,0.987451,-0.132593,-0.011436],[-0.088045,0.140077,0.986218,0.011171],[0.0,0.0,0.0,1.0]],"antennas":[-0.651687,0.476825],"body_yaw":0.145647,"check_collision":false},{"head":[[0.992226,-0.071778,0.101661,-0.003818],[0.085106,0.987388,-0.1335,-0.011378],[-0.090796,0.141114,0.985821,0.01086],[0.0,0.0,0.0,1.0]],"antennas":[-0.68238,0.499911],"body_yaw":0.145647,"check_collision":false},{"head":[[0.992008,-0.07103,0.10428,-0.003909],[0.08483,0.987276,-0.134502,-0.011259],[-0.093399,0.142273,0.985411,0.010548],[0.0,0.0,0.0,1.0]],"antennas":[-0.713111,0.523025],"body_yaw":0.145647,"check_collision":false},{"head":[[0.991726,-0.070452,0.10731,-0.004027],[0.084754,0.987193,-0.135152,-0.011236],[-0.096414,0.143129,0.984997,0.010297],[0.0,0.0,0.0,1.0]],"antennas":[-0.744034,0.546284],"body_yaw":0.145647,"check_collision":false},{"head":[[0.991466,-0.069563,0.110252,-0.004102],[0.084352,0.987149,-0.135726,-0.011199],[-0.099394,0.143868,0.984593,0.010149],[0.0,0.0,0.0,1.0]],"antennas":[-0.774731,0.569373],"body_yaw":0.145647,"check_collision":false},{"head":[[0.991144,-0.06909,0.113402,-0.004157],[0.084422,0.987034,-0.136514,-0.01122],[-0.1025,0.144879,0.984126,0.009939],[0.0,0.0,0.0,1.0]],"antennas":[-0.805516,0.592528],"body_yaw":0.145647,"check_collision":false},{"head":[[0.990672,-0.068852,0.117596,-0.004191],[0.084905,0.986861,-0.137462,-0.0111],[-0.106587,0.146164,0.983502,0.009575],[0.0,0.0,0.0,1.0]],"antennas":[-0.836235,0.615633],"body_yaw":0.145647,"check_collision":false},{"head":[[0.990185,-0.068215,0.121982,-0.004256],[0.085011,0.98674,-0.138267,-0.010848],[-0.110933,0.147279,0.982854,0.009245],[0.0,0.0,0.0,1.0]],"antennas":[-0.866971,0.638751],"body_yaw":0.145647,"check_collision":false},{"head":[[0.989634,-0.067571,0.126724,-0.004254],[0.085236,0.986531,-0.139609,-0.010865],[-0.115584,0.148963,0.982064,0.008967],[0.0,0.0,0.0,1.0]],"antennas":[-0.897725,0.661883],"body_yaw":0.145647,"check_collision":false},{"head":[[0.988975,-0.067022,0.132044,-0.004165],[0.085645,0.986323,-0.140826,-0.010734],[-0.1208,0.150582,0.981189,0.008678],[0.0,0.0,0.0,1.0]],"antennas":[-0.928445,0.684989],"body_yaw":0.145647,"check_collision":false},{"head":[[0.988255,-0.066227,0.137714,-0.003982],[0.085822,0.986197,-0.141602,-0.010568],[-0.126435,0.151758,0.980298,0.008322],[0.0,0.0,0.0,1.0]],"antennas":[-0.959269,0.708174],"body_yaw":0.145647,"check_collision":false},{"head":[[0.987039,-0.06461,0.146897,-0.003696],[0.085826,0.985993,-0.143011,-0.010426],[-0.1356,0.153765,0.978759,0.008101],[0.0,0.0,0.0,1.0]],"antennas":[-0.989899,0.731212],"body_yaw":0.145647,"check_collision":false},{"head":[[0.985938,-0.061967,0.155201,-0.003433],[0.084473,0.986126,-0.142901,-0.010148],[-0.144192,0.154002,0.977493,0.007715],[0.0,0.0,0.0,1.0]],"antennas":[-1.020834,0.75448],"body_yaw":0.145647,"check_collision":false},{"head":[[0.984846,-0.061186,0.16228,-0.003173],[0.08491,0.985995,-0.143545,-0.010044],[-0.151224,0.155149,0.976248,0.007245],[0.0,0.0,0.0,1.0]],"antennas":[-1.051522,0.777562],"body_yaw":0.145647,"check_collision":false},{"head":[[0.983723,-0.061677,0.168772,-0.003103],[0.086638,0.985664,-0.144776,-0.010021],[-0.157423,0.157042,0.974964,0.006925],[0.0,0.0,0.0,1.0]],"antennas":[-1.082332,0.800736],"body_yaw":0.145647,"check_collision":false},{"head":[[0.982796,-0.06063,0.174459,-0.002992],[0.086576,0.985609,-0.145188,-0.009802],[-0.163145,0.157795,0.973902,0.006609],[0.0,0.0,0.0,1.0]],"antennas":[-1.113102,0.823879],"body_yaw":0.145647,"check_collision":false},{"head":[[0.981966,-0.059558,0.179433,-0.002825],[0.086221,0.985716,-0.144669,-0.009659],[-0.168254,0.157531,0.973075,0.006158],[0.0,0.0,0.0,1.0]],"antennas":[-1.143776,0.846951],"body_yaw":0.145647,"check_collision":false},{"head":[[0.981094,-0.059225,0.184248,-0.00264],[0.086564,0.985774,-0.144071,-0.009416],[-0.173094,0.157296,0.972263,0.005808],[0.0,0.0,0.0,1.0]],"antennas":[-1.174372,0.869964],"body_yaw":0.145647,"check_collision":false},{"head":[[0.980531,-0.058917,0.187316,-0.002615],[0.086824,0.985695,-0.144456,-0.008925],[-0.176126,0.157907,0.97162,0.005777],[0.0,0.0,0.0,1.0]],"antennas":[-1.205318,0.893239],"body_yaw":0.145647,"check_collision":false},{"head":[[0.979537,-0.05838,0.192611,-0.002347],[0.087277,0.985555,-0.145135,-0.00856],[-0.181356,0.158975,0.970483,0.005615],[0.0,0.0,0.0,1.0]],"antennas":[-1.23597,0.916295],"body_yaw":0.145647,"check_collision":false},{"head":[[0.978652,-0.056863,0.197501,-0.002011],[0.086585,0.985595,-0.145279,-0.008486],[-0.186395,0.159278,0.969478,0.005408],[0.0,0.0,0.0,1.0]],"antennas":[-1.26681,0.939491],"body_yaw":0.145647,"check_collision":false},{"head":[[0.978057,-0.055552,0.200796,-0.0017],[0.085857,0.985623,-0.145519,-0.008511],[-0.189825,0.159566,0.968765,0.005247],[0.0,0.0,0.0,1.0]],"antennas":[-1.297557,0.962617],"body_yaw":0.145647,"check_collision":false},{"head":[[0.977798,-0.055238,0.202137,-0.001363],[0.085722,0.985665,-0.145312,-0.008226],[-0.191213,0.159414,0.968517,0.005125],[0.0,0.0,0.0,1.0]],"antennas":[-1.328233,0.985691],"body_yaw":0.145647,"check_collision":false},{"head":[[0.977416,-0.054956,0.204054,-0.001093],[0.085718,0.985694,-0.145119,-0.008241],[-0.19316,0.159333,0.968144,0.004916],[0.0,0.0,0.0,1.0]],"antennas":[-1.359134,1.008933],"body_yaw":0.145647,"check_collision":false},{"head":[[0.976937,-0.054796,0.206379,-0.000748],[0.085956,0.985663,-0.145188,-0.008338],[-0.195465,0.159579,0.96764,0.004661],[0.0,0.0,0.0,1.0]],"antennas":[-1.389767,1.031973],"body_yaw":0.145647,"check_collision":false},{"head":[[0.977306,-0.054174,0.204787,-0.000633],[0.084899,0.985876,-0.14436,-0.008057],[-0.194074,0.15847,0.968102,0.00457],[0.0,0.0,0.0,1.0]],"antennas":[-1.42111,1.055152],"body_yaw":0.145647,"check_collision":false},{"head":[[0.977847,-0.056073,0.20167,-0.000742],[0.086241,0.985803,-0.144065,-0.007889],[-0.190729,0.158266,0.9688,0.004762],[0.0,0.0,0.0,1.0]],"antennas":[-1.451845,1.078254],"body_yaw":0.145647,"check_collision":false},{"head":[[0.978629,-0.058543,0.197125,-0.000921],[0.087887,0.98573,-0.143569,-0.008009],[-0.185907,0.157825,0.969809,0.004666],[0.0,0.0,0.0,1.0]],"antennas":[-1.482479,1.101295],"body_yaw":0.145647,"check_collision":false},{"head":[[0.97949,-0.061253,0.191957,-0.00126],[0.089643,0.985671,-0.142889,-0.007667],[-0.180454,0.157166,0.970945,0.004302],[0.0,0.0,0.0,1.0]],"antennas":[-1.513347,1.124513],"body_yaw":0.145647,"check_collision":false},{"head":[[0.979258,-0.064184,0.192185,-0.001704],[0.092637,0.985388,-0.142931,-0.007447],[-0.180202,0.15777,0.970894,0.004204],[0.0,0.0,0.0,1.0]],"antennas":[-1.544146,1.147678],"body_yaw":0.145647,"check_collision":false},{"head":[[0.978658,-0.063834,0.19533,-0.002019],[0.092537,0.985598,-0.141543,-0.007399],[-0.183482,0.156598,0.97047,0.004093],[0.0,0.0,0.0,1.0]],"antennas":[-1.574926,1.170829],"body_yaw":0.145647,"check_collision":false},{"head":[[0.977921,-0.063015,0.199247,-0.002079],[0.09217,0.985765,-0.140614,-0.007592],[-0.18755,0.155874,0.969808,0.003876],[0.0,0.0,0.0,1.0]],"antennas":[-1.605393,1.193745],"body_yaw":0.145647,"check_collision":false},{"head":[[0.976652,-0.061628,0.205799,-0.001891],[0.092059,0.985615,-0.141732,-0.007447],[-0.194104,0.157369,0.968276,0.003665],[0.0,0.0,0.0,1.0]],"antennas":[-1.636288,1.216983],"body_yaw":0.145647,"check_collision":false},{"head":[[0.975178,-0.058801,0.213474,-0.00154],[0.090668,0.985604,-0.142703,-0.00711],[-0.20201,0.158516,0.96647,0.003372],[0.0,0.0,0.0,1.0]],"antennas":[-1.66709,1.240151],"body_yaw":0.145647,"check_collision":false},{"head":[[0.973882,-0.056223,0.219982,-0.001108],[0.089438,0.985517,-0.144072,-0.007032],[-0.208696,0.159984,0.964806,0.002997],[0.0,0.0,0.0,1.0]],"antennas":[-1.697799,1.263249],"body_yaw":0.145647,"check_collision":false},{"head":[[0.972491,-0.055014,0.22635,-0.000619],[0.089638,0.985267,-0.145651,-0.006976],[-0.215002,0.161934,0.963095,0.002507],[0.0,0.0,0.0,1.0]],"antennas":[-1.728687,1.286481],"body_yaw":0.145647,"check_collision":false},{"head":[[0.970757,-0.053865,0.233943,-0.000307],[0.090435,0.984765,-0.148522,-0.007142],[-0.222379,0.165336,0.960839,0.002395],[0.0,0.0,0.0,1.0]],"antennas":[-1.759297,1.309504],"body_yaw":0.145647,"check_collision":false},{"head":[[0.969337,-0.051288,0.240324,-0.000125],[0.089189,0.984717,-0.14959,-0.007276],[-0.228979,0.166437,0.959097,0.002357],[0.0,0.0,0.0,1.0]],"antennas":[-1.790143,1.332705],"body_yaw":0.145647,"check_collision":false},{"head":[[0.969161,-0.051443,0.240997,-0.000166],[0.08955,0.984631,-0.149943,-0.007375],[-0.22958,0.166901,0.958873,0.002185],[0.0,0.0,0.0,1.0]],"antennas":[-1.81972,1.354951],"body_yaw":0.145647,"check_collision":false},{"head":[[0.968993,-0.05227,0.241497,-0.000288],[0.090445,0.98457,-0.149805,-0.00747],[-0.229941,0.167002,0.958769,0.002139],[0.0,0.0,0.0,1.0]],"antennas":[-1.851451,1.378818],"body_yaw":0.145647,"check_collision":false},{"head":[[0.968979,-0.051662,0.241684,-0.000422],[0.089598,0.984814,-0.148707,-0.007417],[-0.230331,0.165748,0.958893,0.00229],[0.0,0.0,0.0,1.0]],"antennas":[-1.88233,1.402044],"body_yaw":0.145647,"check_collision":false},{"head":[[0.969627,-0.050804,0.239254,-0.000683],[0.087984,0.985158,-0.147383,-0.007405],[-0.228216,0.163958,0.959706,0.002271],[0.0,0.0,0.0,1.0]],"antennas":[-1.913002,1.425114],"body_yaw":0.145647,"check_collision":false},{"head":[[0.970931,-0.053063,0.233403,-0.000851],[0.088999,0.985238,-0.146234,-0.007792],[-0.222198,0.162756,0.961321,0.002221],[0.0,0.0,0.0,1.0]],"antennas":[-1.943859,1.448323],"body_yaw":0.145647,"check_collision":false},{"head":[[0.972439,-0.055782,0.226388,-0.001227],[0.090177,0.985379,-0.144555,-0.008027],[-0.215015,0.160986,0.963251,0.002408],[0.0,0.0,0.0,1.0]],"antennas":[-1.974606,1.47145],"body_yaw":0.145647,"check_collision":false},{"head":[[0.973245,-0.058346,0.222238,-0.001503],[0.091939,0.985305,-0.14395,-0.007988],[-0.210573,0.160531,0.964307,0.00242],[0.0,0.0,0.0,1.0]],"antennas":[-2.005291,1.494529],"body_yaw":0.145647,"check_collision":false},{"head":[[0.973244,-0.059419,0.221956,-0.00151],[0.092885,0.985279,-0.143521,-0.008191],[-0.210161,0.160298,0.964436,0.002294],[0.0,0.0,0.0,1.0]],"antennas":[-2.035743,1.517434],"body_yaw":0.145647,"check_collision":false},{"head":[[0.972618,-0.05853,0.224917,-0.00142],[0.092507,0.985298,-0.143629,-0.008116],[-0.213204,0.160503,0.963734,0.001998],[0.0,0.0,0.0,1.0]],"antennas":[-2.066763,1.540765],"body_yaw":0.145647,"check_collision":false},{"head":[[0.971616,-0.057784,0.2294,-0.001306],[0.092601,0.98523,-0.144036,-0.007894],[-0.217689,0.16119,0.962616,0.001894],[0.0,0.0,0.0,1.0]],"antennas":[-2.097618,1.563973],"body_yaw":0.145647,"check_collision":false},{"head":[[0.970385,-0.057055,0.234729,-0.001168],[0.093001,0.985045,-0.14504,-0.00753],[-0.222943,0.162575,0.961179,0.001658],[0.0,0.0,0.0,1.0]],"antennas":[-2.128395,1.587122],"body_yaw":0.145647,"check_collision":false},{"head":[[0.969248,-0.054646,0.239941,-0.000988],[0.091537,0.985129,-0.145406,-0.007353],[-0.228427,0.162898,0.959836,0.001313],[0.0,0.0,0.0,1.0]],"antennas":[-2.159091,1.61021],"body_yaw":0.145647,"check_collision":false},{"head":[[0.969006,-0.052558,0.24138,-0.001073],[0.089606,0.985341,-0.145169,-0.007304],[-0.230211,0.162299,0.959511,0.001182],[0.0,0.0,0.0,1.0]],"antennas":[-2.189897,1.633381],"body_yaw":0.145647,"check_collision":false},{"head":[[0.968676,-0.05207,0.242806,-0.00129],[0.089449,0.985298,-0.14556,-0.007349],[-0.231657,0.162719,0.959092,0.001138],[0.0,0.0,0.0,1.0]],"antennas":[-2.220648,1.65651],"body_yaw":0.145647,"check_collision":false},{"head":[[0.968501,-0.050625,0.243808,-0.001519],[0.087973,0.985539,-0.14482,-0.007394],[-0.232951,0.161707,0.95895,0.001013],[0.0,0.0,0.0,1.0]],"antennas":[-2.25133,1.679588],"body_yaw":0.145647,"check_collision":false},{"head":[[0.968261,-0.049286,0.245032,-0.00182],[0.086574,0.98581,-0.143817,-0.007271],[-0.234467,0.160465,0.958789,0.00081],[0.0,0.0,0.0,1.0]],"antennas":[-2.282248,1.702843],"body_yaw":0.145647,"check_collision":false},{"head":[[0.967953,-0.048789,0.246347,-0.00217],[0.085827,0.986149,-0.14193,-0.007077],[-0.23601,0.158525,0.958733,0.000917],[0.0,0.0,0.0,1.0]],"antennas":[-2.312784,1.725811],"body_yaw":0.145647,"check_collision":false},{"head":[[0.968063,-0.048452,0.24598,-0.002554],[0.085106,0.986396,-0.140642,-0.006951],[-0.235819,0.157084,0.959017,0.001097],[0.0,0.0,0.0,1.0]],"antennas":[-2.343719,1.749078],"body_yaw":0.145647,"check_collision":false},{"head":[[0.96869,-0.049131,0.243365,-0.003013],[0.085077,0.986565,-0.139469,-0.007002],[-0.233243,0.155807,0.959855,0.001061],[0.0,0.0,0.0,1.0]],"antennas":[-2.374363,1.772127],"body_yaw":0.145647,"check_collision":false},{"head":[[0.969583,-0.050513,0.239493,-0.003626],[0.085533,0.986709,-0.138167,-0.007132],[-0.22933,0.154449,0.961017,0.001284],[0.0,0.0,0.0,1.0]],"antennas":[-2.405171,1.7953],"body_yaw":0.145647,"check_collision":false},{"head":[[0.971343,-0.052925,0.231715,-0.004245],[0.086159,0.986991,-0.135742,-0.006949],[-0.221517,0.151816,0.963266,0.001548],[0.0,0.0,0.0,1.0]],"antennas":[-2.435916,1.818425],"body_yaw":0.145647,"check_collision":false},{"head":[[0.973792,-0.057469,0.220061,-0.005036],[0.088174,0.987273,-0.132353,-0.007014],[-0.209654,0.148288,0.966466,0.001696],[0.0,0.0,0.0,1.0]],"antennas":[-2.466666,1.841554],"body_yaw":0.145647,"check_collision":false},{"head":[[0.975965,-0.061759,0.208993,-0.005805],[0.090216,0.987468,-0.129488,-0.007041],[-0.198377,0.145231,0.969306,0.001878],[0.0,0.0,0.0,1.0]],"antennas":[-2.497242,1.864552],"body_yaw":0.145647,"check_collision":false},{"head":[[0.977034,-0.063002,0.203557,-0.006308],[0.090339,0.987661,-0.127925,-0.007184],[-0.192986,0.143376,0.97067,0.002138],[0.0,0.0,0.0,1.0]],"antennas":[-2.528137,1.887789],"body_yaw":0.145647,"check_collision":false},{"head":[[0.978039,-0.061779,0.199057,-0.006472],[0.087869,0.988255,-0.125022,-0.007165],[-0.188996,0.139767,0.97198,0.002186],[0.0,0.0,0.0,1.0]],"antennas":[-2.558946,1.910962],"body_yaw":0.145647,"check_collision":false},{"head":[[0.978667,-0.062809,0.195617,-0.006627],[0.088235,0.988339,-0.124098,-0.007473],[-0.185542,0.138711,0.972797,0.002109],[0.0,0.0,0.0,1.0]],"antennas":[-2.589617,1.934031],"body_yaw":0.145647,"check_collision":false},{"head":[[0.978724,-0.064784,0.194683,-0.00663],[0.090192,0.988098,-0.124613,-0.008022],[-0.184293,0.139521,0.972918,0.002175],[0.0,0.0,0.0,1.0]],"antennas":[-2.620408,1.957191],"body_yaw":0.145647,"check_collision":false},{"head":[[0.978503,-0.064153,0.196002,-0.006391],[0.089759,0.988128,-0.124683,-0.008254],[-0.185676,0.139595,0.972645,0.002225],[0.0,0.0,0.0,1.0]],"antennas":[-2.650869,1.980102],"body_yaw":0.145647,"check_collision":false},{"head":[[0.978171,-0.06236,0.198223,-0.006128],[0.088271,0.988261,-0.124691,-0.00861],[-0.18812,0.139467,0.972193,0.002148],[0.0,0.0,0.0,1.0]],"antennas":[-2.681493,2.003136],"body_yaw":0.145647,"check_collision":false},{"head":[[0.977577,-0.061541,0.201383,-0.005946],[0.088035,0.988197,-0.125363,-0.008806],[-0.191291,0.140281,0.971457,0.002024],[0.0,0.0,0.0,1.0]],"antennas":[-2.712051,2.02612],"body_yaw":0.145647,"check_collision":false},{"head":[[0.977433,-0.062072,0.201919,-0.005727],[0.088736,0.988079,-0.125802,-0.008813],[-0.191703,0.140881,0.971289,0.002093],[0.0,0.0,0.0,1.0]],"antennas":[-2.741641,2.044121],"body_yaw":0.145647,"check_collision":false},{"head":[[0.97726,-0.063926,0.20218,-0.005383],[0.090737,0.98784,-0.126248,-0.008792],[-0.191651,0.141722,0.971177,0.002093],[0.0,0.0,0.0,1.0]],"antennas":[-2.75768,2.047869],"body_yaw":0.145647,"check_collision":false},{"head":[[0.976729,-0.063489,0.204865,-0.004965],[0.090706,0.987834,-0.126321,-0.008989],[-0.194352,0.141964,0.970605,0.001867],[0.0,0.0,0.0,1.0]],"antennas":[-2.75768,2.047869],"body_yaw":0.145647,"check_collision":false},{"head":[[0.975845,-0.06167,0.20958,-0.004679],[0.08957,0.987934,-0.126349,-0.008956],[-0.199259,0.142069,0.969594,0.001842],[0.0,0.0,0.0,1.0]],"antennas":[-2.75768,2.047869],"body_yaw":0.145647,"check_collision":false},{"head":[[0.974732,-0.060021,0.215164,-0.00451],[0.088866,0.987915,-0.126994,-0.008849],[-0.204941,0.142906,0.968286,0.001665],[0.0,0.0,0.0,1.0]],"antennas":[-2.75768,2.047869],"body_yaw":0.145647,"check_collision":false},{"head":[[0.973506,-0.058751,0.220986,-0.004255],[0.088768,0.987735,-0.128452,-0.008649],[-0.210729,0.144665,0.966781,0.001352],[0.0,0.0,0.0,1.0]],"antennas":[-2.75768,2.047869],"body_yaw":0.145647,"check_collision":false},{"head":[[0.971888,-0.05693,0.228459,-0.003766],[0.088347,0.987605,-0.129737,-0.008688],[-0.218241,0.146273,0.96487,0.000946],[0.0,0.0,0.0,1.0]],"antennas":[-2.75768,2.047869],"body_yaw":0.145647,"check_collision":false},{"head":[[0.969985,-0.054456,0.236988,-0.003237],[0.087335,0.987591,-0.130528,-0.008461],[-0.226939,0.147307,0.962704,0.000625],[0.0,0.0,0.0,1.0]],"antennas":[-2.75768,2.047869],"body_yaw":0.145647,"check_collision":false},{"head":[[0.968345,-0.052702,0.243988,-0.002876],[0.086755,0.98758,-0.130995,-0.008236],[-0.234054,0.148016,0.96089,0.000185],[0.0,0.0,0.0,1.0]],"antennas":[-2.75768,2.047869],"body_yaw":0.145647,"check_collision":false},{"head":[[0.966896,-0.052923,0.249622,-0.002592],[0.088346,0.987183,-0.132907,-0.00795],[-0.239388,0.15056,0.959179,-0.00036],[0.0,0.0,0.0,1.0]],"antennas":[-2.75768,2.047869],"body_yaw":0.145647,"check_collision":false},{"head":[[0.965598,-0.052862,0.25461,-0.002358],[0.089375,0.986937,-0.134043,-0.007694],[-0.244198,0.152187,0.957709,-0.000754],[0.0,0.0,0.0,1.0]],"antennas":[-2.75768,2.047869],"body_yaw":0.145647,"check_collision":false},{"head":[[0.96411,-0.051464,0.260468,-0.002095],[0.089062,0.98688,-0.134671,-0.007351],[-0.250119,0.153035,0.956044,-0.000884],[0.0,0.0,0.0,1.0]],"antennas":[-2.75768,2.047869],"body_yaw":0.145647,"check_collision":false},{"head":[[0.962168,-0.049688,0.267888,-0.001776],[0.088633,0.986832,-0.135303,-0.007288],[-0.257637,0.153928,0.953902,-0.001057],[0.0,0.0,0.0,1.0]],"antennas":[-2.75768,2.047869],"body_yaw":0.145647,"check_collision":false},{"head":[[0.960694,-0.048538,0.273335,-0.001476],[0.088603,0.986712,-0.136196,-0.007213],[-0.263092,0.155061,0.952228,-0.001322],[0.0,0.0,0.0,1.0]],"antennas":[-2.75768,2.047869],"body_yaw":0.145647,"check_collision":false},{"head":[[0.95915,-0.048205,0.278761,-0.001141],[0.089875,0.986249,-0.138691,-0.00698],[-0.268242,0.158079,0.950293,-0.001694],[0.0,0.0,0.0,1.0]],"antennas":[-2.75768,2.047869],"body_yaw":0.145647,"check_collision":false},{"head":[[0.957679,-0.047459,0.283898,-0.000738],[0.090393,0.986003,-0.140094,-0.006847],[-0.273275,0.159828,0.948565,-0.002002],[0.0,0.0,0.0,1.0]],"antennas":[-2.75768,2.047869],"body_yaw":0.145647,"check_collision":false},{"head":[[0.956675,-0.046725,0.287383,-0.000573],[0.090367,0.985945,-0.140521,-0.006953],[-0.276778,0.160403,0.947452,-0.002231],[0.0,0.0,0.0,1.0]],"antennas":[-2.75768,2.047869],"body_yaw":0.145647,"check_collision":false},{"head":[[0.955896,-0.047008,0.289919,-0.000519],[0.091252,0.985791,-0.14103,-0.007092],[-0.27917,0.161266,0.946603,-0.002301],[0.0,0.0,0.0,1.0]],"antennas":[-2.75768,2.047869],"body_yaw":0.145647,"check_collision":false},{"head":[[0.955172,-0.046672,0.292349,-0.000438],[0.091454,0.985713,-0.14144,-0.007196],[-0.281571,0.161836,0.945794,-0.002124],[0.0,0.0,0.0,1.0]],"antennas":[-2.75768,2.047869],"body_yaw":0.145647,"check_collision":false},{"head":[[0.955264,-0.046652,0.292052,-0.000471],[0.091222,0.985812,-0.140902,-0.007239],[-0.281335,0.161241,0.945966,-0.002055],[0.0,0.0,0.0,1.0]],"antennas":[-2.75768,2.047869],"body_yaw":0.145647,"check_collision":false},{"head":[[0.955879,-0.047881,0.289831,-0.000567],[0.091968,0.985806,-0.14046,-0.007118],[-0.278992,0.160918,0.946715,-0.00212],[0.0,0.0,0.0,1.0]],"antennas":[-2.75768,2.047869],"body_yaw":0.145647,"check_collision":false},{"head":[[0.957245,-0.049987,0.284928,-0.000765],[0.093059,0.985812,-0.139693,-0.007238],[-0.273902,0.160236,0.948315,-0.001996],[0.0,0.0,0.0,1.0]],"antennas":[-2.75768,2.047869],"body_yaw":0.145647,"check_collision":false},{"head":[[0.958722,-0.05186,0.279576,-0.001157],[0.093805,0.985867,-0.138803,-0.007315],[-0.268426,0.1593,0.950037,-0.0018],[0.0,0.0,0.0,1.0]],"antennas":[-2.75768,2.047869],"body_yaw":0.145647,"check_collision":false},{"head":[[0.961132,-0.053952,0.270765,-0.001712],[0.093836,0.986174,-0.136587,-0.007161],[-0.259652,0.156686,0.952906,-0.001585],[0.0,0.0,0.0,1.0]],"antennas":[-2.75768,2.047869],"body_yaw":0.145647,"check_collision":false},{"head":[[0.9639,-0.056573,0.260183,-0.00238],[0.094241,0.986401,-0.134657,-0.007179],[-0.249027,0.154316,0.956123,-0.001153],[0.0,0.0,0.0,1.0]],"antennas":[-2.75768,2.047869],"body_yaw":0.145647,"check_collision":false},{"head":[[0.966141,-0.058114,0.251386,-0.002957],[0.093926,0.98667,-0.13289,-0.007221],[-0.240313,0.152002,0.958721,-0.000581],[0.0,0.0,0.0,1.0]],"antennas":[-2.75768,2.047869],"body_yaw":0.145647,"check_collision":false},{"head":[[0.968397,-0.05881,0.242382,-0.003593],[0.092843,0.986963,-0.131468,-0.007219],[-0.23149,0.149817,0.961232,-0.000201],[0.0,0.0,0.0,1.0]],"antennas":[-2.757227,2.041828],"body_yaw":0.145647,"check_collision":false},{"head":[[0.970383,-0.061479,0.233616,-0.004109],[0.093845,0.987056,-0.130051,-0.007123],[-0.222597,0.148123,0.963592,8e-06],[0.0,0.0,0.0,1.0]],"antennas":[-2.746276,2.031324],"body_yaw":0.145647,"check_collision":false},{"head":[[0.972347,-0.065029,0.224305,-0.004603],[0.095741,0.987028,-0.128876,-0.006821],[-0.213015,0.146787,0.96596,0.000239],[0.0,0.0,0.0,1.0]],"antennas":[-2.736497,2.022503],"body_yaw":0.145647,"check_collision":false},{"head":[[0.974176,-0.067216,0.215552,-0.005105],[0.096628,0.986932,-0.128951,-0.006724],[-0.204068,0.146449,0.967941,0.00052],[0.0,0.0,0.0,1.0]],"antennas":[-2.728839,2.016254],"body_yaw":0.145647,"check_collision":false},{"head":[[0.975703,-0.068416,0.20814,-0.005567],[0.096657,0.986964,-0.128684,-0.006478],[-0.196622,0.145676,0.969597,0.000698],[0.0,0.0,0.0,1.0]],"antennas":[-2.724119,2.013214],"body_yaw":0.145647,"check_collision":false},{"head":[[0.976635,-0.068865,0.203573,-0.00595],[0.096302,0.987076,-0.128093,-0.006412],[-0.192121,0.144705,0.970644,0.000913],[0.0,0.0,0.0,1.0]],"antennas":[-2.722811,2.013689],"body_yaw":0.145647,"check_collision":false},{"head":[[0.977632,-0.068104,0.198993,-0.006257],[0.0947,0.987327,-0.127345,-0.006316],[-0.187799,0.143341,0.971692,0.001117],[0.0,0.0,0.0,1.0]],"antennas":[-2.725045,2.017648],"body_yaw":0.145647,"check_collision":false},{"head":[[0.978666,-0.068671,0.193644,-0.006458],[0.094562,0.987282,-0.127801,-0.006325],[-0.182405,0.143386,0.972712,0.001365],[0.0,0.0,0.0,1.0]],"antennas":[-2.730588,2.024664],"body_yaw":0.145647,"check_collision":false},{"head":[[0.978982,-0.070071,0.191531,-0.006518],[0.095923,0.986965,-0.129221,-0.006252],[-0.17998,0.144877,0.972943,0.001395],[0.0,0.0,0.0,1.0]],"antennas":[-2.738846,2.034007],"body_yaw":0.145647,"check_collision":false},{"head":[[0.978649,-0.069549,0.193414,-0.00639],[0.095837,0.986864,-0.13006,-0.006259],[-0.181827,0.145819,0.972459,0.001405],[0.0,0.0,0.0,1.0]],"antennas":[-2.749115,2.044841],"body_yaw":0.145647,"check_collision":false},{"head":[[0.978153,-0.067757,0.196535,-0.006137],[0.094582,0.986929,-0.130483,-0.006278],[-0.185125,0.146221,0.971776,0.00138],[0.0,0.0,0.0,1.0]],"antennas":[-2.760193,2.055916],"body_yaw":0.145647,"check_collision":false},{"head":[[0.977428,-0.067127,0.200321,-0.005891],[0.094595,0.986878,-0.130855,-0.006173],[-0.188909,0.14685,0.970952,0.001288],[0.0,0.0,0.0,1.0]],"antennas":[-2.771002,2.066194],"body_yaw":0.145647,"check_collision":false},{"head":[[0.976405,-0.066027,0.205605,-0.005653],[0.094468,0.986774,-0.131733,-0.006286],[-0.194187,0.148048,0.969728,0.001192],[0.0,0.0,0.0,1.0]],"antennas":[-2.780465,2.074586],"body_yaw":0.145647,"check_collision":false},{"head":[[0.975261,-0.06346,0.211752,-0.005313],[0.092898,0.986873,-0.132106,-0.006206],[-0.200589,0.148509,0.968354,0.001077],[0.0,0.0,0.0,1.0]],"antennas":[-2.787619,2.080284],"body_yaw":0.145647,"check_collision":false},{"head":[[0.973858,-0.061902,0.21856,-0.004929],[0.09243,0.986886,-0.132338,-0.0061],[-0.207502,0.14908,0.966808,0.000905],[0.0,0.0,0.0,1.0]],"antennas":[-2.791657,2.082663],"body_yaw":0.145647,"check_collision":false},{"head":[[0.97229,-0.06107,0.225662,-0.004558],[0.092754,0.986823,-0.132581,-0.005922],[-0.214591,0.149838,0.965142,0.000596],[0.0,0.0,0.0,1.0]],"antennas":[-2.79237,2.081544],"body_yaw":0.145647,"ch