{"description":"Deep sadness, could be tied to despair, disappointment, or inability to do something.","time":[0.0,0.02,0.04,0.06,0.08,0.1,0.12,0.14,0.16,0.18,0.2,0.22,0.24,0.26,0.28,0.3,0.32,0.34,0.36,0.38,0.4,0.42,0.44,0.46,0.48,0.5,0.52,0.54,0.56,0.58,0.6,0.62,0.64,0.66,0.68,0.7,0.72,0.74,0.76,0.78,0.8,0.82,0.84,0.86,0.88,0.9,0.92,0.94,0.96,0.98,1.0,1.02,1.04,1.06,1.08,1.1,1.12,1.14,1.16,1.18,1.2,1.22,1.24,1.26,1.28,1.3,1.32,1.34,1.36,1.38,1.4,1.42,1.44,1.46,1.48,1.5,1.52,1.54,1.56,1.58,1.6,1.62,1.64,1.66,1.68,1.7,1.72,1.74,1.76,1.78,1.8,1.82,1.84,1.86,1.88,1.9,1.92,1.94,1.96,1.98,2.0,2.02,2.04,2.06,2.08,2.1,2.12,2.14,2.16,2.18,2.2,2.22,2.24,2.26,2.28,2.3,2.32,2.34,2.36,2.38,2.4,2.42,2.44,2.46,2.48,2.5,2.52,2.54,2.56,2.58,2.6,2.62,2.64,2.66,2.68,2.7,2.72,2.74,2.76,2.78,2.8,2.82,2.84,2.86,2.88,2.9,2.92,2.94,2.96,2.98,3.0,3.02,3.04,3.06,3.08,3.1,3.12,3.14,3.16,3.18,3.2,3.22,3.24,3.26,3.28,3.3,3.32,3.34,3.36,3.38,3.4,3.42,3.44,3.46,3.48,3.5,3.52,3.54,3.56,3.58,3.6,3.62,3.64,3.66,3.68,3.7,3.72,3.74,3.76,3.78,3.8,3.82,3.84,3.86,3.88,3.9,3.92,3.94,3.96,3.98,4.0,4.02,4.04,4.06,4.08,4.1,4.12,4.14,4.16,4.18,4.2,4.22,4.24,4.26,4.28,4.3,4.32,4.34,4.36,4.38,4.4,4.42,4.44,4.46,4.48,4.5,4.52,4.54,4.56,4.58,4.6,4.62,4.64,4.66,4.68,4.7,4.72,4.74,4.76,4.78,4.8,4.82,4.84,4.86,4.88,4.9,4.92,4.94,4.96,4.98,5.0,5.02,5.04,5.06,5.08,5.1,5.12,5.14,5.16,5.18,5.2,5.22,5.24,5.26,5.28,5.3,5.32,5.34,5.36,5.38,5.4,5.42,5.44,5.46,5.48,5.5,5.52,5.54,5.56,5.58,5.6,5.62,5.64,5.66,5.68,5.7,5.72,5.74,5.76,5.78,5.8,5.82,5.84,5.86,5.88,5.9,5.92,5.94,5.96,5.98,6.0,6.02,6.04,6.06,6.08,6.1,6.12,6.14,6.16,6.18,6.2,6.22,6.24,6.26,6.28,6.3,6.32,6.34,6.36,6.38,6.4,6.42,6.44,6.46,6.48,6.5,6.52,6.54,6.56,6.58,6.6,6.62,6.64,6.66,6.68,6.7,6.72,6.74,6.76,6.78,6.8,6.82,6.84,6.86,6.88,6.9,6.92,6.94,6.96,6.98,7.0,7.02,7.04,7.06,7.08,7.1,7.12,7.14,7.16,7.18,7.2,7.22,7.24,7.26,7.28,7.3,7.32,7.34],"set_target_data":[{"head":[[0.994031,-0.083003,0.0708,-0.012296],[0.08614,0.995377,-0.04247,-0.004622],[-0.066947,0.048315,0.996586,0.009482],[0.0,0.0,0.0,1.0]],"antennas":[-0.277584,0.25482],"body_yaw":0.096259,"check_collision":false},{"head":[[0.994012,-0.083135,0.070913,-0.012262],[0.086278,0.995365,-0.042472,-0.004585],[-0.067054,0.048336,0.996578,0.009453],[0.0,0.0,0.0,1.0]],"antennas":[-0.277584,0.25482],"body_yaw":0.096259,"check_collision":false},{"head":[[0.994001,-0.083184,0.07101,-0.012236],[0.086328,0.995363,-0.042424,-0.004492],[-0.067152,0.048299,0.996573,0.009404],[0.0,0.0,0.0,1.0]],"antennas":[-0.277584,0.25482],"body_yaw":0.096259,"check_collision":false},{"head":[[0.993996,-0.083205,0.071049,-0.012198],[0.08634,0.995369,-0.042253,-0.004557],[-0.067204,0.048134,0.996578,0.009465],[0.0,0.0,0.0,1.0]],"antennas":[-0.277584,0.25482],"body_yaw":0.096259,"check_collision":false},{"head":[[0.993996,-0.083299,0.070951,-0.012197],[0.086427,0.995363,-0.042225,-0.004481],[-0.067105,0.048103,0.996586,0.009489],[0.0,0.0,0.0,1.0]],"antennas":[-0.277584,0.25482],"body_yaw":0.096259,"check_collision":false},{"head":[[0.99398,-0.083461,0.070984,-0.012167],[0.086601,0.995342,-0.042358,-0.004606],[-0.067118,0.04825,0.996578,0.009499],[0.0,0.0,0.0,1.0]],"antennas":[-0.277584,0.25482],"body_yaw":0.096259,"check_collision":false},{"head":[[0.993952,-0.083627,0.071177,-0.012129],[0.086779,0.995325,-0.042409,-0.004777],[-0.067298,0.048329,0.996562,0.009518],[0.0,0.0,0.0,1.0]],"antennas":[-0.277584,0.25482],"body_yaw":0.096259,"check_collision":false},{"head":[[0.993962,-0.083536,0.071137,-0.012136],[0.08668,0.995337,-0.042313,-0.004824],[-0.067271,0.048224,0.996569,0.009514],[0.0,0.0,0.0,1.0]],"antennas":[-0.277584,0.25482],"body_yaw":0.096259,"check_collision":false},{"head":[[0.993939,-0.083928,0.071006,-0.012168],[0.087076,0.995296,-0.04246,-0.004806],[-0.067109,0.048386,0.996572,0.009532],[0.0,0.0,0.0,1.0]],"antennas":[-0.277584,0.25482],"body_yaw":0.096259,"check_collision":false},{"head":[[0.993928,-0.084002,0.071075,-0.012163],[0.087163,0.995283,-0.042603,-0.004859],[-0.067161,0.048539,0.996561,0.009569],[0.0,0.0,0.0,1.0]],"antennas":[-0.277584,0.25482],"body_yaw":0.096259,"check_collision":false},{"head":[[0.993871,-0.084382,0.071409,-0.01212],[0.087574,0.995238,-0.042799,-0.004954],[-0.067457,0.048791,0.996528,0.009599],[0.0,0.0,0.0,1.0]],"antennas":[-0.277584,0.25482],"body_yaw":0.096259,"check_collision":false},{"head":[[0.99383,-0.084583,0.071749,-0.012041],[0.08782,0.995198,-0.043223,-0.00508],[-0.067749,0.049257,0.996486,0.009565],[0.0,0.0,0.0,1.0]],"antennas":[-0.277584,0.25482],"body_yaw":0.096259,"check_collision":false},{"head":[[0.993787,-0.084805,0.072081,-0.01197],[0.088077,0.995164,-0.043497,-0.005147],[-0.068043,0.049575,0.99645,0.009561],[0.0,0.0,0.0,1.0]],"antennas":[-0.277584,0.25482],"body_yaw":0.096259,"check_collision":false},{"head":[[0.993722,-0.084932,0.072828,-0.011898],[0.088248,0.995145,-0.043573,-0.005169],[-0.068774,0.049726,0.996392,0.009561],[0.0,0.0,0.0,1.0]],"antennas":[-0.277584,0.25482],"body_yaw":0.096259,"check_collision":false},{"head":[[0.993532,-0.08583,0.074342,-0.011761],[0.089262,0.995029,-0.044143,-0.005086],[-0.070184,0.050494,0.996255,0.009427],[0.0,0.0,0.0,1.0]],"antennas":[-0.277584,0.25482],"body_yaw":0.096259,"check_collision":false},{"head":[[0.993313,-0.086415,0.076559,-0.011592],[0.089994,0.994944,-0.044588,-0.005063],[-0.072319,0.05118,0.996068,0.009342],[0.0,0.0,0.0,1.0]],"antennas":[-0.277584,0.25482],"body_yaw":0.096259,"check_collision":false},{"head":[[0.993144,-0.086339,0.078805,-0.011494],[0.090039,0.994936,-0.04466,-0.005077],[-0.07455,0.051449,0.995889,0.00927],[0.0,0.0,0.0,1.0]],"antennas":[-0.277584,0.25482],"body_yaw":0.096259,"check_collision":false},{"head":[[0.992986,-0.086072,0.081054,-0.011363],[0.089965,0.994898,-0.045658,-0.005013],[-0.076711,0.05263,0.995663,0.009108],[0.0,0.0,0.0,1.0]],"antennas":[-0.277584,0.25482],"body_yaw":0.096259,"check_collision":false},{"head":[[0.992693,-0.085992,0.084647,-0.011267],[0.090127,0.994854,-0.046292,-0.005105],[-0.080231,0.053583,0.995335,0.008943],[0.0,0.0,0.0,1.0]],"antennas":[-0.277584,0.25482],"body_yaw":0.096259,"check_collision":false},{"head":[[0.9924,-0.085229,0.088758,-0.011233],[0.089627,0.994875,-0.046796,-0.005245],[-0.084315,0.054396,0.994953,0.008786],[0.0,0.0,0.0,1.0]],"antennas":[-0.277584,0.25482],"body_yaw":0.096259,"check_collision":false},{"head":[[0.992005,-0.085039,0.093243,-0.011213],[0.089717,0.99485,-0.04717,-0.004949],[-0.088752,0.055158,0.994525,0.008513],[0.0,0.0,0.0,1.0]],"antennas":[-0.277584,0.25482],"body_yaw":0.096259,"check_collision":false},{"head":[[0.991497,-0.084884,0.09863,-0.011259],[0.089924,0.9948,-0.047823,-0.005003],[-0.094058,0.056285,0.993974,0.008332],[0.0,0.0,0.0,1.0]],"antennas":[-0.277584,0.25482],"body_yaw":0.096259,"check_collision":false},{"head":[[0.991067,-0.084527,0.103155,-0.011319],[0.089833,0.994803,-0.04792,-0.004955],[-0.098568,0.056759,0.99351,0.008095],[0.0,0.0,0.0,1.0]],"antennas":[-0.277584,0.25482],"body_yaw":0.096259,"check_collision":false},{"head":[[0.990496,-0.085813,0.107485,-0.01141],[0.091573,0.99455,-0.049842,-0.005002],[-0.102622,0.059211,0.992957,0.007902],[0.0,0.0,0.0,1.0]],"antennas":[-0.277584,0.25482],"body_yaw":0.096259,"check_collision":false},{"head":[[0.990002,-0.087298,0.110796,-0.011609],[0.093438,0.994293,-0.051479,-0.005082],[-0.10567,0.061317,0.992509,0.007746],[0.0,0.0,0.0,1.0]],"antennas":[-0.277584,0.25482],"body_yaw":0.096259,"check_collision":false},{"head":[[0.989571,-0.08805,0.114,-0.011785],[0.094422,0.994186,-0.051748,-0.005217],[-0.108781,0.061973,0.992132,0.007653],[0.0,0.0,0.0,1.0]],"antennas":[-0.277584,0.25482],"body_yaw":0.096259,"check_collision":false},{"head":[[0.989322,-0.08776,0.116359,-0.011935],[0.094233,0.994226,-0.051337,-0.005222],[-0.111182,0.061754,0.99188,0.007569],[0.0,0.0,0.0,1.0]],"antennas":[-0.277584,0.25482],"body_yaw":0.096259,"check_collision":false},{"head":[[0.989108,-0.088444,0.117654,-0.012004],[0.095121,0.994086,-0.052392,-0.005166],[-0.112325,0.063012,0.991672,0.007389],[0.0,0.0,0.0,1.0]],"antennas":[-0.277584,0.25482],"body_yaw":0.096259,"check_collision":false},{"head":[[0.988902,-0.088119,0.119615,-0.012103],[0.094955,0.994086,-0.052696,-0.005083],[-0.114264,0.063469,0.991421,0.007221],[0.0,0.0,0.0,1.0]],"antennas":[-0.277584,0.25482],"body_yaw":0.096259,"check_collision":false},{"head":[[0.988487,-0.087767,0.123249,-0.012162],[0.095026,0.993993,-0.054294,-0.005076],[-0.117743,0.06538,0.990889,0.006993],[0.0,0.0,0.0,1.0]],"antennas":[-0.277584,0.25482],"body_yaw":0.096259,"check_collision":false},{"head":[[0.988104,-0.087547,0.126437,-0.012218],[0.095205,0.99389,-0.055838,-0.005157],[-0.120777,0.067211,0.990402,0.006836],[0.0,0.0,0.0,1.0]],"antennas":[-0.277584,0.25482],"body_yaw":0.096259,"check_collision":false},{"head":[[0.98776,-0.087446,0.129162,-0.012325],[0.095394,0.993825,-0.056675,-0.005204],[-0.123408,0.068302,0.990003,0.006697],[0.0,0.0,0.0,1.0]],"antennas":[-0.277584,0.25482],"body_yaw":0.096259,"check_collision":false},{"head":[[0.98751,-0.086953,0.131393,-0.012422],[0.09508,0.993842,-0.056895,-0.00531],[-0.125637,0.068677,0.989696,0.00662],[0.0,0.0,0.0,1.0]],"antennas":[-0.277584,0.25482],"body_yaw":0.096259,"check_collision":false},{"head":[[0.987274,-0.088367,0.132216,-0.012394],[0.096653,0.993649,-0.057618,-0.005485],[-0.126285,0.069664,0.989545,0.006401],[0.0,0.0,0.0,1.0]],"antennas":[-0.277584,0.25482],"body_yaw":0.096259,"check_collision":false},{"head":[[0.986972,-0.08891,0.134093,-0.012336],[0.097314,0.993593,-0.057467,-0.005682],[-0.128125,0.069767,0.989301,0.006182],[0.0,0.0,0.0,1.0]],"antennas":[-0.277584,0.25482],"body_yaw":0.096259,"check_collision":false},{"head":[[0.986805,-0.089158,0.135153,-0.012328],[0.097538,0.993616,-0.056691,-0.005889],[-0.129236,0.069125,0.989202,0.005971],[0.0,0.0,0.0,1.0]],"antennas":[-0.277584,0.25482],"body_yaw":0.096259,"check_collision":false},{"head":[[0.986776,-0.088685,0.135678,-0.012372],[0.097095,0.993661,-0.056663,-0.006083],[-0.129792,0.069088,0.989131,0.005848],[0.0,0.0,0.0,1.0]],"antennas":[-0.277584,0.25482],"body_yaw":0.096259,"check_collision":false},{"head":[[0.986647,-0.087645,0.137278,-0.012373],[0.096166,0.993749,-0.056706,-0.006236],[-0.13145,0.069151,0.988908,0.005725],[0.0,0.0,0.0,1.0]],"antennas":[-0.277584,0.25482],"body_yaw":0.096259,"check_collision":false},{"head":[[0.986517,-0.086184,0.139131,-0.012312],[0.09489,0.993843,-0.057196,-0.00625],[-0.133345,0.069627,0.988621,0.005548],[0.0,0.0,0.0,1.0]],"antennas":[-0.277584,0.25482],"body_yaw":0.096259,"check_collision":false},{"head":[[0.986503,-0.085408,0.139701,-0.012304],[0.094145,0.993916,-0.057164,-0.006341],[-0.133969,0.069545,0.988542,0.005417],[0.0,0.0,0.0,1.0]],"antennas":[-0.277584,0.256807],"body_yaw":0.096259,"check_collision":false},{"head":[[0.986469,-0.085528,0.139871,-0.012309],[0.094322,0.99388,-0.057489,-0.006383],[-0.134098,0.069904,0.988499,0.005234],[0.0,0.0,0.0,1.0]],"antennas":[-0.277584,0.265416],"body_yaw":0.096259,"check_collision":false},{"head":[[0.986468,-0.085398,0.139959,-0.012259],[0.094317,0.99383,-0.058371,-0.006633],[-0.134111,0.070782,0.988435,0.005088],[0.0,0.0,0.0,1.0]],"antennas":[-0.279463,0.276566],"body_yaw":0.096259,"check_collision":false},{"head":[[0.986435,-0.084886,0.140498,-0.012157],[0.094031,0.993773,-0.059772,-0.006755],[-0.134549,0.072172,0.988275,0.004801],[0.0,0.0,0.0,1.0]],"antennas":[-0.288035,0.289486],"body_yaw":0.096259,"check_collision":false},{"head":[[0.98632,-0.083942,0.141871,-0.012154],[0.093292,0.993794,-0.060586,-0.0069],[-0.135905,0.072993,0.988029,0.00452],[0.0,0.0,0.0,1.0]],"antennas":[-0.298172,0.304255],"body_yaw":0.096259,"check_collision":false},{"head":[[0.986229,-0.082554,0.143307,-0.012154],[0.092036,0.993895,-0.060843,-0.006908],[-0.137409,0.073195,0.987806,0.004274],[0.0,0.0,0.0,1.0]],"antennas":[-0.309689,0.323116],"body_yaw":0.096259,"check_collision":false},{"head":[[0.986196,-0.081136,0.144342,-0.012159],[0.090748,0.993986,-0.061292,-0.006835],[-0.138501,0.073545,0.987628,0.004072],[0.0,0.0,0.0,1.0]],"antennas":[-0.320914,0.343744],"body_yaw":0.096259,"check_collision":false},{"head":[[0.986195,-0.079993,0.144982,-0.012161],[0.089732,0.994039,-0.061919,-0.006758],[-0.139165,0.074074,0.987495,0.003857],[0.0,0.0,0.0,1.0]],"antennas":[-0.332188,0.365353],"body_yaw":0.096259,"check_collision":false},{"head":[[0.986104,-0.07931,0.145973,-0.012172],[0.089182,0.994061,-0.062364,-0.006765],[-0.140159,0.074516,0.987321,0.003593],[0.0,0.0,0.0,1.0]],"antennas":[-0.344927,0.387428],"body_yaw":0.096259,"check_collision":false},{"head":[[0.985877,-0.079404,0.14745,-0.012192],[0.08945,0.99401,-0.062793,-0.006978],[-0.141581,0.075095,0.987074,0.003382],[0.0,0.0,0.0,1.0]],"antennas":[-0.359292,0.409444],"body_yaw":0.096259,"check_collision":false},{"head":[[0.98557,-0.079628,0.149368,-0.012216],[0.089979,0.993894,-0.063857,-0.007078],[-0.143371,0.076376,0.986717,0.003042],[0.0,0.0,0.0,1.0]],"antennas":[-0.374729,0.431944],"body_yaw":0.096259,"check_collision":false},{"head":[[0.985343,-0.080104,0.150604,-0.012264],[0.090586,0.993826,-0.064065,-0.007219],[-0.144543,0.076769,0.986516,0.002776],[0.0,0.0,0.0,1.0]],"antennas":[-0.391794,0.455821],"body_yaw":0.096259,"check_collision":false},{"head":[[0.98518,-0.080539,0.151437,-0.012281],[0.091112,0.993768,-0.064215,-0.007233],[-0.145322,0.077061,0.986379,0.002424],[0.0,0.0,0.0,1.0]],"antennas":[-0.411177,0.481495],"body_yaw":0.096259,"check_collision":false},{"head":[[0.984937,-0.0805,0.153034,-0.012243],[0.091174,0.993773,-0.064048,-0.007302],[-0.146925,0.077036,0.986143,0.00214],[0.0,0.0,0.0,1.0]],"antennas":[-0.432148,0.508001],"body_yaw":0.096259,"check_collision":false},{"head":[[0.984542,-0.080601,0.155504,-0.012177],[0.091428,0.993768,-0.063769,-0.007561],[-0.149395,0.077,0.985775,0.001901],[0.0,0.0,0.0,1.0]],"antennas":[-0.453638,0.534386],"body_yaw":0.096259,"check_collision":false},{"head":[[0.984116,-0.080447,0.158255,-0.012119],[0.091466,0.993774,-0.063612,-0.007545],[-0.152152,0.077076,0.985347,0.001602],[0.0,0.0,0.0,1.0]],"antennas":[-0.475175,0.560827],"body_yaw":0.096259,"check_collision":false},{"head":[[0.983603,-0.081037,0.161116,-0.012047],[0.092162,0.993761,-0.062809,-0.007407],[-0.155021,0.076628,0.984935,0.001109],[0.0,0.0,0.0,1.0]],"antennas":[-0.496664,0.58721],"body_yaw":0.096259,"check_collision":false},{"head":[[0.983141,-0.08219,0.163338,-0.011993],[0.093271,0.993748,-0.061363,-0.007551],[-0.157274,0.075563,0.98466,0.000665],[0.0,0.0,0.0,1.0]],"antennas":[-0.518166,0.613608],"body_yaw":0.096259,"check_collision":false},{"head":[[0.982732,-0.083062,0.165342,-0.011969],[0.094114,0.993742,-0.060157,-0.007624],[-0.159311,0.074679,0.9844,0.00039],[0.0,0.0,0.0,1.0]],"antennas":[-0.539649,0.639984],"body_yaw":0.096259,"check_collision":false},{"head":[[0.982289,-0.083919,0.167529,-0.011995],[0.094985,0.993719,-0.059156,-0.007725],[-0.161513,0.074021,0.984091,0.000186],[0.0,0.0,0.0,1.0]],"antennas":[-0.560931,0.666113],"body_yaw":0.096259,"check_collision":false},{"head":[[0.981689,-0.084695,0.170628,-0.011889],[0.0959,0.993669,-0.058519,-0.007683],[-0.164591,0.07381,0.983596,-0.000192],[0.0,0.0,0.0,1.0]],"antennas":[-0.582512,0.692609],"body_yaw":0.096259,"check_collision":false},{"head":[[0.98109,-0.085366,0.173712,-0.011724],[0.096661,0.993648,-0.05762,-0.007722],[-0.167689,0.073321,0.983109,-0.000701],[0.0,0.0,0.0,1.0]],"antennas":[-0.604117,0.719134],"body_yaw":0.096259,"check_collision":false},{"head":[[0.980436,-0.086092,0.177012,-0.011682],[0.097471,0.993627,-0.056615,-0.007777],[-0.171009,0.07276,0.982579,-0.00096],[0.0,0.0,0.0,1.0]],"antennas":[-0.625632,0.745549],"body_yaw":0.096259,"check_collision":false},{"head":[[0.979837,-0.087308,0.179715,-0.011584],[0.098731,0.993559,-0.055616,-0.00787],[-0.173702,0.072238,0.982145,-0.001242],[0.0,0.0,0.0,1.0]],"antennas":[-0.647149,0.771966],"body_yaw":0.096259,"check_collision":false},{"head":[[0.979251,-0.088047,0.182526,-0.011406],[0.099635,0.993486,-0.055307,-0.007805],[-0.176468,0.072346,0.981644,-0.001772],[0.0,0.0,0.0,1.0]],"antennas":[-0.668625,0.798333],"body_yaw":0.096259,"check_collision":false},{"head":[[0.97876,-0.088096,0.185116,-0.011269],[0.099812,0.993488,-0.054939,-0.007863],[-0.179071,0.072249,0.98118,-0.002259],[0.0,0.0,0.0,1.0]],"antennas":[-0.69009,0.824687],"body_yaw":0.096259,"check_collision":false},{"head":[[0.97836,-0.088182,0.187178,-0.011286],[0.099976,0.993495,-0.054513,-0.007676],[-0.181153,0.072046,0.980812,-0.00248],[0.0,0.0,0.0,1.0]],"antennas":[-0.711603,0.851099],"body_yaw":0.096259,"check_collision":false},{"head":[[0.97802,-0.087779,0.189135,-0.011325],[0.099624,0.993557,-0.054042,-0.007851],[-0.183173,0.071696,0.980463,-0.002613],[0.0,0.0,0.0,1.0]],"antennas":[-0.733066,0.877451],"body_yaw":0.096259,"check_collision":false},{"head":[[0.977602,-0.087653,0.191341,-0.011074],[0.099631,0.993564,-0.053883,-0.007459],[-0.185387,0.071739,0.980043,-0.003063],[0.0,0.0,0.0,1.0]],"antennas":[-0.754687,0.903995],"body_yaw":0.096259,"check_collision":false},{"head":[[0.977021,-0.088266,0.194009,-0.010987],[0.100449,0.993483,-0.053864,-0.00752],[-0.18799,0.072114,0.97952,-0.003365],[0.0,0.0,0.0,1.0]],"antennas":[-0.776135,0.930327],"body_yaw":0.096259,"check_collision":false},{"head":[[0.976171,-0.088861,0.197972,-0.011059],[0.101315,0.993406,-0.053672,-0.007521],[-0.191897,0.072451,0.978737,-0.003647],[0.0,0.0,0.0,1.0]],"antennas":[-0.797649,0.956741],"body_yaw":0.096259,"check_collision":false},{"head":[[0.975191,-0.088982,0.202692,-0.011045],[0.101751,0.993373,-0.053452,-0.007321],[-0.196593,0.07275,0.977783,-0.004097],[0.0,0.0,0.0,1.0]],"antennas":[-0.819187,0.983184],"body_yaw":0.096259,"check_collision":false},{"head":[[0.97428,-0.089018,0.207014,-0.01104],[0.101923,0.993406,-0.052509,-0.007384],[-0.200974,0.072257,0.976928,-0.004476],[0.0,0.0,0.0,1.0]],"antennas":[-0.840629,1.009509],"body_yaw":0.096259,"check_collision":false},{"head":[[0.973575,-0.089205,0.210225,-0.011072],[0.10227,0.993391,-0.052099,-0.007243],[-0.204188,0.072222,0.976264,-0.004668],[0.0,0.0,0.0,1.0]],"antennas":[-0.86199,1.035735],"body_yaw":0.096259,"check_collision":false},{"head":[[0.972555,-0.090477,0.214361,-0.011173],[0.103922,0.993211,-0.05228,-0.007311],[-0.208175,0.073121,0.975354,-0.004865],[0.0,0.0,0.0,1.0]],"antennas":[-0.883606,1.062274],"body_yaw":0.096259,"check_collision":false},{"head":[[0.971522,-0.091704,0.218485,-0.011091],[0.105572,0.993017,-0.052644,-0.007417],[-0.212132,0.074211,0.974419,-0.005286],[0.0,0.0,0.0,1.0]],"antennas":[-0.904904,1.088422],"body_yaw":0.096259,"check_collision":false},{"head":[[0.970369,-0.093117,0.222964,-0.011033],[0.107504,0.992777,-0.053257,-0.007716],[-0.216394,0.075648,0.973371,-0.005554],[0.0,0.0,0.0,1.0]],"antennas":[-0.926508,1.114946],"body_yaw":0.096259,"check_collision":false},{"head":[[0.96939,-0.093721,0.226934,-0.011158],[0.108519,0.992648,-0.053604,-0.007707],[-0.220242,0.07659,0.972434,-0.00566],[0.0,0.0,0.0,1.0]],"antennas":[-0.948068,1.141416],"body_yaw":0.096259,"check_collision":false},{"head":[[0.968141,-0.095327,0.231551,-0.011149],[0.110807,0.992332,-0.054766,-0.007611],[-0.224554,0.078679,0.97128,-0.00582],[0.0,0.0,0.0,1.0]],"antennas":[-0.969683,1.167954],"body_yaw":0.096259,"check_collision":false},{"head":[[0.966576,-0.096621,0.237475,-0.011143],[0.113071,0.991972,-0.056622,-0.00767],[-0.230098,0.081581,0.969742,-0.006256],[0.0,0.0,0.0,1.0]],"antennas":[-0.991061,1.1942],"body_yaw":0.096259,"check_collision":false},{"head":[[0.964846,-0.097561,0.244039,-0.011123],[0.114871,0.991703,-0.057702,-0.007988],[-0.236385,0.083706,0.968047,-0.006318],[0.0,0.0,0.0,1.0]],"antennas":[-1.012658,1.220715],"body_yaw":0.096259,"check_collision":false},{"head":[[0.963273,-0.097709,0.250118,-0.011048],[0.11586,0.991519,-0.058873,-0.007828],[-0.242245,0.08569,0.966424,-0.006499],[0.0,0.0,0.0,1.0]],"antennas":[-1.034149,1.247101],"body_yaw":0.096259,"check_collision":false},{"head":[[0.961634,-0.09801,0.256232,-0.011019],[0.116933,0.991347,-0.05965,-0.00836],[-0.248168,0.087324,0.964773,-0.006865],[0.0,0.0,0.0,1.0]],"antennas":[-1.055636,1.273481],"body_yaw":0.096259,"check_collision":false},{"head":[[0.960024,-0.098795,0.261903,-0.011032],[0.118191,0.991217,-0.059331,-0.008647],[-0.253741,0.087914,0.963269,-0.007308],[0.0,0.0,0.0,1.0]],"antennas":[-1.077146,1.29989],"body_yaw":0.096259,"check_collision":false},{"head":[[0.958519,-0.099541,0.267083,-0.011098],[0.119796,0.990947,-0.060606,-0.008609],[-0.258633,0.090088,0.961766,-0.007441],[0.0,0.0,0.0,1.0]],"antennas":[-1.098542,1.326159],"body_yaw":0.096259,"check_collision":false},{"head":[[0.956904,-0.100148,0.272588,-0.011218],[0.121411,0.990649,-0.062242,-0.008667],[-0.263806,0.092655,0.960115,-0.007565],[0.0,0.0,0.0,1.0]],"antennas":[-1.120098,1.352624],"body_yaw":0.096259,"check_collision":false},{"head":[[0.955428,-0.100737,0.277505,-0.011242],[0.122838,0.9904,-0.063395,-0.008818],[-0.268454,0.094657,0.95863,-0.007886],[0.0,0.0,0.0,1.0]],"antennas":[-1.141691,1.379135],"body_yaw":0.096259,"check_collision":false},{"head":[[0.953636,-0.102304,0.283041,-0.01124],[0.125232,0.990056,-0.064084,-0.008931],[-0.273671,0.096559,0.956964,-0.00824],[0.0,0.0,0.0,1.0]],"antennas":[-1.163106,1.405427],"body_yaw":0.096259,"check_collision":false},{"head":[[0.951885,-0.103849,0.288323,-0.011228],[0.127573,0.989717,-0.064695,-0.009366],[-0.27864,0.098364,0.955345,-0.008239],[0.0,0.0,0.0,1.0]],"antennas":[-1.184678,1.431912],"body_yaw":0.096259,"check_collision":false},{"head":[[0.949871,-0.104159,0.294781,-0.011194],[0.12911,0.989402,-0.066432,-0.009459],[-0.284737,0.101161,0.953253,-0.008611],[0.0,0.0,0.0,1.0]],"antennas":[-1.206058,1.45816],"body_yaw":0.096259,"check_collision":false},{"head":[[0.947632,-0.103028,0.302289,-0.011297],[0.129427,0.989214,-0.068584,-0.009783],[-0.291962,0.104117,0.950746,-0.009067],[0.0,0.0,0.0,1.0]],"antennas":[-1.227616,1.484628],"body_yaw":0.096259,"check_collision":false},{"head":[[0.945553,-0.100977,0.309408,-0.011458],[0.128694,0.989178,-0.070466,-0.009825],[-0.298944,0.106448,0.948315,-0.009355],[0.0,0.0,0.0,1.0]],"antennas":[-1.249137,1.51105],"body_yaw":0.096259,"check_collision":false},{"head":[[0.943426,-0.101155,0.315778,-0.011594],[0.129873,0.98897,-0.07121,-0.010131],[-0.305092,0.108192,0.946157,-0.009528],[0.0,0.0,0.0,1.0]],"antennas":[-1.270627,1.537435],"body_yaw":0.096259,"check_collision":false},{"head":[[0.941231,-0.10271,0.321769,-0.011597],[0.13271,0.988487,-0.072669,-0.009728],[-0.310601,0.1111,0.944025,-0.010087],[0.0,0.0,0.0,1.0]],"antennas":[-1.29214,1.563846],"body_yaw":0.096259,"check_collision":false},{"head":[[0.939426,-0.103049,0.326895,-0.011731],[0.134059,0.988226,-0.073733,-0.009504],[-0.315448,0.11309,0.94218,-0.010548],[0.0,0.0,0.0,1.0]],"antennas":[-1.313562,1.590147],"body_yaw":0.096259,"check_collision":false},{"head":[[0.937497,-0.101679,0.332807,-0.011803],[0.134072,0.988068,-0.0758,-0.009637],[-0.321129,0.115682,0.939943,-0.010731],[0.0,0.0,0.0,1.0]],"antennas":[-1.335068,1.616551],"body_yaw":0.096259,"check_collision":false},{"head":[[0.935879,-0.099153,0.338082,-0.011831],[0.132564,0.988167,-0.077156,-0.009519],[-0.326431,0.117026,0.937949,-0.011095],[0.0,0.0,0.0,1.0]],"antennas":[-1.356641,1.643036],"body_yaw":0.096259,"check_collision":false},{"head":[[0.93416,-0.097462,0.343287,-0.011997],[0.13148,0.988309,-0.077196,-0.009573],[-0.33175,0.117249,0.936053,-0.011551],[0.0,0.0,0.0,1.0]],"antennas":[-1.377639,1.668818],"body_yaw":0.096259,"check_collision":false},{"head":[[0.932437,-0.097217,0.348009,-0.01213],[0.13173,0.988301,-0.076866,-0.009502],[-0.336465,0.117516,0.934335,-0.011884],[0.0,0.0,0.0,1.0]],"antennas":[-1.399089,1.695152],"body_yaw":0.096259,"check_collision":false},{"head":[[0.930835,-0.095876,0.352639,-0.012106],[0.131203,0.988312,-0.077624,-0.00942],[-0.341075,0.118522,0.932534,-0.01214],[0.0,0.0,0.0,1.0]],"antennas":[-1.420623,1.72159],"body_yaw":0.096259,"check_collision":false},{"head":[[0.929491,-0.093258,0.35686,-0.012235],[0.129313,0.988493,-0.078491,-0.009493],[-0.345434,0.119103,0.930854,-0.01245],[0.0,0.0,0.0,1.0]],"antennas":[-1.442211,1.748095],"body_yaw":0.096259,"check_collision":false},{"head":[[0.928422,-0.090799,0.360262,-0.012448],[0.127382,0.988696,-0.079087,-0.009556],[-0.349009,0.119317,0.929493,-0.012642],[0.0,0.0,0.0,1.0]],"antennas":[-1.463739,1.774526],"body_yaw":0.096259,"check_collision":false},{"head":[[0.92738,-0.089801,0.363182,-0.012553],[0.126743,0.988773,-0.079152,-0.009412],[-0.351997,0.119435,0.92835,-0.01272],[0.0,0.0,0.0,1.0]],"antennas":[-1.485207,1.800883],"body_yaw":0.096259,"check_collision":false},{"head":[[0.926309,-0.089376,0.366011,-0.012502],[0.126646,0.988792,-0.079067,-0.009393],[-0.354842,0.119595,0.927246,-0.012967],[0.0,0.0,0.0,1.0]],"antennas":[-1.506714,1.827288],"body_yaw":0.096259,"check_collision":false},{"head":[[0.925376,-0.088369,0.368607,-0.012523],[0.125857,0.988907,-0.078881,-0.009541],[-0.357547,0.119386,0.926233,-0.013377],[0.0,0.0,0.0,1.0]],"antennas":[-1.52819,1.853654],"body_yaw":0.096259,"check_collision":false},{"head":[[0.924446,-0.086829,0.371296,-0.012621],[0.1245,0.989096,-0.078673,-0.00918],[-0.360416,0.118955,0.925176,-0.013585],[0.0,0.0,0.0,1.0]],"antennas":[-1.549748,1.880122],"body_yaw":0.096259,"check_collision":false},{"head":[[0.923867,-0.085405,0.373062,-0.012698],[0.123136,0.989283,-0.078464,-0.009049],[-0.362363,0.118428,0.924483,-0.013674],[0.0,0.0,0.0,1.0]],"antennas":[-1.571251,1.906522],"body_yaw":0.096259,"check_collision":false},{"head":[[0.923267,-0.084196,0.374819,-0.012765],[0.121771,0.989514,-0.077676,-0.00894],[-0.364349,0.117358,0.923838,-0.013878],[0.0,0.0,0.0,1.0]],"antennas":[-1.592703,1.932859],"body_yaw":0.096259,"check_collision":false},{"head":[[0.922341,-0.081945,0.377587,-0.012951],[0.119295,0.989902,-0.076573,-0.009305],[-0.3675,0.115671,0.922802,-0.013937],[0.0,0.0,0.0,1.0]],"antennas":[-1.614292,1.959365],"body_yaw":0.096259,"check_collision":false},{"head":[[0.921467,-0.079684,0.380195,-0.013072],[0.116159,0.990475,-0.07394,-0.009267],[-0.370682,0.112297,0.921946,-0.013983],[0.0,0.0,0.0,1.0]],"antennas":[-1.635744,1.985703],"body_yaw":0.096259,"check_collision":false},{"head":[[0.921119,-0.078284,0.381328,-0.013044],[0.11401,0.990869,-0.071978,-0.009091],[-0.372211,0.109775,0.921633,-0.014114],[0.0,0.0,0.0,1.0]],"antennas":[-1.657289,2.012154],"body_yaw":0.096259,"check_collision":false},{"head":[[0.920609,-0.076722,0.382875,-0.012964],[0.112381,0.991081,-0.071618,-0.009059],[-0.373966,0.10896,0.92102,-0.014406],[0.0,0.0,0.0,1.0]],"antennas":[-1.678785,2.038545],"body_yaw":0.096259,"check_collision":false},{"head":[[0.919987,-0.075204,0.384667,-0.012968],[0.110861,0.991272,-0.071344,-0.008934],[-0.375945,0.108281,0.920294,-0.014564],[0.0,0.0,0.0,1.0]],"antennas":[-1.700163,2.064792],"body_yaw":0.096259,"check_collision":false},{"head":[[0.919492,-0.072869,0.386296,-0.013001],[0.108433,0.991561,-0.071057,-0.009065],[-0.377858,0.107224,0.919634,-0.014575],[0.0,0.0,0.0,1.0]],"antennas":[-1.721755,2.091301],"body_yaw":0.096259,"check_collision":false},{"head":[[0.919031,-0.07046,0.387837,-0.012902],[0.105995,0.99183,-0.070979,-0.009176],[-0.379667,0.106341,0.918991,-0.014718],[0.0,0.0,0.0,1.0]],"antennas":[-1.74319,2.117618],"body_yaw":0.096259,"check_collision":false},{"head":[[0.918348,-0.066758,0.390104,-0.012931],[0.1027,0.992104,-0.07199,-0.009172],[-0.382217,0.106175,0.917952,-0.014912],[0.0,0.0,0.0,1.0]],"antennas":[-1.764707,2.144035],"body_yaw":0.096259,"check_collision":false},{"head":[[0.918417,-0.064341,0.390346,-0.012984],[0.100314,0.992314,-0.072457,-0.009184],[-0.382683,0.105703,0.917813,-0.014973],[0.0,0.0,0.0,1.0]],"antennas":[-1.786268,2.170506],"body_yaw":0.096259,"check_collision":false},{"head":[[0.918627,-0.062611,0.390134,-0.013047],[0.098376,0.992515,-0.072355,-0.009071],[-0.382683,0.104847,0.917911,-0.01509],[0.0,0.0,0.0,1.0]],"antennas":[-1.807686,2.196802],"body_yaw":0.096259,"check_collision":false},{"head":[[0.918825,-0.060808,0.389952,-0.012993],[0.096507,0.992681,-0.072598,-0.009187],[-0.382683,0.104338,0.917969,-0.015215],[0.0,0.0,0.0,1.0]],"antennas":[-1.829314,2.223355],"body_yaw":0.096259,"check_collision":false},{"head":[[0.91895,-0.059399,0.389874,-0.01299],[0.095308,0.992738,-0.073397,-0.009065],[-0.382683,0.104606,0.917938,-0.015366],[0.0,0.0,0.0,1.0]],"antennas":[-1.850791,2.249724],"body_yaw":0.096259,"check_collision":false},{"head":[[0.919072,-0.057989,0.389801,-0.013059],[0.094132,0.992787,-0.07425,-0.009157],[-0.382683,0.104934,0.917901,-0.015376],[0.0,0.0,0.0,1.0]],"antennas":[-1.872268,2.276091],"body_yaw":0.096259,"check_collision":false},{"head":[[0.91935,-0.055159,0.389554,-0.013108],[0.091369,0.992987,-0.075028,-0.009518],[-0.382684,0.10457,0.917942,-0.015408],[0.0,0.0,0.0,1.0]],"antennas":[-1.893731,2.302444],"body_yaw":0.096259,"check_collision":false},{"head":[[0.919585,-0.05275,0.389333,-0.013047],[0.088972,0.993162,-0.075586,-0.009103],[-0.382683,0.104148,0.917991,-0.015756],[0.0,0.0,0.0,1.0]],"antennas":[-1.915302,2.328926],"body_yaw":0.096259,"check_collision":false},{"head":[[0.919762,-0.050777,0.389177,-0.01321],[0.087125,0.99327,-0.076312,-0.009174],[-0.382683,0.104096,0.917996,-0.015706],[0.0,0.0,0.0,1.0]],"antennas":[-1.936789,2.355306],"body_yaw":0.096259,"check_collision":false},{"head":[[0.919907,-0.0492,0.389038,-0.013297],[0.085582,0.993372,-0.076737,-0.009201],[-0.382683,0.103886,0.91802,-0.015583],[0.0,0.0,0.0,1.0]],"antennas":[-1.958228,2.381629],"body_yaw":0.096259,"check_collision":false},{"head":[[0.919948,-0.048525,0.389025,-0.013229],[0.08514,0.993356,-0.07743,-0.009462],[-0.382683,0.104353,0.917967,-0.015642],[0.0,0.0,0.0,1.0]],"antennas":[-1.979723,2.408018],"body_yaw":0.096259,"check_collision":false},{"head":[[0.919984,-0.047764,0.389035,-0.013133],[0.084754,0.993307,-0.07847,-0.009548],[-0.382683,0.105163,0.917875,-0.015667],[0.0,0.0,0.0,1.0]],"antennas":[-2.001292,2.4345],"body_yaw":0.096259,"check_collision":false},{"head":[[0.920102,-0.046194,0.388945,-0.013177],[0.08346,0.993338,-0.079461,-0.009606],[-0.382683,0.105574,0.917828,-0.015648],[0.0,0.0,0.0,1.0]],"antennas":[-2.022762,2.460859],"body_yaw":0.096259,"check_collision":false},{"head":[[0.920264,-0.044279,0.388784,-0.013258],[0.081652,0.993435,-0.08013,-0.009623],[-0.382683,0.105485,0.917838,-0.015703],[0.0,0.0,0.0,1.0]],"antennas":[-2.044269,2.487265],"body_yaw":0.096259,"check_collision":false},{"head":[[0.920427,-0.042381,0.388611,-0.013254],[0.079799,0.993543,-0.080651,-0.009501],[-0.382683,0.105244,0.917866,-0.015853],[0.0,0.0,0.0,1.0]],"antennas":[-2.065672,2.513541],"body_yaw":0.096259,"check_collision":false},{"head":[[0.920525,-0.041293,0.388495,-0.013297],[0.078657,0.993625,-0.080763,-0.009823],[-0.382683,0.104902,0.917905,-0.015776],[0.0,0.0,0.0,1.0]],"antennas":[-2.087218,2.539994],"body_yaw":0.096259,"check_collision":false},{"head":[[0.920602,-0.040308,0.388417,-0.013313],[0.077758,0.993662,-0.081179,-0.009496],[-0.382683,0.104936,0.917901,-0.015792],[0.0,0.0,0.0,1.0]],"antennas":[-2.108773,2.566458],"body_yaw":0.096259,"check_collision":false},{"head":[[0.920681,-0.039077,0.388354,-0.013317],[0.076806,0.99366,-0.082102,-0.009313],[-0.382683,0.105418,0.917846,-0.016035],[0.0,0.0,0.0,1.0]],"antennas":[-2.130242,2.592817],"body_yaw":0.096259,"check_collision":false},{"head":[[0.920884,-0.036429,0.388132,-0.013245],[0.074341,0.993764,-0.083111,-0.009073],[-0.382683,0.105389,0.917849,-0.016263],[0.0,0.0,0.0,1.0]],"antennas":[-2.151704,2.619166],"body_yaw":0.096259,"check_collision":false},{"head":[[0.921095,-0.033725,0.387874,-0.013218],[0.071671,0.993904,-0.083779,-0.00885],[-0.382683,0.104967,0.917897,-0.016309],[0.0,0.0,0.0,1.0]],"antennas":[-2.173195,2.645552],"body_yaw":0.096259,"check_collision":false},{"head":[[0.921238,-0.031715,0.387705,-0.013178],[0.069814,0.993968,-0.08458,-0.008427],[-0.382683,0.104985,0.917895,-0.016624],[0.0,0.0,0.0,1.0]],"antennas":[-2.194777,2.672049],"body_yaw":0.096259,"check_collision":false},{"head":[[0.921372,-0.029745,0.387543,-0.013131],[0.068028,0.994018,-0.085439,-0.008293],[-0.382683,0.105085,0.917884,-0.016754],[0.0,0.0,0.0,1.0]],"antennas":[-2.216236,2.698395],"body_yaw":0.096259,"check_collision":false},{"head":[[0.921642,-0.025834,0.38718,-0.012978],[0.064256,0.994167,-0.086621,-0.007909],[-0.382683,0.104712,0.917926,-0.016922],[0.0,0.0,0.0,1.0]],"antennas":[-2.237744,2.724801],"body_yaw":0.096259,"check_collision":false},{"head":[[0.921923,-0.021544,0.386774,-0.012951],[0.060094,0.994319,-0.087855,-0.007888],[-0.382683,0.104238,0.91798,-0.016836],[0.0,0.0,0.0,1.0]],"antennas":[-2.259245,2.751199],"body_yaw":0.096259,"check_collision":false},{"head":[[0.922195,-0.016977,0.386352,-0.013007],[0.05576,0.994434,-0.089397,-0.008008],[-0.382683,0.103985,0.918009,-0.016892],[0.0,0.0,0.0,1.0]],"antennas":[-2.280729,2.777575],"body_yaw":0.096259,"check_collision":false},{"head":[[0.922437,-0.012448,0.385948,-0.012963],[0.051615,0.994486,-0.091287,-0.007925],[-0.382683,0.104127,0.917993,-0.017143],[0.0,0.0,0.0,1.0]],"antennas":[-2.302208,2.803946],"body_yaw":0.096259,"check_collision":false},{"head":[[0.922596,-0.009016,0.385662,-0.012875],[0.048683,0.994455,-0.093213,-0.008194],[-0.382683,0.104773,0.917919,-0.017091],[0.0,0.0,0.0,1.0]],"antennas":[-2.323718,2.830355],"body_yaw":0.096259,"check_collision":false},{"head":[[0.922765,-0.005043,0.38533,-0.012856],[0.045368,0.994383,-0.09563,-0.008095],[-0.382683,0.105725,0.91781,-0.01702],[0.0,0.0,0.0,1.0]],"antennas":[-2.345224,2.856758],"body_yaw":0.096259,"check_collision":false},{"head":[[0.922849,-0.003148,0.385149,-0.012788],[0.04362,0.994388,-0.096388,-0.007693],[-0.382683,0.105752,0.917807,-0.017057],[0.0,0.0,0.0,1.0]],"antennas":[-2.36678,2.883223],"body_yaw":0.096259,"check_collision":false},{"head":[[0.922934,-0.000756,0.384958,-0.012692],[0.041792,0.994285,-0.098243,-0.007742],[-0.382683,0.10676,0.91769,-0.017141],[0.0,0.0,0.0,1.0]],"antennas":[-2.388096,2.909394],"body_yaw":0.096259,"check_collision":false},{"head":[[0.923154,0.004612,0.384402,-0.012549],[0.036597,0.994332,-0.099818,-0.007596],[-0.382684,0.106216,0.917753,-0.017253],[0.0,0.0,0.0,1.0]],"antennas":[-2.409731,2.935956],"body_yaw":0.096259,"check_collision":false},{"head":[[0.923402,0.011619,0.383658,-0.012537],[0.029696,0.994383,-0.101588,-0.007412],[-0.382684,0.105199,0.917871,-0.017267],[0.0,0.0,0.0,1.0]],"antennas":[-2.43125,2.962375],"body_yaw":0.096259,"check_collision":false},{"head":[[0.923493,0.014607,0.383336,-0.01249],[0.026714,0.9944,-0.102249,-0.006988],[-0.382683,0.104666,0.917932,-0.017474],[0.0,0.0,0.0,1.0]],"antennas":[-2.453515,2.988638],"body_yaw":0.096259,"check_collision":false},{"head":[[0.923577,0.01811,0.382985,-0.012455],[0.02364,0.994294,-0.104025,-0.007177],[-0.382683,0.105129,0.917879,-0.017436],[0.0,0.0,0.0,1.0]],"antennas":[-2.47911,3.015218],"body_yaw":0.096259,"check_collision":false},{"head":[[0.923693,0.023376,0.382421,-0.012294],[0.018583,0.994229,-0.105658,-0.006673],[-0.382684,0.104702,0.917927,-0.017637],[0.0,0.0,0.0,1.0]],"antennas":[-2.504833,3.041481],"body_yaw":0.096259,"check_collision":false},{"head":[[0.923781,0.028504,0.381859,-0.012336],[0.013491,0.994184,-0.106847,-0.006658],[-0.382684,0.103855,0.918024,-0.017525],[0.0,0.0,0.0,1.0]],"antennas":[-2.530756,3.067947],"body_yaw":0.096259,"check_collision":false},{"head":[[0.92382,0.031583,0.381523,-0.012329],[0.01051,0.994123,-0.107742,-0.006528],[-0.382683,0.103544,0.918059,-0.017626],[0.0,0.0,0.0,1.0]],"antennas":[-2.555839,3.093556],"body_yaw":0.096259,"check_collision":false},{"head":[[0.923853,0.035614,0.381086,-0.012173],[0.006959,0.993934,-0.109758,-0.006427],[-0.382683,0.104053,0.918001,-0.017681],[0.0,0.0,0.0,1.0]],"antennas":[-2.582408,3.120369],"body_yaw":0.096259,"check_collision":false},{"head":[[0.923878,0.041426,0.380438,-0.01211],[0.001477,0.99373,-0.111794,-0.00644],[-0.382683,0.103846,0.918025,-0.017732],[0.0,0.0,0.0,1.0]],"antennas":[-2.608646,3.146912],"body_yaw":0.096259,"check_collision":false},{"head":[[0.923874,0.046364,0.379879,-0.012066],[-0.003286,0.993559,-0.113271,-0.006384],[-0.382683,0.103399,0.918075,-0.017753],[0.0,0.0,0.0,1.0]],"antennas":[-2.63448,3.173231],"body_yaw":0.096259,"check_collision":false},{"head":[[0.923852,0.050434,0.379412,-0.011987],[-0.007092,0.993366,-0.114776,-0.00631],[-0.382683,0.103345,0.918081,-0.017857],[0.0,0.0,0.0,1.0]],"antennas":[-2.660597,3.199074],"body_yaw":0.096259,"check_collision":false},{"head":[[0.923806,0.055227,0.378857,-0.011854],[-0.011663,0.993142,-0.116335,-0.006264],[-0.382683,0.103052,0.918114,-0.017887],[0.0,0.0,0.0,1.0]],"antennas":[-2.686477,3.224043],"body_yaw":0.096259,"check_collision":false},{"head":[[0.923724,0.060866,0.378192,-0.011894],[-0.016941,0.992821,-0.118406,-0.00618],[-0.382683,0.102968,0.918124,-0.017915],[0.0,0.0,0.0,1.0]],"antennas":[-2.712347,3.245622],"body_yaw":0.096259,"check_collision":false},{"head":[[0.923673,0.063772,0.377837,-0.011921],[-0.019514,0.992603,-0.11983,-0.006232],[-0.382683,0.10331,0.918085,-0.01797],[0.0,0.0,0.0,1.0]],"antennas":[-2.734566,3.262338],"body_yaw":0.096259,"check_collision":false},{"head":[[0.923655,0.064946,0.377682,-0.011857],[-0.020379,0.992465,-0.120824,-0.006247],[-0.382683,0.103903,0.918018,-0.018059],[0.0,0.0,0.0,1.0]],"antennas":[-2.741664,3.273177],"body_yaw":0.096259,"check_collision":false},{"head":[[0.923692,0.063088,0.377905,-0.011769],[-0.018593,0.992569,-0.120256,-0.006225],[-0.382683,0.104053,0.918001,-0.018124],[0.0,0.0,0.0,1.0]],"antennas":[-2.741664,3.273177],"body_yaw":0.096259,"check_collision":false},{"head":[[0.923725,0.06126,0.378126,-0.011773],[-0.0169,0.992686,-0.119538,-0.006149],[-0.382683,0.10403,0.918004,-0.018194],[0.0,0.0,0.0,1.0]],"antennas":[-2.741664,3.273177],"body_yaw":0.096259,"check_collision":false},{"head":[[0.923767,0.058492,0.378462,-0.011779],[-0.014433,0.992882,-0.118223,-0.006217],[-0.382683,0.103748,0.918036,-0.018226],[0.0,0.0,0.0,1.0]],"antennas":[-2.741664,3.273177],"body_yaw":0.096259,"check_collision":false},{"head":[[0.923824,0.054075,0.37898,-0.011695],[-0.010172,0.993091,-0.116904,-0.006282],[-0.382683,0.104143,0.917991,-0.018236],[0.0,0.0,0.0,1.0]],"antennas":[-2.741664,3.273177],"body_yaw":0.096259,"check_collision":false},{"head":[[0.923868,0.048268,0.379655,-0.011664],[-0.004562,0.993333,-0.115188,-0.006575],[-0.382683,0.104687,0.917929,-0.018121],[0.0,0.0,0.0,1.0]],"antennas":[-2.741664,3.273177],"body_yaw":0.096259,"check_collision":false},{"head":[[0.923873,0.039863,0.380618,-0.011698],[0.003582,0.993616,-0.112756,-0.006928],[-0.382683,0.105536,0.917832,-0.018076],[0.0,0.0,0.0,1.0]],"antennas":[-2.741664,3.273177],"body_yaw":0.096259,"check_collision":false},{"head":[[0.923794,0.030566,0.381669,-0.011798],[0.012595,0.993843,-0.110078,-0.007381],[-0.382683,0.106497,0.917721,-0.017984],[0.0,0.0,0.0,1.0]],"antennas":[-2.741664,3.273177],"body_yaw":0.096259,"check_collision":false},{"head":[[0.923673,0.023124,0.382483,-0.011819],[0.019523,0.994041,-0.107245,-0.007691],[-0.382683,0.106527,0.917718,-0.01789],[0.0,0.0,0.0,1.0]],"antennas":[-2.741664,3.273177],"body_yaw":0.096259,"check_collision":false},{"head":[[0.923507,0.015897,0.383251,-0.011825],[0.026219,0.994188,-0.104418,-0.007701],[-0.382683,0.106479,0.917723,-0.017851],[0.0,0.0,0.0,1.0]],"antennas":[-2.741664,3.273177],"body_yaw":0.096259,"check_collision":false},{"head":[[0.923225,0.007065,0.384195,-0.01182],[0.034769,0.994194,-0.101833,-0.007759],[-0.382684,0.107373,0.917619,-0.017797],[0.0,0.0,0.0,1.0]],"antennas":[-2.741664,3.273177],"body_yaw":0.096259,"check_collision":false},{"head":[[0.922899,-0.000921,0.385042,-0.011781],[0.042561,0.994113,-0.099636,-0.007737],[-0.382683,0.108342,0.917505,-0.017801],[0.0,0.0,0.0,1.0]],"antennas":[-2.741664,3.273177],"body_yaw":0.096259,"check_collision":false},{"head":[[0.923095,-0.009081,0.384466,-0.011751],[0.050338,0.993973,-0.097384,-0.008028],[-0.381264,0.109247,0.917988,-0.017704],[0.0,0.0,0.0,1.0]],"antennas":[-2.741664,3.273177],"body