{"description":"You tremble all over due to anxiety or worry.","time":[0.0,0.02,0.04,0.06,0.08,0.1,0.12,0.14,0.16,0.18,0.2,0.22,0.24,0.26,0.28,0.3,0.32,0.34,0.36,0.38,0.4,0.42,0.44,0.46,0.48,0.5,0.52,0.54,0.56,0.58,0.6,0.62,0.64,0.66,0.68,0.7,0.72,0.74,0.76,0.78,0.8,0.82,0.84,0.86,0.88,0.9,0.92,0.94,0.96,0.98,1.0,1.02,1.04,1.06,1.08,1.1,1.12,1.14,1.16,1.18,1.2,1.22,1.24,1.26,1.28,1.3,1.32,1.34,1.36,1.38,1.4,1.42,1.44,1.46,1.48,1.5,1.52,1.54,1.56,1.58,1.6,1.62,1.64,1.66,1.68,1.7,1.72,1.74,1.76,1.78,1.8,1.82,1.84,1.86,1.88,1.9,1.92,1.94,1.96,1.98,2.0,2.02,2.04,2.06,2.08,2.1,2.12,2.14,2.16,2.18,2.2,2.22,2.24,2.26,2.28,2.3,2.32,2.34,2.36,2.38,2.4,2.42,2.44,2.46,2.48,2.5,2.52,2.54,2.56,2.58,2.6,2.62,2.64,2.66,2.68,2.7,2.72,2.74,2.76,2.78,2.8,2.82,2.84,2.86,2.88,2.9,2.92,2.94,2.96,2.98,3.0,3.02,3.04,3.06,3.08,3.1,3.12,3.14,3.16,3.18,3.2,3.22,3.24,3.26,3.28,3.3,3.32,3.34,3.36,3.38,3.4,3.42,3.44,3.46,3.48,3.5,3.52,3.54,3.56,3.58,3.6,3.62,3.64,3.66,3.68,3.7,3.72,3.74,3.76,3.78,3.8,3.82,3.84,3.86,3.88,3.9,3.92,3.94,3.96,3.98,4.0,4.02,4.04,4.06,4.08,4.1,4.12,4.14,4.16,4.18,4.2,4.22,4.24,4.26,4.28,4.3,4.32,4.34,4.36,4.38,4.4,4.42,4.44,4.46,4.48,4.5,4.52,4.54,4.56,4.58,4.6,4.62,4.64,4.66,4.68,4.7,4.72,4.74,4.76,4.78,4.8,4.82,4.84,4.86,4.88,4.9,4.92,4.94,4.96,4.98,5.0,5.02,5.04,5.06,5.08,5.1,5.12,5.14,5.16,5.18,5.2,5.22,5.24,5.26,5.28,5.3,5.32,5.34,5.36,5.38,5.4,5.42,5.44,5.46,5.48,5.5,5.52,5.54,5.56,5.58,5.6,5.62,5.64,5.66,5.68,5.7,5.72,5.74,5.76,5.78,5.8,5.82,5.84,5.86,5.88,5.9,5.92,5.94,5.96,5.98,6.0,6.02,6.04,6.06,6.08,6.1,6.12,6.14,6.16,6.18,6.2,6.22,6.24,6.26,6.28,6.3,6.32,6.34,6.36,6.38,6.4,6.42,6.44,6.46,6.48,6.5,6.52,6.54,6.56,6.58,6.6,6.62,6.64,6.66,6.68,6.7,6.72,6.74,6.76,6.78,6.8,6.82,6.84,6.86,6.88,6.9,6.92,6.94,6.96,6.98,7.0,7.02,7.04,7.06,7.08,7.1,7.12,7.14,7.16,7.18,7.2],"set_target_data":[{"head":[[0.964844,0.251194,0.077317,-0.010126],[-0.237458,0.95924,-0.153205,0.003066],[-0.11265,0.129459,0.985165,0.005196],[0.0,0.0,0.0,1.0]],"antennas":[-0.014049,0.133494],"body_yaw":-0.233364,"check_collision":false},{"head":[[0.964888,0.251074,0.077161,-0.010068],[-0.237418,0.959332,-0.152692,0.003027],[-0.11236,0.129012,0.985257,0.005176],[0.0,0.0,0.0,1.0]],"antennas":[-0.014049,0.133494],"body_yaw":-0.233364,"check_collision":false},{"head":[[0.965016,0.250507,0.077393,-0.010003],[-0.236883,0.959547,-0.152173,0.003071],[-0.112383,0.128516,0.985319,0.005153],[0.0,0.0,0.0,1.0]],"antennas":[-0.014049,0.133494],"body_yaw":-0.233364,"check_collision":false},{"head":[[0.965067,0.250094,0.078091,-0.009969],[-0.236426,0.95972,-0.151793,0.003105],[-0.112908,0.128028,0.985323,0.005235],[0.0,0.0,0.0,1.0]],"antennas":[-0.014049,0.133494],"body_yaw":-0.233364,"check_collision":false},{"head":[[0.965157,0.24966,0.078369,-0.009956],[-0.235965,0.959842,-0.151736,0.003037],[-0.113104,0.127957,0.985309,0.00527],[0.0,0.0,0.0,1.0]],"antennas":[-0.014049,0.133494],"body_yaw":-0.233364,"check_collision":false},{"head":[[0.965034,0.250036,0.078685,-0.009962],[-0.236321,0.959787,-0.15153,0.003122],[-0.113409,0.127637,0.985316,0.005371],[0.0,0.0,0.0,1.0]],"antennas":[-0.014049,0.133494],"body_yaw":-0.233364,"check_collision":false},{"head":[[0.964904,0.250413,0.079079,-0.009933],[-0.236717,0.959788,-0.150907,0.003334],[-0.113688,0.126891,0.98538,0.005272],[0.0,0.0,0.0,1.0]],"antennas":[-0.014049,0.133494],"body_yaw":-0.233364,"check_collision":false},{"head":[[0.964529,0.251517,0.080148,-0.009894],[-0.237682,0.959553,-0.150879,0.003531],[-0.114855,0.126477,0.985298,0.005123],[0.0,0.0,0.0,1.0]],"antennas":[-0.014049,0.133494],"body_yaw":-0.233364,"check_collision":false},{"head":[[0.964016,0.253102,0.081317,-0.009844],[-0.239181,0.959276,-0.150276,0.003448],[-0.11604,0.125419,0.985294,0.005116],[0.0,0.0,0.0,1.0]],"antennas":[-0.014049,0.133494],"body_yaw":-0.233364,"check_collision":false},{"head":[[0.963624,0.254266,0.082328,-0.009897],[-0.240288,0.959099,-0.149633,0.003216],[-0.117007,0.124408,0.985308,0.00519],[0.0,0.0,0.0,1.0]],"antennas":[-0.014049,0.133494],"body_yaw":-0.233364,"check_collision":false},{"head":[[0.963406,0.254835,0.083118,-0.010074],[-0.24076,0.958988,-0.149588,0.003518],[-0.117829,0.124102,0.985249,0.005137],[0.0,0.0,0.0,1.0]],"antennas":[-0.014049,0.133494],"body_yaw":-0.233364,"check_collision":false},{"head":[[0.962991,0.255905,0.084617,-0.010263],[-0.241529,0.958653,-0.150491,0.003839],[-0.11963,0.124484,0.984983,0.004959],[0.0,0.0,0.0,1.0]],"antennas":[-0.014049,0.133494],"body_yaw":-0.233364,"check_collision":false},{"head":[[0.962142,0.257919,0.088091,-0.01044],[-0.242739,0.957893,-0.15336,0.00378],[-0.123936,0.126171,0.984236,0.004689],[0.0,0.0,0.0,1.0]],"antennas":[-0.014049,0.133494],"body_yaw":-0.233364,"check_collision":false},{"head":[[0.961156,0.260147,0.092213,-0.010561],[-0.244216,0.957248,-0.15503,0.003767],[-0.128601,0.126489,0.983597,0.004104],[0.0,0.0,0.0,1.0]],"antennas":[-0.014049,0.133494],"body_yaw":-0.233364,"check_collision":false},{"head":[[0.960846,0.259442,0.097287,-0.010716],[-0.242774,0.957506,-0.155704,0.003546],[-0.133549,0.125989,0.983001,0.003543],[0.0,0.0,0.0,1.0]],"antennas":[-0.014049,0.133494],"body_yaw":-0.233364,"check_collision":false},{"head":[[0.96088,0.257172,0.102826,-0.01095],[-0.239631,0.958095,-0.156943,0.003426],[-0.138879,0.126163,0.98224,0.002926],[0.0,0.0,0.0,1.0]],"antennas":[-0.014049,0.133494],"body_yaw":-0.233364,"check_collision":false},{"head":[[0.960959,0.254932,0.107547,-0.01109],[-0.236467,0.958511,-0.159187,0.003584],[-0.143667,0.127541,0.981373,0.002002],[0.0,0.0,0.0,1.0]],"antennas":[-0.014049,0.133494],"body_yaw":-0.233364,"check_collision":false},{"head":[[0.959658,0.256822,0.11445,-0.01131],[-0.237466,0.958266,-0.159175,0.003402],[-0.150554,0.125575,0.980594,0.001376],[0.0,0.0,0.0,1.0]],"antennas":[-0.01776,0.133494],"body_yaw":-0.233364,"check_collision":false},{"head":[[0.95835,0.258693,0.12101,-0.011594],[-0.238876,0.958301,-0.156838,0.003443],[-0.156537,0.1214,0.980183,0.000678],[0.0,0.0,0.0,1.0]],"antennas":[-0.027826,0.145426],"body_yaw":-0.233364,"check_collision":false},{"head":[[0.956794,0.261295,0.127558,-0.011949],[-0.241083,0.958147,-0.154382,0.003786],[-0.162558,0.11696,0.979742,7e-06],[0.0,0.0,0.0,1.0]],"antennas":[-0.040132,0.166216],"body_yaw":-0.233364,"check_collision":false},{"head":[[0.954284,0.266229,0.13588,-0.012104],[-0.246026,0.957783,-0.14874,0.003763],[-0.169743,0.10851,0.979496,-0.000516],[0.0,0.0,0.0,1.0]],"antennas":[-0.056767,0.195854],"body_yaw":-0.233364,"check_collision":false},{"head":[[0.95322,0.268769,0.138328,-0.012093],[-0.249275,0.957786,-0.143209,0.003592],[-0.170979,0.102028,0.979978,-0.000943],[0.0,0.0,0.0,1.0]],"antennas":[-0.083327,0.234326],"body_yaw":-0.233364,"check_collision":false},{"head":[[0.95119,0.273711,0.142544,-0.012114],[-0.254409,0.956934,-0.139834,0.003745],[-0.17468,0.096744,0.979861,-0.001471],[0.0,0.0,0.0,1.0]],"antennas":[-0.121579,0.283964],"body_yaw":-0.233364,"check_collision":false},{"head":[[0.949758,0.275903,0.147774,-0.012201],[-0.255844,0.956347,-0.141221,0.0037],[-0.180286,0.096319,0.978887,-0.001712],[0.0,0.0,0.0,1.0]],"antennas":[-0.167371,0.344315],"body_yaw":-0.233364,"check_collision":false},{"head":[[0.949561,0.273455,0.153479,-0.012454],[-0.252425,0.95695,-0.143277,0.003843],[-0.186051,0.097308,0.97771,-0.001987],[0.0,0.0,0.0,1.0]],"antennas":[-0.219631,0.411747],"body_yaw":-0.233364,"check_collision":false},{"head":[[0.949308,0.271451,0.15852,-0.012702],[-0.249341,0.957326,-0.146138,0.004143],[-0.191424,0.099204,0.976481,-0.002129],[0.0,0.0,0.0,1.0]],"antennas":[-0.275487,0.48475],"body_yaw":-0.233364,"check_collision":false},{"head":[[0.947252,0.27858,0.158449,-0.012459],[-0.255302,0.954777,-0.152389,0.004112],[-0.193736,0.103898,0.975537,-0.002384],[0.0,0.0,0.0,1.0]],"antennas":[-0.33662,0.560182],"body_yaw":-0.233364,"check_collision":false},{"head":[[0.944681,0.287163,0.158478,-0.012158],[-0.262801,0.951804,-0.158131,0.004014],[-0.196249,0.107735,0.974618,-0.002526],[0.0,0.0,0.0,1.0]],"antennas":[-0.40103,0.636591],"body_yaw":-0.233364,"check_collision":false},{"head":[[0.942857,0.292603,0.159387,-0.011888],[-0.266664,0.949462,-0.165564,0.003651],[-0.199777,0.113601,0.973234,-0.002649],[0.0,0.0,0.0,1.0]],"antennas":[-0.466469,0.712998],"body_yaw":-0.233364,"check_collision":false},{"head":[[0.939647,0.301216,0.162273,-0.011383],[-0.274639,0.946878,-0.167318,0.003357],[-0.204052,0.112654,0.972457,-0.002867],[0.0,0.0,0.0,1.0]],"antennas":[-0.531991,0.789381],"body_yaw":-0.233364,"check_collision":false},{"head":[[0.935082,0.314441,0.163551,-0.010901],[-0.287933,0.943012,-0.166805,0.003122],[-0.206681,0.108884,0.972331,-0.003067],[0.0,0.0,0.0,1.0]],"antennas":[-0.5978,0.866098],"body_yaw":-0.233364,"check_collision":false},{"head":[[0.933326,0.317773,0.167104,-0.010819],[-0.290566,0.941933,-0.168326,0.002924],[-0.210891,0.108548,0.971464,-0.00323],[0.0,0.0,0.0,1.0]],"antennas":[-0.663584,0.942786],"body_yaw":-0.233364,"check_collision":false},{"head":[[0.933764,0.312848,0.173812,-0.011016],[-0.284383,0.943453,-0.170362,0.003196],[-0.217281,0.109649,0.969931,-0.003466],[0.0,0.0,0.0,1.0]],"antennas":[-0.730007,1.01931],"body_yaw":-0.233364,"check_collision":false},{"head":[[0.933001,0.311686,0.179889,-0.011197],[-0.283078,0.944282,-0.167926,0.00367],[-0.222206,0.105752,0.969248,-0.004077],[0.0,0.0,0.0,1.0]],"antennas":[-0.797794,1.09609],"body_yaw":-0.233364,"check_collision":false},{"head":[[0.929311,0.321943,0.180924,-0.010884],[-0.29348,0.941202,-0.167354,0.004016],[-0.224165,0.102426,0.969154,-0.004758],[0.0,0.0,0.0,1.0]],"antennas":[-0.865853,1.172413],"body_yaw":-0.233364,"check_collision":false},{"head":[[0.924844,0.335063,0.179988,-0.010233],[-0.306025,0.936543,-0.170988,0.00444],[-0.225859,0.103057,0.968694,-0.005282],[0.0,0.0,0.0,1.0]],"antennas":[-0.93443,1.249175],"body_yaw":-0.233364,"check_collision":false},{"head":[[0.921579,0.343409,0.181002,-0.009887],[-0.313902,0.933566,-0.172976,0.004901],[-0.228378,0.102594,0.968152,-0.005746],[0.0,0.0,0.0,1.0]],"antennas":[-1.002776,1.325679],"body_yaw":-0.233364,"check_collision":false},{"head":[[0.91921,0.347926,0.184389,-0.009745],[-0.318111,0.932132,-0.173019,0.005422],[-0.232073,0.100385,0.967505,-0.006202],[0.0,0.0,0.0,1.0]],"antennas":[-1.070872,1.401903],"body_yaw":-0.233364,"check_collision":false},{"head":[[0.920779,0.341684,0.188197,-0.010138],[-0.311542,0.934474,-0.172338,0.005871],[-0.23475,0.100054,0.966893,-0.006329],[0.0,0.0,0.0,1.0]],"antennas":[-1.139433,1.478648],"body_yaw":-0.233364,"check_collision":false},{"head":[[0.927976,0.314968,0.199137,-0.011152],[-0.282116,0.942953,-0.176779,0.00598],[-0.243457,0.107867,0.963895,-0.00605],[0.0,0.0,0.0,1.0]],"antennas":[-1.207844,1.555224],"body_yaw":-0.233364,"check_collision":false},{"head":[[0.932685,0.296231,0.205783,-0.011846],[-0.260122,0.947649,-0.185198,0.005777],[-0.249872,0.119202,0.960914,-0.005618],[0.0,0.0,0.0,1.0]],"antennas":[-1.27614,1.631672],"body_yaw":-0.233364,"check_collision":false},{"head":[[0.933506,0.295117,0.203647,-0.011825],[-0.258636,0.947579,-0.187618,0.00551],[-0.248341,0.122472,0.960899,-0.005487],[0.0,0.0,0.0,1.0]],"antennas":[-1.34455,1.708247],"body_yaw":-0.233364,"check_collision":false},{"head":[[0.931608,0.302046,0.202174,-0.011167],[-0.266673,0.945972,-0.184454,0.004957],[-0.246964,0.117924,0.961823,-0.005689],[0.0,0.0,0.0,1.0]],"antennas":[-1.412741,1.784578],"body_yaw":-0.233364,"check_collision":false},{"head":[[0.930203,0.302844,0.207383,-0.01046],[-0.26638,0.945711,-0.186203,0.004608],[-0.252515,0.117964,0.960375,-0.006066],[0.0,0.0,0.0,1.0]],"antennas":[-1.481007,1.860993],"body_yaw":-0.233364,"check_collision":false},{"head":[[0.932312,0.285199,0.222385,-0.01045],[-0.247308,0.951428,-0.183367,0.004264],[-0.26388,0.115958,0.95756,-0.006425],[0.0,0.0,0.0,1.0]],"antennas":[-1.549812,1.93801],"body_yaw":-0.233364,"check_collision":false},{"head":[[0.935068,0.265899,0.234405,-0.010813],[-0.227411,0.957261,-0.178706,0.003838],[-0.271905,0.113795,0.955572,-0.006335],[0.0,0.0,0.0,1.0]],"antennas":[-1.618121,2.014473],"body_yaw":-0.233364,"check_collision":false},{"head":[[0.93742,0.256841,0.23511,-0.010997],[-0.217544,0.959216,-0.180496,0.003439],[-0.27188,0.118054,0.955063,-0.00605],[0.0,0.0,0.0,1.0]],"antennas":[-1.686535,2.091053],"body_yaw":-0.233364,"check_collision":false},{"head":[[0.937875,0.25855,0.231392,-0.010534],[-0.219736,0.958699,-0.180589,0.002781],[-0.268527,0.118525,0.955953,-0.005914],[0.0,0.0,0.0,1.0]],"antennas":[-1.754873,2.167547],"body_yaw":-0.233364,"check_collision":false},{"head":[[0.937815,0.25931,0.230784,-0.010053],[-0.22131,0.958818,-0.178016,0.002331],[-0.267442,0.115871,0.956582,-0.006133],[0.0,0.0,0.0,1.0]],"antennas":[-1.823361,2.244211],"body_yaw":-0.233364,"check_collision":false},{"head":[[0.938968,0.246736,0.239711,-0.010323],[-0.207911,0.962187,-0.175982,0.002087],[-0.274068,0.115403,0.954761,-0.006436],[0.0,0.0,0.0,1.0]],"antennas":[-1.891558,2.320547],"body_yaw":-0.233364,"check_collision":false},{"head":[[0.940778,0.228352,0.250584,-0.010647],[-0.188654,0.966739,-0.172698,0.00196],[-0.281685,0.115197,0.952567,-0.006299],[0.0,0.0,0.0,1.0]],"antennas":[-1.960031,2.397193],"body_yaw":-0.233364,"check_collision":false},{"head":[[0.940745,0.231129,0.24815,-0.010255],[-0.191848,0.966135,-0.172564,0.001491],[-0.279631,0.114732,0.953228,-0.006002],[0.0,0.0,0.0,1.0]],"antennas":[-2.02855,2.473891],"body_yaw":-0.233364,"check_collision":false},{"head":[[0.937971,0.254129,0.235858,-0.009162],[-0.21712,0.960894,-0.171879,0.00077],[-0.270314,0.110008,0.956467,-0.005998],[0.0,0.0,0.0,1.0]],"antennas":[-2.09585,2.548752],"body_yaw":-0.233364,"check_collision":false},{"head":[[0.93447,0.273433,0.228034,-0.008159],[-0.237258,0.955775,-0.173792,0.000221],[-0.26547,0.1083,0.958017,-0.006151],[0.0,0.0,0.0,1.0]],"antennas":[-2.164341,2.624355],"body_yaw":-0.233364,"check_collision":false},{"head":[[0.933555,0.265799,0.240472,-0.008378],[-0.227605,0.957871,-0.175152,0.000276],[-0.276897,0.108781,0.954722,-0.006629],[0.0,0.0,0.0,1.0]],"antennas":[-2.232931,2.690637],"body_yaw":-0.233364,"check_collision":false},{"head":[[0.933218,0.247688,0.260298,-0.009262],[-0.206112,0.962416,-0.17684,0.000453],[-0.294316,0.11138,0.949196,-0.00696],[0.0,0.0,0.0,1.0]],"antennas":[-2.301482,2.707252],"body_yaw":-0.233364,"check_collision":false},{"head":[[0.928776,0.260712,0.263447,-0.009136],[-0.218429,0.959253,-0.179227,0.000715],[-0.299439,0.108917,0.947878,-0.006759],[0.0,0.0,0.0,1.0]],"antennas":[-2.338433,2.707252],"body_yaw":-0.233364,"check_collision":false},{"head":[[0.918513,0.302505,0.254608,-0.008566],[-0.261113,0.947626,-0.183914,0.001207],[-0.296908,0.102446,0.949395,-0.006646],[0.0,0.0,0.0,1.0]],"antennas":[-2.338433,2.707252],"body_yaw":-0.233364,"check_collision":false},{"head":[[0.910555,0.33279,0.245234,-0.007949],[-0.293248,0.938119,-0.184225,0.001523],[-0.291367,0.095833,0.951799,-0.006796],[0.0,0.0,0.0,1.0]],"antennas":[-2.338433,2.707252],"body_yaw":-0.233364,"check_collision":false},{"head":[[0.9069,0.341917,0.246221,-0.007808],[-0.301072,0.93468,-0.189022,0.002104],[-0.294768,0.097294,0.950603,-0.007509],[0.0,0.0,0.0,1.0]],"antennas":[-2.338433,2.707252],"body_yaw":-0.233364,"check_collision":false},{"head":[[0.908229,0.329007,0.258601,-0.00823],[-0.287318,0.93955,-0.186264,0.00279],[-0.304251,0.094869,0.947856,-0.008297],[0.0,0.0,0.0,1.0]],"antennas":[-2.338433,2.707252],"body_yaw":-0.233364,"check_collision":false},{"head":[[0.909961,0.317382,0.266907,-0.008807],[-0.276557,0.944044,-0.179715,0.003292],[-0.30901,0.089719,0.946817,-0.00845],[0.0,0.0,0.0,1.0]],"antennas":[-2.338433,2.707252],"body_yaw":-0.233364,"check_collision":false},{"head":[[0.906088,0.339581,0.252369,-0.008346],[-0.301003,0.936572,-0.179528,0.003726],[-0.297326,0.086704,0.950831,-0.008367],[0.0,0.0,0.0,1.0]],"antennas":[-2.338433,2.707252],"body_yaw":-0.233364,"check_collision":false},{"head":[[0.901076,0.363502,0.236492,-0.007547],[-0.330449,0.928684,-0.168375,0.004127],[-0.280831,0.07357,0.956933,-0.008641],[0.0,0.0,0.0,1.0]],"antennas":[-2.338433,2.707252],"body_yaw":-0.233364,"check_collision":false},{"head":[[0.907143,0.349486,0.234414,-0.007988],[-0.318602,0.934289,-0.159987,0.004538],[-0.274924,0.070446,0.958882,-0.00876],[0.0,0.0,0.0,1.0]],"antennas":[-2.338433,2.707252],"body_yaw":-0.233364,"check_collision":false},{"head":[[0.922328,0.301399,0.241805,-0.009491],[-0.267018,0.949466,-0.16497,0.004765],[-0.279307,0.087591,0.956198,-0.008279],[0.0,0.0,0.0,1.0]],"antennas":[-2.338433,2.707252],"body_yaw":-0.233364,"check_collision":false},{"head":[[0.933908,0.262046,0.243201,-0.010831],[-0.226479,0.959993,-0.164685,0.004712],[-0.276626,0.098721,0.955893,-0.007308],[0.0,0.0,0.0,1.0]],"antennas":[-2.338433,2.707252],"body_yaw":-0.233364,"check_collision":false},{"head":[[0.942319,0.234646,0.238697,-0.011445],[-0.199926,0.966518,-0.160852,0.004353],[-0.268448,0.103852,0.95768,-0.00676],[0.0,0.0,0.0,1.0]],"antennas":[-2.338433,2.707252],"body_yaw":-0.231495,"check_collision":false},{"head":[[0.944831,0.233842,0.229372,-0.010628],[-0.200694,0.966692,-0.158833,0.003904],[-0.258874,0.104037,0.960292,-0.006589],[0.0,0.0,0.0,1.0]],"antennas":[-2.338433,2.707252],"body_yaw":-0.214394,"check_collision":false},{"head":[[0.944761,0.239117,0.224163,-0.008997],[-0.204681,0.964599,-0.166297,0.003621],[-0.255992,0.111229,0.960258,-0.007217],[0.0,0.0,0.0,1.0]],"antennas":[-2.338433,2.707252],"body_yaw":-0.24164,"check_collision":false},{"head":[[0.94467,0.227468,0.23634,-0.008523],[-0.193686,0.968295,-0.157767,0.002958],[-0.264733,0.103263,0.958777,-0.007691],[0.0,0.0,0.0,1.0]],"antennas":[-2.338433,2.707252],"body_yaw":-0.279002,"check_collision":false},{"head":[[0.944948,0.211943,0.249306,-0.008382],[-0.177681,0.972127,-0.152966,0.002467],[-0.274778,0.100248,0.956268,-0.007729],[0.0,0.0,0.0,1.0]],"antennas":[-2.338433,2.707252],"body_yaw":-0.303973,"check_collision":false},{"head":[[0.943894,0.217135,0.24883,-0.008167],[-0.182893,0.971061,-0.153594,0.002269],[-0.274979,0.099467,0.956291,-0.007289],[0.0,0.0,0.0,1.0]],"antennas":[-2.338433,2.707252],"body_yaw":-0.306954,"check_collision":false},{"head":[[0.937358,0.252166,0.24036,-0.007181],[-0.220078,0.963481,-0.152543,0.00185],[-0.270048,0.090089,0.958623,-0.007332],[0.0,0.0,0.0,1.0]],"antennas":[-2.338433,2.707252],"body_yaw":-0.306954,"check_collision":false},{"head":[[0.924683,0.297112,0.238086,-0.005789],[-0.266394,0.95165,-0.152955,0.001543],[-0.27202,0.078011,0.959124,-0.00804],[0.0,0.0,0.0,1.0]],"antennas":[-2.338433,2.707252],"body_yaw":-0.306954,"check_collision":false},{"head":[[0.915029,0.325487,0.238284,-0.005304],[-0.293242,0.942358,-0.161154,0.001421],[-0.277002,0.077586,0.957732,-0.008677],[0.0,0.0,0.0,1.0]],"antennas":[-2.338433,2.707252],"body_yaw":-0.306954,"check_collision":false},{"head":[[0.912763,0.324725,0.247824,-0.005533],[-0.288898,0.942079,-0.170367,0.001546],[-0.288792,0.083909,0.953708,-0.009097],[0.0,0.0,0.0,1.0]],"antennas":[-2.338433,2.707252],"body_yaw":-0.305528,"check_collision":false},{"head":[[0.909873,0.329236,0.252457,-0.006145],[-0.292025,0.940452,-0.173986,0.001677],[-0.294706,0.084582,0.951837,-0.008693],[0.0,0.0,0.0,1.0]],"antennas":[-2.338433,2.707252],"body_yaw":-0.275692,"check_collision":false},{"head":[[0.90897,0.337043,0.245306,-0.006558],[-0.298788,0.93711,-0.180418,0.001665],[-0.290687,0.090701,0.95251,-0.007955],[0.0,0.0,0.0,1.0]],"antennas":[-2.338433,2.707252],"body_yaw":-0.232188,"check_collision":false},{"head":[[0.908395,0.347046,0.233191,-0.0063],[-0.309748,0.933197,-0.182206,0.001632],[-0.280847,0.093284,0.955208,-0.007503],[0.0,0.0,0.0,1.0]],"antennas":[-2.338433,2.707252],"body_yaw":-0.19495,"check_collision":false},{"head":[[0.914257,0.33215,0.23197,-0.00663],[-0.295776,0.93851,-0.178088,0.00164],[-0.276858,0.094207,0.956282,-0.007469],[0.0,0.0,0.0,1.0]],"antennas":[-2.338433,2.707252],"body_yaw":-0.171153,"check_collision":false},{"head":[[0.929805,0.285445,0.232343,-0.008072],[-0.24958,0.952961,-0.171973,0.002336],[-0.270503,0.101913,0.95731,-0.007425],[0.0,0.0,0.0,1.0]],"antennas":[-2.338433,2.707252],"body_yaw":-0.152258,"check_collision":false},{"head":[[0.944065,0.235375,0.230956,-0.009654],[-0.199519,0.965341,-0.168251,0.002751],[-0.262554,0.11276,0.958306,-0.006855],[0.0,0.0,0.0,1.0]],"antennas":[-2.338433,2.707252],"body_yaw":-0.186783,"check_collision":false},{"head":[[0.949302,0.220142,0.224416,-0.009755],[-0.187725,0.969588,-0.157028,0.002431],[-0.252159,0.106939,0.961759,-0.006308],[0.0,0.0,0.0,1.0]],"antennas":[-2.338433,2.707252],"body_yaw":-0.24239,"check_collision":false},{"head":[[0.949653,0.236631,0.205339,-0.007805],[-0.207581,0.966126,-0.153332,0.002363],[-0.234667,0.102987,0.966605,-0.006393],[0.0,0.0,0.0,1.0]],"antennas":[-2.338433,2.707252],"body_yaw":-0.297819,"check_collision":false},{"head":[[0.94551,0.252291,0.205817,-0.006094],[-0.224581,0.963031,-0.148778,0.002636],[-0.235743,0.094448,0.967215,-0.007326],[0.0,0.0,0.0,1.0]],"antennas":[-2.338433,2.707252],"body_yaw":-0.338407,"check_collision":false},{"head":[[0.939924,0.258252,0.223267,-0.005038],[-0.230648,0.962562,-0.142396,0.002705],[-0.251683,0.082345,0.9643,-0.008453],[0.0,0.0,0.0,1.0]],"antennas":[-2.338433,2.707252],"body_yaw":-0.347801,"check_collision":false},{"head":[[0.93463,0.256837,0.245969,-0.005605],[-0.227619,0.963468,-0.141135,0.002622],[-0.273232,0.075922,0.958947,-0.009019],[0.0,0.0,0.0,1.0]],"antennas":[-2.338433,2.707252],"body_yaw":-0.347801,"check_collision":false},{"head":[[0.927465,0.26871,0.260008,-0.005948],[-0.238842,0.960773,-0.140963,0.00271],[-0.287687,0.068637,0.955262,-0.009135],[0.0,0.0,0.0,1.0]],"antennas":[-2.338433,2.707252],"body_yaw":-0.332527,"check_collision":false},{"head":[[0.912091,0.31676,0.260295,-0.005216],[-0.282115,0.945579,-0.16215,0.001811],[-0.297492,0.074462,0.951816,-0.008504],[0.0,0.0,0.0,1.0]],"antennas":[-2.338433,2.707252],"body_yaw":-0.30631,"check_collision":false},{"head":[[0.894558,0.374294,0.244275,-0.00381],[-0.336773,0.92379,-0.182198,0.000916],[-0.293855,0.080722,0.952435,-0.008416],[0.0,0.0,0.0,1.0]],"antennas":[-2.338433,2.707252],"body_yaw":-0.280209,"check_collision":false},{"head":[[0.885219,0.400682,0.236307,-0.003168],[-0.362431,0.912524,-0.189589,-9.3e-05],[-0.291601,0.082183,0.953003,-0.0089],[0.0,0.0,0.0,1.0]],"antennas":[-2.338433,2.707252],"body_yaw":-0.26681,"check_collision":false},{"head":[[0.88865,0.39562,0.231918,-0.003424],[-0.356057,0.913946,-0.194747,-8.2e-05],[-0.289006,0.090486,0.953041,-0.008979],[0.0,0.0,0.0,1.0]],"antennas":[-2.338433,2.707252],"body_yaw":-0.266655,"check_collision":false},{"head":[[0.899634,0.366496,0.237361,-0.004253],[-0.326126,0.925444,-0.192862,1.5e-05],[-0.290347,0.096096,0.952084,-0.008299],[0.0,0.0,0.0,1.0]],"antennas":[-2.338433,2.707252],"body_yaw":-0.266655,"check_collision":false},{"head":[[0.91467,0.324512,0.240979,-0.004849],[-0.284763,0.940459,-0.185599,-0.000276],[-0.286859,0.10114,0.952619,-0.007695],[0.0,0.0,0.0,1.0]],"antennas":[-2.338433,2.707252],"body_yaw":-0.266655,"check_collision":false},{"head":[[0.922376,0.308453,0.232548,-0.004318],[-0.272011,0.946068,-0.17597,-0.000272],[-0.274284,0.099055,0.956533,-0.007915],[0.0,0.0,0.0,1.0]],"antennas":[-2.338433,2.707252],"body_yaw":-0.266655,"check_collision":false},{"head":[[0.927092,0.300649,0.223855,-0.0033],[-0.267154,0.948896,-0.168002,-0.000448],[-0.262924,0.09595,0.960034,-0.00808],[0.0,0.0,0.0,1.0]],"antennas":[-2.338433,2.707252],"body_yaw":-0.256598,"check_collision":false},{"head":[[0.929816,0.291797,0.224267,-0.00298],[-0.257396,0.951163,-0.170401,8.6e-05],[-0.263037,0.100716,0.959514,-0.008519],[0.0,0.0,0.0,1.0]],"antennas":[-2.338433,2.707252],"body_yaw":-0.24022,"check_collision":false},{"head":[[0.932671,0.272932,0.235865,-0.003322],[-0.239303,0.957403,-0.161596,0.001144],[-0.269923,0.094272,0.958256,-0.00929],[0.0,0.0,0.0,1.0]],"antennas":[-2.338433,2.707252],"body_yaw":-0.21729,"check_collision":false},{"head":[[0.933821,0.262124,0.243451,-0.003869],[-0.230793,0.961392,-0.149866,0.001676],[-0.273335,0.083761,0.958265,-0.009345],[0.0,0.0,0.0,1.0]],"antennas":[-2.338433,2.707252],"body_yaw":-0.183241,"check_collision":false},{"head":[[0.931706,0.271201,0.241609,-0.003589],[-0.241093,0.959294,-0.147072,0.002078],[-0.27166,0.078778,0.959164,-0.009113],[0.0,0.0,0.0,1.0]],"antennas":[-2.338433,2.707252],"body_yaw":-0.144661,"check_collision":false},{"head":[[0.928978,0.285205,0.235921,-0.002695],[-0.256676,0.955626,-0.144554,0.002021],[-0.26668,0.073732,0.960961,-0.009096],[0.0,0.0,0.0,1.0]],"antennas":[-2.338433,2.707252],"body_yaw":-0.114005,"check_collision":false},{"head":[[0.925029,0.293244,0.241514,-0.002121],[-0.263629,0.95325,-0.147695,0.001688],[-0.273534,0.072952,0.959092,-0.009445],[0.0,0.0,0.0,1.0]],"antennas":[-2.338433,2.707252],"body_yaw":-0.097007,"check_collision":false},{"head":[[0.916782,0.295204,0.269008,-0.002911],[-0.26385,0.953307,-0.146935,0.002091],[-0.299823,0.063729,0.951864,-0.01042],[0.0,0.0,0.0,1.0]],"antennas":[-2.338433,2.707252],"body_yaw":-0.09593,"check_collision":false},{"head":[[0.903312,0.308191,0.298405,-0.004236],[-0.281424,0.950736,-0.130007,0.002294],[-0.323771,0.033459,0.945544,-0.011232],[0.0,0.0,0.0,1.0]],"antennas":[-2.338433,2.707252],"body_yaw":-0.092567,"check_collision":false},{"head":[[0.8885,0.35159,0.294876,-0.005009],[-0.317862,0.93503,-0.157107,0.002372],[-0.330955,0.04586,0.942531,-0.011077],[0.0,0.0,0.0,1.0]],"antennas":[-2.338433,2.707252],"body_yaw":-0.080637,"check_collision":false},{"head":[[0.886342,0.361249,0.289651,-0.005512],[-0.318313,0.929674,-0.185429,0.002356],[-0.336267,0.072154,0.938999,-0.010444],[0.0,0.0,0.0,1.0]],"antennas":[-2.338433,2.707252],"body_yaw":-0.068208,"check_collision":false},{"head":[[0.879552,0.384655,0.280052,-0.005654],[-0.338647,0.919538,-0.199418,0.002576],[-0.334226,0.08056,0.939044,-0.009748],[0.0,0.0,0.0,1.0]],"antennas":[-2.338433,2.707252],"body_yaw":-0.0601,"check_collision":false},{"head":[[0.877449,0.406179,0.255151,-0.005284],[-0.357884,0.90854,-0.215579,0.002577],[-0.319379,0.097845,0.942562,-0.009358],[0.0,0.0,0.0,1.0]],"antennas":[-2.338433,2.707252],"body_yaw":-0.059354,"check_collision":false},{"head":[[0.882003,0.407292,0.23703,-0.004745],[-0.3609,0.907245,-0.216002,0.002502],[-0.30302,0.10497,0.947185,-0.009194],[0.0,0.0,0.0,1.0]],"antennas":[-2.338433,2.707252],"body_yaw":-0.059354,"check_collision":false},{"head":[[0.892904,0.38931,0.226185,-0.003706],[-0.345606,0.914607,-0.209883,0.002439],[-0.28858,0.109235,0.951204,-0.009045],[0.0,0.0,0.0,1.0]],"antennas":[-2.338433,2.707252],"body_yaw":-0.059354,"check_collision":false},{"head":[[0.91127,0.347475,0.221014,-0.002422],[-0.306041,0.930532,-0.20112,0.00205],[-0.275545,0.115635,0.954308,-0.008607],[0.0,0.0,0.0,1.0]],"antennas":[-2.338433,2.707252],"body_yaw":-0.072565,"check_collision":false},{"head":[[0.922701,0.313041,0.225005,-0.001805],[-0.27356,0.942901,-0.190009,0.001282],[-0.271638,0.113769,0.955651,-0.008895],[0.0,0.0,0.0,1.0]],"antennas":[-2.338433,2.707252],"body_yaw":-0.110852,"check_collision":false},{"head":[[0.930145,0.277818,0.240098,-0.00207],[-0.24053,0.955051,-0.173273,0.000465],[-0.277444,0.103419,0.955159,-0.009192],[0.0,0.0,0.0,1.0]],"antennas":[-2.338433,2.707252],"body_yaw":-0.156654,"check_collision":false},{"head":[[0.934242,0.257288,0.246972,-0.002175],[-0.220819,0.961096,-0.165932,0.000337],[-0.280057,0.100484,0.95471,-0.009255],[0.0,0.0,0.0,1.0]],"antennas":[-2.338433,2.707252],"body_yaw":-0.196346,"check_collision":false},{"head":[[0.934532,0.24977,0.253506,-0.002372],[-0.214502,0.963731,-0.158782,0.000224],[-0.283971,0.09401,0.954213,-0.009285],[0.0,0.0,0.0,1.0]],"antennas":[-2.338433,2.707252],"body_yaw":-0.220284,"check_collision":false},{"head":[[0.931917,0.244895,0.267502,-0.003023],[-0.209603,0.965615,-0.153799,0.000218],[-0.295968,0.087259,0.951204,-0.009602],[0.0,0.0,0.0,1.0]],"antennas":[-2.338433,2.707252],"body_yaw":-0.221362,"check_collision":false},{"head":[[0.924124,0.267559,0.272778,-0.003158],[-0.232789,0.960362,-0.153341,0.000203],[-0.302993,0.078206,0.949778,-0.009477],[0.0,0.0,0.0,1.0]],"antennas":[-2.338433,2.707252],"body_yaw":-0.217376,"check_collision":false},{"head":[[0.909448,0.323339,0.261448,-0.002955],[-0.288879,0.943552,-0.162046,2.3e-05],[-0.299086,0.071846,0.951518,-0.009257],[0.0,0.0,0.0,1.0]],"antennas":[-2.338433,2.707252],"body_yaw":-0.215124,"check_collision":false},{"head":[[0.89205,0.380009,0.244623,-0.002559],[-0.344555,0.92212,-0.176,-0.00067],[-0.292453,0.072715,0.953511,-0.009539],[0.0,0.0,0.0,1.0]],"antennas":[-2.338433,2.707252],"body_yaw":-0.211266,"check_collision":false},{"head":[[0.875771,0.420443,0.237176,-0.002427],[-0.382391,0.904102,-0.190728,-0.001505],[-0.294622,0.07634,0.95256,-0.009677],[0.0,0.0,0.0,1.0]],"antennas":[-2.338433,2.707252],"body_yaw":-0.223009,"check_collision":false},{"head":[[0.871361,0.43323,0.230306,-0.002126],[-0.393557,0.89746,-0.199196,-0.001874],[-0.292988,0.082933,0.952512,-0.009285],[0.0,0.0,0.0,1.0]],"antennas":[-2.338433,2.707252],"body_yaw":-0.223021,"check_collision":false},{"head":[[0.876361,0.422539,0.231196,-0.002413],[-0.381683,0.902008,-0.201741,-0.002079],[-0.293784,0.088554,0.951761,-0.008888],[0.0,0.0,0.0,1.0]],"antennas":[-2.338433,2.707252],"body_yaw":-0.20287,"check_collision":false},{"head":[[0.884534,0.402948,0.235017,-0.00251],[-0.361476,0.910532,-0.200664,-0.002349],[-0.294848,0.092541,0.951053,-0.008699],[0.0,0.0,0.0,1.0]],"antennas":[-2.338433,2.707252],"body_yaw":-0.18992,"check_collision":false},{"head":[[0.897674,0.372142,0.235989,-0.002082],[-0.330674,0.922858,-0.197452,-0.002545],[-0.291265,0.099212,0.951484,-0.008514],[0.0,0.0,0.0,1.0]],"antennas":[-2.338433,2.707252],"body_yaw":-0.181158,"check_collision":false},{"head":[[0.914119,0.321218,0.247396,-0.001843],[-0.278825,0.941036,-0.191592,-0.002943],[-0.294352,0.106157,0.949783,-0.008381],[0.0,0.0,0.0,1.0]],"antennas":[-2.338433,2.707252],"body_yaw":-0.169685,"check_collision":false},{"head":[[0.92459,0.294336,0.241868,-0.000936],[-0.251584,0.948495,-0.192519,-0.003085],[-0.286076,0.117151,0.951018,-0.008108],[0.0,0.0,0.0,1.0]],"antennas":[-2.338433,2.707252],"body_yaw":-0.15184,"check_collision":false},{"head":[[0.929875,0.276357,0.242817,-0.000958],[-0.234035,0.953654,-0.189135,-0.002686],[-0.283832,0.119044,0.951456,-0.008265],[0.0,0.0,0.0,1.0]],"antennas":[-2.338433,2.707252],"body_yaw":-0.132267,"check_collision":false},{"head":[[0.931058,0.251156,0.264674,-0.002071],[-0.210371,0.96219,-0.173016,-0.002306],[-0.298121,0.105408,0.94869,-0.008334],[0.0,0.0,0.0,1.0]],"antennas":[-2.338433,2.707252],"body_yaw":-0.116063,"check_collision":false},{"head":[[0.931482,0.237631,0.27545,-0.002816],[-0.197538,0.966216,-0.165544,-0.001967],[-0.305482,0.099789,0.946954,-0.008118],[0.0,0.0,0.0,1.0]],"antennas":[-2.338433,2.707252],"body_yaw":-0.113452,"check_collision":false},{"head":[[0.932016,0.229098,0.280821,-0.002991],[-0.189686,0.968611,-0.16066,-0.001797],[-0.308814,0.09647,0.946218,-0.008074],[0.0,0.0,0.0,1.0]],"antennas":[-2.338433,2.707252],"body_yaw":-0.113452,"check_collision":false},{"head":[[0.928365,0.249908,0.275109,-0.002169],[-0.214098,0.964631,-0.153784,-0.001793],[-0.30381,0.083867,0.949034,-0.008549],[0.0,0.0,0.0,1.0]],"antennas":[-2.338433,2.707252],"body_yaw":-0.113452,"check_collision":false},{"head":[[0.914682,0.298805,0.272164,-0.001493],[-0.270634,0.952932,-0.13667,-0.001578],[-0.300191,0.051352,0.952496,-0.009834],[0.0,0.0,0.0,1.0]],"antennas":[-2.338433,2.707252],"body_yaw":-0.095785,"check_collision":false},{"head":[[0.893145,0.347365,0.285709,-0.002265],[-0.327735,0.937681,-0.115514,-0.001755],[-0.30803,0.009534,0.951329,-0.011109],[0.0,0.0,0.0,1.0]],"antennas":[-2.338433,2.707252],"body_yaw":-0.053545,"check_collision":false},{"head":[[0.874275,0.387828,0.291947,-0.003253],[-0.365276,0.921701,-0.130539,-0.001885],[-0.319715,0.007485,0.947484,-0.011376],[0.0,0.0,0.0,1.0]],"antennas":[-2.338433,2.707252],"body_yaw":-0.002333,"check_collision":false},{"head":[[0.874312,0.385166,0.295341,-0.004189],[-0.355812,0.922486,-0.149725,-0.001021],[-0.330117,0.02582,0.943587,-0.010726],[0.0,0.0,0.0,1.0]],"antennas":[-2.338433,2.707252],"body_yaw":0.039964,"check_collision":false},{"head":[[0.878349,0.365751,0.30778,-0.005244],[-0.333506,0.930154,-0.153583,-0.000743],[-0.342456,0.032253,0.93898,-0.010081],[0.0,0.0,0.0,1.0]],"antennas":[-2.338433,2.707252],"body_yaw":0.064753,"check_collision":false},{"head":[[0.883015,0.357943,0.303581,-0.005445],[-0.32272,0.932696,-0.16103,-0.000819],[-0.340789,0.04422,0.939099,-0.009602],[0.0,0.0,0.0,1.0]],"antennas":[-2.338433,2.707252],"body_yaw":0.069757,"check_collision":false},{"head":[[0.888343,0.355765,0.290305,-0.005032],[-0.32016,0.933096,-0.163795,-0.000801],[-0.329155,0.052562,0.942812,-0.009425],[0.0,0.0,0.0,1.0]],"antennas":[-2.338433,2.707252],"body_yaw":0.069757,"check_collision":false},{"head":[[0.899388,0.336715,0.278793,-0.004063],[-0.302086,0.939691,-0.16039,-0.000628],[-0.315984,0.060033,0.946863,-0.009124],[0.0,0.0,0.0,1.0]],"antennas":[-2.338433,2.707252],"body_yaw":0.069757,"check_collision":false},{"head":[[0.917119,0.302023,0.260143,-0.002476],[-0.267146,0.950075,-0.161216,-0.000561],[-0.295846,0.078359,0.952016,-0.008572],[0.0,0.0,0.0,1.0]],"antennas":[-2.338433,2.707252],"body_yaw":0.069757,"check_collision":false},{"head":[[0.931802,0.267243,0.245615,-0.001224],[-0.230151,0.958276,-0.169522,-0.000478],[-0.28067,0.101432,0.954429,-0.00814],[0.0,0.0,0.0,1.0]],"antennas":[-2.338433,2.707252],"body_yaw":0.069757,"check_collision":false},{"head":[[0.939016,0.229782,0.255828,-0.001228],[-0.193757,0.968174,-0.158419,-0.000533],[-0.284088,0.099189,0.953654,-0.00815],[0.0,0.0,0.0,1.0]],"antennas":[-2.338433,2.707252],"body_yaw":0.069757,"check_collision":false},{"head":[[0.943827,0.188684,0.271273,-0.001673],[-0.155767,0.978059,-0.138338,-0.001127],[-0.291423,0.088311,0.952509,-0.008045],[0.0,0.0,0.0,1.0]],"antennas":[-2.338433,2.707252],"body_yaw":0.069757,"check_collision":false},{"head":[[0.944683,0.166039,0.282853,-0.001739],[-0.136335,0.983148,-0.121787,-0.001612],[-0.298308,0.076487,0.9514,-0.007912],[0.0,0.0,0.0,1.0]],"antennas":[-2.338433,2.707252],"body_yaw":0.069757,"check_collision":false},{"head":[[0.9422,0.175121,0.285643,-0.001512],[-0.146967,0.982154,-0.11736,-0.001551],[-0.301098,0.068597,0.951123,-0.008217],[0.0,0.0,0.0,1.0]],"antennas":[-2.338433,2.707252],"body_yaw":0.069757,"check_collision":false},{"head":[[0.935259,0.191857,0.297459,-0.001868],[-0.168861,0.980408,-0.101424,-0.001305],[-0.31109,0.044628,0.949332,-0.008689],[0.0,0.0,0.0,1.0]],"antennas":[-2.338433,2.707252],"body_yaw":0.069757,"check_collision":false},{"head":[[0.926343,0.215507,0.308942,-0.002814],[-0.199234,0.976372,-0.083692,-0.001271],[-0.319678,0.015976,0.947391,-0.008801],[0.0,0.0,0.0,1.0]],"antennas":[-2.336861,2.700122],"body_yaw":0.077026,"check_collision":false},{"head":[[0.917202,0.257655,0.303897,-0.003256],[-0.242227,0.96621,-0.088113,-0.00143],[-0.316332,0.007206,0.948621,-0.009038],[0.0,0.0,0.0,1.0]],"antennas":[-2.325986,2.689762],"body_yaw":0.098464,"check_collision":false},{"head":[[0.912169,0.278961,0.300216,-0.003498],[-0.257842,0.960057,-0.108665,-0.00141],[-0.318537,0.021712,0.947662,-0.008775],[0.0,0.0,0.0,1.0]],"antennas":[-2.316406,2.681181],"body_yaw":0.129702,"check_collision":false},{"head":[[0.904689,0.309211,0.293132,-0.00355],[-0.28353,0.950446,-0.127525,-0.001296],[-0.318038,0.032259,0.947529,-0.008615],[0.0,0.0,0.0,1.0]],"antennas":[-2.309055,2.675238],"body_yaw":0.179021,"check_collision":false},{"head":[[0.895767,0.356521,0.265509,-0.002484],[-0.329507,0.933453,-0.141743,-0.001131],[-0.298375,0.039482,0.953632,-0.009052],[0.0,0.0,0.0,1.0]],"antennas":[-2.304637,2.672552],"body_yaw":0.234947,"check_collision":false},{"head":[[0.894729,0.37007,0.250017,-0.001575],[-0.342498,0.927839,-0.147682,-0.000987],[-0.286628,0.046505,0.956912,-0.009351],[0.0,0.0,0.0,1.0]],"antennas":[-2.3037,2.673384],"body_yaw":0.289594,"check_collision":false},{"head":[[0.90015,0.368403,0.232398,-0.001059],[-0.334926,0.926513,-0.171459,-0.001071],[-0.278486,0.076503,0.957389,-0.008869],[0.0,0.0,0.0,1.0]],"antennas":[-2.30629,2.677665],"body_yaw":0.331733,"check_collision":false},{"head":[[0.906664,0.35517,0.227627,-0.000582],[-0.321933,0.931241,-0.170734,-0.001256],[-0.272615,0.081517,0.958664,-0.007931],[0.0,0.0,0.0,1.0]],"antennas":[-2.312094,2.684934],"body_yaw":0.346925,"check_collision":false},{"head":[[0.921906,0.313974,0.226956,-0.000129],[-0.280701,0.94511,-0.167258,-0.001457],[-0.267013,0.090489,0.959435,-0.007057],[0.0,0.0,0.0,1.0]],"antennas":[-2.320634,2.694483],"body_yaw":0.346925,"check_collision":false},{"head":[[0.936855,0.262006,0.231638,-0.000293],[-0.229688,0.960452,-0.1574,-0.001504],[-0.263717,0.094257,0.959984,-0.006753],[0.0,0.0,0.0,1.0]],"antennas":[-2.330959,2.705319],"body_yaw":0.347733,"check_collision":false},{"head":[[0.948925,0.198413,0.245304,-0.000848],[-0.166416,0.975318,-0.145124,-0.001448],[-0.268044,0.096889,0.958522,-0.007011],[0.0,0.0,0.0,1.0]],"antennas":[-2.341968,2.716326],"body_yaw":0.362568,"check_collision":false},{"head":[[0.95284,0.116327,0.280291,-0.002008],[-0.088821,0.99007,-0.108958,-0.00244],[-0.290183,0.078924,0.953711,-0.0074],[0.0,0.0,0.0,1.0]],"antennas":[-2.352796,2.726485],"body_yaw":0.388941,"check_collision":false},{"head":[[0.953468,0.097908,0.285155,-0.001818],[-0.074845,0.993061,-0.090708,-0.002855],[-0.292057,0.065144,0.95418,-0.00738],[0.0,0.0,0.0,1.0]],"antennas":[-2.362087,2.734662],"body_yaw":0.41239,"check_collision":false},{"head":[[0.956712,0.099297,0.273572,-0.001531],[-0.07986,0.993483,-0.081322,-0.002203],[-0.279865,0.055954,0.958407,-0.007129],[0.0,0.0,0.0,1.0]],"antennas":[-2.368892,2.740038],"body_yaw":0.414128,"check_collision":false},{"head":[[0.958952,0.095375,0.26705,-0.001418],[-0.080943,0.994625,-0.064563,-0.00182],[-0.271772,0.040297,0.961518,-0.006669],[0.0,0.0,0.0,1.0]],"antennas":[-2.372706,2.742105],"body_yaw":0.38071,"check_collision":false},{"head":[[0.958837,0.099047,0.266124,-0.001237],[-0.082674,0.993968,-0.072067,-0.000988],[-0.271657,0.047099,0.961241,-0.006662],[0.0,0.0,0.0,1.0]],"antennas":[-2.372994,2.740626],"body_yaw":0.332668,"check_collision":false},{"head":[[0.957099,0.091982,0.274773,-0.001568],[-0.071107,0.993839,-0.085013,-0.00039],[-0.2809,0.061827,0.957744,-0.007128],[0.0,0.0,0.0,1.0]],"antennas":[-2.369851,2.735801],"body_yaw":0.286331,"check_collision":false},{"head":[[0.9565,0.100504,0.273872,-0.002867],[-0.07626,0.992279,-0.097806,-0.000155],[-0.281588,0.072666,0.95678,-0.007171],[0.0,0.0,0.0,1.0]],"antennas":[-2.363369,2.728005],"body_yaw":0.258882,"check_collision":false},{"head":[[0.95388,0.139257,0.265934,-0.003904],[-0.109976,0.986411,-0.122063,-0.0006],[-0.279319,0.087187,0.956232,-0.006896],[0.0,0.0,0.0,1.0]],"antennas":[-2.354514,2.718131],"body_yaw":0.275368,"check_collision":false},{"head":[[0.94639,0.198777,0.254625,-0.004288],[-0.165999,0.975476,-0.144536,-0.001954],[-0.277111,0.094519,0.956178,-0.00673],[0.0,0.0,0.0,1.0]],"antennas":[-2.343875,2.707138],"body_yaw":0.315235,"check_collision":false},{"head":[[0.934552,0.258525,0.244495,-0.00382],[-0.224966,0.961647,-0.156925,-0.003118],[-0.275687,0.091652,0.956868,-0.007114],[0.0,0.0,0.0,1.0]],"antennas":[-2.332902,2.696257],"body_yaw":0.338336,"check_collision":false},{"head":[[0.91815,0.322897,0.229648,-0.003064],[-0.286351,0.941315,-0.178685,-0.004077],[-0.273869,0.0983,0.95673,-0.007013],[0.0,0.0,0.0,1.0]],"antennas":[-2.322367,2.686372],"body_yaw":0.342983,"check_collision":false},{"head":[[0.906477,0.366418,0.209852,-0.002208],[-0.329507,0.924611,-0.191101,-0.004325],[-0.264055,0.104081,0.958876,-0.007233],[0.0,0.0,0.0,1.0]],"antennas":[-2.313343,2.678611],"body_yaw":0.342983,"check_collision":false},{"head":[[0.905176,0.378205,0.193952,-0.001728],[-0.342441,0.919226,-0.194312,-0.00431],[-0.251775,0.109469,0.961575,-0.007367],[0.0,0.0,0.0,1.0]],"antennas":[-2.306983,2.67379],"body_yaw":0.342983,