{"description":"You try to calm down and regain inner peace.","time":[0.0,0.02,0.04,0.06,0.08,0.1,0.12,0.14,0.16,0.18,0.2,0.22,0.24,0.26,0.28,0.3,0.32,0.34,0.36,0.38,0.4,0.42,0.44,0.46,0.48,0.5,0.52,0.54,0.56,0.58,0.6,0.62,0.64,0.66,0.68,0.7,0.72,0.74,0.76,0.78,0.8,0.82,0.84,0.86,0.88,0.9,0.92,0.94,0.96,0.98,1.0,1.02,1.04,1.06,1.08,1.1,1.12,1.14,1.16,1.18,1.2,1.22,1.24,1.26,1.28,1.3,1.32,1.34,1.36,1.38,1.4,1.42,1.44,1.46,1.48,1.5,1.52,1.54,1.56,1.58,1.6,1.62,1.64,1.66,1.68,1.7,1.72,1.74,1.76,1.78,1.8,1.82,1.84,1.86,1.88,1.9,1.92,1.94,1.96,1.98,2.0,2.02,2.04,2.06,2.08,2.1,2.12,2.14,2.16,2.18,2.2,2.22,2.24,2.26,2.28,2.3,2.32,2.34,2.36,2.38,2.4,2.42,2.44,2.46,2.48,2.5,2.52,2.54,2.56,2.58,2.6,2.62,2.64,2.66,2.68,2.7,2.72,2.74,2.76,2.78,2.8,2.82,2.84,2.86,2.88,2.9,2.92,2.94,2.96,2.98,3.0,3.02,3.04,3.06,3.08,3.1,3.12,3.14,3.16,3.18,3.2,3.22,3.24,3.26,3.28,3.3,3.32,3.34,3.36,3.38,3.4,3.42,3.44,3.46,3.48,3.5,3.52,3.54,3.56,3.58,3.6,3.62,3.64,3.66,3.68,3.7,3.72,3.74,3.76,3.78,3.8,3.82,3.84,3.86,3.88,3.9,3.92,3.94,3.96,3.98,4.0,4.02,4.04,4.06,4.08,4.1,4.12,4.14,4.16,4.18,4.2,4.22,4.24,4.26,4.28,4.3,4.32,4.34,4.36,4.38,4.4,4.42,4.44,4.46,4.48,4.5,4.52,4.54,4.56,4.58],"set_target_data":[{"head":[[0.999997,0.001011,0.00216,-0.000636],[-0.00101,0.999999,-0.000728,0.001483],[-0.00216,0.000726,0.999997,-0.001026],[0.0,0.0,0.0,1.0]],"antennas":[0.031816,0.327264],"body_yaw":-0.021135,"check_collision":false},{"head":[[0.999997,0.001053,0.002233,-0.000628],[-0.001051,0.999999,-0.000675,0.001574],[-0.002234,0.000673,0.999997,-0.001102],[0.0,0.0,0.0,1.0]],"antennas":[0.031816,0.327264],"body_yaw":-0.021135,"check_collision":false},{"head":[[0.999997,0.000964,0.002324,-0.000557],[-0.000962,0.999999,-0.000658,0.001385],[-0.002325,0.000655,0.999997,-0.001036],[0.0,0.0,0.0,1.0]],"antennas":[0.031816,0.327264],"body_yaw":-0.021135,"check_collision":false},{"head":[[0.999997,0.000994,0.002256,-0.00055],[-0.000992,0.999999,-0.000663,0.001307],[-0.002256,0.000661,0.999997,-0.000981],[0.0,0.0,0.0,1.0]],"antennas":[0.031816,0.327264],"body_yaw":-0.021135,"check_collision":false},{"head":[[0.999997,0.001195,0.002236,-0.000635],[-0.001194,0.999999,-0.000651,0.001465],[-0.002236,0.000648,0.999997,-0.000996],[0.0,0.0,0.0,1.0]],"antennas":[0.031816,0.327264],"body_yaw":-0.021135,"check_collision":false},{"head":[[0.999997,0.001102,0.002367,-0.000519],[-0.0011,0.999999,-0.000698,0.001286],[-0.002368,0.000696,0.999997,-0.000824],[0.0,0.0,0.0,1.0]],"antennas":[0.031816,0.327264],"body_yaw":-0.021135,"check_collision":false},{"head":[[0.999996,0.001154,0.002415,-0.000451],[-0.001153,0.999999,-0.000619,0.001163],[-0.002416,0.000616,0.999997,-0.000657],[0.0,0.0,0.0,1.0]],"antennas":[0.031816,0.327264],"body_yaw":-0.021135,"check_collision":false},{"head":[[0.999996,0.001096,0.002556,-0.000392],[-0.001095,0.999999,-0.000594,0.001105],[-0.002557,0.000591,0.999997,-0.000614],[0.0,0.0,0.0,1.0]],"antennas":[0.031816,0.327264],"body_yaw":-0.021135,"check_collision":false},{"head":[[0.999996,0.00105,0.002597,-0.00028],[-0.001048,0.999999,-0.000639,0.000984],[-0.002598,0.000636,0.999996,-0.000623],[0.0,0.0,0.0,1.0]],"antennas":[0.031816,0.327264],"body_yaw":-0.021135,"check_collision":false},{"head":[[0.999996,0.00105,0.002483,-0.0003],[-0.001049,0.999999,-0.000579,0.001116],[-0.002483,0.000577,0.999997,-0.000751],[0.0,0.0,0.0,1.0]],"antennas":[0.031816,0.327264],"body_yaw":-0.021135,"check_collision":false},{"head":[[0.999997,0.001,0.002322,-0.000299],[-0.000999,0.999999,-0.00058,0.001219],[-0.002322,0.000578,0.999997,-0.000896],[0.0,0.0,0.0,1.0]],"antennas":[0.031816,0.327264],"body_yaw":-0.021135,"check_collision":false},{"head":[[0.999997,0.001043,0.002174,-0.000345],[-0.001042,0.999999,-0.00053,0.001156],[-0.002174,0.000528,0.999997,-0.000875],[0.0,0.0,0.0,1.0]],"antennas":[0.031816,0.327264],"body_yaw":-0.021135,"check_collision":false},{"head":[[0.999998,0.001084,0.001932,-0.000487],[-0.001083,0.999999,-0.000517,0.001312],[-0.001933,0.000514,0.999998,-0.00095],[0.0,0.0,0.0,1.0]],"antennas":[0.031816,0.327264],"body_yaw":-0.021135,"check_collision":false},{"head":[[0.999998,0.001055,0.001927,-0.000456],[-0.001054,0.999999,-0.0005,0.001079],[-0.001927,0.000498,0.999998,-0.000765],[0.0,0.0,0.0,1.0]],"antennas":[0.031816,0.327264],"body_yaw":-0.021135,"check_collision":false},{"head":[[0.999997,0.001064,0.001971,-0.000451],[-0.001063,0.999999,-0.00047,0.00099],[-0.001971,0.000468,0.999998,-0.000629],[0.0,0.0,0.0,1.0]],"antennas":[0.031816,0.327264],"body_yaw":-0.021135,"check_collision":false},{"head":[[0.999997,0.001039,0.00198,-0.000465],[-0.001039,0.999999,-0.00041,0.000968],[-0.001981,0.000407,0.999998,-0.00058],[0.0,0.0,0.0,1.0]],"antennas":[0.031816,0.327264],"body_yaw":-0.021135,"check_collision":false},{"head":[[0.999997,0.000966,0.002056,-0.000398],[-0.000966,0.999999,-0.00037,0.000858],[-0.002056,0.000368,0.999998,-0.000518],[0.0,0.0,0.0,1.0]],"antennas":[0.031816,0.327264],"body_yaw":-0.021135,"check_collision":false},{"head":[[0.999997,0.001081,0.002218,-0.000396],[-0.00108,0.999999,-0.000646,0.000938],[-0.002219,0.000643,0.999997,-0.000625],[0.0,0.0,0.0,1.0]],"antennas":[0.031816,0.327264],"body_yaw":-0.021135,"check_collision":false},{"head":[[0.999997,0.001168,0.002267,-0.000389],[-0.001167,0.999999,-0.000578,0.000986],[-0.002268,0.000575,0.999997,-0.000696],[0.0,0.0,0.0,1.0]],"antennas":[0.031816,0.327264],"body_yaw":-0.021135,"check_collision":false},{"head":[[0.999997,0.001091,0.002286,-0.000346],[-0.00109,0.999999,-0.000569,0.001008],[-0.002286,0.000567,0.999997,-0.000747],[0.0,0.0,0.0,1.0]],"antennas":[0.031816,0.327264],"body_yaw":-0.021135,"check_collision":false},{"head":[[0.999997,0.001117,0.002195,-0.000391],[-0.001115,0.999999,-0.000553,0.00119],[-0.002195,0.00055,0.999997,-0.000864],[0.0,0.0,0.0,1.0]],"antennas":[0.031816,0.327264],"body_yaw":-0.021135,"check_collision":false},{"head":[[0.999997,0.001038,0.002161,-0.000394],[-0.001037,0.999999,-0.000625,0.001199],[-0.002162,0.000623,0.999997,-0.000843],[0.0,0.0,0.0,1.0]],"antennas":[0.031816,0.327264],"body_yaw":-0.021135,"check_collision":false},{"head":[[0.999997,0.001051,0.002081,-0.000446],[-0.00105,0.999999,-0.000581,0.001357],[-0.002082,0.000578,0.999998,-0.00089],[0.0,0.0,0.0,1.0]],"antennas":[0.031816,0.327264],"body_yaw":-0.021135,"check_collision":false},{"head":[[0.999997,0.001072,0.00205,-0.000462],[-0.001071,0.999999,-0.000584,0.00143],[-0.00205,0.000582,0.999998,-0.000849],[0.0,0.0,0.0,1.0]],"antennas":[0.031816,0.327264],"body_yaw":-0.021135,"check_collision":false},{"head":[[0.999997,0.001103,0.001977,-0.000493],[-0.001102,0.999999,-0.000503,0.001546],[-0.001978,0.000501,0.999998,-0.000842],[0.0,0.0,0.0,1.0]],"antennas":[0.031816,0.327264],"body_yaw":-0.021135,"check_collision":false},{"head":[[0.999998,0.001121,0.001856,-0.000567],[-0.00112,0.999999,-0.000526,0.001734],[-0.001856,0.000523,0.999998,-0.000936],[0.0,0.0,0.0,1.0]],"antennas":[0.031816,0.327264],"body_yaw":-0.021135,"check_collision":false},{"head":[[0.999998,0.001102,0.001759,-0.000624],[-0.001101,0.999999,-0.000504,0.001806],[-0.001759,0.000502,0.999998,-0.001052],[0.0,0.0,0.0,1.0]],"antennas":[0.030474,0.327264],"body_yaw":-0.021135,"check_collision":false},{"head":[[0.999998,0.001081,0.001752,-0.000657],[-0.00108,0.999999,-0.000558,0.001828],[-0.001753,0.000556,0.999998,-0.001111],[0.0,0.0,0.0,1.0]],"antennas":[0.025655,0.327264],"body_yaw":-0.021135,"check_collision":false},{"head":[[0.999998,0.00115,0.001906,-0.000684],[-0.001148,0.999999,-0.000733,0.001813],[-0.001907,0.00073,0.999998,-0.001299],[0.0,0.0,0.0,1.0]],"antennas":[0.019938,0.327264],"body_yaw":-0.021135,"check_collision":false},{"head":[[0.999998,0.001081,0.001811,-0.000712],[-0.00108,0.999999,-0.000699,0.001852],[-0.001811,0.000697,0.999998,-0.001324],[0.0,0.0,0.0,1.0]],"antennas":[0.013349,0.331572],"body_yaw":-0.021135,"check_collision":false},{"head":[[0.999998,0.00108,0.001744,-0.000779],[-0.001079,0.999999,-0.00063,0.001845],[-0.001745,0.000628,0.999998,-0.001267],[0.0,0.0,0.0,1.0]],"antennas":[0.005415,0.339133],"body_yaw":-0.021135,"check_collision":false},{"head":[[0.999998,0.001137,0.001837,-0.000852],[-0.001135,0.999999,-0.000636,0.001857],[-0.001838,0.000634,0.999998,-0.001215],[0.0,0.0,0.0,1.0]],"antennas":[-0.003543,0.348788],"body_yaw":-0.021135,"check_collision":false},{"head":[[0.999997,0.001109,0.002051,-0.000827],[-0.001108,0.999999,-0.000534,0.001876],[-0.002051,0.000532,0.999998,-0.001193],[0.0,0.0,0.0,1.0]],"antennas":[-0.01333,0.360545],"body_yaw":-0.021135,"check_collision":false},{"head":[[0.999997,0.001067,0.002211,-0.000783],[-0.001066,0.999999,-0.000503,0.001955],[-0.002212,0.0005,0.999997,-0.001233],[0.0,0.0,0.0,1.0]],"antennas":[-0.024045,0.373814],"body_yaw":-0.021135,"check_collision":false},{"head":[[0.999997,0.001156,0.002326,-0.000753],[-0.001154,0.999999,-0.000653,0.00195],[-0.002327,0.00065,0.999997,-0.001285],[0.0,0.0,0.0,1.0]],"antennas":[-0.035151,0.388723],"body_yaw":-0.021135,"check_collision":false},{"head":[[0.999996,0.001242,0.002414,-0.000716],[-0.00124,0.999999,-0.000747,0.001875],[-0.002415,0.000744,0.999997,-0.001293],[0.0,0.0,0.0,1.0]],"antennas":[-0.046477,0.404925],"body_yaw":-0.021135,"check_collision":false},{"head":[[0.999996,0.001266,0.002465,-0.00064],[-0.001265,0.999999,-0.000699,0.0018],[-0.002466,0.000696,0.999997,-0.001252],[0.0,0.0,0.0,1.0]],"antennas":[-0.058976,0.421419],"body_yaw":-0.021135,"check_collision":false},{"head":[[0.999996,0.00122,0.002502,-0.000569],[-0.001218,0.999999,-0.000712,0.001779],[-0.002503,0.000709,0.999997,-0.001213],[0.0,0.0,0.0,1.0]],"antennas":[-0.07339,0.438272],"body_yaw":-0.021135,"check_collision":false},{"head":[[0.999996,0.001247,0.002354,-0.000585],[-0.001246,0.999999,-0.000673,0.001849],[-0.002354,0.00067,0.999997,-0.0012],[0.0,0.0,0.0,1.0]],"antennas":[-0.088169,0.455289],"body_yaw":-0.021135,"check_collision":false},{"head":[[0.999997,0.00123,0.002292,-0.00058],[-0.001228,0.999999,-0.000663,0.001786],[-0.002293,0.00066,0.999997,-0.001123],[0.0,0.0,0.0,1.0]],"antennas":[-0.102995,0.472291],"body_yaw":-0.021135,"check_collision":false},{"head":[[0.999997,0.001199,0.00231,-0.00053],[-0.001197,0.999999,-0.000687,0.001632],[-0.002311,0.000684,0.999997,-0.001057],[0.0,0.0,0.0,1.0]],"antennas":[-0.117765,0.489365],"body_yaw":-0.021135,"check_collision":false},{"head":[[0.999997,0.001235,0.002285,-0.000559],[-0.001233,0.999999,-0.000742,0.001599],[-0.002285,0.000739,0.999997,-0.001097],[0.0,0.0,0.0,1.0]],"antennas":[-0.132624,0.506609],"body_yaw":-0.021135,"check_collision":false},{"head":[[0.999997,0.001318,0.002246,-0.00061],[-0.001316,0.999999,-0.00076,0.001595],[-0.002247,0.000757,0.999997,-0.001115],[0.0,0.0,0.0,1.0]],"antennas":[-0.147429,0.523857],"body_yaw":-0.021135,"check_collision":false},{"head":[[0.999997,0.001354,0.002166,-0.000654],[-0.001352,0.999999,-0.000842,0.00169],[-0.002167,0.000839,0.999997,-0.001143],[0.0,0.0,0.0,1.0]],"antennas":[-0.162471,0.541147],"body_yaw":-0.021135,"check_collision":false},{"head":[[0.999997,0.001417,0.002161,-0.000728],[-0.001415,0.999999,-0.000685,0.001781],[-0.002162,0.000682,0.999997,-0.001166],[0.0,0.0,0.0,1.0]],"antennas":[-0.177555,0.558404],"body_yaw":-0.021135,"check_collision":false},{"head":[[0.999997,0.001309,0.002185,-0.000731],[-0.001307,0.999999,-0.000715,0.001791],[-0.002186,0.000712,0.999997,-0.001183],[0.0,0.0,0.0,1.0]],"antennas":[-0.192726,0.575699],"body_yaw":-0.021135,"check_collision":false},{"head":[[0.999996,0.001407,0.002336,-0.000685],[-0.001405,0.999999,-0.000678,0.001723],[-0.002337,0.000675,0.999997,-0.001138],[0.0,0.0,0.0,1.0]],"antennas":[-0.207803,0.592676],"body_yaw":-0.021135,"check_collision":false},{"head":[[0.999996,0.001485,0.002317,-0.000697],[-0.001483,0.999999,-0.000681,0.001773],[-0.002318,0.000678,0.999997,-0.001152],[0.0,0.0,0.0,1.0]],"antennas":[-0.222961,0.609804],"body_yaw":-0.021135,"check_collision":false},{"head":[[0.999996,0.001463,0.002275,-0.00072],[-0.001462,0.999999,-0.00071,0.001831],[-0.002276,0.000706,0.999997,-0.001245],[0.0,0.0,0.0,1.0]],"antennas":[-0.237948,0.626759],"body_yaw":-0.021135,"check_collision":false},{"head":[[0.999996,0.001361,0.002363,-0.000627],[-0.001359,0.999999,-0.000747,0.001615],[-0.002364,0.000744,0.999997,-0.001117],[0.0,0.0,0.0,1.0]],"antennas":[-0.253147,0.643929],"body_yaw":-0.021135,"check_collision":false},{"head":[[0.999996,0.001349,0.002441,-0.000616],[-0.001347,0.999999,-0.000767,0.001653],[-0.002442,0.000763,0.999997,-0.001138],[0.0,0.0,0.0,1.0]],"antennas":[-0.268223,0.661177],"body_yaw":-0.021135,"check_collision":false},{"head":[[0.999996,0.001351,0.002468,-0.000673],[-0.001349,0.999999,-0.000704,0.001824],[-0.002469,0.000701,0.999997,-0.001231],[0.0,0.0,0.0,1.0]],"antennas":[-0.283285,0.678272],"body_yaw":-0.021135,"check_collision":false},{"head":[[0.999996,0.001173,0.002462,-0.000595],[-0.001172,0.999999,-0.000522,0.001803],[-0.002462,0.000519,0.999997,-0.001213],[0.0,0.0,0.0,1.0]],"antennas":[-0.298312,0.695415],"body_yaw":-0.021135,"check_collision":false},{"head":[[0.999997,0.001102,0.002339,-0.0006],[-0.001101,0.999999,-0.000569,0.001853],[-0.002339,0.000566,0.999997,-0.001221],[0.0,0.0,0.0,1.0]],"antennas":[-0.313544,0.712753],"body_yaw":-0.021135,"check_collision":false},{"head":[[0.999997,0.001114,0.002182,-0.000657],[-0.001113,0.999999,-0.000503,0.002007],[-0.002183,0.000501,0.999997,-0.001289],[0.0,0.0,0.0,1.0]],"antennas":[-0.328678,0.73002],"body_yaw":-0.021135,"check_collision":false},{"head":[[0.999997,0.001056,0.002056,-0.000657],[-0.001055,0.999999,-0.000526,0.002066],[-0.002057,0.000524,0.999998,-0.001305],[0.0,0.0,0.0,1.0]],"antennas":[-0.34377,0.747197],"body_yaw":-0.021135,"check_collision":false},{"head":[[0.999997,0.000953,0.00207,-0.000665],[-0.000952,0.999999,-0.000571,0.001913],[-0.002071,0.000569,0.999998,-0.001231],[0.0,0.0,0.0,1.0]],"antennas":[-0.358841,0.764259],"body_yaw":-0.021135,"check_collision":false},{"head":[[0.999998,0.000833,0.001965,-0.000712],[-0.000832,0.999999,-0.000618,0.001917],[-0.001965,0.000616,0.999998,-0.001288],[0.0,0.0,0.0,1.0]],"antennas":[-0.373976,0.781302],"body_yaw":-0.021135,"check_collision":false},{"head":[[0.999998,0.000911,0.001923,-0.000797],[-0.00091,0.999999,-0.000473,0.001928],[-0.001923,0.000471,0.999998,-0.001317],[0.0,0.0,0.0,1.0]],"antennas":[-0.389081,0.79831],"body_yaw":-0.021135,"check_collision":false},{"head":[[0.999998,0.000908,0.002024,-0.000782],[-0.000907,1.0,-0.000375,0.001896],[-0.002024,0.000373,0.999998,-0.001292],[0.0,0.0,0.0,1.0]],"antennas":[-0.404073,0.815192],"body_yaw":-0.021135,"check_collision":false},{"head":[[0.999997,0.000829,0.002123,-0.000692],[-0.000828,1.0,-0.00035,0.001724],[-0.002124,0.000349,0.999998,-0.001189],[0.0,0.0,0.0,1.0]],"antennas":[-0.419271,0.832306],"body_yaw":-0.021135,"check_collision":false},{"head":[[0.999997,0.00079,0.002179,-0.000611],[-0.00079,1.0,-0.000359,0.001563],[-0.002179,0.000357,0.999998,-0.001087],[0.0,0.0,0.0,1.0]],"antennas":[-0.434336,0.84927],"body_yaw":-0.021135,"check_collision":false},{"head":[[0.999997,0.000672,0.002265,-0.000535],[-0.000671,1.0,-0.000398,0.001377],[-0.002266,0.000396,0.999997,-0.000989],[0.0,0.0,0.0,1.0]],"antennas":[-0.449526,0.866375],"body_yaw":-0.021135,"check_collision":false},{"head":[[0.999997,0.000522,0.002199,-0.000519],[-0.000521,1.0,-0.000393,0.001337],[-0.002199,0.000392,0.999998,-0.000846],[0.0,0.0,0.0,1.0]],"antennas":[-0.46458,0.883326],"body_yaw":-0.021135,"check_collision":false},{"head":[[0.999998,0.000491,0.002125,-0.000556],[-0.00049,1.0,-0.000436,0.001447],[-0.002126,0.000435,0.999998,-0.000834],[0.0,0.0,0.0,1.0]],"antennas":[-0.47969,0.900341],"body_yaw":-0.021135,"check_collision":false},{"head":[[0.999998,0.000509,0.002159,-0.000467],[-0.000508,1.0,-0.000336,0.001415],[-0.002159,0.000335,0.999998,-0.000864],[0.0,0.0,0.0,1.0]],"antennas":[-0.494773,0.917325],"body_yaw":-0.021135,"check_collision":false},{"head":[[0.999997,0.000494,0.002231,-0.000372],[-0.000493,1.0,-0.000352,0.001229],[-0.002231,0.000351,0.999997,-0.000834],[0.0,0.0,0.0,1.0]],"antennas":[-0.509848,0.9343],"body_yaw":-0.021135,"check_collision":false},{"head":[[0.999998,0.000519,0.002154,-0.000388],[-0.000518,1.0,-0.000254,0.001222],[-0.002154,0.000253,0.999998,-0.000929],[0.0,0.0,0.0,1.0]],"antennas":[-0.524939,0.951294],"body_yaw":-0.021135,"check_collision":false},{"head":[[0.999998,0.000539,0.002146,-0.000382],[-0.000538,1.0,-0.000155,0.001185],[-0.002146,0.000154,0.999998,-0.000825],[0.0,0.0,0.0,1.0]],"antennas":[-0.539992,0.968244],"body_yaw":-0.021135,"check_collision":false},{"head":[[0.999997,0.000732,0.002205,-0.000477],[-0.000732,1.0,-6.6e-05,0.001319],[-0.002205,6.5e-05,0.999998,-0.00089],[0.0,0.0,0.0,1.0]],"antennas":[-0.555159,0.985323],"body_yaw":-0.021135,"check_collision":false},{"head":[[0.999997,0.000638,0.002229,-0.000397],[-0.000638,1.0,-0.000129,0.001187],[-0.002229,0.000128,0.999998,-0.000771],[0.0,0.0,0.0,1.0]],"antennas":[-0.570222,1.002285],"body_yaw":-0.021135,"check_collision":false},{"head":[[0.999997,0.000858,0.002142,-0.000501],[-0.000857,1.0,-0.000141,0.001452],[-0.002142,0.000139,0.999998,-0.000922],[0.0,0.0,0.0,1.0]],"antennas":[-0.585369,1.019341],"body_yaw":-0.021135,"check_collision":false},{"head":[[0.999997,0.000729,0.002232,-0.00051],[-0.000728,1.0,-0.00018,0.001311],[-0.002232,0.000178,0.999997,-0.000836],[0.0,0.0,0.0,1.0]],"antennas":[-0.600465,1.036186],"body_yaw":-0.021135,"check_collision":false},{"head":[[0.999997,0.000741,0.002138,-0.000563],[-0.000741,1.0,-8.2e-05,0.001462],[-0.002138,8e-05,0.999998,-0.000944],[0.0,0.0,0.0,1.0]],"antennas":[-0.615777,1.052965],"body_yaw":-0.021135,"check_collision":false},{"head":[[0.999997,0.0008,0.002107,-0.000629],[-0.0008,1.0,2.4e-05,0.001615],[-0.002107,-2.5e-05,0.999998,-0.000964],[0.0,0.0,0.0,1.0]],"antennas":[-0.631636,1.069606],"body_yaw":-0.021135,"check_collision":false},{"head":[[0.999998,0.000738,0.002029,-0.000752],[-0.000738,1.0,1e-05,0.001805],[-0.002029,-1.1e-05,0.999998,-0.001171],[0.0,0.0,0.0,1.0]],"antennas":[-0.647911,1.086428],"body_yaw":-0.021135,"check_collision":false},{"head":[[0.999997,0.00086,0.002074,-0.000689],[-0.000859,1.0,-0.000365,0.001743],[-0.002074,0.000363,0.999998,-0.001317],[0.0,0.0,0.0,1.0]],"antennas":[-0.663905,1.102958],"body_yaw":-0.021135,"check_collision":false},{"head":[[0.999997,0.000836,0.002208,-0.000566],[-0.000836,1.0,-0.000283,0.001449],[-0.002208,0.000281,0.999998,-0.001098],[0.0,0.0,0.0,1.0]],"antennas":[-0.679949,1.119261],"body_yaw":-0.021135,"check_collision":false},{"head":[[0.999998,0.000849,0.002068,-0.000616],[-0.000848,1.0,-0.00021,0.001593],[-0.002069,0.000209,0.999998,-0.001102],[0.0,0.0,0.0,1.0]],"antennas":[-0.696769,1.136215],"body_yaw":-0.021135,"check_collision":false},{"head":[[0.999997,0.001076,0.002181,-0.000683],[-0.001075,0.999999,-0.000213,0.001798],[-0.002181,0.000211,0.999998,-0.001209],[0.0,0.0,0.0,1.0]],"antennas":[-0.713174,1.152619],"body_yaw":-0.021135,"check_collision":false},{"head":[[0.999997,0.001062,0.002145,-0.000625],[-0.001061,0.999999,-0.000374,0.001856],[-0.002145,0.000371,0.999998,-0.001255],[0.0,0.0,0.0,1.0]],"antennas":[-0.729744,1.169188],"body_yaw":-0.021135,"check_collision":false},{"head":[[0.999997,0.001186,0.002127,-0.000702],[-0.001185,0.999999,-0.000387,0.001911],[-0.002128,0.000384,0.999998,-0.001215],[0.0,0.0,0.0,1.0]],"antennas":[-0.746078,1.185521],"body_yaw":-0.021135,"check_collision":false},{"head":[[0.999997,0.001234,0.002163,-0.000711],[-0.001233,0.999999,-0.00038,0.001984],[-0.002163,0.000377,0.999998,-0.001221],[0.0,0.0,0.0,1.0]],"antennas":[-0.762613,1.202055],"body_yaw":-0.021135,"check_collision":false},{"head":[[0.999997,0.0013,0.002134,-0.000718],[-0.001299,0.999999,-0.000274,0.002064],[-0.002134,0.000271,0.999998,-0.001234],[0.0,0.0,0.0,1.0]],"antennas":[-0.779081,1.218522],"body_yaw":-0.021135,"check_collision":false},{"head":[[0.999997,0.001265,0.002056,-0.000792],[-0.001265,0.999999,-0.000398,0.002184],[-0.002057,0.000396,0.999998,-0.001357],[0.0,0.0,0.0,1.0]],"antennas":[-0.795573,1.235013],"body_yaw":-0.021135,"check_collision":false},{"head":[[0.999997,0.00131,0.002073,-0.000789],[-0.001309,0.999999,-0.000433,0.002262],[-0.002074,0.00043,0.999998,-0.001488],[0.0,0.0,0.0,1.0]],"antennas":[-0.812085,1.251524],"body_yaw":-0.021135,"check_collision":false},{"head":[[0.999997,0.001273,0.002016,-0.000732],[-0.001272,0.999999,-0.000502,0.002219],[-0.002017,0.000499,0.999998,-0.001447],[0.0,0.0,0.0,1.0]],"antennas":[-0.828539,1.267976],"body_yaw":-0.021135,"check_collision":false},{"head":[[0.999997,0.001176,0.002006,-0.000675],[-0.001175,0.999999,-0.000454,0.001958],[-0.002006,0.000451,0.999998,-0.00123],[0.0,0.0,0.0,1.0]],"antennas":[-0.845002,1.284439],"body_yaw":-0.021135,"check_collision":false},{"head":[[0.999997,0.001105,0.002018,-0.000604],[-0.001104,0.999999,-0.000468,0.001615],[-0.002019,0.000466,0.999998,-0.00106],[0.0,0.0,0.0,1.0]],"antennas":[-0.861479,1.300914],"body_yaw":-0.021135,"check_collision":false},{"head":[[0.999997,0.0011,0.002025,-0.000596],[-0.001099,0.999999,-0.000371,0.001547],[-0.002026,0.000369,0.999998,-0.00102],[0.0,0.0,0.0,1.0]],"antennas":[-0.877918,1.317353],"body_yaw":-0.021135,"check_collision":false},{"head":[[0.999997,0.001062,0.001991,-0.000559],[-0.001061,0.999999,-0.000383,0.001527],[-0.001991,0.000381,0.999998,-0.000986],[0.0,0.0,0.0,1.0]],"antennas":[-0.894391,1.333825],"body_yaw":-0.021135,"check_collision":false},{"head":[[0.999998,0.001015,0.001888,-0.000564],[-0.001014,0.999999,-0.000361,0.001537],[-0.001888,0.000359,0.999998,-0.000989],[0.0,0.0,0.0,1.0]],"antennas":[-0.910827,1.35026],"body_yaw":-0.021135,"check_collision":false},{"head":[[0.999998,0.000977,0.001851,-0.00055],[-0.000976,0.999999,-0.000363,0.00152],[-0.001851,0.000361,0.999998,-0.001036],[0.0,0.0,0.0,1.0]],"antennas":[-0.927312,1.366744],"body_yaw":-0.021135,"check_collision":false},{"head":[[0.999997,0.001145,0.001947,-0.000615],[-0.001144,0.999999,-0.000497,0.001509],[-0.001947,0.000494,0.999998,-0.001056],[0.0,0.0,0.0,1.0]],"antennas":[-0.943746,1.383177],"body_yaw":-0.021135,"check_collision":false},{"head":[[0.999997,0.001148,0.002019,-0.000582],[-0.001147,0.999999,-0.000362,0.001509],[-0.00202,0.00036,0.999998,-0.001021],[0.0,0.0,0.0,1.0]],"antennas":[-0.96048,1.399654],"body_yaw":-0.021135,"check_collision":false},{"head":[[0.999997,0.001025,0.002089,-0.000459],[-0.001024,0.999999,-0.000285,0.00141],[-0.002089,0.000282,0.999998,-0.001009],[0.0,0.0,0.0,1.0]],"antennas":[-0.97731,1.416209],"body_yaw":-0.021135,"check_collision":false},{"head":[[0.999997,0.001045,0.002035,-0.000502],[-0.001044,0.999999,-0.000403,0.001441],[-0.002036,0.000401,0.999998,-0.000928],[0.0,0.0,0.0,1.0]],"antennas":[-0.994078,1.43259],"body_yaw":-0.021135,"check_collision":false},{"head":[[0.999998,0.001032,0.001965,-0.000482],[-0.001032,0.999999,-0.000249,0.001457],[-0.001965,0.000247,0.999998,-0.000867],[0.0,0.0,0.0,1.0]],"antennas":[-1.011656,1.449117],"body_yaw":-0.021135,"check_collision":false},{"head":[[0.999998,0.001026,0.001922,-0.000517],[-0.001025,0.999999,-0.000428,0.001518],[-0.001923,0.000426,0.999998,-0.000918],[0.0,0.0,0.0,1.0]],"antennas":[-1.029442,1.465564],"body_yaw":-0.021135,"check_collision":false},{"head":[[0.999998,0.001032,0.001829,-0.000407],[-0.001031,0.999999,-0.000343,0.001458],[-0.00183,0.000341,0.999998,-0.00094],[0.0,0.0,0.0,1.0]],"antennas":[-1.047344,1.481997],"body_yaw":-0.021135,"check_collision":false},{"head":[[0.999998,0.000975,0.001771,-0.000372],[-0.000974,0.999999,-0.000421,0.001346],[-0.001772,0.000419,0.999998,-0.000829],[0.0,0.0,0.0,1.0]],"antennas":[-1.066039,1.498457],"body_yaw":-0.021135,"check_collision":false},{"head":[[0.999998,0.001037,0.001614,-0.000497],[-0.001036,0.999999,-0.000306,0.001429],[-0.001615,0.000304,0.999999,-0.000871],[0.0,0.0,0.0,1.0]],"antennas":[-1.086482,1.514909],"body_yaw":-0.021135,"check_collision":false},{"head":[[0.999998,0.001016,0.001616,-0.00055],[-0.001015,0.999999,-0.000453,0.001467],[-0.001616,0.000451,0.999999,-0.000976],[0.0,0.0,0.0,1.0]],"antennas":[-1.109293,1.531411],"body_yaw":-0.021135,"check_collision":false},{"head":[[0.999998,0.000998,0.001658,-0.000525],[-0.000997,0.999999,-0.000275,0.001359],[-0.001658,0.000274,0.999999,-0.000923],[0.0,0.0,0.0,1.0]],"antennas":[-1.133972,1.54787],"body_yaw":-0.021135,"check_collision":false},{"head":[[0.999998,0.000857,0.001662,-0.000534],[-0.000856,1.0,-0.00039,0.001361],[-0.001663,0.000389,0.999999,-0.000881],[0.0,0.0,0.0,1.0]],"antennas":[-1.159391,1.564338],"body_yaw":-0.021135,"check_collision":false},{"head":[[0.999998,0.000878,0.001776,-0.000547],[-0.000878,1.0,-0.00024,0.00133],[-0.001776,0.000239,0.999998,-0.000845],[0.0,0.0,0.0,1.0]],"antennas":[-1.184837,1.580802],"body_yaw":-0.021135,"check_collision":false},{"head":[[0.999998,0.000857,0.0018,-0.000455],[-0.000856,1.0,-0.000267,0.001239],[-0.001801,0.000265,0.999998,-0.000848],[0.0,0.0,0.0,1.0]],"antennas":[-1.210261,1.597252],"body_yaw":-0.021135,"check_collision":false},{"head":[[0.999998,0.000905,0.001792,-0.000463],[-0.000905,1.0,-0.000202,0.001281],[-0.001792,0.0002,0.999998,-0.000928],[0.0,0.0,0.0,1.0]],"antennas":[-1.235781,1.613764],"body_yaw":-0.021135,"check_collision":false},{"head":[[0.999998,0.000811,0.001759,-0.000425],[-0.00081,1.0,-0.000191,0.001293],[-0.001759,0.000189,0.999998,-0.000951],[0.0,0.0,0.0,1.0]],"antennas":[-1.261207,1.62936],"body_yaw":-0.021135,"check_collision":false},{"head":[[0.999998,0.000836,0.001816,-0.000428],[-0.000835,1.0,-0.000192,0.001304],[-0.001816,0.00019,0.999998,-0.000898],[0.0,0.0,0.0,1.0]],"antennas":[-1.286553,1.64214],"body_yaw":-0.021135,"check_collision":false},{"head":[[0.999998,0.000893,0.001857,-0.000434],[-0.000893,1.0,-5.7e-05,0.00124],[-0.001857,5.5e-05,0.999998,-0.000773],[0.0,0.0,0.0,1.0]],"antennas":[-1.311942,1.652027],"body_yaw":-0.021135,"check_collision":false},{"head":[[0.999998,0.000949,0.00184,-0.000411],[-0.000948,1.0,-0.000162,0.001132],[-0.00184,0.00016,0.999998,-0.000686],[0.0,0.0,0.0,1.0]],"antennas":[-1.337529,1.653445],"body_yaw":-0.021135,"check_collision":false},{"head":[[0.999998,0.001065,0.001833,-0.000408],[-0.001064,0.999999,-0.000299,0.00113],[-0.001834,0.000297,0.999998,-0.000698],[0.0,0.0,0.0,1.0]],"antennas":[-1.354548,1.653445],"body_yaw":-0.021135,"check_collision":false},{"head":[[0.999998,0.001114,0.001797,-0.000401],[-0.001113,0.999999,-0.000429,0.001214],[-0.001798,0.000427,0.999998,-0.000809],[0.0,0.0,0.0,1.0]],"antennas":[-1.356944,1.653445],"body_yaw":-0.021135,"check_collision":false},{"head":[[0.999998,0.001105,0.001845,-0.000357],[-0.001104,0.999999,-0.000429,0.00117],[-0.001846,0.000427,0.999998,-0.000792],[0.0,0.0,0.0,1.0]],"antennas":[-1.356944,1.653445],"body_yaw":-0.021135,"check_collision":false},{"head":[[0.999998,0.001011,0.001869,-0.000299],[-0.00101,0.999999,-0.000449,0.001125],[-0.001869,0.000447,0.999998,-0.000752],[0.0,0.0,0.0,1.0]],"antennas":[-1.356944,1.653445],"body_yaw":-0.021135,"check_collision":false},{"head":[[0.999998,0.000965,0.001822,-0.00035],[-0.000965,0.999999,-0.000362,0.001084],[-0.001823,0.00036,0.999998,-0.000674],[0.0,0.0,0.0,1.0]],"antennas":[-1.356944,1.653445],"body_yaw":-0.021135,"check_collision":false},{"head":[[0.999998,0.000984,0.001818,-0.000456],[-0.000983,0.999999,-0.000303,0.001093],[-0.001819,0.000301,0.999998,-0.000667],[0.0,0.0,0.0,1.0]],"antennas":[-1.356944,1.653445],"body_yaw":-0.021135,"check_collision":false},{"head":[[0.999998,0.00098,0.001973,-0.000446],[-0.00098,0.999999,-0.00029,0.001173],[-0.001973,0.000288,0.999998,-0.000828],[0.0,0.0,0.0,1.0]],"antennas":[-1.356944,1.653445],"body_yaw":-0.021135,"check_collision":false},{"head":[[0.999997,0.001037,0.002029,-0.000488],[-0.001037,0.999999,-0.000227,0.001315],[-0.002029,0.000225,0.999998,-0.000978],[0.0,0.0,0.0,1.0]],"antennas":[-1.356944,1.653445],"body_yaw":-0.021135,"check_collision":false},{"head":[[0.999998,0.000995,0.001908,-0.000592],[-0.000995,0.999999,-0.000161,0.001453],[-0.001908,0.000159,0.999998,-0.001013],[0.0,0.0,0.0,1.0]],"antennas":[-1.356944,1.65214],"body_yaw":-0.021135,"check_collision":false},{"head":[[0.999998,0.000935,0.00181,-0.000628],[-0.000935,1.0,-3e-05,0.001474],[-0.00181,2.8e-05,0.999998,-0.000874],[0.0,0.0,0.0,1.0]],"antennas":[-1.355858,1.644888],"body_yaw":-0.021135,"check_collision":false},{"head":[[0.999998,0.000877,0.001869,-0.000622],[-0.000877,1.0,-4.5e-05,0.001482],[-0.001869,4.3e-05,0.999998,-0.000717],[0.0,0.0,0.0,1.0]],"antennas":[-1.349678,1.631421],"body_yaw":-0.021135,"check_collision":false},{"head":[[0.999998,0.000782,0.001866,-0.000577],[-0.000782,1.0,2.2e-05,0.001496],[-0.001866,-2.3e-05,0.999998,-0.000731],[0.0,0.0,0.0,1.0]],"antennas":[-1.339219,1.609699],"body_yaw":-0.021135,"check_collision":false},{"head":[[0.999998,0.000722,0.001907,-0.000533],[-0.000722,1.0,-6.6e-05,0.001548],[-0.001907,6.4e-05,0.999998,-0.00096],[0.0,0.0,0.0,1.0]],"antennas":[-1.324654,1.58004],"body_yaw":-0.021135,"check_collision":false},{"head":[[0.999998,0.000801,0.002004,-0.000475],[-0.000801,1.0,-0.000117,0.00152],[-0.002004,0.000115,0.999998,-0.001193],[0.0,0.0,0.0,1.0]],"antennas":[-1.307302,1.545604],"body_yaw":-0.021135,"check_collision":false},{"head":[[0.999998,0.000652,0.001927,-0.000592],[-0.000652,1.0,-0.000233,0.001712],[-0.001927,0.000231,0.999998,-0.001281],[0.0,0.0,0.0,1.0]],"antennas":[-1.288333,1.510631],"body_yaw":-0.021135,"check_collision":false},{"head":[[0.999998,0.000782,0.001981,-0.000607],[-0.000782,1.0,-0.000189,0.001802],[-0.001981,0.000187,0.999998,-0.001223],[0.0,0.0,0.0,1.0]],"antennas":[-1.26874,1.476045],"body_yaw":-0.021135,"check_collision":false},{"head":[[0.999998,0.000859,0.001995,-0.000649],[-0.000859,1.0,-0.00019,0.001824],[-0.001996,0.000189,0.999998,-0.001037],[0.0,0.0,0.0,1.0]],"antennas":[-1.248237,1.441239],"body_yaw":-0.021135,"check_collision":false},{"head":[[0.999998,0.000884,0.001985,-0.000685],[-0.000884,1.0,-3.8e-05,0.001862],[-0.001985,3.7e-05,0.999998,-0.000979],[0.0,0.0,0.0,1.0]],"antennas":[-1.226376,1.406438],"body_yaw":-0.021135,"check_collision":false},{"head":[[0.999997,0.00097,0.002033,-0.000734],[-0.00097,1.0,-3.2e-05,0.002073],[-0.002033,3e-05,0.999998,-0.001214],[0.0,0.0,0.0,1.0]],"antennas":[-1.203669,1.371645],"body_yaw":-0.021135,"check_collision":false},{"head":[[0.999997,0.001188,0.002128,-0.000809],[-0.001187,0.999999,-0.000338,0.002068],[-0.002128,0.000335,0.999998,-0.001393],[0.0,0.0,0.0,1.0]],"antennas":[-1.180971,1.336985],"body_yaw":-0.021135,"check_collision":false},{"head":[[0.999997,0.001254,0.002112,-0.000785],[-0.001252,0.999999,-0.000552,0.002055],[-0.002113,0.00055,0.999998,-0.001457],[0.0,0.0,0.0,1.0]],"antennas":[-1.158232,1.302263],"body_yaw":-0.021135,"check_collision":false},{"head":[[0.999997,0.001316,0.002094,-0.000831],[-0.001314,0.999999,-0.000514,0.002077],[-0.002094,0.000512,0.999998,-0.001417],[0.0,0.0,0.0,1.0]],"antennas":[-1.135377,1.267653],"body_yaw":-0.021135,"check_collision":false},{"head":[[0.999997,0.00122,0.002029,-0.000754],[-0.001218,0.999999,-0.000606,0.001986],[-0.00203,0.000604,0.999998,-0.00136],[0.0,0.0,0.0,1.0]],"antennas":[-1.112121,1.232998],"body_yaw":-0.021135,"check_collision":false},{"head":[[0.999997,0.001456,0.002071,-0.000832],[-0.001455,0.999999,-0.000584,0.002024],[-0.002072,0.000581,0.999998,-0.001324],[0.0,0.0,0.0,1.0]],"antennas":[-1.087503,1.198232],"body_yaw":-0.021135,"check_collision":false},{"head":[[0.999997,0.001529,0.002139,-0.000869],[-0.001528,0.999999,-0.000646,0.002096],[-0.00214,0.000643,0.999998,-0.001369],[0.0,0.0,0.0,1.0]],"antennas":[-1.061045,1.163661],"body_yaw":-0.021135,"check_collision":false},{"head":[[0.999996,0.001564,0.002281,-0.000755],[-0.001562,0.999998,-0.000769,0.002016],[-0.002282,0.000765,0.999997,-0.001338],[0.0,0.0,0.0,1.0]],"antennas":[-1.032074,1.128821],"body_yaw":-0.021135,"check_collision":false},{"head":[[0.999996,0.001578,0.002292,-0.000762],[-0.001576,0.999998,-0.000825,0.002064],[-0.002293,0.000821,0.999997,-0.001388],[0.0,0.0,0.0,1.0]],"antennas":[-1.001832,1.094135],"body_yaw":-0.021135,"check_collision":false},{"head":[[0.999996,0.0016,0.002255,-0.000787],[-0.001598,0.999998,-0.000866,0.002123],[-0.002256,0.000862,0.999997,-0.001428],[0.0,0.0,0.0,1.0]],"antennas":[-0.970951,1.059444],"body_yaw":-0.021135,"check_collision":false},{"head":[[0.999996,0.00149,0.002198,-0.000726],[-0.001488,0.999998,-0.000909,0.00196],[-0.002199,0.000906,0.999997,-0.001261],[0.0,0.0,0.0,1.0]],"antennas":[-0.940138,1.02483],"body_yaw":-0.021135,"check_collision":false},{"head":[[0.999997,0.00147,0.002173,-0.000706],[-0.001468,0.999998,-0.00095,0.001987],[-0.002174,0.000947,0.999997,-0.001277],[0.0,0.0,0.0,1.0]],"antennas":[-0.909302,0.990189],"body_yaw":-0.021135,"check_collision":false},{"head":[[0.999996,0.001523,0.002199,-0.000664],[-0.001521,0.999998,-0.000928,0.001948],[-0.002201,0.000925,0.999997,-0.001221],[0.0,0.0,0.0,1.0]],"antennas":[-0.878318,0.955382],"body_yaw":-0.021135,"check_collision":false},{"head":[[0.999996,0.001706,0.00224,-0.000729],[-0.001704,0.999998,-0.00105,0.002046],[-0.002242,0.001047,0.999997,-0.001311],[0.0,0.0,0.0,1.0]],"antennas":[-0.847362,0.920606],"body_yaw":-0.021135,"check_collision":false},{"head":[[0.999996,0.001598,0.002282,-0.000603],[-0.001595,0.999998,-0.001151,0.001787],[-0.002284,0.001147,0.999997,-0.001176],[0.0,0.0,0.0,1.0]],"antennas":[-0.816559,0.886003],"body_yaw":-0.021135,"check_collision":false},{"head":[[0.999996,0.001588,0.002177,-0.000581],[-0.001586,0.999998,-0.001152,0.001796],[-0.002179,0.001149,0.999997,-0.001116],[0.0,0.0,0.0,1.0]],"antennas":[-0.785711,0.851348],"body_yaw":-0.021135,"check_collision":false},{"head":[[0.999997,0.001505,0.002025,-0.000586],[-0.001503,0.999998,-0.001256,0.001708],[-0.002027,0.001253,0.999997,-0.001065],[0.0,0.0,0.0,1.0]],"antennas":[-0.754785,0.816607],"body_yaw":-0.021135,"check_collision":false},{"head":[[0.999997,0.001419,0.002014,-0.00055],[-0.001417,0.999998,-0.001143,0.001485],[-0.002015,0.00114,0.999997,-0.00089],[0.0,0.0,0.0,1.0]],"antennas":[-0.72381,0.78181],"body_yaw":-0.021135,"check_collision":false},{"head":[[0.999997,0.001372,0.00199,-0.000583],[-0.00137,0.999998,-0.001347,0.0015],[-0.001992,0.001344,0.999997,-0.00096],[0.0,0.0,0.0,1.0]],"antennas":[-0.692979,0.747175],"body_yaw":-0.021135,"check_collision":false},{"head":[[0.999997,0.001505,0.002068,-0.00061],[-0.001503,0.999998,-0.001209,0.001616],[-0.002069,0.001206,0.999997,-0.001068],[0.0,0.0,0.0,1.0]],"antennas":[-0.662094,0.712479],"body_yaw":-0.021135,"check_collision":false},{"head":[[0.999997,0.00155,0.00208,-0.000688],[-0.001547,0.999998,-0.001204,0.001796],[-0.002082,0.0012,0.999997,-0.001193],[0.0,0.0,0.0,1.0]],"antennas":[-0.631525,0.678139],"body_yaw":-0.021135,"check_collision":false},{"head":[[0.999997,0.001468,0.00205,-0.000636],[-0.001466,0.999998,-0.001272,0.001632],[-0.002051,0.001269,0.999997,-0.001169],[0.0,0.0,0.0,1.0]],"antennas":[-0.600749,0.643565],"body_yaw":-0.021135,"check_collision":false},{"head":[[0.999997,0.001464,0.002049,-0.000619],[-0.001461,0.999998,-0.001241,0.001672],[-0.00205,0.001238,0.999997,-0.001148],[0.0,0.0,0.0,1.0]],"antennas":[-0.569411,0.608361],"body_yaw":-0.021135,"check_collision":false},{"head":[[0.999997,0.001487,0.002005,-0.000628],[-0.001485,0.999998,-0.001171,0.001704],[-0.002007,0.001168,0.999997,-0.001074],[0.0,0.0,0.0,1.0]],"antennas":[-0.538599,0.573747],"body_yaw":-0.021135,"check_collision":false},{"head":[[0.999997,0.001518,0.00208,-0.000632],[-0.001516,0.999998,-0.001086,0.001743],[-0.002082,0.001083,0.999997,-0.001096],[0.0,0.0,0.0,1.0]],"antennas":[-0.507699,0.539034],"body_yaw":-0.021135,"check_collision":false},{"head":[[0.999997,0.001441,0.002006,-0.000607],[-0.001439,0.999998,-0.001083,0.001822],[-0.002008,0.00108,0.999997,-0.001105],[0.0,0.0,0.0,1.0]],"antennas":[-0.476894,0.504428],"body_yaw":-0.021135,"check_collision":false},{"head":[[0.999997,0.001353,0.002005,-0.000552],[-0.001351,0.999998,-0.001189,0.001806],[-0.002006,0.001187,0.999997,-0.001156],[0.0,0.0,0.0,1.0]],"antennas":[-0.447127,0.470989],"body_yaw":-0.021135,"check_collision":false},{"head":[[0.999997,0.00131,0.001939,-0.000563],[-0.001308,0.999998,-0.001192,0.001722],[-0.001941,0.00119,0.999997,-0.001132],[0.0,0.0,0.0,1.0]],"antennas":[-0.416182,0.436066],"body_yaw":-0.021135,"check_collision":false},{"head":[[0.999997,0.001401,0.001899,-0.000594],[-0.001399,0.999998,-0.001203,0.001634],[-0.0019,0.0012,0.999997,-0.001108],[0.0,0.0,0.0,1.0]],"antennas":[-0.385952,0.401804],"body_yaw":-0.021135,"check_collision":false},{"head":[[0.999997,0.001449,0.001982,-0.00059],[-0.001447,0.999998,-0.001167,0.001622],[-0.001984,0.001164,0.999997,-0.001076],[0.0,0.0,0.0,1.0]],"antennas":[-0.354887,0.366441],"body_yaw":-0.021135,"check_collision":false},{"head":[[0.999997,0.001642,0.001944,-0.000673],[-0.00164,0.999998,-0.001105,0.001729],[-0.001946,0.001101,0.999997,-0.001088],[0.0,0.0,0.0,1.0]],"antennas":[-0.323873,0.331291],"body_yaw":-0.021135,"check_collision":false},{"head":[[0.999997,0.001593,0.002066,-0.000548],[-0.00159,0.999998,-0.00112,0.001464],[-0.002068,0.001117,0.999997,-0.00092],[0.0,0.0,0.0,1.0]],"antennas":[-0.293458,0.296819],"body_yaw":-0.021135,"check_collision":false},{"head":[[0.999996,0.00175,0.002033,-0.000631],[-0.001747,0.999998,-0.001145,0.001642],[-0.002035,0.001142,0.999997,-0.001082],[0.0,0.0,0.0,1.0]],"antennas":[-0.262869,0.261995],"body_yaw":-0.021135,"check_collision":false},{"head":[[0.999996,0.0017,0.002068,-0.000594],[-0.001697,0.999998,-0.001149,0.001594],[-0.00207,0.001145,0.999997,-0.001055],[0.0,0.0,0.0,1.0]],"antennas":[-0.232406,0.22716],"body_yaw":-0.021135,"check_collision":false},{"head":[[0.999997,0.001609,0.002,-0.000633],[-0.001607,0.999998,-0.00111,0.001694],[-0.002002,0.001107,0.999997,-0.001142],[0.0,0.0,0.0,1.0]],"antennas":[-0.202144,0.192398],"body_yaw":-0.021135,"check_collision":false},{"head":[[0.999996,0.00177,0.002089,-0.000711],[-0.001767,0.999998,-0.001251,0.001761],[-0.002091,0.001247,0.999997,-0.001178],[0.0,0.0,0.0,1.0]],"antennas":[-0.172375,0.157735],"body_yaw":-0.021135,"check_collision":false},{"head":[[0.999996,0.001763,0.002052,-0.000697],[-0.00176,0.999998,-0.001252,0.001753],[-0.002054,0.001248,0.999997,-0.00116],[0.0,0.0,0.0,1.0]],"antennas":[-0.142683,0.122845],"body_yaw":-0.021135,"check_collision":false},{"head":[[0.999996,0.001801,0.002086,-0.000723],[-0.001799,0.999998,-0.001181,0.001745],[-0.002088,0.001177,0.999997,-0.001114],[0.0,0.0,0.0,1.0]],"antennas":[-0.113159,0.088283],"body_yaw":-0.021135,"check_collision":false},{"head":[[0.999996,0.001806,0.002127,-0.00072],[-0.001804,0.999998,-0.001115,0.001778],[-0.002129,0.001111,0.999997,-0.001135],[0.0,0.0,0.0,1.0]],"antennas":[-0.08365,0.054536],"body_yaw":-0.021135,"check_collision":false},{"head":[[0.999996,0.001623,0.00224,-0.000554],[-0.001621,0.999998,-0.001184,0.001635],[-0.002242,0.00118,0.999997,-0.001093],[0.0,0.0,0.0,1.0]],"antennas":[-0.055313,0.023437],"body_yaw":-0.021135,"check_collision":false},{"head":[[0.999996,0.001586,0.002178,-0.000522],[-0.001584,0.999998,-0.001112,0.001577],[-0.00218,0.001109,0.999997,-0.000982],[0.0,0.0,0.0,1.0]],"antennas":[-0.031088,-0.00327],"body_yaw":-0.021135,"check_collision":false},{"head":[[0.999996,0.001529,0.002188,-0.000446],[-0.001527,0.999998,-0.001083,0.001377],[-0.002189,0.00108,0.999997,-0.000887],[0.0,0.0,0.0,1.0]],"antennas":[-0.012307,-0.014886],"body_yaw":-0.021135,"check_collision":false},{"head":[[0.999997,0.001514,0.002072,-0.000418],[-0.001512,0.999998,-0.001031,0.001337],[-0.002073,0.001028,0.999997,-0.000907],[0.0,0.0,0.0,1.0]],"antennas":[0.003381,-0.014886],"body_yaw":-0.021135,"check_collision":false},{"head":[[0.999997,0.001406,0.002043,-0.000368],[-0.001404,0.999999,-0.000971,0.001212],[-0.002044,0.000968,0.999997,-0.000822],[0.0,0.0,0.0,1.0]],"antennas":[0.019084,-0.014886],"body_yaw":-0.021135,"check_collision":false},{"head":[[0.999997,0.001372,0.001927,-0.000396],[-0.00137,0.999999,-0.000943,0.001262],[-0.001928,0.00094,0.999998