{"description":"You show reserve or embarrassment when facing a tricky question like 'who do you like most on the team?' or when someone compliments you. As if you\u2019re blushing.","time":[0.0,0.02,0.04,0.06,0.08,0.1,0.12,0.14,0.16,0.18,0.2,0.22,0.24,0.26,0.28,0.3,0.32,0.34,0.36,0.38,0.4,0.42,0.44,0.46,0.48,0.5,0.52,0.54,0.56,0.58,0.6,0.62,0.64,0.66,0.68,0.7,0.72,0.74,0.76,0.78,0.8,0.82,0.84,0.86,0.88,0.9,0.92,0.94,0.96,0.98,1.0,1.02,1.04,1.06,1.08,1.1,1.12,1.14,1.16,1.18,1.2,1.22,1.24,1.26,1.28,1.3,1.32,1.34,1.36,1.38,1.4,1.42,1.44,1.46,1.48,1.5,1.52,1.54,1.56,1.58,1.6,1.62,1.64,1.66,1.68,1.7,1.72,1.74,1.76,1.78,1.8,1.82,1.84,1.86,1.88,1.9,1.92,1.94,1.96,1.98,2.0,2.02,2.04,2.06,2.08,2.1,2.12,2.14,2.16,2.18,2.2,2.22,2.24,2.26,2.28,2.3,2.32,2.34,2.36,2.38,2.4,2.42,2.44,2.46,2.48,2.5,2.52,2.54,2.56,2.58,2.6,2.62,2.64,2.66,2.68,2.7,2.72,2.74,2.76,2.78,2.8,2.82,2.84,2.86,2.88,2.9,2.92,2.94,2.96,2.98,3.0,3.02,3.04,3.06,3.08,3.1,3.12,3.14,3.16,3.18,3.2,3.22,3.24,3.26,3.28,3.3,3.32,3.34,3.36,3.38,3.4,3.42,3.44,3.46,3.48,3.5,3.52,3.54,3.56,3.58,3.6,3.62,3.64,3.66,3.68,3.7,3.72,3.74,3.76,3.78,3.8,3.82,3.84,3.86,3.88,3.9,3.92,3.94,3.96,3.98,4.0,4.02,4.04,4.06,4.08,4.1,4.12,4.14,4.16,4.18,4.2,4.22,4.24,4.26,4.28,4.3,4.32,4.34,4.36,4.38,4.4,4.42,4.44,4.46,4.48,4.5,4.52,4.54,4.56,4.58,4.6,4.62,4.64,4.66,4.68,4.7,4.72,4.74,4.76,4.78,4.8,4.82,4.84,4.86,4.88,4.9,4.92,4.94,4.96,4.98,5.0,5.02,5.04,5.06,5.08,5.1,5.12,5.14,5.16,5.18,5.2,5.22,5.24,5.26,5.28,5.3,5.32,5.34,5.36,5.38,5.4,5.42,5.44,5.46,5.48,5.5,5.52,5.54,5.56,5.58,5.6,5.62,5.64,5.66,5.68,5.7,5.72,5.74,5.76,5.78,5.8,5.82,5.84,5.86,5.88,5.9,5.92,5.94,5.96,5.98,6.0,6.02,6.04,6.06,6.08,6.1,6.12,6.14,6.16,6.18,6.2,6.22,6.24,6.26,6.28,6.3,6.32,6.34,6.36,6.38,6.4,6.42,6.44,6.46,6.48,6.5,6.52,6.54,6.56,6.58,6.6,6.62,6.64,6.66,6.68,6.7,6.72,6.74,6.76,6.78,6.8,6.82,6.84,6.86,6.88,6.9,6.92,6.94,6.96,6.98,7.0,7.02,7.04,7.06,7.08,7.1,7.12,7.14,7.16,7.18,7.2,7.22,7.24,7.26,7.28,7.3,7.32,7.34,7.36,7.38,7.4,7.42,7.44,7.46,7.48,7.5,7.52,7.54,7.56,7.58,7.6,7.62,7.64,7.66,7.68,7.7,7.72,7.74,7.76,7.78,7.8],"set_target_data":[{"head":[[0.997038,0.074293,-0.019918,-0.010883],[-0.075059,0.996338,-0.040944,0.007078],[0.016803,0.042318,0.998963,0.010716],[0.0,0.0,0.0,1.0]],"antennas":[0.0,0.0],"body_yaw":0.0,"check_collision":false},{"head":[[0.997039,0.074294,-0.019827,-0.010901],[-0.07506,0.996327,-0.041209,0.006928],[0.016692,0.042576,0.998954,0.010744],[0.0,0.0,0.0,1.0]],"antennas":[0.0,0.0],"body_yaw":0.0,"check_collision":false},{"head":[[0.997054,0.07417,-0.019573,-0.010853],[-0.074931,0.996325,-0.041504,0.006749],[0.016423,0.042848,0.998947,0.010852],[0.0,0.0,0.0,1.0]],"antennas":[0.0,0.0],"body_yaw":0.0,"check_collision":false},{"head":[[0.997049,0.074309,-0.019259,-0.010841],[-0.075058,0.996309,-0.041647,0.006807],[0.016093,0.04297,0.998947,0.010814],[0.0,0.0,0.0,1.0]],"antennas":[0.0,0.0],"body_yaw":0.0,"check_collision":false},{"head":[[0.997032,0.074656,-0.01881,-0.010814],[-0.075387,0.996281,-0.041733,0.006865],[0.015625,0.043028,0.998952,0.010769],[0.0,0.0,0.0,1.0]],"antennas":[0.0,0.0],"body_yaw":0.0,"check_collision":false},{"head":[[0.997003,0.075111,-0.018519,-0.010814],[-0.075828,0.99625,-0.041658,0.006862],[0.01532,0.042937,0.99896,0.010747],[0.0,0.0,0.0,1.0]],"antennas":[0.0,0.0],"body_yaw":0.0,"check_collision":false},{"head":[[0.996995,0.075317,-0.01814,-0.010791],[-0.076023,0.996218,-0.042068,0.006738],[0.014903,0.04332,0.99895,0.010838],[0.0,0.0,0.0,1.0]],"antennas":[0.0,0.0],"body_yaw":0.0,"check_collision":false},{"head":[[0.996988,0.075594,-0.017329,-0.010734],[-0.076271,0.996183,-0.042445,0.006898],[0.014054,0.043639,0.998948,0.010793],[0.0,0.0,0.0,1.0]],"antennas":[0.0,0.0],"body_yaw":0.0,"check_collision":false},{"head":[[0.996985,0.075825,-0.016487,-0.010675],[-0.076469,0.996157,-0.042708,0.006823],[0.013185,0.04384,0.998952,0.010756],[0.0,0.0,0.0,1.0]],"antennas":[0.0,0.0],"body_yaw":0.0,"check_collision":false},{"head":[[0.996981,0.076046,-0.015708,-0.010667],[-0.076656,0.996139,-0.042781,0.006699],[0.012394,0.043856,0.998961,0.010778],[0.0,0.0,0.0,1.0]],"antennas":[0.0,0.0],"body_yaw":0.0,"check_collision":false},{"head":[[0.997017,0.075782,-0.014625,-0.010718],[-0.076354,0.996126,-0.043622,0.006689],[0.011263,0.044608,0.998941,0.010986],[0.0,0.0,0.0,1.0]],"antennas":[0.0,0.0],"body_yaw":0.0,"check_collision":false},{"head":[[0.997018,0.076003,-0.013379,-0.01063],[-0.07652,0.996107,-0.043771,0.006662],[0.01,0.044664,0.998952,0.011189],[0.0,0.0,0.0,1.0]],"antennas":[0.0,0.0],"body_yaw":0.0,"check_collision":false},{"head":[[0.997024,0.076118,-0.012185,-0.010466],[-0.076589,0.996065,-0.044588,0.006504],[0.008743,0.045389,0.998931,0.011057],[0.0,0.0,0.0,1.0]],"antennas":[0.0,0.0],"body_yaw":0.0,"check_collision":false},{"head":[[0.997042,0.076179,-0.010201,-0.010334],[-0.076567,0.996023,-0.045562,0.006514],[0.00669,0.046208,0.998909,0.010697],[0.0,0.0,0.0,1.0]],"antennas":[0.0,0.0],"body_yaw":0.0,"check_collision":false},{"head":[[0.997047,0.076303,-0.008631,-0.010289],[-0.076622,0.995989,-0.046213,0.006483],[0.00507,0.046738,0.998894,0.010281],[0.0,0.0,0.0,1.0]],"antennas":[0.0,0.0],"body_yaw":0.0,"check_collision":false},{"head":[[0.997076,0.076104,-0.006917,-0.010255],[-0.076345,0.995979,-0.046865,0.00641],[0.003322,0.047256,0.998877,0.010123],[0.0,0.0,0.0,1.0]],"antennas":[0.0,0.0],"body_yaw":0.0,"check_collision":false},{"head":[[0.997098,0.076005,-0.004334,-0.010198],[-0.076125,0.995976,-0.0473,0.006808],[0.000722,0.047493,0.998871,0.010094],[0.0,0.0,0.0,1.0]],"antennas":[0.0,0.0],"body_yaw":0.0,"check_collision":false},{"head":[[0.997173,0.075122,-0.001619,-0.010177],[-0.075112,0.995993,-0.04855,0.00694],[-0.002034,0.048534,0.998819,0.010675],[0.0,0.0,0.0,1.0]],"antennas":[0.0,0.0],"body_yaw":0.0,"check_collision":false},{"head":[[0.997192,0.074877,0.001061,-0.010015],[-0.074731,0.995956,-0.049878,0.007014],[-0.004792,0.049659,0.998755,0.010913],[0.0,0.0,0.0,1.0]],"antennas":[0.0,0.0],"body_yaw":0.0,"check_collision":false},{"head":[[0.997164,0.075181,0.003479,-0.009874],[-0.074909,0.995898,-0.050745,0.006969],[-0.007279,0.050341,0.998706,0.01059],[0.0,0.0,0.0,1.0]],"antennas":[0.0,0.0],"body_yaw":0.0,"check_collision":false},{"head":[[0.997148,0.07528,0.00545,-0.009771],[-0.074898,0.995841,-0.051874,0.006854],[-0.009332,0.051318,0.998639,0.01014],[0.0,0.0,0.0,1.0]],"antennas":[0.0,0.0],"body_yaw":0.0,"check_collision":false},{"head":[[0.997151,0.075118,0.006851,-0.009786],[-0.074651,0.995797,-0.053061,0.006843],[-0.010808,0.052398,0.998568,0.009747],[0.0,0.0,0.0,1.0]],"antennas":[0.0,0.0],"body_yaw":0.0,"check_collision":false},{"head":[[0.997127,0.075322,0.008029,-0.009867],[-0.074787,0.995755,-0.053659,0.006891],[-0.012036,0.052904,0.998527,0.009564],[0.0,0.0,0.0,1.0]],"antennas":[0.0,0.0],"body_yaw":0.0,"check_collision":false},{"head":[[0.997093,0.075653,0.009069,-0.009928],[-0.075056,0.99571,-0.054112,0.006831],[-0.013124,0.053274,0.998494,0.009729],[0.0,0.0,0.0,1.0]],"antennas":[0.0,0.0],"body_yaw":0.0,"check_collision":false},{"head":[[0.997063,0.075923,0.0101,-0.00994],[-0.075264,0.99567,-0.054558,0.007236],[-0.014198,0.053638,0.99846,0.010127],[0.0,0.0,0.0,1.0]],"antennas":[0.0,0.0],"body_yaw":0.0,"check_collision":false},{"head":[[0.997022,0.076317,0.011083,-0.00997],[-0.075593,0.995602,-0.055335,0.007546],[-0.015258,0.054332,0.998406,0.010403],[0.0,0.0,0.0,1.0]],"antennas":[0.0,0.0],"body_yaw":0.0,"check_collision":false},{"head":[[0.996971,0.076888,0.01171,-0.010009],[-0.076122,0.995535,-0.055812,0.007653],[-0.015949,0.054752,0.998373,0.010299],[0.0,0.0,0.0,1.0]],"antennas":[0.0,0.0],"body_yaw":0.0,"check_collision":false},{"head":[[0.996915,0.077533,0.012216,-0.010053],[-0.076734,0.995474,-0.056072,0.007637],[-0.016508,0.054961,0.998352,0.010008],[0.0,0.0,0.0,1.0]],"antennas":[0.0,0.0],"body_yaw":0.0,"check_collision":false},{"head":[[0.996866,0.078089,0.012647,-0.01018],[-0.077256,0.995402,-0.056619,0.007551],[-0.01701,0.055465,0.998316,0.00976],[0.0,0.0,0.0,1.0]],"antennas":[0.0,0.0],"body_yaw":0.0,"check_collision":false},{"head":[[0.996808,0.078742,0.013186,-0.010238],[-0.077864,0.99531,-0.057406,0.007533],[-0.017644,0.056196,0.998264,0.009726],[0.0,0.0,0.0,1.0]],"antennas":[0.0,0.0],"body_yaw":0.0,"check_collision":false},{"head":[[0.996737,0.079458,0.014223,-0.010269],[-0.078501,0.995198,-0.058467,0.007461],[-0.018801,0.05716,0.998188,0.009842],[0.0,0.0,0.0,1.0]],"antennas":[0.0,0.0],"body_yaw":0.0,"check_collision":false},{"head":[[0.99663,0.080508,0.015695,-0.010273],[-0.079436,0.995036,-0.059942,0.007754],[-0.020443,0.058493,0.998078,0.009956],[0.0,0.0,0.0,1.0]],"antennas":[0.0,0.0],"body_yaw":0.0,"check_collision":false},{"head":[[0.996516,0.081337,0.018443,-0.0103],[-0.08005,0.99485,-0.06218,0.00784],[-0.023406,0.060487,0.997895,0.01003],[0.0,0.0,0.0,1.0]],"antennas":[0.0,0.0],"body_yaw":0.0,"check_collision":false},{"head":[[0.996372,0.082105,0.022387,-0.01037],[-0.080521,0.994678,-0.064285,0.007921],[-0.027546,0.062249,0.99768,0.009878],[0.0,0.0,0.0,1.0]],"antennas":[0.0,0.0],"body_yaw":0.0,"check_collision":false},{"head":[[0.996196,0.082673,0.02756,-0.010358],[-0.080697,0.994524,-0.066412,0.007949],[-0.0329,0.063936,0.997412,0.009694],[0.0,0.0,0.0,1.0]],"antennas":[0.0,0.0],"body_yaw":0.0,"check_collision":false},{"head":[[0.996017,0.083162,0.032175,-0.010369],[-0.080798,0.994348,-0.068872,0.008067],[-0.03772,0.065998,0.997107,0.009552],[0.0,0.0,0.0,1.0]],"antennas":[0.0,0.0],"body_yaw":0.0,"check_collision":false},{"head":[[0.995834,0.083483,0.036677,-0.010473],[-0.080718,0.994182,-0.071316,0.008218],[-0.042417,0.068059,0.996779,0.009385],[0.0,0.0,0.0,1.0]],"antennas":[0.0,0.0],"body_yaw":0.0,"check_collision":false},{"head":[[0.995581,0.083821,0.042347,-0.010585],[-0.080535,0.993993,-0.074113,0.008281],[-0.048304,0.070375,0.99635,0.009212],[0.0,0.0,0.0,1.0]],"antennas":[0.0,0.0],"body_yaw":0.0,"check_collision":false},{"head":[[0.995287,0.083695,0.04898,-0.010722],[-0.079767,0.993812,-0.077299,0.008376],[-0.055146,0.073027,0.995804,0.008913],[0.0,0.0,0.0,1.0]],"antennas":[0.0,0.0],"body_yaw":0.0,"check_collision":false},{"head":[[0.994993,0.083629,0.05472,-0.010796],[-0.079164,0.993709,-0.079223,0.00867],[-0.061001,0.074495,0.995354,0.008621],[0.0,0.0,0.0,1.0]],"antennas":[0.0,0.0],"body_yaw":0.0,"check_collision":false},{"head":[[0.994633,0.084095,0.06027,-0.010907],[-0.079154,0.993634,-0.080158,0.008704],[-0.066627,0.074958,0.994958,0.008431],[0.0,0.0,0.0,1.0]],"antennas":[0.0,0.0],"body_yaw":0.0,"check_collision":false},{"head":[[0.994315,0.084347,0.06499,-0.010983],[-0.078995,0.993585,-0.080927,0.008889],[-0.071399,0.075333,0.994599,0.008231],[0.0,0.0,0.0,1.0]],"antennas":[0.0,0.0],"body_yaw":0.0,"check_collision":false},{"head":[[0.994009,0.084761,0.069002,-0.011075],[-0.079042,0.993512,-0.081776,0.009133],[-0.075486,0.075832,0.994259,0.008142],[0.0,0.0,0.0,1.0]],"antennas":[0.0,0.0],"body_yaw":0.0,"check_collision":false},{"head":[[0.993651,0.085844,0.072721,-0.011225],[-0.079747,0.993357,-0.08296,0.009433],[-0.07936,0.076634,0.993896,0.008096],[0.0,0.0,0.0,1.0]],"antennas":[0.0,0.0],"body_yaw":0.0,"check_collision":false},{"head":[[0.993348,0.086525,0.075976,-0.011367],[-0.080114,0.993263,-0.083729,0.009346],[-0.082709,0.077086,0.993588,0.007969],[0.0,0.0,0.0,1.0]],"antennas":[0.0,0.0],"body_yaw":0.0,"check_collision":false},{"head":[[0.992992,0.087168,0.079799,-0.011452],[-0.080367,0.993152,-0.084799,0.009386],[-0.086644,0.077791,0.993198,0.007726],[0.0,0.0,0.0,1.0]],"antennas":[0.0,0.0],"body_yaw":0.0,"check_collision":false},{"head":[[0.99259,0.088067,0.083721,-0.011415],[-0.080842,0.993002,-0.086092,0.009274],[-0.090717,0.078686,0.992763,0.007265],[0.0,0.0,0.0,1.0]],"antennas":[0.0,0.0],"body_yaw":0.0,"check_collision":false},{"head":[[0.992081,0.090192,0.087413,-0.011422],[-0.082679,0.992854,-0.086055,0.009282],[-0.09455,0.078146,0.992448,0.007116],[0.0,0.0,0.0,1.0]],"antennas":[0.0,0.0],"body_yaw":0.0,"check_collision":false},{"head":[[0.991441,0.09338,0.091244,-0.011415],[-0.085597,0.99263,-0.085783,0.00927],[-0.098581,0.077238,0.992127,0.007077],[0.0,0.0,0.0,1.0]],"antennas":[0.0,0.0],"body_yaw":0.0,"check_collision":false},{"head":[[0.990788,0.097424,0.094057,-0.011316],[-0.089369,0.992247,-0.086366,0.009479],[-0.101742,0.077165,0.991814,0.006981],[0.0,0.0,0.0,1.0]],"antennas":[0.0,0.0],"body_yaw":0.0,"check_collision":false},{"head":[[0.989975,0.102661,0.097006,-0.011173],[-0.094267,0.991695,-0.087486,0.009633],[-0.105181,0.077464,0.991431,0.006871],[0.0,0.0,0.0,1.0]],"antennas":[0.0,0.0],"body_yaw":0.0,"check_collision":false},{"head":[[0.989048,0.108966,0.09955,-0.01111],[-0.100264,0.991008,-0.088603,0.009725],[-0.10831,0.077651,0.99108,0.006623],[0.0,0.0,0.0,1.0]],"antennas":[0.0,0.0],"body_yaw":0.0,"check_collision":false},{"head":[[0.988222,0.116063,0.099735,-0.011003],[-0.107209,0.990157,-0.089977,0.0099],[-0.109196,0.078225,0.990938,0.00625],[0.0,0.0,0.0,1.0]],"antennas":[0.0,0.0],"body_yaw":0.0,"check_collision":false},{"head":[[0.987316,0.124553,0.09846,-0.010812],[-0.115538,0.988985,-0.092516,0.010068],[-0.108898,0.079967,0.990831,0.005701],[0.0,0.0,0.0,1.0]],"antennas":[0.0,0.0],"body_yaw":0.0,"check_collision":false},{"head":[[0.986435,0.13373,0.095192,-0.010782],[-0.124522,0.987476,-0.096879,0.010424],[-0.106956,0.083711,0.990733,0.005348],[0.0,0.0,0.0,1.0]],"antennas":[0.0,0.0],"body_yaw":0.0,"check_collision":false},{"head":[[0.984847,0.147413,0.091358,-0.01082],[-0.138248,0.985372,-0.099652,0.010944],[-0.104712,0.085512,0.990819,0.005013],[0.0,0.0,0.0,1.0]],"antennas":[0.0,0.0],"body_yaw":0.0,"check_collision":false},{"head":[[0.983225,0.159431,0.088605,-0.010737],[-0.15032,0.983419,-0.101449,0.0115],[-0.103309,0.086429,0.990887,0.004765],[0.0,0.0,0.0,1.0]],"antennas":[0.0,0.0],"body_yaw":0.0,"check_collision":false},{"head":[[0.981972,0.167647,0.087325,-0.010567],[-0.15845,0.981942,-0.103361,0.011867],[-0.103077,0.087661,0.990803,0.004615],[0.0,0.0,0.0,1.0]],"antennas":[0.0,0.0],"body_yaw":0.0,"check_collision":false},{"head":[[0.980831,0.1745,0.086719,-0.010322],[-0.16527,0.980729,-0.104191,0.012052],[-0.103229,0.087862,0.990769,0.004462],[0.0,0.0,0.0,1.0]],"antennas":[0.0,0.0],"body_yaw":0.0,"check_collision":false},{"head":[[0.979376,0.183352,0.084886,-0.010107],[-0.174155,0.979058,-0.105426,0.012399],[-0.102438,0.088469,0.990798,0.004184],[0.0,0.0,0.0,1.0]],"antennas":[0.0,0.0],"body_yaw":0.0,"check_collision":false},{"head":[[0.977397,0.194271,0.083384,-0.010013],[-0.185017,0.976867,-0.107238,0.012577],[-0.102288,0.089386,0.990731,0.003651],[0.0,0.0,0.0,1.0]],"antennas":[0.0,0.0],"body_yaw":0.0,"check_collision":false},{"head":[[0.975297,0.204968,0.082366,-0.009923],[-0.195548,0.974544,-0.109659,0.01288],[-0.102746,0.090843,0.990551,0.003159],[0.0,0.0,0.0,1.0]],"antennas":[0.0,0.0],"body_yaw":0.0,"check_collision":false},{"head":[[0.973285,0.214284,0.082451,-0.009924],[-0.204579,0.972393,-0.112244,0.013146],[-0.104227,0.092378,0.990254,0.002714],[0.0,0.0,0.0,1.0]],"antennas":[0.0,0.0],"body_yaw":0.0,"check_collision":false},{"head":[[0.971684,0.221591,0.082023,-0.009834],[-0.211679,0.970607,-0.114517,0.01338],[-0.104988,0.093912,0.990029,0.002393],[0.0,0.0,0.0,1.0]],"antennas":[0.0,0.0],"body_yaw":0.0,"check_collision":false},{"head":[[0.970029,0.229505,0.079817,-0.009679],[-0.219591,0.96862,-0.116431,0.013551],[-0.104034,0.095414,0.989986,0.002188],[0.0,0.0,0.0,1.0]],"antennas":[0.0,0.0],"body_yaw":0.0,"check_collision":false},{"head":[[0.968216,0.237675,0.077899,-0.009593],[-0.227783,0.966551,-0.117875,0.013716],[-0.103309,0.096385,0.989968,0.002164],[0.0,0.0,0.0,1.0]],"antennas":[0.0,0.0],"body_yaw":0.0,"check_collision":false},{"head":[[0.966264,0.245742,0.077107,-0.009548],[-0.235636,0.96434,-0.120514,0.013969],[-0.103973,0.098279,0.989713,0.002048],[0.0,0.0,0.0,1.0]],"antennas":[0.0,0.0],"body_yaw":0.0,"check_collision":false},{"head":[[0.964658,0.252132,0.076581,-0.009425],[-0.241926,0.962616,-0.121831,0.014051],[-0.104435,0.098999,0.989592,0.00184],[0.0,0.0,0.0,1.0]],"antennas":[0.0,0.0],"body_yaw":0.0,"check_collision":false},{"head":[[0.963052,0.258188,0.076611,-0.009264],[-0.24782,0.960939,-0.12321,0.013994],[-0.10543,0.099672,0.989419,0.001578],[0.0,0.0,0.0,1.0]],"antennas":[0.0,0.0],"body_yaw":0.0,"check_collision":false},{"head":[[0.961447,0.263918,0.077246,-0.009084],[-0.25347,0.95946,-0.123247,0.0139],[-0.106641,0.098916,0.989365,0.001228],[0.0,0.0,0.0,1.0]],"antennas":[0.0,0.0],"body_yaw":0.0,"check_collision":false},{"head":[[0.959661,0.270231,0.077633,-0.009019],[-0.259796,0.957841,-0.122665,0.014003],[-0.107507,0.097548,0.989407,0.000772],[0.0,0.0,0.0,1.0]],"antennas":[0.0,0.0],"body_yaw":0.0,"check_collision":false},{"head":[[0.95834,0.274672,0.078357,-0.009014],[-0.264206,0.95669,-0.122226,0.013998],[-0.108536,0.096431,0.989404,0.000581],[0.0,0.0,0.0,1.0]],"antennas":[0.0,0.0],"body_yaw":0.0,"check_collision":false},{"head":[[0.957763,0.276497,0.078991,-0.00902],[-0.265865,0.956113,-0.123137,0.014128],[-0.109572,0.096935,0.989241,0.000506],[0.0,0.0,0.0,1.0]],"antennas":[0.0,0.0],"body_yaw":0.0,"check_collision":false},{"head":[[0.957411,0.277368,0.08019,-0.008983],[-0.26635,0.955669,-0.125516,0.014135],[-0.11145,0.098812,0.988845,0.000527],[0.0,0.0,0.0,1.0]],"antennas":[0.0,0.0],"body_yaw":0.0,"check_collision":false},{"head":[[0.957018,0.278427,0.081202,-0.009023],[-0.26711,0.955228,-0.127244,0.014221],[-0.112995,0.100085,0.988542,0.00055],[0.0,0.0,0.0,1.0]],"antennas":[0.0,0.0],"body_yaw":0.0,"check_collision":false},{"head":[[0.957584,0.27645,0.081289,-0.009058],[-0.265046,0.955709,-0.127951,0.014182],[-0.11306,0.100978,0.988444,0.000593],[0.0,0.0,0.0,1.0]],"antennas":[0.0,0.0],"body_yaw":0.0,"check_collision":false},{"head":[[0.959823,0.268741,0.080736,-0.009042],[-0.25727,0.957664,-0.129196,0.014088],[-0.112038,0.103235,0.988327,0.000669],[0.0,0.0,0.0,1.0]],"antennas":[0.0,0.0],"body_yaw":0.0,"check_collision":false},{"head":[[0.963191,0.256213,0.081352,-0.009042],[-0.244356,0.960619,-0.13229,0.013906],[-0.112043,0.107542,0.987867,0.00074],[0.0,0.0,0.0,1.0]],"antennas":[0.0,0.0],"body_yaw":0.0,"check_collision":false},{"head":[[0.966819,0.24097,0.084816,-0.009136],[-0.22853,0.964215,-0.134404,0.013884],[-0.114168,0.110561,0.98729,0.000723],[0.0,0.0,0.0,1.0]],"antennas":[0.0,0.0],"body_yaw":0.0,"check_collision":false},{"head":[[0.970255,0.225325,0.08851,-0.009174],[-0.212415,0.967779,-0.135216,0.013668],[-0.116126,0.112393,0.986855,0.000808],[0.0,0.0,0.0,1.0]],"antennas":[0.0,0.0],"body_yaw":0.0,"check_collision":false},{"head":[[0.97462,0.203917,0.092381,-0.009291],[-0.190505,0.972199,-0.136151,0.013673],[-0.117576,0.115097,0.986371,0.000966],[0.0,0.0,0.0,1.0]],"antennas":[0.0,0.0],"body_yaw":0.0,"check_collision":false},{"head":[[0.979689,0.174326,0.099097,-0.009464],[-0.159972,0.977435,-0.137946,0.013356],[-0.120909,0.119291,0.98547,0.001381],[0.0,0.0,0.0,1.0]],"antennas":[0.0,0.0],"body_yaw":0.0,"check_collision":false},{"head":[[0.983523,0.148459,0.103164,-0.00975],[-0.133975,0.981686,-0.135436,0.012964],[-0.121381,0.119383,0.985401,0.001906],[0.0,0.0,0.0,1.0]],"antennas":[0.0,0.0],"body_yaw":0.0,"check_collision":false},{"head":[[0.98681,0.12373,0.104387,-0.009992],[-0.109702,0.985316,-0.130834,0.012433],[-0.119042,0.117657,0.985893,0.002436],[0.0,0.0,0.0,1.0]],"antennas":[0.0,0.0],"body_yaw":0.0,"check_collision":false},{"head":[[0.989428,0.098874,0.106091,-0.010161],[-0.085147,0.988251,-0.126926,0.011861],[-0.117395,0.116551,0.986222,0.002713],[0.0,0.0,0.0,1.0]],"antennas":[0.0,0.0],"body_yaw":0.0,"check_collision":false},{"head":[[0.991167,0.078293,0.107044,-0.010334],[-0.06471,0.99005,-0.124953,0.011413],[-0.115762,0.116922,0.986371,0.002768],[0.0,0.0,0.0,1.0]],"antennas":[0.0,0.0],"body_yaw":0.0,"check_collision":false},{"head":[[0.992342,0.059674,0.108151,-0.010629],[-0.046161,0.991282,-0.123404,0.010905],[-0.114572,0.117467,0.986446,0.002799],[0.0,0.0,0.0,1.0]],"antennas":[0.0,0.0],"body_yaw":0.0,"check_collision":false},{"head":[[0.99338,0.041535,0.107103,-0.010933],[-0.028426,0.992229,-0.121134,0.010539],[-0.111302,0.117288,0.986841,0.002924],[0.0,0.0,0.0,1.0]],"antennas":[0.0,0.0],"body_yaw":0.0,"check_collision":false},{"head":[[0.994172,0.024782,0.104915,-0.011192],[-0.012199,0.99283,-0.118914,0.010324],[-0.107109,0.116941,0.987346,0.003131],[0.0,0.0,0.0,1.0]],"antennas":[0.0,0.0],"body_yaw":0.0,"check_collision":false},{"head":[[0.994629,0.011916,0.102819,-0.011337],[0.000216,0.99311,-0.117187,0.010196],[-0.103507,0.116579,0.987773,0.003339],[0.0,0.0,0.0,1.0]],"antennas":[0.0,0.0],"body_yaw":0.0,"check_collision":false},{"head":[[0.994855,0.002211,0.101283,-0.011327],[0.009433,0.993397,-0.114341,0.009827],[-0.100867,0.114708,0.988265,0.003625],[0.0,0.0,0.0,1.0]],"antennas":[0.0,0.0],"body_yaw":0.0,"check_collision":false},{"head":[[0.994869,-0.008704,0.100792,-0.011303],[0.019655,0.993937,-0.108175,0.009378],[-0.09924,0.109602,0.989009,0.003751],[0.0,0.0,0.0,1.0]],"antennas":[0.0,0.0],"body_yaw":0.0,"check_collision":false},{"head":[[0.994529,-0.024424,0.101566,-0.011334],[0.03454,0.994482,-0.099062,0.008965],[-0.098586,0.102028,0.989884,0.003747],[0.0,0.0,0.0,1.0]],"antennas":[0.0,0.0],"body_yaw":0.0,"check_collision":false},{"head":[[0.994123,-0.039064,0.100966,-0.01149],[0.048257,0.994747,-0.090273,0.008627],[-0.096909,0.094615,0.990786,0.003737],[0.0,0.0,0.0,1.0]],"antennas":[0.0,0.0],"body_yaw":0.0,"check_collision":false},{"head":[[0.993859,-0.050556,0.098427,-0.011645],[0.058654,0.994971,-0.08119,0.008217],[-0.093827,0.086464,0.991827,0.003575],[0.0,0.0,0.0,1.0]],"antennas":[0.0,0.0],"body_yaw":0.0,"check_collision":false},{"head":[[0.993167,-0.06612,0.096162,-0.011753],[0.073085,0.994809,-0.070809,0.007805],[-0.090981,0.077353,0.992844,0.00332],[0.0,0.0,0.0,1.0]],"antennas":[0.0,0.0],"body_yaw":0.0,"check_collision":false},{"head":[[0.99273,-0.07481,0.094286,-0.011734],[0.080913,0.99475,-0.062654,0.00746],[-0.089104,0.069827,0.993572,0.003263],[0.0,0.0,0.0,1.0]],"antennas":[0.0,0.0],"body_yaw":0.0,"check_collision":false},{"head":[[0.992463,-0.077572,0.094865,-0.011663],[0.083355,0.994796,-0.058583,0.00721],[-0.089827,0.066049,0.993765,0.003155],[0.0,0.0,0.0,1.0]],"antennas":[0.0,0.0],"body_yaw":0.0,"check_collision":false},{"head":[[0.992431,-0.077337,0.095397,-0.011565],[0.082844,0.995033,-0.055183,0.006952],[-0.090655,0.062669,0.993909,0.003003],[0.0,0.0,0.0,1.0]],"antennas":[0.0,0.0],"body_yaw":0.0,"check_collision":false},{"head":[[0.992414,-0.074835,0.097544,-0.011571],[0.080195,0.99541,-0.052228,0.006823],[-0.093187,0.059654,0.99386,0.002936],[0.0,0.0,0.0,1.0]],"antennas":[0.0,0.0],"body_yaw":0.0,"check_collision":false},{"head":[[0.992672,-0.065965,0.101251,-0.011585],[0.071555,0.996048,-0.052607,0.006811],[-0.097381,0.059466,0.993469,0.002816],[0.0,0.0,0.0,1.0]],"antennas":[0.0,0.0],"body_yaw":0.0,"check_collision":false},{"head":[[0.99289,-0.050945,0.10758,-0.011615],[0.057036,0.996893,-0.054319,0.006956],[-0.104479,0.060069,0.992711,0.002615],[0.0,0.0,0.0,1.0]],"antennas":[0.0,0.0],"body_yaw":0.0,"check_collision":false},{"head":[[0.993018,-0.028781,0.114398,-0.011746],[0.0355,0.997735,-0.057136,0.007285],[-0.112495,0.060798,0.991791,0.002415],[0.0,0.0,0.0,1.0]],"antennas":[0.0,0.0],"body_yaw":0.0,"check_collision":false},{"head":[[0.992687,-0.006996,0.120515,-0.011787],[0.014436,0.998035,-0.06097,0.007966],[-0.119852,0.062263,0.990837,0.002069],[0.0,0.0,0.0,1.0]],"antennas":[0.0,0.0],"body_yaw":0.0,"check_collision":false},{"head":[[0.991822,0.01751,0.126419,-0.011766],[-0.009252,0.997802,-0.065616,0.008586],[-0.12729,0.06391,0.989804,0.0018],[0.0,0.0,0.0,1.0]],"antennas":[0.0,0.0],"body_yaw":0.0,"check_collision":false},{"head":[[0.990439,0.048882,0.129004,-0.011684],[-0.040042,0.996725,-0.070258,0.009194],[-0.132016,0.064421,0.989152,0.001489],[0.0,0.0,0.0,1.0]],"antennas":[0.0,0.0],"body_yaw":0.0,"check_collision":false},{"head":[[0.988942,0.076011,0.127341,-0.011627],[-0.066783,0.994927,-0.07524,0.009804],[-0.132414,0.065904,0.989001,0.001068],[0.0,0.0,0.0,1.0]],"antennas":[0.0,0.0],"body_yaw":0.0,"check_collision":false},{"head":[[0.987386,0.096904,0.12521,-0.01155],[-0.087079,0.992845,-0.08171,0.010254],[-0.132232,0.069777,0.98876,0.000706],[0.0,0.0,0.0,1.0]],"antennas":[0.0,0.0],"body_yaw":0.0,"check_collision":false},{"head":[[0.985272,0.119217,0.122586,-0.011315],[-0.108967,0.990215,-0.087184,0.010614],[-0.13178,0.072542,0.988621,0.000435],[0.0,0.0,0.0,1.0]],"antennas":[0.0,0.0],"body_yaw":0.0,"check_collision":false},{"head":[[0.982971,0.139088,0.120092,-0.011021],[-0.128606,0.987507,-0.091051,0.010975],[-0.131256,0.074057,0.988579,0.000135],[0.0,0.0,0.0,1.0]],"antennas":[0.0,0.0],"body_yaw":0.0,"check_collision":false},{"head":[[0.980325,0.159128,0.116794,-0.010417],[-0.14867,0.984464,-0.093421,0.012377],[-0.129845,0.074219,0.988753,-5.2e-05],[0.0,0.0,0.0,1.0]],"antennas":[0.0,0.0],"body_yaw":0.0,"check_collision":false},{"head":[[0.978694,0.172228,0.111786,-0.010113],[-0.161815,0.982099,-0.096418,0.012845],[-0.126391,0.076275,0.989044,-0.000265],[0.0,0.0,0.0,1.0]],"antennas":[0.0,0.0],"body_yaw":0.0,"check_collision":false},{"head":[[0.977613,0.180323,0.108422,-0.009783],[-0.169765,0.980412,-0.099858,0.013186],[-0.124305,0.079217,0.989077,-0.000439],[0.0,0.0,0.0,1.0]],"antennas":[0.0,0.0],"body_yaw":0.0,"check_collision":false},{"head":[[0.976329,0.187897,0.107128,-0.009462],[-0.177266,0.978922,-0.101436,0.013381],[-0.12393,0.080044,0.989057,-0.000644],[0.0,0.0,0.0,1.0]],"antennas":[0.0,0.0],"body_yaw":0.0,"check_collision":false},{"head":[[0.974396,0.198339,0.105893,-0.009178],[-0.187634,0.976819,-0.103042,0.013608],[-0.123875,0.080535,0.989024,-0.000877],[0.0,0.0,0.0,1.0]],"antennas":[0.0,0.0],"body_yaw":0.0,"check_collision":false},{"head":[[0.972003,0.210807,0.103776,-0.008988],[-0.200115,0.974177,-0.104559,0.013885],[-0.123138,0.080865,0.989089,-0.001111],[0.0,0.0,0.0,1.0]],"antennas":[0.0,0.0],"body_yaw":0.0,"check_collision":false},{"head":[[0.970536,0.218261,0.102092,-0.008906],[-0.207515,0.972445,-0.106243,0.014068],[-0.122467,0.081927,0.989085,-0.001212],[0.0,0.0,0.0,1.0]],"antennas":[0.0,0.0],"body_yaw":0.0,"check_collision":false},{"head":[[0.97034,0.219722,0.100806,-0.008823],[-0.208709,0.971851,-0.109297,0.014175],[-0.121984,0.085016,0.988884,-0.001229],[0.0,0.0,0.0,1.0]],"antennas":[0.0,0.0],"body_yaw":0.0,"check_collision":false},{"head":[[0.970355,0.220264,0.099473,-0.008596],[-0.208981,0.971433,-0.112452,0.014228],[-0.121401,0.08833,0.988666,-0.001351],[0.0,0.0,0.0,1.0]],"antennas":[0.0,0.0],"body_yaw":0.0,"check_collision":false},{"head":[[0.970073,0.222075,0.098194,-0.008748],[-0.210825,0.970955,-0.113135,0.015254],[-0.120466,0.089048,0.988716,-0.002667],[0.0,0.0,0.0,1.0]],"antennas":[0.0,0.0],"body_yaw":0.0,"check_collision":false},{"head":[[0.970592,0.220115,0.097472,-0.008557],[-0.208939,0.971372,-0.113052,0.015208],[-0.119566,0.089362,0.988796,-0.002925],[0.0,0.0,0.0,1.0]],"antennas":[0.0,0.0],"body_yaw":0.0,"check_collision":false},{"head":[[0.972462,0.212485,0.095753,-0.008418],[-0.201541,0.973013,-0.112374,0.015326],[-0.117047,0.089981,0.989042,-0.003144],[0.0,0.0,0.0,1.0]],"antennas":[0.0,0.0],"body_yaw":0.0,"check_collision":false},{"head":[[0.975055,0.201115,0.093923,-0.0083],[-0.190577,0.97546,-0.110266,0.015389],[-0.113794,0.089616,0.989454,-0.003204],[0.0,0.0,0.0,1.0]],"antennas":[0.0,0.0],"body_yaw":0.0,"check_collision":false},{"head":[[0.9774,0.189721,0.093246,-0.008306],[-0.17941,0.977742,-0.108776,0.01554],[-0.111808,0.089589,0.989683,-0.00306],[0.0,0.0,0.0,1.0]],"antennas":[0.0,0.0],"body_yaw":0.0,"check_collision":false},{"head":[[0.980034,0.174766,0.094815,-0.008261],[-0.164488,0.98054,-0.107165,0.015427],[-0.111698,0.08943,0.98971,-0.002741],[0.0,0.0,0.0,1.0]],"antennas":[0.0,0.0],"body_yaw":0.0,"check_collision":false},{"head":[[0.982453,0.159065,0.09739,-0.008312],[-0.148855,0.983329,-0.104432,0.015226],[-0.112378,0.088103,0.989752,-0.002507],[0.0,0.0,0.0,1.0]],"antennas":[0.0,0.0],"body_yaw":0.0,"check_collision":false},{"head":[[0.985046,0.139709,0.100824,-0.008379],[-0.129586,0.986429,-0.100823,0.014673],[-0.113542,0.08625,0.989782,-0.002297],[0.0,0.0,0.0,1.0]],"antennas":[0.0,0.0],"body_yaw":0.0,"check_collision":false},{"head":[[0.987461,0.118424,0.104385,-0.00859],[-0.108511,0.989446,-0.096035,0.014215],[-0.114656,0.083504,0.989889,-0.002311],[0.0,0.0,0.0,1.0]],"antennas":[0.0,0.0],"body_yaw":0.0,"check_collision":false},{"head":[[0.989378,0.098724,0.106695,-0.00874],[-0.089026,0.991759,-0.092136,0.01376],[-0.114911,0.081658,0.990014,-0.002359],[0.0,0.0,0.0,1.0]],"antennas":[0.0,0.0],"body_yaw":0.0,"check_collision":false},{"head":[[0.990805,0.081509,0.107993,-0.008923],[-0.072123,0.993493,-0.088144,0.013064],[-0.114475,0.079544,0.990236,-0.002124],[0.0,0.0,0.0,1.0]],"antennas":[0.0,0.0],"body_yaw":0.0,"check_collision":false},{"head":[[0.991914,0.063683,0.109782,-0.009105],[-0.054524,0.994931,-0.084499,0.012576],[-0.114607,0.07783,0.990357,-0.001841],[0.0,0.0,0.0,1.0]],"antennas":[0.0,0.0],"body_yaw":0.0,"check_collision":false},{"head":[[0.992667,0.046331,0.11165,-0.009216],[-0.037374,0.996011,-0.081024,0.01195],[-0.114958,0.076257,0.990439,-0.001492],[0.0,0.0,0.0,1.0]],"antennas":[0.0,0.0],"body_yaw":0.0,"check_collision":false},{"head":[[0.993207,0.030379,0.112325,-0.009327],[-0.021781,0.996793,-0.076996,0.011372],[-0.114304,0.074026,0.990684,-0.001136],[0.0,0.0,0.0,1.0]],"antennas":[0.0,0.0],"body_yaw":0.0,"check_collision":false},{"head":[[0.993603,0.012734,0.112208,-0.009498],[-0.00443,0.997252,-0.073946,0.010659],[-0.112842,0.072976,0.99093,-0.000807],[0.0,0.0,0.0,1.0]],"antennas":[0.0,0.0],"body_yaw":0.0,"check_collision":false},{"head":[[0.993819,-0.003929,0.110941,-0.009622],[0.011944,0.997357,-0.071674,0.009887],[-0.110366,0.072556,0.991239,-0.000606],[0.0,0.0,0.0,1.0]],"antennas":[0.0,0.0],"body_yaw":0.0,"check_collision":false},{"head":[[0.99385,-0.021132,0.108704,-0.009644],[0.02876,0.997195,-0.069096,0.009293],[-0.106939,0.071797,0.99167,-0.000527],[0.0,0.0,0.0,1.0]],"antennas":[0.0,0.0],"body_yaw":0.0,"check_collision":false},{"head":[[0.993857,-0.037414,0.104154,-0.009782],[0.044434,0.996835,-0.065922,0.00835],[-0.101358,0.070145,0.992374,-0.0004],[0.0,0.0,0.0,1.0]],"antennas":[0.0,0.0],"body_yaw":0.0,"check_collision":false},{"head":[[0.993702,-0.049923,0.100316,-0.009911],[0.056452,0.996394,-0.063338,0.007863],[-0.096793,0.068602,0.992938,-0.000319],[0.0,0.0,0.0,1.0]],"antennas":[0.0,0.0],"body_yaw":0.0,"check_collision":false},{"head":[[0.993305,-0.06423,0.096016,-0.010007],[0.070319,0.995631,-0.061434,0.007327],[-0.09165,0.067774,0.993482,-0.00035],[0.0,0.0,0.0,1.0]],"antennas":[0.0,0.0],"body_yaw":0.0,"check_collision":false},{"head":[[0.99242,-0.082042,0.091493,-0.01007],[0.087654,0.994396,-0.059098,0.006819],[-0.086132,0.06667,0.994051,-0.000246],[0.0,0.0,0.0,1.0]],"antennas":[0.0,0.0],"body_yaw":0.0,"check_collision":false},{"head":[[0.991571,-0.096133,0.086867,-0.010276],[0.101237,0.993263,-0.056385,0.006475],[-0.080862,0.064704,0.994623,6.5e-05],[0.0,0.0,0.0,1.0]],"antennas":[0.0,0.0],"body_yaw":0.0,"check_collision":false},{"head":[[0.990662,-0.108224,0.082927,-0.010395],[0.112865,0.99217,-0.053484,0.006112],[-0.07649,0.062344,0.995119,0.00041],[0.0,0.0,0.0,1.0]],"antennas":[0.0,0.0],"body_yaw":0.0,"check_collision":false},{"head":[[0.989664,-0.120141,0.078305,-0.010448],[0.124361,0.990903,-0.05143,0.005601],[-0.071413,0.060637,0.995602,0.000534],[0.0,0.0,0.0,1.0]],"antennas":[0.0,0.0],"body_yaw":0.0,"check_collision":false},{"head":[[0.988519,-0.131701,0.074055,-0.010571],[0.135564,0.989516,-0.049794,0.00509],[-0.066721,0.059261,0.99601,0.000437],[0.0,0.0,0.0,1.0]],"antennas":[0.0,0.0],"body_yaw":-0.000721,"check_collision":false},{"head":[[0.987166,-0.143361,0.070359,-0.010677],[0.146975,0.987917,-0.049184,0.004505],[-0.062458,0.058894,0.996308,0.000268],[0.0,0.0,0.0,1.0]],"antennas":[0.0,0.0],"body_yaw":-0.008195,"check_collision":false},{"head":[[0.985573,-0.15493,0.068142,-0.010793],[0.158394,0.986172,-0.048736,0.004086],[-0.059649,0.058826,0.996485,1e-06],[0.0,0.0,0.0,1.0]],"antennas":[0.0,0.0],"body_yaw":-0.018004,"check_collision":false},{"head":[[0.984084,-0.1649,0.066234,-0.010862],[0.168188,0.984608,-0.047545,0.003865],[-0.057375,0.057928,0.996671,-0.000266],[0.0,0.0,0.0,1.0]],"antennas":[0.0,0.0],"body_yaw":-0.029743,"check_collision":false},{"head":[[0.982554,-0.174236,0.065034,-0.01093],[0.177384,0.983056,-0.046216,0.003607],[-0.055879,0.056946,0.996812,-0.000285],[0.0,0.0,0.0,1.0]],"antennas":[0.0,0.0],"body_yaw":-0.043528,"check_collision":false},{"head":[[0.981494,-0.18099,0.062551,-0.010915],[0.183903,0.981941,-0.044402,0.003252],[-0.053385,0.055083,0.997054,-3.5e-05],[0.0,0.0,0.0,1.0]],"antennas":[0.0,0.0],"body_yaw":-0.061906,"check_collision":false},{"head":[[0.980615,-0.186682,0.059533,-0.010959],[0.1893,0.981028,-0.041832,0.003019],[-0.050594,0.05229,0.997349,3.7e-05],[0.0,0.0,0.0,1.0]],"antennas":[0.0,0.0],"body_yaw":-0.083259,"check_collision":false},{"head":[[0.979387,-0.194,0.056252,-0.01097],[0.196317,0.979763,-0.039049,0.002566],[-0.047538,0.049287,0.997653,-9.7e-05],[0.0,0.0,0.0,1.0]],"antennas":[0.0,0.0],"body_yaw":-0.105827,"check_collision":false},{"head":[[0.97829,-0.199825,0.054936,-0.010868],[0.201898,0.978775,-0.035161,0.002447],[-0.046744,0.04549,0.997871,-0.000329],[0.0,0.0,0.0,1.0]],"antennas":[0.0,0.0],"body_yaw":-0.128535,"check_collision":false},{"head":[[0.97788,-0.201999,0.054281,-0.010858],[0.203948,0.978423,-0.033081,0.002464],[-0.046427,0.043419,0.997978,-0.00081],[0.0,0.0,0.0,1.0]],"antennas":[0.0,0.0],"body_yaw":-0.149895,"check_collision":false},{"head":[[0.978256,-0.199952,0.055084,-0.010815],[0.201924,0.978849,-0.032885,0.00266],[-0.047343,0.043293,0.99794,-0.001299],[0.0,0.0,0.0,1.0]],"antennas":[0.0,0.0],"body_yaw":-0.170212,"check_collision":false},{"head":[[0.979567,-0.192374,0.05866,-0.010815],[0.194566,0.980292,-0.034236,0.002724],[-0.050918,0.04495,0.997691,-0.001342],[0.0,0.0,0.0,1.0]],"antennas":[0.0,0.0],"body_yaw":-0.190834,"check_collision":false},{"head":[[0.981825,-0.178566,0.064299,-0.01086],[0.181177,0.982742,-0.037333,0.003296],[-0.056523,0.048304,0.997232,-0.00141],[0.0,0.0,0.0,1.0]],"antennas":[0.0,0.0],"body_yaw":-0.211198,"check_collision":false},{"head":[[0.984605,-0.159764,0.070914,-0.010968],[0.162959,0.985747,-0.0418,0.003726],[-0.063225,0.052713,0.996606,-0.001357],[0.0,0.0,0.0,1.0]],"antennas":[0.0,0.0],"body_yaw":-0.231572,"check_collision":false},{"head":[[0.987442,-0.138217,0.076512,-0.010987],[0.1421,0.988695,-0.047846,0.003987],[-0.069034,0.058117,0.99592,-0.001435],[0.0,0.0,0.0,1.0]],"antennas":[0.0,0.0],"body_yaw":-0.251643,"check_collision":false},{"head":[[0.990201,-0.115439,0.078591,-0.010811],[0.119863,0.991315,-0.054106,0.004495],[-0.071662,0.062996,0.995438,-0.00156],[0.0,0.0,0.0,1.0]],"antennas":[0.0,0.0],"body_yaw":-0.271874,"check_collision":false},{"head":[[0.99272,-0.091625,0.078175,-0.010614],[0.096327,0.993619,-0.058666,0.004738],[-0.072301,0.065769,0.995212,-0.00164],[0.0,0.0,0.0,1.0]],"antennas":[0.0,0.0],"body_yaw":-0.2933,"check_collision":false},{"head":[[0.99459,-0.067445,0.079008,-0.010451],[0.072551,0.995332,-0.063651,0.005111],[-0.074346,0.069038,0.99484,-0.001909],[0.0,0.0,0.0,1.0]],"antennas":[0.0,0.0],"body_yaw":-0.315304,"check_collision":false},{"head":[[0.995739,-0.039917,0.083135,-0.010401],[0.045625,0.996646,-0.067928,0.005601],[-0.080144,0.071432,0.994221,-0.002194],[0.0,0.0,0.0,1.0]],"antennas":[0.0,0.0],"body_yaw":-0.33719,"check_collision":false},{"head":[[0.996109,-0.012874,0.087185,-0.010395],[0.019157,0.997248,-0.071621,0.005923],[-0.086023,0.073013,0.993614,-0.002342],[0.0,0.0,0.0,1.0]],"antennas":[0.0,0.0],"body_yaw":-0.35854,"check_collision":false},{"head":[[0.995895,0.013106,0.089565,-0.010264],[-0.006201,0.997016,-0.076944,0.006497],[-0.090306,0.076073,0.993004,-0.002619],[0.0,0.0,0.0,1.0]],"antennas":[0.0,0.0],"body_yaw":-0.376893,"check_collision":false},{"head":[[0.995246,0.035667,0.090626,-0.010097],[-0.028411,0.99638,-0.080121,0.007073],[-0.093156,0.077166,0.992657,-0.002952],[0.0,0.0,0.0,1.0]],"antennas":[0.0,0.0],"body_yaw":-0.388394,"check_collision":false},{"head":[[0.994249,0.058138,0.089944,-0.010049],[-0.050549,0.995144,-0.084461,0.007675],[-0.094417,0.079428,0.992359,-0.002944],[0.0,0.0,0.0,1.0]],"antennas":[0.0,0.0],"body_yaw":-0.388539,"check_collision":false},{"head":[[0.992786,0.079835,0.089453,-0.010018],[-0.071835,0.993407,-0.089342,0.008318],[-0.095996,0.082272,0.991976,-0.002824],[0.0,0.0,0.0,1.0]],"antennas":[0.0,0.0],"body_yaw":-0.388539,"check_collision":false},{"head":[[0.990998,0.101215,0.087631,-0.009834],[-0.093269,0.991522,-0.090472,0.009016],[-0.096045,0.081485,0.992036,-0.002988],[0.0,0.0,0.0,1.0]],"antennas":[0.0,0.0],"body_yaw":-0.388539,"check_collision":false},{"head":[[0.988874,0.120835,0.086759,-0.009555],[-0.112941,0.989447,-0.090769,0.009459],[-0.096812,0.079961,0.992086,-0.003325],[0.0,0.0,0.0,1.0]],"antennas":[0.0,0.0],"body_yaw":-0.388539,"check_collision":false},{"head":[[0.98613,0.140706,0.088035,-0.009317],[-0.132759,0.987015,-0.090428,0.009982],[-0.099615,0.077486,0.992004,-0.003733],[0.0,0.0,0.0,1.0]],"antennas":[0.0,0.0],"body_yaw":-0.385967,"check_collision":false},{"head":[[0.983554,0.15898,0.08571,-0.009118],[-0.151156,0.984297,-0.091162,0.010334],[-0.098857,0.076707,0.992141,-0.00399],[0.0,0.0,0.0,1.0]],"antennas":[0.0,0.0],"body_yaw":-0.380136,"check_collision":false},{"head":[[0.980615,0.177894,0.082147,-0.008868],[-0.170335,0.98114,-0.091375,0.010825],[-0.096853,0.075611,0.992422,-0.004309],[0.0,0.0,0.0,1.0]],"antennas":[0.0,0.0],"body_yaw":-0.373356,"check_collision":false},{"head":[[0.976931,0.197221,0.081911,-0.008599],[-0.189757,0.977631,-0.090715,0.011112],[-0.09797,0.073079,0.992503,-0.004546],[0.0,0.0,0.0,1.0]],"antennas":[0.0,0.0],"body_yaw":-0.362442,"check_collision":false},{"head":[[0.973557,0.21401,0.07992,-0.008262],[-0.206857,0.974303,-0.089131,0.011447],[-0.096941,0.070242,0.992808,-0.004821],[0.0,0.0,0.0,1.0]],"antennas":[0.0,0.0],"body_yaw":-0.348044,"check_collision":false},{"head":[[0.97026,0.229098,0.078165,-0.007947],[-0.222371,0.971151,-0.08612,0.011723],[-0.095639,0.066177,0.993214,-0.004985],[0.0,0.0,0.0,1.0]],"antennas":[0.0,0.0],"body_yaw":-0.331484,"check_collision":false},{"head":[[0.965743,0.24786,0.076845,-0.007729],[-0.241673,0.966924,-0.081555,0.011996],[-0.094518,0.06019,0.993702,-0.005205],[0.0,0.0,0.0,1.0]],"antennas":[0.0,0.0],"body_yaw":-0.311656,"check_collision":false},{"head":[[0.959409,0.270467,0.079884,-0.007582],[-0.264634,0.96131,-0.076494,0.01219],[-0.097482,0.052249,0.993865,-0.005495],[0.0,0.0,0.0,1.0]],"antennas":[0.0,0.0],"body_yaw":-0.286249,"check_collision":false},{"head":[[0.953474,0.289932,0.082623,-0.007415],[-0.284325,0.955922,-0.073299,0.012388],[-0.100233,0.046397,0.993882,-0.005808],[0.0,0.0,0.0,1.0]],"antennas":[0.0,0.0],"body_yaw":-0.254387,"check_collision":false},{"head":[[0.946817,0.309242,0.088925,-0.00725],[-0.303376,0.950024,-0.073608,0.012333],[-0.107243,0.042716,0.993315,-0.00618],[0.0,0.0,0.0,1.0]],"antennas":[0.0,0.0],"body_yaw":-0.217734,"check_collision":false},{"head":[[0.940194,0.327374,0.09414,-0.007039],[-0.321404,0.944107,-0.073226,0.012121],[-0.112851,0.03859,0.992862,-0.006689],[0.0,0.0,0.0,1.0]],"antennas":[0.0,0.0],"body_yaw":-0.179365,"check_collision":false},{"head":[[0.933755,0.344542,0.096919,-0.006842],[-0.338859,0.938191,-0.070519,0.011807],[-0.115225,0.033005,0.992791,-0.00703],[0.0,0.0,0.0,1.0]],"antennas":[0.0,0.0],"body_yaw":-0.142608,"check_collision":false},{"head":[[0.927534,0.360309,0.099288,-0.006508],[-0.35515,0.932469,-0.066109,0.011422],[-0.116403,0.026056,0.99286,-0.006938],[0.0,0.0,0.0,1.0]],"antennas":[0.0,0.0],"body_yaw":-0.103752,"check_collision":false},{"head":[[0.924603,0.366838,0.102657,-0.006094],[-0.362043,0.930053,-0.062659,0.011311],[-0.118462,0.020769,0.992741,-0.006612],[0.0,0.0,0.0,1.0]],"antennas":[0.0,0.0],"body_yaw":-0.066127,"check_collisi