{"description":"A short movement showing you\u2019re starting to fall asleep, very funny if someone is telling a boring story.","time":[0.0,0.02,0.04,0.06,0.08,0.1,0.12,0.14,0.16,0.18,0.2,0.22,0.24,0.26,0.28,0.3,0.32,0.34,0.36,0.38,0.4,0.42,0.44,0.46,0.48,0.5,0.52,0.54,0.56,0.58,0.6,0.62,0.64,0.66,0.68,0.7,0.72,0.74,0.76,0.78,0.8,0.82,0.84,0.86,0.88,0.9,0.92,0.94,0.96,0.98,1.0,1.02,1.04,1.06,1.08,1.1,1.12,1.14,1.16,1.18,1.2,1.22,1.24,1.26,1.28,1.3,1.32,1.34,1.36,1.38,1.4,1.42,1.44,1.46,1.48,1.5,1.52,1.54,1.56,1.58,1.6,1.62,1.64,1.66,1.68,1.7,1.72,1.74,1.76,1.78,1.8,1.82,1.84,1.86,1.88,1.9,1.92,1.94,1.96,1.98,2.0,2.02,2.04,2.06,2.08,2.1,2.12,2.14,2.16,2.18,2.2,2.22,2.24,2.26,2.28,2.3,2.32,2.34,2.36,2.38,2.4,2.42,2.44,2.46,2.48,2.5,2.52,2.54,2.56,2.58,2.6,2.62,2.64,2.66,2.68,2.7,2.72,2.74,2.76,2.78,2.8,2.82,2.84,2.86,2.88,2.9,2.92,2.94,2.96,2.98,3.0,3.02,3.04,3.06,3.08,3.1,3.12,3.14,3.16,3.18,3.2,3.22,3.24,3.26,3.28,3.3,3.32,3.34,3.36,3.38,3.4,3.42,3.44,3.46,3.48,3.5,3.52,3.54,3.56,3.58,3.6,3.62,3.64,3.66,3.68,3.7,3.72,3.74,3.76,3.78,3.8,3.82,3.84,3.86,3.88,3.9,3.92,3.94,3.96,3.98,4.0,4.02,4.04,4.06,4.08,4.1,4.12,4.14,4.16,4.18,4.2,4.22,4.24,4.26,4.28,4.3,4.32,4.34,4.36,4.38,4.4,4.42,4.44,4.46,4.48,4.5,4.52,4.54,4.56,4.58,4.6,4.62,4.64,4.66,4.68,4.7,4.72,4.74,4.76,4.78,4.8,4.82,4.84,4.86,4.88,4.9,4.92,4.94,4.96,4.98,5.0,5.02,5.04,5.06,5.08,5.1,5.12,5.14,5.16,5.18,5.2,5.22,5.24,5.26,5.28,5.3,5.32,5.34,5.36,5.38,5.4,5.42,5.44,5.46,5.48,5.5,5.52,5.54,5.56,5.58,5.6,5.62,5.64,5.66,5.68,5.7,5.72,5.74,5.76,5.78,5.8,5.82,5.84,5.86,5.88,5.9,5.92,5.94,5.96,5.98,6.0,6.02,6.04,6.06,6.08,6.1,6.12,6.14,6.16,6.18,6.2,6.22,6.24,6.26,6.28,6.3,6.32,6.34,6.36,6.38,6.4,6.42,6.44,6.46,6.48,6.5,6.52,6.54,6.56,6.58,6.6,6.62,6.64,6.66,6.68,6.7,6.72,6.74,6.76,6.78,6.8,6.82,6.84,6.86,6.88,6.9,6.92,6.94,6.96,6.98,7.0,7.02,7.04,7.06,7.08,7.1,7.12,7.14,7.16,7.18,7.2,7.22,7.24,7.26,7.28,7.3,7.32,7.34,7.36,7.38,7.4,7.42,7.44,7.46,7.48,7.5,7.52,7.54,7.56,7.58,7.6,7.62,7.64,7.66,7.68,7.7,7.72,7.74,7.76,7.78,7.8,7.82,7.84,7.86,7.88,7.9,7.92,7.94,7.96,7.98,8.0,8.02,8.04,8.06,8.08,8.1,8.12,8.14,8.16,8.18,8.2,8.22,8.24,8.26,8.28,8.3,8.32,8.34,8.36,8.38,8.4,8.42,8.44,8.46,8.48,8.5,8.52,8.54,8.56,8.58,8.6,8.62,8.64,8.66,8.68,8.7,8.72,8.74,8.76,8.78,8.8,8.82,8.84,8.86,8.88,8.9,8.92,8.94,8.96,8.98,9.0,9.02,9.04,9.06,9.08,9.1,9.12,9.14,9.16,9.18,9.2,9.22,9.24,9.26,9.28,9.3,9.32,9.34,9.36,9.38,9.4,9.42,9.44,9.46,9.48,9.5,9.52,9.54,9.56,9.58,9.6,9.62,9.64,9.66,9.68,9.7,9.72,9.74,9.76,9.78,9.8,9.82,9.84,9.86,9.88,9.9,9.92,9.94,9.96,9.98,10.0,10.02,10.04,10.06,10.08,10.1,10.12,10.14,10.16,10.18,10.2,10.22,10.24,10.26,10.28,10.3,10.32,10.34,10.36,10.38,10.4,10.42,10.44,10.46,10.48,10.5,10.52,10.54,10.56,10.58,10.6,10.62,10.64,10.66,10.68,10.7,10.72,10.74,10.76,10.78,10.8,10.82,10.84,10.86,10.88,10.9,10.92,10.94,10.96,10.98,11.0,11.02,11.04,11.06,11.08,11.1,11.12,11.14,11.16,11.18,11.2,11.22,11.24,11.26,11.28,11.3,11.32,11.34,11.36,11.38,11.4,11.42,11.44,11.46,11.48,11.5,11.52,11.54,11.56,11.58,11.6,11.62,11.64,11.66,11.68,11.7,11.72,11.74,11.76,11.78,11.8,11.82,11.84,11.86,11.88,11.9,11.92,11.94,11.96,11.98,12.0,12.02,12.04,12.06,12.08,12.1,12.12,12.14,12.16,12.18,12.2,12.22,12.24,12.26,12.28,12.3,12.32,12.34,12.36,12.38,12.4,12.42,12.44,12.46,12.48,12.5,12.52,12.54,12.56,12.58,12.6,12.62,12.64,12.66,12.68,12.7,12.72,12.74,12.76,12.78,12.8,12.82,12.84,12.86,12.88,12.9,12.92,12.94,12.96,12.98,13.0,13.02,13.04,13.06,13.08,13.1,13.12,13.14,13.16,13.18,13.2,13.22,13.24,13.26,13.28,13.3,13.32,13.34,13.36,13.38,13.4,13.42,13.44,13.46,13.48,13.5,13.52,13.54,13.56,13.58,13.6,13.62,13.64,13.66,13.68,13.7,13.72,13.74,13.76,13.78,13.8,13.82,13.84,13.86,13.88,13.9,13.92,13.94,13.96,13.98,14.0,14.02,14.04,14.06,14.08,14.1,14.12,14.14,14.16,14.18,14.2,14.22,14.24,14.26,14.28,14.3,14.32,14.34,14.36,14.38,14.4,14.42,14.44,14.46,14.48,14.5,14.52,14.54,14.56,14.58,14.6,14.62,14.64,14.66,14.68,14.7,14.72,14.74,14.76,14.78,14.8,14.82,14.84,14.86,14.88,14.9,14.92,14.94,14.96,14.98,15.0,15.02,15.04,15.06,15.08,15.1,15.12,15.14,15.16,15.18,15.2,15.22,15.24,15.26,15.28,15.3,15.32,15.34,15.36,15.38,15.4,15.42,15.44,15.46,15.48,15.5,15.52,15.54,15.56,15.58,15.6,15.62,15.64,15.66,15.68,15.7,15.72,15.74,15.76,15.78,15.8,15.82,15.84,15.86,15.88,15.9,15.92,15.94,15.96,15.98,16.0,16.02,16.04,16.06,16.08,16.1,16.12,16.14,16.16,16.18,16.2,16.22,16.24,16.26,16.28,16.3,16.32,16.34,16.36,16.38,16.4,16.42,16.44,16.46,16.48,16.5,16.52,16.54,16.56,16.58,16.6,16.62,16.64,16.66,16.68,16.7,16.72,16.74,16.76,16.78,16.8,16.82,16.84,16.86,16.88,16.9,16.92,16.94,16.96,16.98,17.0,17.02,17.04,17.06,17.08,17.1,17.12,17.14,17.16,17.18,17.2,17.22,17.24,17.26,17.28,17.3,17.32,17.34,17.36,17.38,17.4,17.42,17.44,17.46,17.48,17.5,17.52,17.54,17.56,17.58,17.6,17.62,17.64,17.66,17.68,17.7,17.72,17.74,17.76,17.78,17.8,17.82,17.84,17.86,17.88,17.9,17.92,17.94,17.96,17.98,18.0,18.02,18.04,18.06,18.08,18.1,18.12,18.14,18.16,18.18,18.2,18.22,18.24,18.26,18.28,18.3,18.32,18.34,18.36,18.38,18.4,18.42,18.44,18.46,18.48,18.5,18.52,18.54,18.56,18.58,18.6,18.62,18.64,18.66,18.68,18.7,18.72,18.74,18.76,18.78,18.8,18.82,18.84,18.86,18.88,18.9,18.92,18.94,18.96,18.98,19.0,19.02,19.04,19.06,19.08,19.1,19.12,19.14,19.16,19.18,19.2,19.22,19.24,19.26,19.28,19.3,19.32,19.34,19.36,19.38,19.4,19.42,19.44,19.46,19.48,19.5,19.52,19.54,19.56,19.58,19.6,19.62,19.64,19.66,19.68,19.7,19.72,19.74,19.76],"set_target_data":[{"head":[[0.965603,0.24499,0.087119,-0.007795],[-0.239995,0.968664,-0.063971,0.001623],[-0.100061,0.040862,0.994142,0.02],[0.0,0.0,0.0,1.0]],"antennas":[-0.335338,0.795668],"body_yaw":-0.145866,"check_collision":false},{"head":[[0.965485,0.245996,0.085584,-0.007812],[-0.241202,0.968453,-0.062609,0.001597],[-0.098286,0.039805,0.994362,0.02],[0.0,0.0,0.0,1.0]],"antennas":[-0.335338,0.795668],"body_yaw":-0.145866,"check_collision":false},{"head":[[0.965376,0.246926,0.084123,-0.007762],[-0.24232,0.968257,-0.061313,0.001651],[-0.096592,0.038806,0.994567,0.02],[0.0,0.0,0.0,1.0]],"antennas":[-0.335338,0.795668],"body_yaw":-0.145866,"check_collision":false},{"head":[[0.965236,0.247802,0.083147,-0.007615],[-0.243376,0.968083,-0.059864,0.001384],[-0.095327,0.037547,0.994738,0.02],[0.0,0.0,0.0,1.0]],"antennas":[-0.335338,0.795668],"body_yaw":-0.145866,"check_collision":false},{"head":[[0.965151,0.248424,0.082272,-0.007534],[-0.244162,0.967968,-0.058513,0.001435],[-0.094173,0.036386,0.994891,0.02],[0.0,0.0,0.0,1.0]],"antennas":[-0.335338,0.795668],"body_yaw":-0.145866,"check_collision":false},{"head":[[0.965049,0.249078,0.081491,-0.007517],[-0.244869,0.967804,-0.058267,0.001422],[-0.09338,0.036276,0.994969,0.02],[0.0,0.0,0.0,1.0]],"antennas":[-0.335338,0.795668],"body_yaw":-0.145866,"check_collision":false},{"head":[[0.964901,0.249738,0.081223,-0.007481],[-0.245565,0.967643,-0.058012,0.001423],[-0.093083,0.03603,0.995006,0.02],[0.0,0.0,0.0,1.0]],"antennas":[-0.335338,0.795668],"body_yaw":-0.145866,"check_collision":false},{"head":[[0.964716,0.250573,0.080846,-0.007421],[-0.246401,0.967421,-0.058166,0.001365],[-0.092787,0.036193,0.995028,0.02],[0.0,0.0,0.0,1.0]],"antennas":[-0.335338,0.795668],"body_yaw":-0.145866,"check_collision":false},{"head":[[0.964609,0.251089,0.08052,-0.007446],[-0.246894,0.967272,-0.05856,0.001422],[-0.092589,0.036607,0.995031,0.02],[0.0,0.0,0.0,1.0]],"antennas":[-0.335338,0.795668],"body_yaw":-0.145866,"check_collision":false},{"head":[[0.964581,0.251233,0.080406,-0.007454],[-0.246975,0.967207,-0.059284,0.001338],[-0.092664,0.037326,0.994998,0.02],[0.0,0.0,0.0,1.0]],"antennas":[-0.335338,0.795668],"body_yaw":-0.145866,"check_collision":false},{"head":[[0.964608,0.251136,0.080384,-0.007391],[-0.246775,0.967189,-0.060401,0.001475],[-0.092915,0.038426,0.994932,0.02],[0.0,0.0,0.0,1.0]],"antennas":[-0.335338,0.795668],"body_yaw":-0.145866,"check_collision":false},{"head":[[0.964586,0.251175,0.080529,-0.007393],[-0.246679,0.967126,-0.06178,0.001509],[-0.093399,0.039727,0.994836,0.02],[0.0,0.0,0.0,1.0]],"antennas":[-0.335338,0.795668],"body_yaw":-0.145866,"check_collision":false},{"head":[[0.964572,0.251104,0.080913,-0.007391],[-0.246522,0.967118,-0.062521,0.001572],[-0.093952,0.040359,0.994758,0.02],[0.0,0.0,0.0,1.0]],"antennas":[-0.335338,0.795668],"body_yaw":-0.145866,"check_collision":false},{"head":[[0.964577,0.250918,0.081429,-0.007411],[-0.24624,0.967139,-0.063305,0.001514],[-0.094638,0.041011,0.994667,0.02],[0.0,0.0,0.0,1.0]],"antennas":[-0.335338,0.795668],"body_yaw":-0.145866,"check_collision":false},{"head":[[0.964596,0.250696,0.081889,-0.007414],[-0.245911,0.967163,-0.064214,0.00148],[-0.095298,0.041804,0.994571,0.02],[0.0,0.0,0.0,1.0]],"antennas":[-0.335338,0.795668],"body_yaw":-0.145866,"check_collision":false},{"head":[[0.964571,0.250609,0.082446,-0.007436],[-0.245749,0.967168,-0.064751,0.001581],[-0.095967,0.042196,0.99449,0.02],[0.0,0.0,0.0,1.0]],"antennas":[-0.335338,0.795668],"body_yaw":-0.145866,"check_collision":false},{"head":[[0.964617,0.250278,0.082912,-0.007472],[-0.245382,0.967251,-0.06491,0.001569],[-0.096442,0.042268,0.994441,0.02],[0.0,0.0,0.0,1.0]],"antennas":[-0.335338,0.795668],"body_yaw":-0.145866,"check_collision":false},{"head":[[0.964697,0.249821,0.083366,-0.00748],[-0.244835,0.967342,-0.065617,0.001671],[-0.097036,0.04289,0.994356,0.02],[0.0,0.0,0.0,1.0]],"antennas":[-0.335338,0.795668],"body_yaw":-0.145866,"check_collision":false},{"head":[[0.964728,0.24952,0.083901,-0.007461],[-0.244417,0.967382,-0.066576,0.001528],[-0.097777,0.04372,0.994248,0.02],[0.0,0.0,0.0,1.0]],"antennas":[-0.335338,0.795668],"body_yaw":-0.145866,"check_collision":false},{"head":[[0.964755,0.249308,0.084225,-0.007397],[-0.244111,0.967404,-0.067377,0.001484],[-0.098277,0.044442,0.994166,0.02],[0.0,0.0,0.0,1.0]],"antennas":[-0.335338,0.795668],"body_yaw":-0.145866,"check_collision":false},{"head":[[0.964823,0.248985,0.084405,-0.007395],[-0.243727,0.967465,-0.067892,0.001745],[-0.098563,0.044932,0.994116,0.02],[0.0,0.0,0.0,1.0]],"antennas":[-0.335338,0.795668],"body_yaw":-0.145866,"check_collision":false},{"head":[[0.964795,0.24879,0.085286,-0.007383],[-0.243501,0.967527,-0.06781,0.00182],[-0.099387,0.044655,0.994046,0.02],[0.0,0.0,0.0,1.0]],"antennas":[-0.335338,0.795668],"body_yaw":-0.145866,"check_collision":false},{"head":[[0.964729,0.248664,0.086398,-0.007357],[-0.243297,0.96756,-0.068075,0.001891],[-0.100523,0.044653,0.993932,0.02],[0.0,0.0,0.0,1.0]],"antennas":[-0.335338,0.795668],"body_yaw":-0.145866,"check_collision":false},{"head":[[0.964714,0.248228,0.087809,-0.007368],[-0.242703,0.967645,-0.068988,0.001968],[-0.102093,0.045242,0.993746,0.02],[0.0,0.0,0.0,1.0]],"antennas":[-0.335338,0.795668],"body_yaw":-0.145866,"check_collision":false},{"head":[[0.964816,0.247425,0.088943,-0.007464],[-0.241722,0.967805,-0.070175,0.002131],[-0.103443,0.046206,0.993562,0.02],[0.0,0.0,0.0,1.0]],"antennas":[-0.335338,0.795668],"body_yaw":-0.145866,"check_collision":false},{"head":[[0.964954,0.246411,0.09025,-0.007505],[-0.240514,0.968016,-0.071402,0.002377],[-0.104958,0.047193,0.993356,0.02],[0.0,0.0,0.0,1.0]],"antennas":[-0.335338,0.795668],"body_yaw":-0.145866,"check_collision":false},{"head":[[0.965099,0.245334,0.091621,-0.007436],[-0.239213,0.96823,-0.072857,0.002462],[-0.106585,0.048398,0.993125,0.02],[0.0,0.0,0.0,1.0]],"antennas":[-0.335338,0.795668],"body_yaw":-0.145866,"check_collision":false},{"head":[[0.965165,0.244636,0.092791,-0.007492],[-0.238346,0.968367,-0.073869,0.002628],[-0.107926,0.049179,0.992942,0.02],[0.0,0.0,0.0,1.0]],"antennas":[-0.335338,0.795668],"body_yaw":-0.145866,"check_collision":false},{"head":[[0.965166,0.244487,0.093168,-0.007597],[-0.238114,0.968379,-0.074452,0.002939],[-0.108425,0.049674,0.992863,0.02],[0.0,0.0,0.0,1.0]],"antennas":[-0.335338,0.795668],"body_yaw":-0.145866,"check_collision":false},{"head":[[0.965163,0.244344,0.093576,-0.007572],[-0.237952,0.96842,-0.074436,0.003041],[-0.108809,0.049577,0.992826,0.02],[0.0,0.0,0.0,1.0]],"antennas":[-0.335338,0.795668],"body_yaw":-0.145866,"check_collision":false},{"head":[[0.965189,0.2441,0.093939,-0.00752],[-0.237745,0.96851,-0.07393,0.003122],[-0.109027,0.049023,0.992829,0.02],[0.0,0.0,0.0,1.0]],"antennas":[-0.335338,0.795668],"body_yaw":-0.145866,"check_collision":false},{"head":[[0.965281,0.243648,0.09417,-0.007549],[-0.237265,0.968617,-0.074068,0.00319],[-0.109261,0.049153,0.992797,0.02],[0.0,0.0,0.0,1.0]],"antennas":[-0.335338,0.795668],"body_yaw":-0.145866,"check_collision":false},{"head":[[0.965417,0.242991,0.094478,-0.007528],[-0.236549,0.968764,-0.074431,0.00312],[-0.109613,0.049509,0.992741,0.02],[0.0,0.0,0.0,1.0]],"antennas":[-0.335338,0.795668],"body_yaw":-0.145866,"check_collision":false},{"head":[[0.965427,0.242777,0.094921,-0.007481],[-0.236173,0.968759,-0.075685,0.003059],[-0.11033,0.05065,0.992604,0.02],[0.0,0.0,0.0,1.0]],"antennas":[-0.335338,0.795668],"body_yaw":-0.145866,"check_collision":false},{"head":[[0.96539,0.242749,0.095366,-0.007413],[-0.236041,0.968734,-0.07642,0.003029],[-0.110935,0.051265,0.992505,0.02],[0.0,0.0,0.0,1.0]],"antennas":[-0.335338,0.795668],"body_yaw":-0.145866,"check_collision":false},{"head":[[0.965369,0.24263,0.095879,-0.00746],[-0.235877,0.968761,-0.076577,0.003187],[-0.111464,0.05131,0.992443,0.02],[0.0,0.0,0.0,1.0]],"antennas":[-0.335338,0.795668],"body_yaw":-0.145866,"check_collision":false},{"head":[[0.965397,0.242396,0.096191,-0.007494],[-0.235619,0.968819,-0.076645,0.003335],[-0.11177,0.051328,0.992408,0.02],[0.0,0.0,0.0,1.0]],"antennas":[-0.335338,0.795668],"body_yaw":-0.145866,"check_collision":false},{"head":[[0.965381,0.242195,0.096854,-0.007491],[-0.235334,0.968854,-0.077066,0.003373],[-0.112502,0.051605,0.99231,0.02],[0.0,0.0,0.0,1.0]],"antennas":[-0.335338,0.795668],"body_yaw":-0.145866,"check_collision":false},{"head":[[0.965381,0.241969,0.097417,-0.007481],[-0.235005,0.968883,-0.077705,0.003345],[-0.113188,0.052121,0.992206,0.02],[0.0,0.0,0.0,1.0]],"antennas":[-0.335338,0.795668],"body_yaw":-0.145866,"check_collision":false},{"head":[[0.96536,0.241726,0.098231,-0.007413],[-0.234634,0.968914,-0.078442,0.00319],[-0.114139,0.052676,0.992067,0.02],[0.0,0.0,0.0,1.0]],"antennas":[-0.335338,0.795668],"body_yaw":-0.145866,"check_collision":false},{"head":[[0.965327,0.241549,0.098986,-0.007363],[-0.234355,0.968938,-0.078973,0.003031],[-0.114987,0.053037,0.99195,0.02],[0.0,0.0,0.0,1.0]],"antennas":[-0.337867,0.795668],"body_yaw":-0.145866,"check_collision":false},{"head":[[0.965233,0.24156,0.099869,-0.007302],[-0.234306,0.968941,-0.07908,0.00302],[-0.11587,0.052931,0.991853,0.02],[0.0,0.0,0.0,1.0]],"antennas":[-0.352559,0.795668],"body_yaw":-0.145866,"check_collision":false},{"head":[[0.965188,0.241524,0.100388,-0.007319],[-0.234191,0.968933,-0.079517,0.002997],[-0.116475,0.053239,0.991766,0.02],[0.0,0.0,0.0,1.0]],"antennas":[-0.37877,0.795668],"body_yaw":-0.145866,"check_collision":false},{"head":[[0.965195,0.241315,0.100823,-0.007321],[-0.233856,0.968943,-0.080379,0.002926],[-0.117088,0.054003,0.991652,0.02],[0.0,0.0,0.0,1.0]],"antennas":[-0.412712,0.797917],"body_yaw":-0.145866,"check_collision":false},{"head":[[0.965181,0.241042,0.101608,-0.007264],[-0.233451,0.968979,-0.081113,0.002895],[-0.118008,0.054568,0.991512,0.02],[0.0,0.0,0.0,1.0]],"antennas":[-0.4529,0.811657],"body_yaw":-0.145866,"check_collision":false},{"head":[[0.965039,0.240946,0.103174,-0.007258],[-0.233221,0.969002,-0.081509,0.003115],[-0.119615,0.054597,0.991318,0.02],[0.0,0.0,0.0,1.0]],"antennas":[-0.496148,0.832815],"body_yaw":-0.145866,"check_collision":false},{"head":[[0.96485,0.240899,0.105032,-0.007358],[-0.233016,0.969013,-0.081958,0.003111],[-0.121521,0.054603,0.991086,0.02],[0.0,0.0,0.0,1.0]],"antennas":[-0.542064,0.859166],"body_yaw":-0.145866,"check_collision":false},{"head":[[0.964722,0.240717,0.10661,-0.007363],[-0.232637,0.969029,-0.08284,0.003049],[-0.12325,0.055116,0.990844,0.02],[0.0,0.0,0.0,1.0]],"antennas":[-0.589014,0.886924],"body_yaw":-0.145866,"check_collision":false},{"head":[[0.964578,0.240723,0.107893,-0.007271],[-0.232468,0.968999,-0.083663,0.003069],[-0.124687,0.055618,0.990636,0.02],[0.0,0.0,0.0,1.0]],"antennas":[-0.638622,0.915338],"body_yaw":-0.145866,"check_collision":false},{"head":[[0.964387,0.240849,0.109314,-0.00727],[-0.232451,0.96896,-0.084165,0.003118],[-0.126192,0.055758,0.990438,0.02],[0.0,0.0,0.0,1.0]],"antennas":[-0.688978,0.943917],"body_yaw":-0.145866,"check_collision":false},{"head":[[0.964057,0.241245,0.111328,-0.007305],[-0.232684,0.968869,-0.084565,0.00316],[-0.128263,0.055621,0.990179,0.02],[0.0,0.0,0.0,1.0]],"antennas":[-0.738822,0.972205],"body_yaw":-0.145866,"check_collision":false},{"head":[[0.963624,0.241816,0.113812,-0.007298],[-0.233061,0.968741,-0.084996,0.003311],[-0.130807,0.055379,0.98986,0.02],[0.0,0.0,0.0,1.0]],"antennas":[-0.788242,1.000253],"body_yaw":-0.145866,"check_collision":false},{"head":[[0.963283,0.242044,0.116194,-0.007376],[-0.233029,0.968664,-0.085948,0.003438],[-0.133356,0.055716,0.989501,0.02],[0.0,0.0,0.0,1.0]],"antennas":[-0.839081,1.029106],"body_yaw":-0.145866,"check_collision":false},{"head":[[0.962967,0.242258,0.118344,-0.007449],[-0.232912,0.968555,-0.087485,0.003471],[-0.135817,0.056681,0.989111,0.02],[0.0,0.0,0.0,1.0]],"antennas":[-0.890134,1.05808],"body_yaw":-0.145866,"check_collision":false},{"head":[[0.962507,0.242779,0.120991,-0.00749],[-0.233109,0.968394,-0.088736,0.003556],[-0.13871,0.057205,0.98868,0.02],[0.0,0.0,0.0,1.0]],"antennas":[-0.940797,1.086833],"body_yaw":-0.145866,"check_collision":false},{"head":[[0.962018,0.243237,0.123926,-0.007465],[-0.233347,0.968302,-0.089105,0.003476],[-0.141671,0.056802,0.988283,0.02],[0.0,0.0,0.0,1.0]],"antennas":[-0.990848,1.115239],"body_yaw":-0.145866,"check_collision":false},{"head":[[0.961514,0.243725,0.12684,-0.007571],[-0.233635,0.96821,-0.089358,0.003507],[-0.144586,0.056285,0.98789,0.02],[0.0,0.0,0.0,1.0]],"antennas":[-1.041021,1.143714],"body_yaw":-0.145866,"check_collision":false},{"head":[[0.961016,0.244053,0.129949,-0.007708],[-0.233673,0.968129,-0.090126,0.003477],[-0.147803,0.056247,0.987416,0.02],[0.0,0.0,0.0,1.0]],"antennas":[-1.091151,1.17237],"body_yaw":-0.145866,"check_collision":false},{"head":[[0.960375,0.244331,0.134096,-0.007867],[-0.233598,0.968075,-0.090894,0.00355],[-0.152023,0.055968,0.986791,0.02],[0.0,0.0,0.0,1.0]],"antennas":[-1.141295,1.20114],"body_yaw":-0.145866,"check_collision":false},{"head":[[0.959637,0.24429,0.139349,-0.007966],[-0.233201,0.968136,-0.091269,0.003377],[-0.157205,0.055088,0.986028,0.02],[0.0,0.0,0.0,1.0]],"antennas":[-1.191127,1.22973],"body_yaw":-0.145866,"check_collision":false},{"head":[[0.958803,0.244401,0.144792,-0.008017],[-0.232893,0.968144,-0.091971,0.003464],[-0.162657,0.054462,0.985178,0.02],[0.0,0.0,0.0,1.0]],"antennas":[-1.240209,1.25789],"body_yaw":-0.145866,"check_collision":false},{"head":[[0.958023,0.244349,0.149952,-0.00809],[-0.232412,0.968179,-0.092809,0.00313],[-0.167858,0.054062,0.984328,0.02],[0.0,0.0,0.0,1.0]],"antennas":[-1.290725,1.286873],"body_yaw":-0.145866,"check_collision":false},{"head":[[0.957025,0.244845,0.155419,-0.008156],[-0.232441,0.968078,-0.09379,0.003018],[-0.173421,0.053634,0.983386,0.02],[0.0,0.0,0.0,1.0]],"antennas":[-1.340475,1.315416],"body_yaw":-0.145866,"check_collision":false},{"head":[[0.955791,0.245684,0.161566,-0.00823],[-0.233038,0.967978,-0.093341,0.00293],[-0.179324,0.051563,0.982438,0.02],[0.0,0.0,0.0,1.0]],"antennas":[-1.390363,1.344039],"body_yaw":-0.145866,"check_collision":false},{"head":[[0.95456,0.24679,0.167063,-0.008372],[-0.233914,0.967788,-0.093114,0.003133],[-0.184662,0.049805,0.981539,0.02],[0.0,0.0,0.0,1.0]],"antennas":[-1.440172,1.372616],"body_yaw":-0.145866,"check_collision":false},{"head":[[0.953708,0.247168,0.171318,-0.008561],[-0.234045,0.967739,-0.093296,0.003131],[-0.18885,0.048881,0.980789,0.02],[0.0,0.0,0.0,1.0]],"antennas":[-1.489829,1.401106],"body_yaw":-0.145866,"check_collision":false},{"head":[[0.952782,0.247919,0.175338,-0.008657],[-0.234483,0.967573,-0.09392,0.002982],[-0.192937,0.048371,0.980018,0.02],[0.0,0.0,0.0,1.0]],"antennas":[-1.539761,1.429754],"body_yaw":-0.145866,"check_collision":false},{"head":[[0.951796,0.248755,0.179456,-0.008599],[-0.234975,0.967378,-0.094689,0.003089],[-0.197157,0.047957,0.979198,0.02],[0.0,0.0,0.0,1.0]],"antennas":[-1.588868,1.457929],"body_yaw":-0.145866,"check_collision":false},{"head":[[0.950795,0.249405,0.183808,-0.008663],[-0.235447,0.967276,-0.094564,0.003154],[-0.201378,0.046634,0.978403,0.02],[0.0,0.0,0.0,1.0]],"antennas":[-1.639026,1.486706],"body_yaw":-0.145866,"check_collision":false},{"head":[[0.949885,0.249962,0.187717,-0.008685],[-0.235889,0.967197,-0.094265,0.003172],[-0.205122,0.04526,0.977689,0.02],[0.0,0.0,0.0,1.0]],"antennas":[-1.689171,1.515422],"body_yaw":-0.145866,"check_collision":false},{"head":[[0.949027,0.250713,0.191026,-0.00871],[-0.236342,0.967014,-0.095007,0.003142],[-0.208544,0.045017,0.976976,0.02],[0.0,0.0,0.0,1.0]],"antennas":[-1.738712,1.543305],"body_yaw":-0.145866,"check_collision":false},{"head":[[0.948143,0.251414,0.194462,-0.008766],[-0.236733,0.966844,-0.095759,0.003231],[-0.212089,0.044757,0.976225,0.02],[0.0,0.0,0.0,1.0]],"antennas":[-1.788671,1.571422],"body_yaw":-0.145866,"check_collision":false},{"head":[[0.947201,0.252348,0.197817,-0.00888],[-0.237365,0.966615,-0.096506,0.003134],[-0.215565,0.044455,0.975477,0.02],[0.0,0.0,0.0,1.0]],"antennas":[-1.838526,1.599481],"body_yaw":-0.145866,"check_collision":false},{"head":[[0.946278,0.253121,0.201218,-0.008957],[-0.237921,0.966444,-0.09685,0.003162],[-0.218981,0.043773,0.974747,0.02],[0.0,0.0,0.0,1.0]],"antennas":[-1.888288,1.627487],"body_yaw":-0.145866,"check_collision":false},{"head":[[0.945412,0.253806,0.204399,-0.008915],[-0.238446,0.966301,-0.096985,0.003145],[-0.222126,0.042953,0.974071,0.02],[0.0,0.0,0.0,1.0]],"antennas":[-1.937883,1.655092],"body_yaw":-0.145866,"check_collision":false},{"head":[[0.944561,0.254613,0.207309,-0.008967],[-0.239133,0.966127,-0.097022,0.003136],[-0.22499,0.042069,0.973453,0.02],[0.0,0.0,0.0,1.0]],"antennas":[-1.987619,1.68251],"body_yaw":-0.145866,"check_collision":false},{"head":[[0.943759,0.254958,0.210512,-0.009056],[-0.239263,0.96606,-0.097371,0.002987],[-0.228193,0.041527,0.97273,0.02],[0.0,0.0,0.0,1.0]],"antennas":[-2.037653,1.709576],"body_yaw":-0.145866,"check_collision":false},{"head":[[0.943019,0.255075,0.213664,-0.009117],[-0.23915,0.966047,-0.097776,0.002956],[-0.23135,0.041107,0.972002,0.02],[0.0,0.0,0.0,1.0]],"antennas":[-2.087433,1.736504],"body_yaw":-0.145866,"check_collision":false},{"head":[[0.942226,0.255223,0.21696,-0.009194],[-0.23912,0.966037,-0.097945,0.002691],[-0.234589,0.040407,0.971254,0.02],[0.0,0.0,0.0,1.0]],"antennas":[-2.136881,1.763253],"body_yaw":-0.145866,"check_collision":false},{"head":[[0.941097,0.255795,0.221146,-0.009242],[-0.23944,0.965921,-0.098312,0.002423],[-0.238757,0.03957,0.970273,0.02],[0.0,0.0,0.0,1.0]],"antennas":[-2.187088,1.790413],"body_yaw":-0.145866,"check_collision":false},{"head":[[0.940164,0.256048,0.224792,-0.00932],[-0.239566,0.965897,-0.098243,0.002186],[-0.242281,0.038512,0.969441,0.02],[0.0,0.0,0.0,1.0]],"antennas":[-2.236013,1.816879],"body_yaw":-0.145866,"check_collision":false},{"head":[[0.939343,0.25624,0.227981,-0.009362],[-0.239817,0.965907,-0.097525,0.002134],[-0.245198,0.036936,0.968769,0.02],[0.0,0.0,0.0,1.0]],"antennas":[-2.286528,1.844205],"body_yaw":-0.145866,"check_collision":false},{"head":[[0.938592,0.256365,0.230914,-0.009456],[-0.239971,0.965924,-0.096978,0.002109],[-0.247907,0.03561,0.968129,0.02],[0.0,0.0,0.0,1.0]],"antennas":[-2.33635,1.871161],"body_yaw":-0.145866,"check_collision":false},{"head":[[0.937734,0.256616,0.234099,-0.009607],[-0.240002,0.965874,-0.0974,0.002112],[-0.251105,0.035152,0.967321,0.02],[0.0,0.0,0.0,1.0]],"antennas":[-2.385309,1.898093],"body_yaw":-0.145866,"check_collision":false},{"head":[[0.936797,0.256689,0.237742,-0.009735],[-0.239843,0.965875,-0.097775,0.002119],[-0.254727,0.034574,0.966395,0.019987],[0.0,0.0,0.0,1.0]],"antennas":[-2.433028,1.924935],"body_yaw":-0.145866,"check_collision":false},{"head":[[0.935715,0.256915,0.241727,-0.009779],[-0.23991,0.965851,-0.097854,0.002074],[-0.258612,0.033571,0.965398,0.019707],[0.0,0.0,0.0,1.0]],"antennas":[-2.479447,1.952076],"body_yaw":-0.145866,"check_collision":false},{"head":[[0.93463,0.257055,0.245743,-0.009853],[-0.240033,0.965865,-0.097409,0.002136],[-0.262394,0.032055,0.964428,0.019515],[0.0,0.0,0.0,1.0]],"antennas":[-2.525387,1.982393],"body_yaw":-0.145866,"check_collision":false},{"head":[[0.933898,0.257164,0.248398,-0.009994],[-0.240164,0.965872,-0.097017,0.002143],[-0.26487,0.030947,0.963787,0.019432],[0.0,0.0,0.0,1.0]],"antennas":[-2.554523,2.016363],"body_yaw":-0.145866,"check_collision":false},{"head":[[0.9332,0.257342,0.250822,-0.010171],[-0.240239,0.965843,-0.097124,0.002117],[-0.267249,0.030379,0.963149,0.019329],[0.0,0.0,0.0,1.0]],"antennas":[-2.554865,2.054627],"body_yaw":-0.145866,"check_collision":false},{"head":[[0.932507,0.257136,0.253599,-0.010188],[-0.239841,0.965908,-0.097462,0.00207],[-0.270014,0.030061,0.962387,0.019073],[0.0,0.0,0.0,1.0]],"antennas":[-2.554865,2.095228],"body_yaw":-0.145866,"check_collision":false},{"head":[[0.931799,0.25677,0.256554,-0.010246],[-0.239487,0.966038,-0.097039,0.001979],[-0.272757,0.028979,0.961646,0.018824],[0.0,0.0,0.0,1.0]],"antennas":[-2.554865,2.132339],"body_yaw":-0.145866,"check_collision":false},{"head":[[0.931156,0.25646,0.259185,-0.010404],[-0.23916,0.966146,-0.096771,0.001916],[-0.275228,0.028122,0.960968,0.018503],[0.0,0.0,0.0,1.0]],"antennas":[-2.554865,2.133546],"body_yaw":-0.145866,"check_collision":false},{"head":[[0.930688,0.256087,0.261225,-0.010564],[-0.23862,0.966247,-0.097092,0.002216],[-0.277272,0.028029,0.960383,0.018224],[0.0,0.0,0.0,1.0]],"antennas":[-2.554865,2.133546],"body_yaw":-0.145866,"check_collision":false},{"head":[[0.930105,0.255712,0.263658,-0.010638],[-0.238026,0.966349,-0.09754,0.001997],[-0.279727,0.027965,0.959672,0.018084],[0.0,0.0,0.0,1.0]],"antennas":[-2.554865,2.133546],"body_yaw":-0.145866,"check_collision":false},{"head":[[0.929625,0.254877,0.26615,-0.010712],[-0.237384,0.966609,-0.096518,0.00207],[-0.281864,0.026546,0.959087,0.018019],[0.0,0.0,0.0,1.0]],"antennas":[-2.554865,2.133546],"body_yaw":-0.145866,"check_collision":false},{"head":[[0.929398,0.254176,0.267609,-0.010898],[-0.236993,0.966833,-0.095229,0.00211],[-0.282938,0.025084,0.95881,0.01796],[0.0,0.0,0.0,1.0]],"antennas":[-2.554865,2.133546],"body_yaw":-0.145866,"check_collision":false},{"head":[[0.92912,0.253582,0.269133,-0.011074],[-0.236645,0.967021,-0.094181,0.00236],[-0.284139,0.023817,0.958487,0.017655],[0.0,0.0,0.0,1.0]],"antennas":[-2.554865,2.133546],"body_yaw":-0.145866,"check_collision":false},{"head":[[0.928517,0.253025,0.271727,-0.011189],[-0.236139,0.96719,-0.093712,0.002463],[-0.286523,0.022848,0.957801,0.017308],[0.0,0.0,0.0,1.0]],"antennas":[-2.554865,2.133546],"body_yaw":-0.145866,"check_collision":false},{"head":[[0.927865,0.252535,0.274394,-0.01134],[-0.235772,0.967346,-0.093022,0.00228],[-0.288926,0.021618,0.957107,0.017114],[0.0,0.0,0.0,1.0]],"antennas":[-2.554865,2.133546],"body_yaw":-0.145866,"check_collision":false},{"head":[[0.927448,0.251955,0.27633,-0.011547],[-0.235598,0.967538,-0.091453,0.002103],[-0.290402,0.019715,0.956702,0.016999],[0.0,0.0,0.0,1.0]],"antennas":[-2.554865,2.133546],"body_yaw":-0.145866,"check_collision":false},{"head":[[0.927276,0.251292,0.277508,-0.011699],[-0.235403,0.967746,-0.089737,0.002026],[-0.291108,0.017885,0.956523,0.016831],[0.0,0.0,0.0,1.0]],"antennas":[-2.554865,2.133546],"body_yaw":-0.145866,"check_collision":false},{"head":[[0.927068,0.250867,0.278587,-0.011871],[-0.235315,0.967881,-0.088502,0.00237],[-0.291841,0.016492,0.956325,0.016644],[0.0,0.0,0.0,1.0]],"antennas":[-2.554865,2.133546],"body_yaw":-0.145866,"check_collision":false},{"head":[[0.926732,0.25086,0.279709,-0.012067],[-0.23544,0.967896,-0.088005,0.002406],[-0.292806,0.015703,0.956043,0.016405],[0.0,0.0,0.0,1.0]],"antennas":[-2.554865,2.133546],"body_yaw":-0.145866,"check_collision":false},{"head":[[0.926015,0.25135,0.281638,-0.012207],[-0.236005,0.967784,-0.087731,0.00244],[-0.294616,0.014772,0.955502,0.016147],[0.0,0.0,0.0,1.0]],"antennas":[-2.554865,2.133546],"body_yaw":-0.145866,"check_collision":false},{"head":[[0.925271,0.251896,0.283588,-0.012401],[-0.236848,0.967666,-0.086755,0.002492],[-0.296272,0.013105,0.955014,0.015899],[0.0,0.0,0.0,1.0]],"antennas":[-2.554865,2.133546],"body_yaw":-0.145866,"check_collision":false},{"head":[[0.924874,0.251943,0.284839,-0.012554],[-0.23708,0.967666,-0.086109,0.002388],[-0.297324,0.012111,0.9547,0.015818],[0.0,0.0,0.0,1.0]],"antennas":[-2.554865,2.133546],"body_yaw":-0.145866,"check_collision":false},{"head":[[0.924861,0.251563,0.285216,-0.012771],[-0.236918,0.967774,-0.08534,0.002598],[-0.297493,0.011355,0.954656,0.015512],[0.0,0.0,0.0,1.0]],"antennas":[-2.554865,2.133546],"body_yaw":-0.145866,"check_collision":false},{"head":[[0.924895,0.251272,0.285363,-0.012984],[-0.236859,0.967858,-0.084547,0.002507],[-0.297435,0.010606,0.954683,0.015405],[0.0,0.0,0.0,1.0]],"antennas":[-2.554865,2.133546],"body_yaw":-0.145866,"check_collision":false},{"head":[[0.924831,0.251086,0.285734,-0.013131],[-0.236751,0.96791,-0.084255,0.002608],[-0.29772,0.010274,0.954598,0.015214],[0.0,0.0,0.0,1.0]],"antennas":[-2.554865,2.133546],"body_yaw":-0.145866,"check_collision":false},{"head":[[0.924435,0.250901,0.287174,-0.013245],[-0.236665,0.967966,-0.083858,0.002889],[-0.299015,0.009558,0.954201,0.014939],[0.0,0.0,0.0,1.0]],"antennas":[-2.554865,2.133546],"body_yaw":-0.145866,"check_collision":false},{"head":[[0.923963,0.250802,0.288775,-0.013375],[-0.236729,0.968,-0.083276,0.00301],[-0.30042,0.008583,0.953768,0.014811],[0.0,0.0,0.0,1.0]],"antennas":[-2.554865,2.133546],"body_yaw":-0.145866,"check_collision":false},{"head":[[0.923763,0.250589,0.289599,-0.013487],[-0.236588,0.968059,-0.08299,0.002906],[-0.301146,0.008148,0.953543,0.014771],[0.0,0.0,0.0,1.0]],"antennas":[-2.554865,2.133546],"body_yaw":-0.145866,"check_collision":false},{"head":[[0.923647,0.250006,0.290472,-0.013585],[-0.236144,0.968215,-0.082437,0.00305],[-0.301849,0.00755,0.953326,0.014594],[0.0,0.0,0.0,1.0]],"antennas":[-2.554865,2.133546],"body_yaw":-0.145866,"check_collision":false},{"head":[[0.923314,0.249652,0.29183,-0.01365],[-0.235902,0.968311,-0.081998,0.003015],[-0.303053,0.006867,0.952949,0.014507],[0.0,0.0,0.0,1.0]],"antennas":[-2.554865,2.133546],"body_yaw":-0.145866,"check_collision":false},{"head":[[0.923067,0.249306,0.292907,-0.013696],[-0.235543,0.968402,-0.081961,0.00313],[-0.304085,0.006664,0.952622,0.01439],[0.0,0.0,0.0,1.0]],"antennas":[-2.554865,2.133546],"body_yaw":-0.145866,"check_collision":false},{"head":[[0.922852,0.24889,0.293936,-0.013756],[-0.235142,0.968511,-0.081826,0.003345],[-0.305046,0.006396,0.952316,0.014193],[0.0,0.0,0.0,1.0]],"antennas":[-2.554865,2.133546],"body_yaw":-0.145866,"check_collision":false},{"head":[[0.922791,0.248371,0.294564,-0.013874],[-0.234527,0.968642,-0.08203,0.003346],[-0.305701,0.006613,0.952105,0.013901],[0.0,0.0,0.0,1.0]],"antennas":[-2.554865,2.133546],"body_yaw":-0.145866,"check_collision":false},{"head":[[0.922482,0.247774,0.296032,-0.013848],[-0.233677,0.968792,-0.082687,0.0034],[-0.307281,0.007101,0.951592,0.013694],[0.0,0.0,0.0,1.0]],"antennas":[-2.554865,2.133546],"body_yaw":-0.145866,"check_collision":false},{"head":[[0.922404,0.24693,0.296978,-0.013884],[-0.232509,0.969,-0.083533,0.00333],[-0.308399,0.008001,0.951224,0.013632],[0.0,0.0,0.0,1.0]],"antennas":[-2.554865,2.133546],"body_yaw":-0.145866,"check_collision":false},{"head":[[0.922478,0.246318,0.297258,-0.013946],[-0.231715,0.969151,-0.083994,0.003272],[-0.308777,0.008603,0.951096,0.013549],[0.0,0.0,0.0,1.0]],"antennas":[-2.554865,2.133546],"body_yaw":-0.145866,"check_collision":false},{"head":[[0.922459,0.246033,0.297552,-0.013915],[-0.231243,0.969218,-0.084514,0.00355],[-0.309186,0.009154,0.950958,0.013301],[0.0,0.0,0.0,1.0]],"antennas":[-2.554865,2.133546],"body_yaw":-0.145866,"check_collision":false},{"head":[[0.921893,0.246145,0.29921,-0.013981],[-0.230862,0.969179,-0.085988,0.003856],[-0.311154,0.010196,0.950305,0.013053],[0.0,0.0,0.0,1.0]],"antennas":[-2.554865,2.133546],"body_yaw":-0.145866,"check_collision":false},{"head":[[0.921306,0.245607,0.301451,-0.014027],[-0.229862,0.969306,-0.087227,0.00387],[-0.313622,0.011071,0.949483,0.012757],[0.0,0.0,0.0,1.0]],"antennas":[-2.554865,2.133546],"body_yaw":-0.145866,"check_collision":false},{"head":[[0.920925,0.245383,0.302794,-0.01408],[-0.229274,0.969354,-0.088241,0.004097],[-0.315167,0.01184,0.948962,0.012283],[0.0,0.0,0.0,1.0]],"antennas":[-2.554865,2.133546],"body_yaw":-0.145866,"check_collision":false},{"head":[[0.920873,0.244464,0.303695,-0.014132],[-0.227976,0.969572,-0.089199,0.004118],[-0.31626,0.012906,0.948585,0.012057],[0.0,0.0,0.0,1.0]],"antennas":[-2.554865,2.133546],"body_yaw":-0.145866,"check_collision":false},{"head":[[0.92082,0.243616,0.304535,-0.01413],[-0.226751,0.969771,-0.090156,0.004214],[-0.317292,0.013964,0.948225,0.011886],[0.0,0.0,0.0,1.0]],"antennas":[-2.554865,2.133546],"body_yaw":-0.145866,"check_collision":false},{"head":[[0.920659,0.243198,0.305355,-0.014119],[-0.225911,0.96986,-0.091305,0.004419],[-0.318356,0.015078,0.947851,0.011651],[0.0,0.0,0.0,1.0]],"antennas":[-2.554865,2.133546],"body_yaw":-0.145866,"check_collision":false},{"head":[[0.920438,0.24276,0.306367,-0.014144],[-0.225038,0.969952,-0.092477,0.004639],[-0.319611,0.016175,0.947411,0.011327],[0.0,0.0,0.0,1.0]],"antennas":[-2.554865,2.133546],"body_yaw":-0.145866,"check_collision":false},{"head":[[0.920157,0.242205,0.30765,-0.014116],[-0.224365,0.970089,-0.092669,0.00459],[-0.320892,0.016244,0.946976,0.011122],[0.0,0.0,0.0,1.0]],"antennas":[-2.554865,2.133546],"body_yaw":-0.145866,"check_collision":false},{"head":[[0.919936,0.241387,0.308949,-0.014144],[-0.223635,0.970301,-0.09221,0.00469],[-0.322032,0.015735,0.946598,0.010871],[0.0,0.0,0.0,1.0]],"antennas":[-2.554865,2.133546],"body_yaw":-0.145866,"check_collision":false},{"head":[[0.919651,0.240738,0.310301,-0.014098],[-0.222879,0.970462,-0.092348,0.004523],[-0.323367,0.015768,0.946142,0.010753],[0.0,0.0,0.0,1.0]],"antennas":[-2.554865,2.133546],"body_yaw":-0.145866,"check_collision":false},{"head":[[0.919453,0.240029,0.311435,-0.01412],[-0.221988,0.970632,-0.092706,0.004626],[-0.324541,0.016104,0.945735,0.010506],[0.0,0.0,0.0,1.0]],"antennas":[-2.554865,2.133546],"body_yaw":-0.145866,"check_collision":false},{"head":[[0.919031,0.239687,0.312943,-0.014094],[-0.221594,0.970721,-0.092725,0.004735],[-0.326005,0.015871,0.945235,0.010294],[0.0,0.0,0.0,1.0]],"antennas":[-2.554865,2.133546],"body_yaw":-0.145866,"check_collision":false},{"head":[[0.918753,0.238866,0.314383,-0.014069],[-0.22074,0.970926,-0.092611,0.004752],[-0.327365,0.01569,0.944768,0.010153],[0.0,0.0,0.0,1.0]],"antennas":[-2.554865,2.133546],"body_yaw":-0.145866,"check_collision":false},{"head":[[0.918611,0.23768,0.315692,-0.01411],[-0.219451,0.971214,-0.09265,0.004792],[-0.328625,0.015831,0.944328,0.009923],[0.0,0.0,0.0,1.0]],"antennas":[-2.554865,2.133546],"body_yaw":-0.145866,"check_collision":false},{"head":[[0.918523,0.236641,0.316727,-0.014117],[-0.218168,0.971458,-0.093121,0.004932],[-0.329723,0.016434,0.943935,0.009647],[0.0,0.0,0.0,1.0]],"antennas":[-2.554865,2.133546],"body_yaw":-0.145866,"check_collision":false},{"head":[[0.918141,0.235973,0.318328,-0.014128],[-0.217461,0.971625,-0.093038,0.005021],[-0.33125,0.016198,0.943404,0.009357],[0.0,0.0,0.0,1.0]],"antennas":[-2.554865,2.133546],"body_yaw":-0.145866,"check_collision":false},{"head":[[0.91752,0.23583,0.320221,-0.014102],[-0.217556,0.971679,-0.092247,0.005079],[-0.332906,0.014972,0.942841,0.009059],[0.0,0.0,0.0,1.0]],"antennas":[-2.554865,2.133546],"body_yaw":-0.145866,"check_collision":false},{"head":[[0.916911,0.235452,0.322236,-0.014074],[-0.217178,0.971778,-0.09209,0.005321],[-0.334825,0.014456,0.942169,0.008815],[0.0,0.0,0.0,1.0]],"antennas":[-2.554865,2.133546],"body_yaw":-0.145866,"check_collision":false},{"head":[[0.916485,0.234634,0.32404,-0.014078],[-0.216083,0.97197,-0.092645,0.005481],[-0.336694,0.014888,0.941496,0.008607],[0.0,0.0,0.0,1.0]],"antennas":[-2.554865,2.133546],"body_yaw":-0.145866,"check_collision":false},{"head":[[0.916074,0.234004,0.325653,-0.01407],[-0.215104,0.972111,-0.093434,0.005569],[-0.338435,0.015543,0.940862,0.008417],[0.0,0.0,0.0,1.0]],"antennas":[-2.554865,2.133546],"body_yaw":-0.145866,"check_collision":false},{"head":[[0.915362,0.233321,0.328136,-0.013988],[-0.214272,0.972278,-0.09361,0.005665],[-0.340881,0.015377,0.939981,0.008175],[0.0,0.0,0.0,1.0]],"antennas":[-2.554865,2.133546],"body_yaw":-0.145866,"check_collision":false},{"head":[[0.914443,0.232818,0.331042,-0.013904],[-0.213791,0.972411,-0.093327,0.005722],[-0.343638,0.014568,0.938989,0.00787],[0.0,0.0,0.0,1.0]],"antennas":[-2.554865,2.133546],"body_yaw":-0.145866,"check_collision":false},{"head":[[0.913461,0.232487,0.333974,-0.013865],[-0.213364,0.972498,-0.0934,0.005659],[-0.346503,0.014059,0.937944,0.007596],[0.0,0.0,0.0,1.0]],"antennas":[-2.554865,2.133546],"body_yaw":-0.145866,"check_collision":false},{"head":[[0.912766,0.231998,0.336207,-0.013853],[-0.212997,0.972627,-0.092892,0.005685],[-0.348555,0.013177,0.937196,0.007399],[0.0,0.0,0.0,1.0]],"antennas":[-2.554865,2.133546],"body_yaw":-0.145866,"check_collision":false},{"head":[[0.91224,0.231609,0.337898,-0.013865],[-0.212787,0.972732,-0.092276,0.005823],[-0.350056,0.012277,0.936649,0.007288],[0.0,0.0,0.0,1.0]],"antennas":[-2.554865,2.133546],"body_yaw":-0.145866,"check_collision":false},{"head":[[0.911682,0.231162,0.339707,-0.013892],[-0.212259,0.97284,-0.092348,0.005864],[-0.351828,0.012087,0.935987,0.007106],[0.0,0.0,0.0,1.0]],"antennas":[-2.554865,2.133546],"body_yaw":-0.145866,"check_collision":false},{"head":[[0.910891,0.230993,0.341934,-0.013828],[-0.21189,0.972881,-0.092765,0.006208],[-0.35409,0.012047,0.935134,0.006668],[0.0,0.0,0.0,1.0]],"antennas":[-2.554865,2.133546],"body_yaw":-0.145866,"check_collision":false},{"head":[[0.909971,0.23135,0.344137,-0.013814],[-0.212205,0.972803,-0.092863,0.006243],[-0.356261,0.011475,0.934316,0.006412],[0.0,0.0,0.0,1.0]],"antennas":[-2.554865,2.133546],"body_yaw":-0.145866,"check_collision":false},{"head":[[0.909238,0.231685,0.345843,-0.013787],[-0.212395,0.972725,-0.093246,0.006174],[-0.358014,0.011327,0.933648,0.006228],[0.0,0.0,0.0,1.0]],"antennas":[-2.554865,2.133546],"body_yaw":-0.145866,"check_collision":false},{"head":[[0.908566,0.231578,0.347677,-0.013817],[-0.212226,0.972754,-0.093324,0.006192],[-0.359816,0.011005,0.932958,0.005993],[0.0,0.0,0.0,1.0]],"antennas":[-2.554865,2.133546],"body_yaw":-0.145866,"check_collision":false},{"head":[[0.907572,0.231957,0.350013,-0.013884],[-0.212633,0.972672,-0.09325,0.006157],[-0.362078,0.010207,0.932092,0.005817],[0.0,0.0,0.0,1.0]],"antennas":[-2.554865,2.133546],"body_yaw":-0.145866,"check_collision":false},{"head":[[0.906359,0.232393,0.352856,-0.01392],[-0.213164,0.97258,-0.093005,0.006152],[-0.364794,0.00908,0.931044,0.005615],[0.0,0.0,0.0,1.0]],"antennas":[-2.554865,2.133546],"body_yaw":-0.145866,"check_collision":false},{"head":[[0.905241,0.232703,0.355512,-0.013885],[-0.213407,0.972511,-0.093165,0.006177],[-0.367419,0.008468,0.930017,0.005468],[0.0,0.0,0.0,1.0]],"antennas":[-2.554865,2.133546],"body_yaw":-0.145866,"check_collision":false},{"head":[[0.904384,0.232972,0.35751,-0.013872],[-0.213646,0.972451,-0.093245,0.006217],[-0.369384,0.007948,0.929243,0.005261],[0.0,0.0,0.0,1.0]],"antennas":[-2.554865,2.133546],"body_yaw":-0.145866,"check_collision":false},{"head":[[0.903696,0.232681,0.359434,-0.01385],[-0.213193,0.972521,-0.093552,0.006133],[-0.371325,0.007914,0.928469,0.004999],[0.0,0.0,0.0,1.0]],"antennas":[-2.554865,2.133546],"body_yaw":-0.145866,"check_collision":false},{"head":[[0.902996,0.232729,0.361159,-0.013889],[-0.213117,0.972511,-0.09383,0.006058],[-0.373068,0.007759,0.927772,0.004754],[0.0,0.0,0.0,1.0]],"antennas":[-2.554865,2.133546],"body_yaw":-0.1458