{"description":"Use this gesture when you\u2019ve successfully completed a task.","time":[0.0,0.02,0.04,0.06,0.08,0.1,0.12,0.14,0.16,0.18,0.2,0.22,0.24,0.26,0.28,0.3,0.32,0.34,0.36,0.38,0.4,0.42,0.44,0.46,0.48,0.5,0.52,0.54,0.56,0.58,0.6,0.62,0.64,0.66,0.68,0.7,0.72,0.74,0.76,0.78,0.8,0.82,0.84,0.86,0.88,0.9,0.92,0.94,0.96,0.98,1.0,1.02,1.04,1.06,1.08,1.1,1.12,1.14,1.16,1.18,1.2,1.22,1.24,1.26,1.28,1.3,1.32,1.34,1.36,1.38,1.4,1.42,1.44,1.46,1.48,1.5,1.52,1.54,1.56,1.58,1.6,1.62,1.64,1.66,1.68,1.7,1.72,1.74,1.76,1.78,1.8,1.82,1.84,1.86,1.88,1.9,1.92,1.94,1.96,1.98,2.0,2.02,2.04,2.06,2.08,2.1,2.12,2.14,2.16,2.18,2.2,2.22,2.24,2.26],"set_target_data":[{"head":[[0.995962,0.060125,-0.066662,-0.016487],[-0.060439,0.998168,-0.002712,-0.004001],[0.066377,0.00673,0.997772,0.010253],[0.0,0.0,0.0,1.0]],"antennas":[-0.187821,0.266847],"body_yaw":-0.145866,"check_collision":false},{"head":[[0.995975,0.060392,-0.066237,-0.016452],[-0.060721,0.99815,-0.002953,-0.00408],[0.065936,0.006963,0.9978,0.010366],[0.0,0.0,0.0,1.0]],"antennas":[-0.187821,0.266847],"body_yaw":-0.145866,"check_collision":false},{"head":[[0.995962,0.060972,-0.06589,-0.016424],[-0.061334,0.998111,-0.003485,-0.00415],[0.065553,0.007512,0.997821,0.010461],[0.0,0.0,0.0,1.0]],"antennas":[-0.187821,0.266847],"body_yaw":-0.145866,"check_collision":false},{"head":[[0.995968,0.061593,-0.065223,-0.016432],[-0.061955,0.998073,-0.003543,-0.004236],[0.064879,0.007569,0.997864,0.010545],[0.0,0.0,0.0,1.0]],"antennas":[-0.187821,0.266847],"body_yaw":-0.145866,"check_collision":false},{"head":[[0.996051,0.061692,-0.063847,-0.016484],[-0.062084,0.998062,-0.004167,-0.00468],[0.063467,0.008114,0.997951,0.010807],[0.0,0.0,0.0,1.0]],"antennas":[-0.187821,0.266847],"body_yaw":-0.145866,"check_collision":false},{"head":[[0.99604,0.06242,-0.06331,-0.016512],[-0.062843,0.998012,-0.004702,-0.004784],[0.06289,0.008662,0.997983,0.010853],[0.0,0.0,0.0,1.0]],"antennas":[-0.187821,0.266847],"body_yaw":-0.145866,"check_collision":false},{"head":[[0.99604,0.062716,-0.063022,-0.016486],[-0.063184,0.997987,-0.005467,-0.00508],[0.062553,0.009427,0.997997,0.011088],[0.0,0.0,0.0,1.0]],"antennas":[-0.187821,0.266847],"body_yaw":-0.145866,"check_collision":false},{"head":[[0.996058,0.062606,-0.062839,-0.016217],[-0.06308,0.997993,-0.005594,-0.004443],[0.062363,0.009536,0.998008,0.010889],[0.0,0.0,0.0,1.0]],"antennas":[-0.187821,0.266847],"body_yaw":-0.145866,"check_collision":false},{"head":[[0.996003,0.063161,-0.06315,-0.0162],[-0.06365,0.997956,-0.005755,-0.00453],[0.062657,0.009752,0.997987,0.010953],[0.0,0.0,0.0,1.0]],"antennas":[-0.187821,0.266847],"body_yaw":-0.145866,"check_collision":false},{"head":[[0.995981,0.063491,-0.063179,-0.016166],[-0.06397,0.997936,-0.00559,-0.004638],[0.062694,0.009609,0.997987,0.011011],[0.0,0.0,0.0,1.0]],"antennas":[-0.187821,0.266847],"body_yaw":-0.145866,"check_collision":false},{"head":[[0.995998,0.063105,-0.063298,-0.016033],[-0.063588,0.99796,-0.005632,-0.004375],[0.062814,0.009634,0.997979,0.010973],[0.0,0.0,0.0,1.0]],"antennas":[-0.187821,0.266847],"body_yaw":-0.145866,"check_collision":false},{"head":[[0.996,0.062877,-0.063479,-0.016036],[-0.063369,0.997973,-0.005771,-0.004316],[0.062987,0.00977,0.997967,0.010929],[0.0,0.0,0.0,1.0]],"antennas":[-0.187821,0.266847],"body_yaw":-0.145866,"check_collision":false},{"head":[[0.996027,0.062689,-0.063245,-0.016071],[-0.063192,0.997983,-0.005987,-0.004074],[0.062742,0.009959,0.99798,0.010747],[0.0,0.0,0.0,1.0]],"antennas":[-0.187821,0.266847],"body_yaw":-0.145866,"check_collision":false},{"head":[[0.996074,0.062533,-0.062661,-0.016166],[-0.063044,0.997991,-0.006208,-0.004128],[0.062147,0.010134,0.998016,0.010767],[0.0,0.0,0.0,1.0]],"antennas":[-0.187821,0.266847],"body_yaw":-0.145866,"check_collision":false},{"head":[[0.996043,0.062865,-0.062816,-0.016254],[-0.063364,0.997972,-0.005993,-0.004193],[0.062312,0.009949,0.998007,0.010787],[0.0,0.0,0.0,1.0]],"antennas":[-0.187821,0.266847],"body_yaw":-0.145866,"check_collision":false},{"head":[[0.99604,0.063264,-0.062462,-0.016164],[-0.063741,0.99795,-0.005664,-0.003951],[0.061975,0.009623,0.998031,0.010686],[0.0,0.0,0.0,1.0]],"antennas":[-0.187821,0.266847],"body_yaw":-0.145866,"check_collision":false},{"head":[[0.99605,0.063487,-0.062072,-0.016193],[-0.063948,0.997938,-0.005466,-0.003684],[0.061597,0.009414,0.998057,0.010537],[0.0,0.0,0.0,1.0]],"antennas":[-0.187821,0.266847],"body_yaw":-0.145866,"check_collision":false},{"head":[[0.996058,0.063811,-0.061615,-0.01623],[-0.06427,0.997917,-0.00549,-0.003658],[0.061136,0.009428,0.998085,0.010545],[0.0,0.0,0.0,1.0]],"antennas":[-0.187821,0.266847],"body_yaw":-0.145866,"check_collision":false},{"head":[[0.996032,0.064098,-0.061747,-0.016261],[-0.064566,0.997898,-0.00561,-0.003606],[0.061258,0.009575,0.998076,0.010565],[0.0,0.0,0.0,1.0]],"antennas":[-0.187821,0.266847],"body_yaw":-0.145866,"check_collision":false},{"head":[[0.996,0.064228,-0.062126,-0.01631],[-0.064714,0.997887,-0.005826,-0.003542],[0.061621,0.009823,0.998051,0.010571],[0.0,0.0,0.0,1.0]],"antennas":[-0.187821,0.266847],"body_yaw":-0.145866,"check_collision":false},{"head":[[0.995966,0.064262,-0.062634,-0.016398],[-0.064764,0.997882,-0.006021,-0.00346],[0.062115,0.010053,0.998018,0.010586],[0.0,0.0,0.0,1.0]],"antennas":[-0.187821,0.266847],"body_yaw":-0.145866,"check_collision":false},{"head":[[0.996007,0.064009,-0.062235,-0.01631],[-0.064533,0.997895,-0.006454,-0.003532],[0.061691,0.010444,0.998041,0.010507],[0.0,0.0,0.0,1.0]],"antennas":[-0.187821,0.266847],"body_yaw":-0.145866,"check_collision":false},{"head":[[0.996035,0.063698,-0.062104,-0.016276],[-0.06426,0.997908,-0.007085,-0.003521],[0.061523,0.011048,0.998045,0.010477],[0.0,0.0,0.0,1.0]],"antennas":[-0.187821,0.266847],"body_yaw":-0.145866,"check_collision":false},{"head":[[0.996016,0.063642,-0.062462,-0.016235],[-0.064233,0.997907,-0.007504,-0.003593],[0.061854,0.011486,0.998019,0.01054],[0.0,0.0,0.0,1.0]],"antennas":[-0.187821,0.266847],"body_yaw":-0.145866,"check_collision":false},{"head":[[0.99599,0.063615,-0.062911,-0.016333],[-0.064232,0.997904,-0.007832,-0.003858],[0.062281,0.011841,0.997988,0.010695],[0.0,0.0,0.0,1.0]],"antennas":[-0.187821,0.266847],"body_yaw":-0.145866,"check_collision":false},{"head":[[0.995958,0.063849,-0.063181,-0.01637],[-0.064477,0.997888,-0.007949,-0.004013],[0.06254,0.011991,0.99797,0.010767],[0.0,0.0,0.0,1.0]],"antennas":[-0.187821,0.266847],"body_yaw":-0.145866,"check_collision":false},{"head":[[0.995917,0.064203,-0.063466,-0.016456],[-0.064829,0.997865,-0.007856,-0.004255],[0.062826,0.011939,0.997953,0.010987],[0.0,0.0,0.0,1.0]],"antennas":[-0.187821,0.266847],"body_yaw":-0.145866,"check_collision":false},{"head":[[0.995894,0.064293,-0.063731,-0.016492],[-0.064925,0.997859,-0.007887,-0.004385],[0.063088,0.011992,0.997936,0.011132],[0.0,0.0,0.0,1.0]],"antennas":[-0.187821,0.266847],"body_yaw":-0.145866,"check_collision":false},{"head":[[0.995898,0.06438,-0.063573,-0.016628],[-0.065027,0.99785,-0.008154,-0.004818],[0.062911,0.012255,0.997944,0.011303],[0.0,0.0,0.0,1.0]],"antennas":[-0.187821,0.266847],"body_yaw":-0.145866,"check_collision":false},{"head":[[0.995868,0.064636,-0.063792,-0.016589],[-0.065252,0.99784,-0.007613,-0.004766],[0.063162,0.011744,0.997934,0.011311],[0.0,0.0,0.0,1.0]],"antennas":[-0.187821,0.266847],"body_yaw":-0.145866,"check_collision":false},{"head":[[0.995819,0.064927,-0.064262,-0.016574],[-0.065515,0.997826,-0.007077,-0.004777],[0.063663,0.011258,0.997908,0.011345],[0.0,0.0,0.0,1.0]],"antennas":[-0.187821,0.266847],"body_yaw":-0.145866,"check_collision":false},{"head":[[0.995823,0.064942,-0.064176,-0.016591],[-0.06555,0.997822,-0.007411,-0.004841],[0.063555,0.011587,0.997911,0.011401],[0.0,0.0,0.0,1.0]],"antennas":[-0.187821,0.266847],"body_yaw":-0.145866,"check_collision":false},{"head":[[0.995841,0.064925,-0.063913,-0.016608],[-0.065566,0.997816,-0.007989,-0.004892],[0.063255,0.012147,0.997923,0.011453],[0.0,0.0,0.0,1.0]],"antennas":[-0.187821,0.266847],"body_yaw":-0.145866,"check_collision":false},{"head":[[0.995835,0.065022,-0.063916,-0.016619],[-0.065666,0.997809,-0.008017,-0.004953],[0.063255,0.012181,0.997923,0.011502],[0.0,0.0,0.0,1.0]],"antennas":[-0.187821,0.266847],"body_yaw":-0.145866,"check_collision":false},{"head":[[0.995788,0.06535,-0.06431,-0.016621],[-0.065965,0.997794,-0.007484,-0.005028],[0.063679,0.011694,0.997902,0.011549],[0.0,0.0,0.0,1.0]],"antennas":[-0.187821,0.266847],"body_yaw":-0.145866,"check_collision":false},{"head":[[0.995733,0.065825,-0.064671,-0.016732],[-0.066429,0.997765,-0.007223,-0.005289],[0.064051,0.011488,0.99788,0.01158],[0.0,0.0,0.0,1.0]],"antennas":[-0.187821,0.266847],"body_yaw":-0.145866,"check_collision":false},{"head":[[0.995709,0.06597,-0.06489,-0.016761],[-0.066575,0.997755,-0.007197,-0.005378],[0.064269,0.011486,0.997866,0.01164],[0.0,0.0,0.0,1.0]],"antennas":[-0.187821,0.266847],"body_yaw":-0.145866,"check_collision":false},{"head":[[0.99575,0.065572,-0.06467,-0.016538],[-0.066157,0.997785,-0.006943,-0.004877],[0.064071,0.011192,0.997883,0.011528],[0.0,0.0,0.0,1.0]],"antennas":[-0.187821,0.266847],"body_yaw":-0.145866,"check_collision":false},{"head":[[0.995774,0.065169,-0.0647,-0.016546],[-0.065748,0.997813,-0.006856,-0.004617],[0.064112,0.011081,0.997881,0.011475],[0.0,0.0,0.0,1.0]],"antennas":[-0.187821,0.266847],"body_yaw":-0.145866,"check_collision":false},{"head":[[0.995845,0.064467,-0.064319,-0.016616],[-0.065074,0.997853,-0.007379,-0.004446],[0.063706,0.011533,0.997902,0.011457],[0.0,0.0,0.0,1.0]],"antennas":[-0.187821,0.266847],"body_yaw":-0.145866,"check_collision":false},{"head":[[0.995884,0.063867,-0.064315,-0.016621],[-0.064531,0.997881,-0.008308,-0.004404],[0.063648,0.012424,0.997895,0.011436],[0.0,0.0,0.0,1.0]],"antennas":[-0.187821,0.266847],"body_yaw":-0.145866,"check_collision":false},{"head":[[0.995886,0.063892,-0.064255,-0.016702],[-0.0646,0.997871,-0.009013,-0.004698],[0.063543,0.013126,0.997893,0.011462],[0.0,0.0,0.0,1.0]],"antennas":[-0.187821,0.266847],"body_yaw":-0.145866,"check_collision":false},{"head":[[0.995899,0.063857,-0.064088,-0.016706],[-0.064618,0.997861,-0.009865,-0.004592],[0.063321,0.013966,0.997896,0.011286],[0.0,0.0,0.0,1.0]],"antennas":[-0.187821,0.266847],"body_yaw":-0.145866,"check_collision":false},{"head":[[0.995909,0.063759,-0.06403,-0.016658],[-0.064602,0.997848,-0.011193,-0.004455],[0.063179,0.015283,0.997885,0.011068],[0.0,0.0,0.0,1.0]],"antennas":[-0.187821,0.266847],"body_yaw":-0.145866,"check_collision":false},{"head":[[0.995923,0.063376,-0.06419,-0.016625],[-0.064332,0.997845,-0.012933,-0.004275],[0.063232,0.01701,0.997854,0.0108],[0.0,0.0,0.0,1.0]],"antennas":[-0.187821,0.266847],"body_yaw":-0.145866,"check_collision":false},{"head":[[0.99592,0.063053,-0.064558,-0.016615],[-0.064075,0.997848,-0.013889,-0.00392],[0.063543,0.017969,0.997817,0.010655],[0.0,0.0,0.0,1.0]],"antennas":[-0.187821,0.270688],"body_yaw":-0.145866,"check_collision":false},{"head":[[0.995899,0.062969,-0.064962,-0.016682],[-0.064031,0.997844,-0.014401,-0.004001],[0.063915,0.018501,0.997784,0.010663],[0.0,0.0,0.0,1.0]],"antennas":[-0.209583,0.30056],"body_yaw":-0.145866,"check_collision":false},{"head":[[0.995884,0.062746,-0.065405,-0.016764],[-0.063868,0.997842,-0.015207,-0.004174],[0.06431,0.019321,0.997743,0.010657],[0.0,0.0,0.0,1.0]],"antennas":[-0.27658,0.369548],"body_yaw":-0.145866,"check_collision":false},{"head":[[0.995876,0.062542,-0.065718,-0.016761],[-0.063708,0.997843,-0.0158,-0.004192],[0.064588,0.019921,0.997713,0.010472],[0.0,0.0,0.0,1.0]],"antennas":[-0.385311,0.480037],"body_yaw":-0.145866,"check_collision":false},{"head":[[0.995903,0.062425,-0.065422,-0.016631],[-0.063647,0.997832,-0.016766,-0.00425],[0.064234,0.020862,0.997717,0.01022],[0.0,0.0,0.0,1.0]],"antennas":[-0.502826,0.601073],"body_yaw":-0.145866,"check_collision":false},{"head":[[0.995874,0.063361,-0.064964,-0.016348],[-0.064614,0.997759,-0.017364,-0.004422],[0.063718,0.02149,0.997737,0.009659],[0.0,0.0,0.0,1.0]],"antennas":[-0.620571,0.722628],"body_yaw":-0.145866,"check_collision":false},{"head":[[0.995763,0.065136,-0.06491,-0.015774],[-0.066426,0.997631,-0.017906,-0.004317],[0.06359,0.022142,0.99773,0.008537],[0.0,0.0,0.0,1.0]],"antennas":[-0.738066,0.843925],"body_yaw":-0.145866,"check_collision":false},{"head":[[0.995609,0.067003,-0.065375,-0.014757],[-0.068491,0.997435,-0.020785,-0.004099],[0.063814,0.025171,0.997644,0.006768],[0.0,0.0,0.0,1.0]],"antennas":[-0.855456,0.965114],"body_yaw":-0.145866,"check_collision":false},{"head":[[0.995682,0.068309,-0.062865,-0.013723],[-0.070205,0.997126,-0.02846,-0.004562],[0.06074,0.03275,0.997616,0.00438],[0.0,0.0,0.0,1.0]],"antennas":[-0.973223,1.086691],"body_yaw":-0.145866,"check_collision":false},{"head":[[0.996009,0.071893,-0.052885,-0.012734],[-0.073753,0.996693,-0.034101,-0.004919],[0.050258,0.037866,0.998018,0.001017],[0.0,0.0,0.0,1.0]],"antennas":[-1.090455,1.207716],"body_yaw":-0.145866,"check_collision":false},{"head":[[0.996249,0.076914,-0.039656,-0.011844],[-0.078306,0.99632,-0.03484,-0.00533],[0.03683,0.037815,0.998606,-0.002335],[0.0,0.0,0.0,1.0]],"antennas":[-1.20818,1.329251],"body_yaw":-0.145866,"check_collision":false},{"head":[[0.996193,0.080068,-0.034473,-0.011087],[-0.081288,0.996055,-0.03559,-0.005974],[0.031488,0.038257,0.998772,-0.005182],[0.0,0.0,0.0,1.0]],"antennas":[-1.32585,1.44656],"body_yaw":-0.145866,"check_collision":false},{"head":[[0.996275,0.076436,-0.039927,-0.010484],[-0.077859,0.996336,-0.035389,-0.006632],[0.037076,0.038366,0.998576,-0.007991],[0.0,0.0,0.0,1.0]],"antennas":[-1.443134,1.501951],"body_yaw":-0.145866,"check_collision":false},{"head":[[0.996907,0.065658,-0.043182,-0.010191],[-0.067236,0.997082,-0.036148,-0.007567],[0.040683,0.038939,0.998413,-0.010845],[0.0,0.0,0.0,1.0]],"antennas":[-1.5037,1.501951],"body_yaw":-0.145866,"check_collision":false},{"head":[[0.997971,0.050973,-0.038144,-0.010034],[-0.05236,0.997969,-0.036282,-0.008558],[0.036217,0.038206,0.998613,-0.013651],[0.0,0.0,0.0,1.0]],"antennas":[-1.5037,1.501951],"body_yaw":-0.145866,"check_collision":false},{"head":[[0.998627,0.044217,-0.028084,-0.009964],[-0.045281,0.998233,-0.038477,-0.009732],[0.026333,0.039696,0.998865,-0.01544],[0.0,0.0,0.0,1.0]],"antennas":[-1.5037,1.501951],"body_yaw":-0.145866,"check_collision":false},{"head":[[0.998883,0.041044,-0.023422,-0.010177],[-0.041953,0.998329,-0.039743,-0.010486],[0.021752,0.040681,0.998935,-0.016058],[0.0,0.0,0.0,1.0]],"antennas":[-1.5037,1.501951],"body_yaw":-0.145866,"check_collision":false},{"head":[[0.999001,0.037559,-0.024232,-0.010795],[-0.038503,0.998469,-0.039703,-0.011139],[0.022703,0.040596,0.998918,-0.015556],[0.0,0.0,0.0,1.0]],"antennas":[-1.5037,1.501951],"body_yaw":-0.145866,"check_collision":false},{"head":[[0.999036,0.035569,-0.025732,-0.011191],[-0.036664,0.998383,-0.043432,-0.010929],[0.024146,0.044333,0.998725,-0.014484],[0.0,0.0,0.0,1.0]],"antennas":[-1.5037,1.501951],"body_yaw":-0.145866,"check_collision":false},{"head":[[0.999208,0.029496,-0.026691,-0.01168],[-0.030705,0.998464,-0.046112,-0.011273],[0.02529,0.046895,0.99858,-0.0129],[0.0,0.0,0.0,1.0]],"antennas":[-1.5037,1.501951],"body_yaw":-0.145866,"check_collision":false},{"head":[[0.999249,0.021902,-0.031961,-0.011766],[-0.023272,0.998798,-0.043147,-0.011417],[0.030978,0.043859,0.998557,-0.011697],[0.0,0.0,0.0,1.0]],"antennas":[-1.5037,1.501951],"body_yaw":-0.145866,"check_collision":false},{"head":[[0.999124,0.0174,-0.038052,-0.01165],[-0.018851,0.999095,-0.038126,-0.011489],[0.037354,0.03881,0.998548,-0.010651],[0.0,0.0,0.0,1.0]],"antennas":[-1.5037,1.501951],"body_yaw":-0.145866,"check_collision":false},{"head":[[0.999009,0.013916,-0.042285,-0.011408],[-0.015356,0.999306,-0.033923,-0.011522],[0.041783,0.034538,0.99853,-0.009608],[0.0,0.0,0.0,1.0]],"antennas":[-1.5037,1.501951],"body_yaw":-0.145866,"check_collision":false},{"head":[[0.998761,0.011135,-0.048503,-0.011392],[-0.01268,0.999418,-0.031666,-0.01114],[0.048123,0.032242,0.998321,-0.008344],[0.0,0.0,0.0,1.0]],"antennas":[-1.5037,1.501951],"body_yaw":-0.145866,"check_collision":false},{"head":[[0.998306,0.00699,-0.057766,-0.011984],[-0.009192,0.999238,-0.037943,-0.010344],[0.057457,0.03841,0.997609,-0.005589],[0.0,0.0,0.0,1.0]],"antennas":[-1.502419,1.498271],"body_yaw":-0.145866,"check_collision":false},{"head":[[0.997889,0.003649,-0.064839,-0.012867],[-0.006685,0.998888,-0.046673,-0.009369],[0.064596,0.047008,0.996804,-0.002045],[0.0,0.0,0.0,1.0]],"antennas":[-1.466563,1.439637],"body_yaw":-0.145866,"check_collision":false},{"head":[[0.997672,0.005925,-0.067934,-0.01406],[-0.009286,0.998742,-0.049277,-0.008343],[0.067557,0.049794,0.996472,0.002155],[0.0,0.0,0.0,1.0]],"antennas":[-1.373802,1.364453],"body_yaw":-0.145866,"check_collision":false},{"head":[[0.996409,0.007242,-0.084358,-0.014742],[-0.011482,0.998689,-0.049891,-0.007564],[0.083886,0.05068,0.995186,0.005971],[0.0,0.0,0.0,1.0]],"antennas":[-1.27128,1.281409],"body_yaw":-0.145866,"check_collision":false},{"head":[[0.99489,0.008332,-0.100619,-0.014864],[-0.013253,0.998743,-0.048345,-0.007458],[0.10009,0.049432,0.99375,0.009286],[0.0,0.0,0.0,1.0]],"antennas":[-1.168886,1.198061],"body_yaw":-0.145866,"check_collision":false},{"head":[[0.993499,0.010304,-0.113375,-0.014649],[-0.016247,0.998535,-0.051621,-0.006973],[0.112677,0.053127,0.99221,0.01195],[0.0,0.0,0.0,1.0]],"antennas":[-1.06709,1.115201],"body_yaw":-0.145866,"check_collision":false},{"head":[[0.992325,0.010267,-0.123233,-0.014322],[-0.01756,0.998148,-0.058241,-0.006546],[0.122407,0.059958,0.990667,0.014254],[0.0,0.0,0.0,1.0]],"antennas":[-0.964211,1.031458],"body_yaw":-0.145866,"check_collision":false},{"head":[[0.990655,0.01104,-0.135944,-0.014225],[-0.019346,0.998015,-0.059924,-0.006194],[0.135012,0.061993,0.988903,0.016358],[0.0,0.0,0.0,1.0]],"antennas":[-0.861881,0.948163],"body_yaw":-0.145866,"check_collision":false},{"head":[[0.988721,0.011178,-0.149354,-0.0152],[-0.019613,0.998287,-0.055119,-0.00435],[0.148482,0.057427,0.987246,0.017749],[0.0,0.0,0.0,1.0]],"antennas":[-0.759673,0.864967],"body_yaw":-0.145866,"check_collision":false},{"head":[[0.986968,0.010476,-0.160573,-0.015251],[-0.018694,0.998587,-0.049753,-0.00359],[0.159825,0.052106,0.985769,0.018675],[0.0,0.0,0.0,1.0]],"antennas":[-0.656938,0.780912],"body_yaw":-0.145866,"check_collision":false},{"head":[[0.985424,0.010864,-0.169768,-0.01527],[-0.019042,0.998731,-0.046618,-0.004239],[0.169047,0.049172,0.984381,0.019872],[0.0,0.0,0.0,1.0]],"antennas":[-0.554585,0.683648],"body_yaw":-0.145866,"check_collision":false},{"head":[[0.984768,0.011106,-0.173517,-0.015002],[-0.019068,0.998837,-0.044283,-0.0043],[0.172823,0.046917,0.983835,0.019897],[0.0,0.0,0.0,1.0]],"antennas":[-0.451829,0.582696],"body_yaw":-0.145866,"check_collision":false},{"head":[[0.984704,0.010796,-0.173903,-0.014735],[-0.018768,0.998844,-0.044262,-0.004349],[0.173224,0.046849,0.983768,0.019699],[0.0,0.0,0.0,1.0]],"antennas":[-0.34747,0.517852],"body_yaw":-0.145866,"check_collision":false},{"head":[[0.984246,0.010933,-0.176464,-0.014733],[-0.018971,0.998855,-0.043928,-0.003268],[0.175782,0.046584,0.983326,0.019696],[0.0,0.0,0.0,1.0]],"antennas":[-0.273104,0.517852],"body_yaw":-0.145866,"check_collision":false},{"head":[[0.983874,0.009059,-0.178633,-0.014894],[-0.017148,0.998894,-0.043789,-0.003134],[0.178038,0.046146,0.982941,0.019647],[0.0,0.0,0.0,1.0]],"antennas":[-0.282253,0.517852],"body_yaw":-0.145866,"check_collision":false},{"head":[[0.984139,0.007653,-0.177233,-0.015117],[-0.015703,0.998905,-0.044063,-0.003008],[0.176702,0.046148,0.983182,0.019627],[0.0,0.0,0.0,1.0]],"antennas":[-0.282253,0.517852],"body_yaw":-0.145866,"check_collision":false},{"head":[[0.98437,0.008056,-0.17593,-0.015209],[-0.01582,0.99896,-0.042774,-0.002893],[0.175403,0.044889,0.983473,0.019639],[0.0,0.0,0.0,1.0]],"antennas":[-0.282253,0.517852],"body_yaw":-0.145866,"check_collision":false},{"head":[[0.9845,0.009521,-0.175123,-0.014879],[-0.01722,0.998948,-0.042493,-0.002499],[0.174534,0.04485,0.983629,0.018786],[0.0,0.0,0.0,1.0]],"antennas":[-0.282253,0.517852],"body_yaw":-0.145866,"check_collision":false},{"head":[[0.984763,0.010438,-0.173588,-0.014653],[-0.018195,0.998903,-0.043155,-0.001604],[0.172947,0.045655,0.983872,0.018303],[0.0,0.0,0.0,1.0]],"antennas":[-0.282253,0.517852],"body_yaw":-0.145866,"check_collision":false},{"head":[[0.984703,0.011437,-0.173865,-0.014185],[-0.019198,0.99889,-0.043018,5e-06],[0.17318,0.045698,0.983829,0.01761],[0.0,0.0,0.0,1.0]],"antennas":[-0.282253,0.517852],"body_yaw":-0.145866,"check_collision":false},{"head":[[0.984541,0.012518,-0.174707,-0.014141],[-0.020397,0.998851,-0.043376,0.000205],[0.173964,0.046269,0.983664,0.017563],[0.0,0.0,0.0,1.0]],"antennas":[-0.282253,0.517852],"body_yaw":-0.145866,"check_collision":false},{"head":[[0.984561,0.012429,-0.174603,-0.014033],[-0.020646,0.998759,-0.045327,0.00051],[0.173823,0.048232,0.983595,0.017405],[0.0,0.0,0.0,1.0]],"antennas":[-0.282253,0.517852],"body_yaw":-0.145866,"check_collision":false},{"head":[[0.984501,0.012072,-0.174961,-0.013819],[-0.020384,0.998743,-0.045791,0.000745],[0.174188,0.048648,0.98351,0.017308],[0.0,0.0,0.0,1.0]],"antennas":[-0.282253,0.517852],"body_yaw":-0.145866,"check_collision":false},{"head":[[0.984268,0.012506,-0.176238,-0.013648],[-0.021016,0.998697,-0.046502,0.001162],[0.175427,0.049474,0.983249,0.016794],[0.0,0.0,0.0,1.0]],"antennas":[-0.282253,0.517852],"body_yaw":-0.145866,"check_collision":false},{"head":[[0.984409,0.013316,-0.175392,-0.013286],[-0.021648,0.998722,-0.045679,0.002252],[0.17456,0.048763,0.983438,0.016221],[0.0,0.0,0.0,1.0]],"antennas":[-0.282253,0.517852],"body_yaw":-0.145866,"check_collision":false},{"head":[[0.984389,0.014412,-0.175414,-0.013209],[-0.022807,0.998684,-0.045936,0.002318],[0.174521,0.049219,0.983423,0.016156],[0.0,0.0,0.0,1.0]],"antennas":[-0.282253,0.517852],"body_yaw":-0.145866,"check_collision":false},{"head":[[0.984398,0.015315,-0.175288,-0.013021],[-0.023638,0.998685,-0.045495,0.002486],[0.17436,0.048929,0.983466,0.016026],[0.0,0.0,0.0,1.0]],"antennas":[-0.282253,0.517852],"body_yaw":-0.145866,"check_collision":false},{"head":[[0.98461,0.016333,-0.174003,-0.012968],[-0.024572,0.998671,-0.0453,0.003291],[0.173032,0.048878,0.983703,0.015555],[0.0,0.0,0.0,1.0]],"antennas":[-0.282253,0.517852],"body_yaw":-0.145866,"check_collision":false},{"head":[[0.984682,0.016687,-0.173559,-0.012835],[-0.024912,0.998662,-0.04532,0.003421],[0.17257,0.048949,0.98378,0.015478],[0.0,0.0,0.0,1.0]],"antennas":[-0.282253,0.517852],"body_yaw":-0.145866,"check_collision":false},{"head":[[0.984808,0.017574,-0.172753,-0.012703],[-0.025665,0.99867,-0.044715,0.0042],[0.171737,0.048469,0.98395,0.015181],[0.0,0.0,0.0,1.0]],"antennas":[-0.282253,0.517852],"body_yaw":-0.145866,"check_collision":false},{"head":[[0.984965,0.018106,-0.171801,-0.012589],[-0.026042,0.99869,-0.044052,0.004406],[0.170778,0.047864,0.984146,0.015086],[0.0,0.0,0.0,1.0]],"antennas":[-0.282253,0.517852],"body_yaw":-0.145866,"check_collision":false},{"head":[[0.985106,0.018542,-0.170945,-0.012783],[-0.026505,0.998661,-0.044418,0.004327],[0.169893,0.048287,0.984279,0.015039],[0.0,0.0,0.0,1.0]],"antennas":[-0.282253,0.517852],"body_yaw":-0.145866,"check_collision":false},{"head":[[0.985335,0.018544,-0.169618,-0.01261],[-0.026549,0.998632,-0.045049,0.00498],[0.16855,0.048891,0.98448,0.014756],[0.0,0.0,0.0,1.0]],"antennas":[-0.282253,0.517852],"body_yaw":-0.145866,"check_collision":false},{"head":[[0.985531,0.018775,-0.168452,-0.012491],[-0.026893,0.998577,-0.046041,0.005043],[0.167348,0.049905,0.984634,0.014449],[0.0,0.0,0.0,1.0]],"antennas":[-0.282253,0.517852],"body_yaw":-0.145866,"check_collision":false},{"head":[[0.985786,0.019242,-0.166901,-0.012312],[-0.027436,0.998521,-0.046932,0.005141],[0.165752,0.050844,0.984856,0.014161],[0.0,0.0,0.0,1.0]],"antennas":[-0.282253,0.517852],"body_yaw":-0.145866,"check_collision":false},{"head":[[0.986111,0.019769,-0.164909,-0.012148],[-0.028067,0.998446,-0.048143,0.005323],[0.163701,0.052103,0.985133,0.013661],[0.0,0.0,0.0,1.0]],"antennas":[-0.282253,0.517852],"body_yaw":-0.145866,"check_collision":false},{"head":[[0.986226,0.020364,-0.164143,-0.012562],[-0.028827,0.998366,-0.049339,0.004275],[0.162871,0.053391,0.985202,0.013954],[0.0,0.0,0.0,1.0]],"antennas":[-0.282253,0.517852],"body_yaw":-0.145866,"check_collision":false},{"head":[[0.986352,0.020795,-0.163333,-0.012487],[-0.0293,0.998328,-0.049833,0.004299],[0.162024,0.053939,0.985312,0.013737],[0.0,0.0,0.0,1.0]],"antennas":[-0.282253,0.517852],"body_yaw":-0.145866,"check_collision":false},{"head":[[0.986468,0.020871,-0.162619,-0.012609],[-0.029426,0.998297,-0.050379,0.004183],[0.161291,0.054482,0.985402,0.014472],[0.0,0.0,0.0,1.0]],"antennas":[-0.282253,0.517852],"body_yaw":-0.145866,"check_collision":false},{"head":[[0.986616,0.020647,-0.161748,-0.012646],[-0.029221,0.998281,-0.050808,0.004319],[0.160421,0.054854,0.985523,0.014616],[0.0,0.0,0.0,1.0]],"antennas":[-0.282253,0.517852],"body_yaw":-0.145866,"check_collision":false},{"head":[[0.986771,0.020285,-0.160846,-0.012684],[-0.028953,0.998241,-0.051728,0.00406],[0.159514,0.055701,0.985623,0.014489],[0.0,0.0,0.0,1.0]],"antennas":[-0.282253,0.517852],"body_yaw":-0.145866,"check_collision":false},{"head":[[0.986744,0.020592,-0.160972,-0.012889],[-0.029326,0.998212,-0.052075,0.00272],[0.159611,0.056106,0.985584,0.015113],[0.0,0.0,0.0,1.0]],"antennas":[-0.282253,0.517852],"body_yaw":-0.145866,"check_collision":false},{"head":[[0.986756,0.021285,-0.160811,-0.012933],[-0.030055,0.998179,-0.052302,0.002061],[0.159405,0.056442,0.985598,0.015044],[0.0,0.0,0.0,1.0]],"antennas":[-0.282253,0.517852],"body_yaw":-0.145866,"check_collision":false},{"head":[[0.98687,0.02204,-0.160006,-0.012953],[-0.030762,0.998161,-0.052239,0.001756],[0.15856,0.056475,0.985733,0.014947],[0.0,0.0,0.0,1.0]],"antennas":[-0.282253,0.517852],"body_yaw":-0.145866,"check_collision":false},{"head":[[0.987096,0.022194,-0.158581,-0.013114],[-0.031032,0.998087,-0.053472,0.001265],[0.157091,0.057704,0.985897,0.015107],[0.0,0.0,0.0,1.0]],"antennas":[-0.282253,0.517852],"body_yaw":-0.145866,"check_collision":false}]}