{"description":"Used to celebrate something, it could be good news or an achievement.","time":[0.0,0.02,0.04,0.06,0.08,0.1,0.12,0.14,0.16,0.18,0.2,0.22,0.24,0.26,0.28,0.3,0.32,0.34,0.36,0.38,0.4,0.42,0.44,0.46,0.48,0.5,0.52,0.54,0.56,0.58,0.6,0.62,0.64,0.66,0.68,0.7,0.72,0.74,0.76,0.78,0.8,0.82,0.84,0.86,0.88,0.9,0.92,0.94,0.96,0.98,1.0,1.02,1.04,1.06,1.08,1.1,1.12,1.14,1.16,1.18,1.2,1.22,1.24,1.26,1.28,1.3,1.32,1.34,1.36,1.38,1.4,1.42,1.44,1.46,1.48,1.5,1.52,1.54,1.56,1.58,1.6,1.62,1.64,1.66,1.68,1.7,1.72,1.74,1.76,1.78,1.8,1.82,1.84,1.86,1.88,1.9,1.92,1.94,1.96,1.98,2.0,2.02,2.04,2.06,2.08,2.1,2.12,2.14,2.16,2.18,2.2,2.22,2.24,2.26,2.28,2.3,2.32,2.34,2.36,2.38,2.4,2.42],"set_target_data":[{"head":[[0.992416,0.117817,-0.035056,-0.008339],[-0.11754,0.993019,0.009847,0.001198],[0.035972,-0.005652,0.999337,0.014114],[0.0,0.0,0.0,1.0]],"antennas":[-0.091282,0.091341],"body_yaw":-0.145866,"check_collision":false},{"head":[[0.992405,0.117913,-0.035059,-0.008206],[-0.117634,0.993007,0.00992,0.001463],[0.035984,-0.00572,0.999336,0.013914],[0.0,0.0,0.0,1.0]],"antennas":[-0.091282,0.091341],"body_yaw":-0.145866,"check_collision":false},{"head":[[0.99237,0.118077,-0.035502,-0.008136],[-0.117792,0.992988,0.010033,0.001497],[0.036438,-0.005775,0.999319,0.013889],[0.0,0.0,0.0,1.0]],"antennas":[-0.091282,0.091341],"body_yaw":-0.145866,"check_collision":false},{"head":[[0.992313,0.118355,-0.036166,-0.008237],[-0.118077,0.992957,0.009726,0.001654],[0.037062,-0.00538,0.999298,0.013702],[0.0,0.0,0.0,1.0]],"antennas":[-0.091282,0.091341],"body_yaw":-0.145866,"check_collision":false},{"head":[[0.992334,0.118235,-0.035972,-0.008181],[-0.117964,0.992972,0.009595,0.001756],[0.036853,-0.005278,0.999307,0.013706],[0.0,0.0,0.0,1.0]],"antennas":[-0.091282,0.091341],"body_yaw":-0.145866,"check_collision":false},{"head":[[0.992345,0.118286,-0.035489,-0.008226],[-0.118009,0.992964,0.009815,0.001539],[0.0364,-0.005552,0.999322,0.013911],[0.0,0.0,0.0,1.0]],"antennas":[-0.091282,0.091341],"body_yaw":-0.145866,"check_collision":false},{"head":[[0.99233,0.118405,-0.035523,-0.008322],[-0.118121,0.992949,0.01,0.001353],[0.036456,-0.005727,0.999319,0.014016],[0.0,0.0,0.0,1.0]],"antennas":[-0.091282,0.091341],"body_yaw":-0.145866,"check_collision":false},{"head":[[0.992312,0.118553,-0.035539,-0.008355],[-0.118258,0.99293,0.010294,0.001307],[0.036508,-0.006012,0.999315,0.014027],[0.0,0.0,0.0,1.0]],"antennas":[-0.091282,0.091341],"body_yaw":-0.145866,"check_collision":false},{"head":[[0.992273,0.118817,-0.035739,-0.0084],[-0.118519,0.992898,0.010345,0.000967],[0.036715,-0.006029,0.999308,0.014183],[0.0,0.0,0.0,1.0]],"antennas":[-0.091282,0.091341],"body_yaw":-0.145866,"check_collision":false},{"head":[[0.992256,0.118922,-0.035859,-0.008399],[-0.118629,0.992886,0.010197,0.000895],[0.036816,-0.005864,0.999305,0.01419],[0.0,0.0,0.0,1.0]],"antennas":[-0.091282,0.091341],"body_yaw":-0.145866,"check_collision":false},{"head":[[0.99226,0.118859,-0.035946,-0.008445],[-0.11856,0.992893,0.010361,0.000657],[0.036922,-0.006019,0.9993,0.014323],[0.0,0.0,0.0,1.0]],"antennas":[-0.091282,0.091341],"body_yaw":-0.145866,"check_collision":false},{"head":[[0.992252,0.118939,-0.035901,-0.008596],[-0.118637,0.992883,0.010424,0.000316],[0.036885,-0.006084,0.999301,0.014532],[0.0,0.0,0.0,1.0]],"antennas":[-0.091282,0.091341],"body_yaw":-0.145866,"check_collision":false},{"head":[[0.99229,0.118742,-0.035516,-0.008665],[-0.118447,0.992907,0.010293,0.000149],[0.036486,-0.006007,0.999316,0.014622],[0.0,0.0,0.0,1.0]],"antennas":[-0.091282,0.091341],"body_yaw":-0.145866,"check_collision":false},{"head":[[0.992307,0.118725,-0.035096,-0.00835],[-0.118442,0.99291,0.010045,0.000794],[0.036039,-0.00581,0.999333,0.014409],[0.0,0.0,0.0,1.0]],"antennas":[-0.091282,0.091341],"body_yaw":-0.145866,"check_collision":false},{"head":[[0.992278,0.118931,-0.035223,-0.008282],[-0.118657,0.992887,0.009773,0.000838],[0.036134,-0.005518,0.999332,0.014435],[0.0,0.0,0.0,1.0]],"antennas":[-0.091282,0.091341],"body_yaw":-0.145866,"check_collision":false},{"head":[[0.992263,0.11899,-0.035436,-0.008216],[-0.118719,0.992881,0.009657,0.001066],[0.036333,-0.005376,0.999325,0.014357],[0.0,0.0,0.0,1.0]],"antennas":[-0.091282,0.091341],"body_yaw":-0.145866,"check_collision":false},{"head":[[0.992257,0.118982,-0.035628,-0.008336],[-0.118715,0.992883,0.009535,0.00083],[0.036509,-0.005231,0.99932,0.014322],[0.0,0.0,0.0,1.0]],"antennas":[-0.091282,0.091341],"body_yaw":-0.145866,"check_collision":false},{"head":[[0.99228,0.118846,-0.035441,-0.008376],[-0.118583,0.992899,0.009436,0.000841],[0.036311,-0.005161,0.999327,0.014296],[0.0,0.0,0.0,1.0]],"antennas":[-0.091282,0.091341],"body_yaw":-0.145866,"check_collision":false},{"head":[[0.992315,0.118653,-0.035097,-0.008402],[-0.118401,0.992923,0.009206,0.000764],[0.035941,-0.00498,0.999341,0.014317],[0.0,0.0,0.0,1.0]],"antennas":[-0.091282,0.091341],"body_yaw":-0.145866,"check_collision":false},{"head":[[0.992315,0.118657,-0.035093,-0.008406],[-0.11841,0.992924,0.009055,0.000718],[0.035919,-0.00483,0.999343,0.014343],[0.0,0.0,0.0,1.0]],"antennas":[-0.091282,0.091341],"body_yaw":-0.145866,"check_collision":false},{"head":[[0.992315,0.118653,-0.035101,-0.008381],[-0.118413,0.992925,0.008855,0.000764],[0.035903,-0.00463,0.999345,0.014317],[0.0,0.0,0.0,1.0]],"antennas":[-0.091282,0.091341],"body_yaw":-0.145866,"check_collision":false},{"head":[[0.992315,0.11863,-0.035185,-0.008349],[-0.118403,0.99293,0.008462,0.000795],[0.03594,-0.004231,0.999345,0.014297],[0.0,0.0,0.0,1.0]],"antennas":[-0.091282,0.091341],"body_yaw":-0.145866,"check_collision":false},{"head":[[0.992307,0.118624,-0.035425,-0.008328],[-0.118401,0.992931,0.008342,0.00078],[0.036164,-0.004084,0.999338,0.014302],[0.0,0.0,0.0,1.0]],"antennas":[-0.091282,0.091341],"body_yaw":-0.145866,"check_collision":false},{"head":[[0.99233,0.118398,-0.035534,-0.008326],[-0.118179,0.992958,0.008205,0.000954],[0.036255,-0.003943,0.999335,0.014314],[0.0,0.0,0.0,1.0]],"antennas":[-0.091282,0.091341],"body_yaw":-0.145866,"check_collision":false},{"head":[[0.992323,0.118488,-0.035431,-0.008399],[-0.118284,0.992949,0.007787,0.000859],[0.036104,-0.003537,0.999342,0.014378],[0.0,0.0,0.0,1.0]],"antennas":[-0.091282,0.091341],"body_yaw":-0.145866,"check_collision":false},{"head":[[0.992334,0.118416,-0.03538,-0.008429],[-0.118228,0.992959,0.007347,0.000818],[0.036001,-0.003107,0.999347,0.014415],[0.0,0.0,0.0,1.0]],"antennas":[-0.091282,0.091341],"body_yaw":-0.145866,"check_collision":false},{"head":[[0.992352,0.118259,-0.035399,-0.008478],[-0.118078,0.992978,0.007165,0.000754],[0.035998,-0.002931,0.999348,0.014404],[0.0,0.0,0.0,1.0]],"antennas":[-0.091282,0.091341],"body_yaw":-0.145866,"check_collision":false},{"head":[[0.992391,0.117995,-0.035172,-0.008572],[-0.117814,0.99301,0.007198,0.000607],[0.035775,-0.002999,0.999355,0.014517],[0.0,0.0,0.0,1.0]],"antennas":[-0.091282,0.091341],"body_yaw":-0.145866,"check_collision":false},{"head":[[0.992424,0.117794,-0.034912,-0.008556],[-0.117621,0.993034,0.00698,0.000832],[0.035491,-0.00282,0.999366,0.014328],[0.0,0.0,0.0,1.0]],"antennas":[-0.091282,0.091341],"body_yaw":-0.145866,"check_collision":false},{"head":[[0.992491,0.117386,-0.034373,-0.00864],[-0.117223,0.993083,0.006727,0.000712],[0.034925,-0.002648,0.999386,0.014427],[0.0,0.0,0.0,1.0]],"antennas":[-0.091282,0.091341],"body_yaw":-0.145866,"check_collision":false},{"head":[[0.992562,0.116904,-0.033978,-0.008707],[-0.116753,0.99314,0.006394,0.000579],[0.034492,-0.002379,0.999402,0.014576],[0.0,0.0,0.0,1.0]],"antennas":[-0.091282,0.091341],"body_yaw":-0.145866,"check_collision":false},{"head":[[0.992625,0.116492,-0.033533,-0.008769],[-0.116345,0.993189,0.006318,0.000424],[0.034041,-0.00237,0.999418,0.014637],[0.0,0.0,0.0,1.0]],"antennas":[-0.091282,0.091341],"body_yaw":-0.145866,"check_collision":false},{"head":[[0.992611,0.1165,-0.03394,-0.00881],[-0.116361,0.993189,0.006041,0.000346],[0.034413,-0.002047,0.999406,0.014648],[0.0,0.0,0.0,1.0]],"antennas":[-0.091282,0.091341],"body_yaw":-0.145866,"check_collision":false},{"head":[[0.992568,0.116634,-0.034731,-0.008869],[-0.116494,0.993173,0.006032,0.000257],[0.035198,-0.001941,0.999378,0.014666],[0.0,0.0,0.0,1.0]],"antennas":[-0.091282,0.091341],"body_yaw":-0.145866,"check_collision":false},{"head":[[0.99255,0.116712,-0.034972,-0.008954],[-0.116557,0.993163,0.006427,0.000139],[0.035483,-0.002303,0.999368,0.014693],[0.0,0.0,0.0,1.0]],"antennas":[-0.091282,0.091341],"body_yaw":-0.145866,"check_collision":false},{"head":[[0.992571,0.116601,-0.03475,-0.008757],[-0.116429,0.993175,0.006948,0.000515],[0.035323,-0.00285,0.999372,0.014497],[0.0,0.0,0.0,1.0]],"antennas":[-0.091282,0.091341],"body_yaw":-0.145866,"check_collision":false},{"head":[[0.992589,0.116436,-0.034793,-0.008642],[-0.116254,0.993193,0.007207,0.000822],[0.035396,-0.003109,0.999369,0.014343],[0.0,0.0,0.0,1.0]],"antennas":[-0.091282,0.091341],"body_yaw":-0.145866,"check_collision":false},{"head":[[0.992568,0.116458,-0.035303,-0.00864],[-0.116272,0.993191,0.007297,0.001012],[0.035912,-0.003138,0.99935,0.014166],[0.0,0.0,0.0,1.0]],"antennas":[-0.091282,0.091323],"body_yaw":-0.145866,"check_collision":false},{"head":[[0.9925,0.116738,-0.036279,-0.008693],[-0.116542,0.993158,0.007482,0.001004],[0.036904,-0.003198,0.999314,0.014121],[0.0,0.0,0.0,1.0]],"antennas":[-0.056515,-0.006316],"body_yaw":-0.145866,"check_collision":false},{"head":[[0.992521,0.116543,-0.036321,-0.008732],[-0.116337,0.99318,0.007743,0.000867],[0.036976,-0.003459,0.99931,0.014206],[0.0,0.0,0.0,1.0]],"antennas":[0.061393,-0.106297],"body_yaw":-0.145866,"check_collision":false},{"head":[[0.992564,0.116089,-0.036598,-0.008713],[-0.115894,0.993234,0.007403,0.000811],[0.03721,-0.003107,0.999303,0.014202],[0.0,0.0,0.0,1.0]],"antennas":[0.136411,-0.150066],"body_yaw":-0.145866,"check_collision":false},{"head":[[0.992575,0.115834,-0.037114,-0.008654],[-0.115632,0.993263,0.007543,0.000879],[0.037738,-0.003196,0.999283,0.014186],[0.0,0.0,0.0,1.0]],"antennas":[0.146328,-0.125144],"body_yaw":-0.145866,"check_collision":false},{"head":[[0.992568,0.115784,-0.037459,-0.008658],[-0.115568,0.993268,0.00787,0.000958],[0.038118,-0.003482,0.999267,0.014202],[0.0,0.0,0.0,1.0]],"antennas":[0.088648,-0.038648],"body_yaw":-0.145866,"check_collision":false},{"head":[[0.992601,0.115498,-0.037472,-0.008632],[-0.115274,0.993301,0.008088,0.001159],[0.038155,-0.003709,0.999265,0.014124],[0.0,0.0,0.0,1.0]],"antennas":[-0.020074,0.084797],"body_yaw":-0.145866,"check_collision":false},{"head":[[0.992688,0.114876,-0.037066,-0.008574],[-0.114652,0.993372,0.008132,0.001325],[0.037755,-0.003822,0.99928,0.014092],[0.0,0.0,0.0,1.0]],"antennas":[-0.149219,0.210242],"body_yaw":-0.145866,"check_collision":false},{"head":[[0.992719,0.114468,-0.037512,-0.008617],[-0.114241,0.99342,0.008148,0.00126],[0.038197,-0.003803,0.999263,0.01411],[0.0,0.0,0.0,1.0]],"antennas":[-0.261852,0.301745],"body_yaw":-0.145866,"check_collision":false},{"head":[[0.992756,0.114005,-0.037918,-0.008592],[-0.113658,0.993457,0.011175,0.001249],[0.038944,-0.006784,0.999218,0.013926],[0.0,0.0,0.0,1.0]],"antennas":[-0.325904,0.333431],"body_yaw":-0.145866,"check_collision":false},{"head":[[0.992604,0.116572,-0.033886,-0.008566],[-0.115607,0.992867,0.029161,0.000475],[0.037044,-0.025028,0.999,0.013706],[0.0,0.0,0.0,1.0]],"antennas":[-0.323311,0.296204],"body_yaw":-0.145866,"check_collision":false},{"head":[[0.992292,0.123718,-0.007039,-0.008707],[-0.122904,0.989832,0.071612,-0.000189],[0.015827,-0.070195,0.997408,0.012968],[0.0,0.0,0.0,1.0]],"antennas":[-0.25441,0.200679],"body_yaw":-0.145866,"check_collision":false},{"head":[[0.990823,0.129125,0.039964,-0.008941],[-0.133431,0.981612,0.136508,-0.001021],[-0.021602,-0.140587,0.989833,0.011718],[0.0,0.0,0.0,1.0]],"antennas":[-0.140326,0.074328],"body_yaw":-0.145866,"check_collision":false},{"head":[[0.987313,0.134535,0.084343,-0.008907],[-0.148672,0.969778,0.193459,-0.001706],[-0.055767,-0.203544,0.977476,0.010862],[0.0,0.0,0.0,1.0]],"antennas":[-0.010567,-0.047336],"body_yaw":-0.145866,"check_collision":false},{"head":[[0.982886,0.145145,0.113435,-0.008617],[-0.167877,0.959275,0.227177,-0.002042],[-0.075841,-0.242333,0.967224,0.011127],[0.0,0.0,0.0,1.0]],"antennas":[0.095477,-0.129982],"body_yaw":-0.145866,"check_collision":false},{"head":[[0.981171,0.149381,0.122428,-0.008215],[-0.175805,0.953227,0.245869,-0.001995],[-0.079973,-0.262763,0.96154,0.011419],[0.0,0.0,0.0,1.0]],"antennas":[0.148121,-0.149225],"body_yaw":-0.145866,"check_collision":false},{"head":[[0.982661,0.140966,0.120437,-0.007984],[-0.167776,0.952542,0.254,-0.002705],[-0.078916,-0.269802,0.959676,0.012157],[0.0,0.0,0.0,1.0]],"antennas":[0.132821,-0.099961],"body_yaw":-0.145866,"check_collision":false},{"head":[[0.986032,0.121111,0.114338,-0.007704],[-0.146984,0.955611,0.255349,-0.004076],[-0.078337,-0.268588,0.960064,0.012666],[0.0,0.0,0.0,1.0]],"antennas":[0.053798,0.00377],"body_yaw":-0.145866,"check_collision":false},{"head":[[0.990866,0.092224,0.098381,-0.007322],[-0.113278,0.965072,0.23623,-0.004675],[-0.073159,-0.245217,0.966704,0.012342],[0.0,0.0,0.0,1.0]],"antennas":[-0.066771,0.132313],"body_yaw":-0.145866,"check_collision":false},{"head":[[0.995016,0.071071,0.069942,-0.006399],[-0.083157,0.978505,0.188716,-0.003965],[-0.055026,-0.193591,0.979538,0.011052],[0.0,0.0,0.0,1.0]],"antennas":[-0.194177,0.249319],"body_yaw":-0.145866,"check_collision":false},{"head":[[0.997589,0.061409,0.032324,-0.00515],[-0.065031,0.989825,0.126557,-0.002719],[-0.024224,-0.128354,0.991433,0.009451],[0.0,0.0,0.0,1.0]],"antennas":[-0.292258,0.321415],"body_yaw":-0.145866,"check_collision":false},{"head":[[0.998529,0.054029,-0.004472,-0.003779],[-0.053636,0.996529,0.063664,-0.0012],[0.007896,-0.06333,0.997961,0.007878],[0.0,0.0,0.0,1.0]],"antennas":[-0.333492,0.328084],"body_yaw":-0.145866,"check_collision":false},{"head":[[0.998131,0.054839,-0.02698,-0.002996],[-0.054198,0.998243,0.023929,-0.000533],[0.028245,-0.022422,0.99935,0.006577],[0.0,0.0,0.0,1.0]],"antennas":[-0.305537,0.267366],"body_yaw":-0.145866,"check_collision":false},{"head":[[0.998003,0.059861,-0.020186,-0.002651],[-0.059334,0.997905,0.025791,-0.00052],[0.021687,-0.024542,0.999464,0.005709],[0.0,0.0,0.0,1.0]],"antennas":[-0.216997,0.156598],"body_yaw":-0.145866,"check_collision":false},{"head":[[0.997558,0.069559,-0.006314,-0.002692],[-0.06915,0.996311,0.050822,-0.001253],[0.009826,-0.050261,0.998688,0.005786],[0.0,0.0,0.0,1.0]],"antennas":[-0.091615,0.027119],"body_yaw":-0.145866,"check_collision":false},{"head":[[0.99667,0.081093,0.00858,-0.00309],[-0.081541,0.992212,0.094161,-0.002412],[-0.000878,-0.094547,0.99552,0.006593],[0.0,0.0,0.0,1.0]],"antennas":[0.032959,-0.084031],"body_yaw":-0.145866,"check_collision":false},{"head":[[0.995413,0.091546,0.027803,-0.003999],[-0.094637,0.984809,0.145588,-0.004277],[-0.014053,-0.147551,0.988955,0.008076],[0.0,0.0,0.0,1.0]],"antennas":[0.122863,-0.145474],"body_yaw":-0.145866,"check_collision":false},{"head":[[0.995084,0.090403,0.040437,-0.004779],[-0.096531,0.976623,0.192068,-0.005969],[-0.022129,-0.195027,0.980548,0.009178],[0.0,0.0,0.0,1.0]],"antennas":[0.151313,-0.139369],"body_yaw":-0.145866,"check_collision":false},{"head":[[0.996735,0.071213,0.038051,-0.00541],[-0.077755,0.973583,0.214688,-0.007273],[-0.021757,-0.216946,0.975941,0.010159],[0.0,0.0,0.0,1.0]],"antennas":[0.110979,-0.067519],"body_yaw":-0.145866,"check_collision":false},{"head":[[0.99805,0.052831,0.033238,-0.0057],[-0.058525,0.977188,0.204154,-0.007168],[-0.021694,-0.205702,0.978374,0.010462],[0.0,0.0,0.0,1.0]],"antennas":[0.013639,0.04946],"body_yaw":-0.145866,"check_collision":false},{"head":[[0.998784,0.041206,0.027054,-0.005567],[-0.04525,0.98412,0.171637,-0.00651],[-0.019552,-0.172653,0.984789,0.010096],[0.0,0.0,0.0,1.0]],"antennas":[-0.114277,0.178463],"body_yaw":-0.145866,"check_collision":false},{"head":[[0.998842,0.039589,0.027321,-0.00512],[-0.043077,0.988951,0.141844,-0.005943],[-0.021403,-0.142857,0.989512,0.009065],[0.0,0.0,0.0,1.0]],"antennas":[-0.23564,0.282745],"body_yaw":-0.145866,"check_collision":false},{"head":[[0.998069,0.044453,0.043375,-0.0047],[-0.050065,0.989125,0.138294,-0.005893],[-0.036756,-0.140199,0.989441,0.008153],[0.0,0.0,0.0,1.0]],"antennas":[-0.31566,0.332653],"body_yaw":-0.145866,"check_collision":false},{"head":[[0.995793,0.058811,0.070274,-0.004704],[-0.069893,0.98341,0.167389,-0.006356],[-0.059263,-0.171597,0.983383,0.008074],[0.0,0.0,0.0,1.0]],"antennas":[-0.331951,0.313803],"body_yaw":-0.145866,"check_collision":false},{"head":[[0.991541,0.083693,0.099209,-0.00505],[-0.103627,0.970699,0.216805,-0.007383],[-0.078157,-0.225252,0.971161,0.008877],[0.0,0.0,0.0,1.0]],"antennas":[-0.279861,0.231694],"body_yaw":-0.145866,"check_collision":false},{"head":[[0.987978,0.104848,0.113605,-0.005488],[-0.132273,0.953688,0.270155,-0.008632],[-0.080018,-0.281934,0.956091,0.010048],[0.0,0.0,0.0,1.0]],"antennas":[-0.174484,0.109654],"body_yaw":-0.145866,"check_collision":false},{"head":[[0.987207,0.103386,0.121384,-0.005677],[-0.137219,0.938594,0.316564,-0.010215],[-0.081202,-0.32917,0.940773,0.010874],[0.0,0.0,0.0,1.0]],"antennas":[-0.044284,-0.017896],"body_yaw":-0.145866,"check_collision":false},{"head":[[0.987827,0.095463,0.12282,-0.005622],[-0.131875,0.932683,0.335724,-0.010932],[-0.082503,-0.347834,0.933919,0.011037],[0.0,0.0,0.0,1.0]],"antennas":[0.07171,-0.114308],"body_yaw":-0.145866,"check_collision":false},{"head":[[0.9889,0.095176,0.114095,-0.004923],[-0.126699,0.941283,0.312943,-0.009935],[-0.077611,-0.323926,0.942894,0.010593],[0.0,0.0,0.0,1.0]],"antennas":[0.141856,-0.152271],"body_yaw":-0.145866,"check_collision":false},{"head":[[0.990374,0.098104,0.097642,-0.003997],[-0.121356,0.954708,0.271673,-0.008272],[-0.066567,-0.280907,0.957424,0.009834],[0.0,0.0,0.0,1.0]],"antennas":[0.145511,-0.120979],"body_yaw":-0.145866,"check_collision":false},{"head":[[0.991776,0.100009,0.079859,-0.003088],[-0.115572,0.967906,0.223162,-0.006592],[-0.054978,-0.230557,0.971505,0.009227],[0.0,0.0,0.0,1.0]],"antennas":[0.081948,-0.029143],"body_yaw":-0.145866,"check_collision":false},{"head":[[0.992855,0.097622,0.06862,-0.002508],[-0.108173,0.979098,0.172235,-0.005049],[-0.050372,-0.178428,0.982663,0.00878],[0.0,0.0,0.0,1.0]],"antennas":[-0.031705,0.097046],"body_yaw":-0.145866,"check_collision":false},{"head":[[0.993359,0.094122,0.066168,-0.002438],[-0.102253,0.985865,0.132722,-0.003731],[-0.05274,-0.138607,0.988942,0.008699],[0.0,0.0,0.0,1.0]],"antennas":[-0.161944,0.221669],"body_yaw":-0.145866,"check_collision":false},{"head":[[0.992344,0.098355,0.074701,-0.003023],[-0.107465,0.985704,0.129763,-0.003174],[-0.06087,-0.136797,0.988727,0.009495],[0.0,0.0,0.0,1.0]],"antennas":[-0.2708,0.309439],"body_yaw":-0.145866,"check_collision":false},{"head":[[0.989524,0.109132,0.094507,-0.00395],[-0.123492,0.978937,0.162581,-0.003705],[-0.074774,-0.172549,0.982159,0.010643],[0.0,0.0,0.0,1.0]],"antennas":[-0.330365,0.334754],"body_yaw":-0.145866,"check_collision":false},{"head":[[0.989156,0.106343,0.101299,-0.004379],[-0.125159,0.971242,0.202545,-0.005362],[-0.076847,-0.213027,0.97402,0.011087],[0.0,0.0,0.0,1.0]],"antennas":[-0.32148,0.291286],"body_yaw":-0.145866,"check_collision":false},{"head":[[0.990805,0.09261,0.098639,-0.004634],[-0.11374,0.964942,0.236537,-0.00663],[-0.073275,-0.245581,0.966603,0.011327],[0.0,0.0,0.0,1.0]],"antennas":[-0.245777,0.190367],"body_yaw":-0.145866,"check_collision":false},{"head":[[0.992544,0.079236,0.092621,-0.004927],[-0.099981,0.963891,0.246814,-0.00757],[-0.06972,-0.254234,0.964626,0.01172],[0.0,0.0,0.0,1.0]],"antennas":[-0.127734,0.061587],"body_yaw":-0.145866,"check_collision":false},{"head":[[0.993883,0.074197,0.081802,-0.004928],[-0.092011,0.965965,0.241756,-0.006675],[-0.06108,-0.247803,0.966883,0.012181],[0.0,0.0,0.0,1.0]],"antennas":[0.001792,-0.058686],"body_yaw":-0.145866,"check_collision":false},{"head":[[0.995106,0.074613,0.064789,-0.004656],[-0.086922,0.972796,0.21474,-0.005744],[-0.047004,-0.21932,0.97452,0.01249],[0.0,0.0,0.0,1.0]],"antennas":[0.102974,-0.13549],"body_yaw":-0.145866,"check_collision":false},{"head":[[0.996054,0.076233,0.045452,-0.004178],[-0.083118,0.980786,0.176491,-0.004986],[-0.031124,-0.179573,0.983252,0.012575],[0.0,0.0,0.0,1.0]],"antennas":[0.150969,-0.148605],"body_yaw":-0.145866,"check_collision":false},{"head":[[0.996587,0.079121,0.023558,-0.003538],[-0.081543,0.987972,0.131388,-0.004037],[-0.012879,-0.132861,0.991051,0.012208],[0.0,0.0,0.0,1.0]],"antennas":[0.148238,-0.148184],"body_yaw":-0.145866,"check_collision":false},{"head":[[0.996748,0.080211,-0.007684,-0.002631],[-0.079402,0.993958,0.075781,-0.002599],[0.013716,-0.074924,0.997095,0.011594],[0.0,0.0,0.0,1.0]],"antennas":[0.148238,-0.148184],"body_yaw":-0.145866,"check_collision":false},{"head":[[0.996162,0.080449,-0.034477,-0.00218],[-0.07969,0.996558,0.022853,-0.001502],[0.036197,-0.020018,0.999144,0.011361],[0.0,0.0,0.0,1.0]],"antennas":[0.148238,-0.148184],"body_yaw":-0.145866,"check_collision":false},{"head":[[0.995531,0.079448,-0.051049,-0.001965],[-0.080392,0.996623,-0.016718,-0.000605],[0.049548,0.020747,0.998556,0.011371],[0.0,0.0,0.0,1.0]],"antennas":[0.148238,-0.148184],"body_yaw":-0.145866,"check_collision":false},{"head":[[0.994658,0.075936,-0.069922,-0.001699],[-0.079274,0.995778,-0.046272,0.000224],[0.066113,0.051568,0.996479,0.01146],[0.0,0.0,0.0,1.0]],"antennas":[0.148238,-0.148184],"body_yaw":-0.145866,"check_collision":false},{"head":[[0.993472,0.073083,-0.087592,-0.001606],[-0.078935,0.994737,-0.06532,0.000593],[0.082357,0.071808,0.994013,0.011899],[0.0,0.0,0.0,1.0]],"antennas":[0.148238,-0.148184],"body_yaw":-0.145866,"check_collision":false},{"head":[[0.992522,0.073283,-0.097623,-0.001753],[-0.080673,0.993987,-0.074035,0.000915],[0.091611,0.081357,0.992466,0.012463],[0.0,0.0,0.0,1.0]],"antennas":[0.148238,-0.148184],"body_yaw":-0.145866,"check_collision":false},{"head":[[0.991899,0.074338,-0.103002,-0.002046],[-0.082361,0.993704,-0.075957,0.001125],[0.096707,0.083825,0.991777,0.013096],[0.0,0.0,0.0,1.0]],"antennas":[0.148238,-0.148184],"body_yaw":-0.145866,"check_collision":false},{"head":[[0.991254,0.073174,-0.109821,-0.002398],[-0.081886,0.99366,-0.07704,0.00106],[0.103487,0.085359,0.990961,0.01361],[0.0,0.0,0.0,1.0]],"antennas":[0.148238,-0.148184],"body_yaw":-0.145866,"check_collision":false},{"head":[[0.990923,0.070441,-0.114496,-0.00273],[-0.079245,0.994086,-0.074251,0.00107],[0.108589,0.08265,0.990645,0.014195],[0.0,0.0,0.0,1.0]],"antennas":[0.148238,-0.148184],"body_yaw":-0.145866,"check_collision":false},{"head":[[0.990349,0.070068,-0.119578,-0.002992],[-0.078728,0.994485,-0.069294,0.001074],[0.114063,0.078039,0.990404,0.014811],[0.0,0.0,0.0,1.0]],"antennas":[0.148238,-0.148184],"body_yaw":-0.145866,"check_collision":false},{"head":[[0.989171,0.072329,-0.127708,-0.003261],[-0.080824,0.994759,-0.062631,0.000521],[0.122509,0.072275,0.989832,0.015708],[0.0,0.0,0.0,1.0]],"antennas":[0.148238,-0.148184],"body_yaw":-0.145866,"check_collision":false},{"head":[[0.987797,0.07524,-0.136364,-0.003652],[-0.083588,0.994894,-0.056555,-1e-05],[0.131412,0.067263,0.989043,0.016364],[0.0,0.0,0.0,1.0]],"antennas":[0.148238,-0.148184],"body_yaw":-0.145866,"check_collision":false},{"head":[[0.98717,0.077895,-0.139381,-0.003851],[-0.086243,0.994761,-0.054887,2.7e-05],[0.134375,0.066203,0.988717,0.016775],[0.0,0.0,0.0,1.0]],"antennas":[0.148238,-0.148184],"body_yaw":-0.145866,"check_collision":false},{"head":[[0.986786,0.079756,-0.141043,-0.00399],[-0.088261,0.994572,-0.055104,-0.000107],[0.135883,0.066824,0.988469,0.017243],[0.0,0.0,0.0,1.0]],"antennas":[0.148238,-0.148184],"body_yaw":-0.145866,"check_collision":false},{"head":[[0.98633,0.081532,-0.143196,-0.004017],[-0.090028,0.994481,-0.053876,-0.000128],[0.138013,0.066032,0.988227,0.017436],[0.0,0.0,0.0,1.0]],"antennas":[0.148238,-0.148184],"body_yaw":-0.145866,"check_collision":false},{"head":[[0.985935,0.083447,-0.144803,-0.004071],[-0.09166,0.994484,-0.050992,-0.000363],[0.139749,0.063548,0.988146,0.017804],[0.0,0.0,0.0,1.0]],"antennas":[0.148238,-0.148184],"body_yaw":-0.145866,"check_collision":false},{"head":[[0.985591,0.085404,-0.146003,-0.004071],[-0.093389,0.994437,-0.048727,-0.000511],[0.141029,0.06166,0.988083,0.018019],[0.0,0.0,0.0,1.0]],"antennas":[0.148238,-0.148184],"body_yaw":-0.145866,"check_collision":false},{"head":[[0.985058,0.087889,-0.148109,-0.004],[-0.095879,0.99425,-0.047687,-0.000512],[0.143066,0.061175,0.987821,0.018001],[0.0,0.0,0.0,1.0]],"antennas":[0.148238,-0.148184],"body_yaw":-0.145866,"check_collision":false},{"head":[[0.98473,0.089893,-0.149085,-0.003982],[-0.097627,0.994188,-0.045382,-0.000443],[0.144139,0.059244,0.987782,0.017933],[0.0,0.0,0.0,1.0]],"antennas":[0.148238,-0.148184],"body_yaw":-0.145866,"check_collision":false},{"head":[[0.984705,0.090535,-0.148859,-0.004019],[-0.09775,0.99433,-0.041875,-0.000253],[0.144224,0.055786,0.987971,0.017828],[0.0,0.0,0.0,1.0]],"antennas":[0.148238,-0.148184],"body_yaw":-0.145866,"check_collision":false},{"head":[[0.984819,0.091198,-0.147698,-0.004089],[-0.097813,0.994473,-0.03815,-0.000184],[0.143402,0.052018,0.988297,0.01784],[0.0,0.0,0.0,1.0]],"antennas":[0.148238,-0.148184],"body_yaw":-0.145866,"check_collision":false},{"head":[[0.984965,0.092078,-0.146166,-0.004142],[-0.098121,0.99457,-0.034671,-0.000221],[0.14218,0.048492,0.988652,0.017942],[0.0,0.0,0.0,1.0]],"antennas":[0.148238,-0.148184],"body_yaw":-0.145866,"check_collision":false},{"head":[[0.985047,0.092582,-0.145297,-0.004139],[-0.098219,0.994647,-0.032098,-0.000191],[0.141548,0.04589,0.988867,0.017927],[0.0,0.0,0.0,1.0]],"antennas":[0.148238,-0.148184],"body_yaw":-0.145866,"check_collision":false},{"head":[[0.985021,0.093454,-0.144914,-0.004104],[-0.098782,0.994657,-0.029999,-9.4e-05],[0.141336,0.043864,0.988989,0.017689],[0.0,0.0,0.0,1.0]],"antennas":[0.148238,-0.148184],"body_yaw":-0.145866,"check_collision":false},{"head":[[0.985075,0.094401,-0.14393,-0.004089],[-0.099477,0.994632,-0.028476,-0.000267],[0.140469,0.042368,0.989178,0.01744],[0.0,0.0,0.0,1.0]],"antennas":[0.148238,-0.148184],"body_yaw":-0.145866,"check_collision":false},{"head":[[0.985171,0.095356,-0.142639,-0.00403],[-0.100217,0.994592,-0.027277,-0.000393],[0.139267,0.041167,0.989399,0.017249],[0.0,0.0,0.0,1.0]],"antennas":[0.148238,-0.148184],"body_yaw":-0.145866,"check_collision":false},{"head":[[0.9854,0.095921,-0.140666,-0.004025],[-0.100497,0.994603,-0.025775,-0.000345],[0.137434,0.039535,0.989722,0.017231],[0.0,0.0,0.0,1.0]],"antennas":[0.148238,-0.148184],"body_yaw":-0.145866,"check_collision":false},{"head":[[0.985539,0.096467,-0.139309,-0.004088],[-0.100737,0.994626,-0.023915,-0.000255],[0.136254,0.037603,0.98996,0.017253],[0.0,0.0,0.0,1.0]],"antennas":[0.148238,-0.148184],"body_yaw":-0.145866,"check_collision":false},{"head":[[0.985772,0.09644,-0.137671,-0.004114],[-0.100362,0.994712,-0.021818,-0.000226],[0.134839,0.035324,0.990238,0.017218],[0.0,0.0,0.0,1.0]],"antennas":[0.148238,-0.148184],"body_yaw":-0.145866,"check_collision":false},{"head":[[0.985972,0.096742,-0.136015,-0.004085],[-0.10033,0.994758,-0.019758,-0.000188],[0.133391,0.033127,0.99051,0.017171],[0.0,0.0,0.0,1.0]],"antennas":[0.148238,-0.148184],"body_yaw":-0.145866,"check_collision":false},{"head":[[0.985964,0.09769,-0.135392,-0.004081],[-0.101004,0.994727,-0.017813,-0.000161],[0.132938,0.031238,0.990632,0.017178],[0.0,0.0,0.0,1.0]],"antennas":[0.148238,-0.148184],"body_yaw":-0.145866,"check_collision":false},{"head":[[0.986065,0.09818,-0.1343,-0.004122],[-0.101289,0.99472,-0.016499,-0.000152],[0.131971,0.029872,0.990803,0.017091],[0.0,0.0,0.0,1.0]],"antennas":[0.148238,-0.148184],"body_yaw":-0.145866,"check_collision":false},{"head":[[0.986133,0.09852,-0.13355,-0.004145],[-0.10155,0.994701,-0.016049,-0.00018],[0.131261,0.029388,0.990912,0.016951],[0.0,0.0,0.0,1.0]],"antennas":[0.148238,-0.148184],"body_yaw":-0.145866,"check_collision":false}]}