{"description":"You look up to the sky as if surprised, for example, when someone suddenly shows up or says 'boo!'","time":[0.0,0.02,0.04,0.06,0.08,0.1,0.12,0.14,0.16,0.18,0.2,0.22,0.24,0.26,0.28,0.3,0.32,0.34,0.36,0.38,0.4,0.42,0.44,0.46,0.48,0.5,0.52,0.54,0.56,0.58,0.6,0.62,0.64,0.66,0.68,0.7,0.72,0.74,0.76,0.78,0.8,0.82,0.84,0.86,0.88,0.9,0.92,0.94,0.96,0.98,1.0,1.02,1.04,1.06,1.08,1.1,1.12,1.14,1.16,1.18,1.2,1.22,1.24,1.26,1.28,1.3,1.32,1.34,1.36,1.38,1.4,1.42,1.44,1.46,1.48,1.5,1.52,1.54,1.56,1.58,1.6,1.62,1.64,1.66,1.68,1.7,1.72,1.74,1.76,1.78,1.8,1.82,1.84,1.86,1.88,1.9,1.92,1.94,1.96,1.98,2.0,2.02,2.04,2.06,2.08,2.1,2.12,2.14,2.16,2.18,2.2,2.22,2.24,2.26,2.28,2.3,2.32,2.34,2.36,2.38,2.4,2.42,2.44,2.46,2.48,2.5,2.52,2.54,2.56,2.58,2.6,2.62,2.64,2.66,2.68,2.7,2.72,2.74,2.76,2.78,2.8,2.82,2.84,2.86,2.88,2.9,2.92,2.94,2.96,2.98,3.0,3.02],"set_target_data":[{"head":[[0.994717,-0.094832,-0.039318,-0.005356],[0.095141,0.995445,0.006082,-0.005621],[0.038562,-0.00979,0.999208,-0.000966],[0.0,0.0,0.0,1.0]],"antennas":[-0.104346,0.084567],"body_yaw":0.0,"check_collision":false},{"head":[[0.994726,-0.09486,-0.039018,-0.00531],[0.095163,0.995444,0.005957,-0.005761],[0.038275,-0.009639,0.999221,-0.000888],[0.0,0.0,0.0,1.0]],"antennas":[-0.104346,0.084567],"body_yaw":0.0,"check_collision":false},{"head":[[0.994721,-0.094973,-0.038876,-0.005264],[0.095276,0.995433,0.006022,-0.005516],[0.038126,-0.009695,0.999226,-0.00108],[0.0,0.0,0.0,1.0]],"antennas":[-0.104346,0.084567],"body_yaw":0.0,"check_collision":false},{"head":[[0.994712,-0.095006,-0.039011,-0.005286],[0.095304,0.995431,0.005828,-0.005807],[0.038279,-0.009516,0.999222,-0.00096],[0.0,0.0,0.0,1.0]],"antennas":[-0.104346,0.084567],"body_yaw":0.0,"check_collision":false},{"head":[[0.994712,-0.095027,-0.038971,-0.005222],[0.095319,0.995431,0.005696,-0.005941],[0.038252,-0.009381,0.999224,-0.000806],[0.0,0.0,0.0,1.0]],"antennas":[-0.104346,0.084567],"body_yaw":0.0,"check_collision":false},{"head":[[0.994734,-0.094795,-0.038964,-0.005289],[0.095083,0.995454,0.005598,-0.006045],[0.038256,-0.009273,0.999225,-0.000881],[0.0,0.0,0.0,1.0]],"antennas":[-0.104346,0.084567],"body_yaw":0.0,"check_collision":false},{"head":[[0.994766,-0.09454,-0.038776,-0.005314],[0.094823,0.995479,0.0055,-0.006323],[0.03808,-0.009148,0.999233,-0.000755],[0.0,0.0,0.0,1.0]],"antennas":[-0.104346,0.084567],"body_yaw":0.0,"check_collision":false},{"head":[[0.994784,-0.0945,-0.038407,-0.005278],[0.09478,0.995483,0.005551,-0.006412],[0.037709,-0.009162,0.999247,-0.000739],[0.0,0.0,0.0,1.0]],"antennas":[-0.104346,0.084567],"body_yaw":0.0,"check_collision":false},{"head":[[0.994813,-0.094305,-0.038123,-0.005178],[0.094584,0.995501,0.0056,-0.006552],[0.037423,-0.009176,0.999257,-0.000639],[0.0,0.0,0.0,1.0]],"antennas":[-0.104346,0.084567],"body_yaw":0.0,"check_collision":false},{"head":[[0.994815,-0.094386,-0.037876,-0.005107],[0.094668,0.995493,0.005709,-0.006519],[0.037167,-0.009265,0.999266,-0.000531],[0.0,0.0,0.0,1.0]],"antennas":[-0.104346,0.084567],"body_yaw":0.0,"check_collision":false},{"head":[[0.994842,-0.094142,-0.037769,-0.005075],[0.094419,0.995517,0.005603,-0.006565],[0.037072,-0.00914,0.999271,-0.00061],[0.0,0.0,0.0,1.0]],"antennas":[-0.104346,0.084567],"body_yaw":0.0,"check_collision":false},{"head":[[0.994849,-0.094108,-0.037675,-0.005032],[0.094385,0.99552,0.005621,-0.006653],[0.036977,-0.009148,0.999274,-0.000566],[0.0,0.0,0.0,1.0]],"antennas":[-0.104346,0.084567],"body_yaw":0.0,"check_collision":false},{"head":[[0.994868,-0.093881,-0.037739,-0.005059],[0.094158,0.995541,0.005636,-0.006567],[0.037042,-0.00916,0.999272,-0.00064],[0.0,0.0,0.0,1.0]],"antennas":[-0.104346,0.084567],"body_yaw":0.0,"check_collision":false},{"head":[[0.99489,-0.093737,-0.037503,-0.00501],[0.094018,0.995554,0.005799,-0.006501],[0.036793,-0.009295,0.99928,-0.000718],[0.0,0.0,0.0,1.0]],"antennas":[-0.104346,0.084567],"body_yaw":0.0,"check_collision":false},{"head":[[0.994906,-0.093613,-0.037406,-0.005],[0.093898,0.995564,0.005955,-0.006669],[0.036683,-0.009437,0.999282,-0.000629],[0.0,0.0,0.0,1.0]],"antennas":[-0.104346,0.084567],"body_yaw":0.0,"check_collision":false},{"head":[[0.994911,-0.093676,-0.037119,-0.005034],[0.093959,0.995558,0.005973,-0.006551],[0.036394,-0.00943,0.999293,-0.000623],[0.0,0.0,0.0,1.0]],"antennas":[-0.104346,0.084567],"body_yaw":0.0,"check_collision":false},{"head":[[0.9949,-0.093813,-0.037049,-0.005096],[0.094087,0.995547,0.005733,-0.006489],[0.036346,-0.00919,0.999297,-0.000706],[0.0,0.0,0.0,1.0]],"antennas":[-0.104346,0.084567],"body_yaw":0.0,"check_collision":false},{"head":[[0.994875,-0.094013,-0.037222,-0.005112],[0.094298,0.995526,0.005975,-0.006354],[0.036494,-0.009454,0.999289,-0.000717],[0.0,0.0,0.0,1.0]],"antennas":[-0.104346,0.084567],"body_yaw":0.0,"check_collision":false},{"head":[[0.994862,-0.094188,-0.037114,-0.005074],[0.094476,0.995509,0.006085,-0.006372],[0.036374,-0.00956,0.999293,-0.000717],[0.0,0.0,0.0,1.0]],"antennas":[-0.104346,0.084567],"body_yaw":0.0,"check_collision":false},{"head":[[0.994853,-0.094278,-0.037134,-0.005105],[0.094568,0.995499,0.006146,-0.006448],[0.036387,-0.009626,0.999291,-0.000735],[0.0,0.0,0.0,1.0]],"antennas":[-0.104346,0.084567],"body_yaw":0.0,"check_collision":false},{"head":[[0.994844,-0.094383,-0.037106,-0.005063],[0.094671,0.99549,0.006093,-0.006443],[0.036363,-0.009575,0.999293,-0.000715],[0.0,0.0,0.0,1.0]],"antennas":[-0.104346,0.084567],"body_yaw":0.0,"check_collision":false},{"head":[[0.994832,-0.094456,-0.037251,-0.005028],[0.094753,0.995481,0.006262,-0.006289],[0.036491,-0.009759,0.999286,-0.00078],[0.0,0.0,0.0,1.0]],"antennas":[-0.104346,0.084567],"body_yaw":0.0,"check_collision":false},{"head":[[0.994844,-0.094406,-0.037061,-0.005055],[0.094685,0.99549,0.005859,-0.006523],[0.036341,-0.009338,0.999296,-0.000718],[0.0,0.0,0.0,1.0]],"antennas":[-0.104346,0.084567],"body_yaw":0.0,"check_collision":false},{"head":[[0.994843,-0.094438,-0.03699,-0.005093],[0.094718,0.995487,0.005879,-0.006769],[0.036267,-0.009353,0.999298,-0.000592],[0.0,0.0,0.0,1.0]],"antennas":[-0.104346,0.084567],"body_yaw":0.0,"check_collision":false},{"head":[[0.994833,-0.094532,-0.037028,-0.005035],[0.094818,0.995476,0.006032,-0.006363],[0.036291,-0.009512,0.999296,-0.000798],[0.0,0.0,0.0,1.0]],"antennas":[-0.104346,0.084567],"body_yaw":0.0,"check_collision":false},{"head":[[0.994835,-0.094538,-0.036951,-0.004984],[0.094828,0.995475,0.006166,-0.006379],[0.036201,-0.009639,0.999298,-0.000775],[0.0,0.0,0.0,1.0]],"antennas":[-0.104346,0.084567],"body_yaw":0.0,"check_collision":false},{"head":[[0.99484,-0.094546,-0.036805,-0.005017],[0.094832,0.995475,0.006079,-0.006493],[0.036063,-0.009538,0.999304,-0.00081],[0.0,0.0,0.0,1.0]],"antennas":[-0.104346,0.084567],"body_yaw":0.0,"check_collision":false},{"head":[[0.994846,-0.09455,-0.036626,-0.005],[0.094833,0.995475,0.006058,-0.006306],[0.035887,-0.009501,0.999311,-0.000854],[0.0,0.0,0.0,1.0]],"antennas":[-0.104346,0.084567],"body_yaw":0.0,"check_collision":false},{"head":[[0.994833,-0.094765,-0.036424,-0.005065],[0.095039,0.995456,0.005871,-0.006266],[0.035702,-0.009302,0.999319,-0.000862],[0.0,0.0,0.0,1.0]],"antennas":[-0.104346,0.084567],"body_yaw":0.0,"check_collision":false},{"head":[[0.994823,-0.09483,-0.036538,-0.005084],[0.095108,0.995449,0.005924,-0.006151],[0.035809,-0.009368,0.999315,-0.00097],[0.0,0.0,0.0,1.0]],"antennas":[-0.104346,0.084567],"body_yaw":0.0,"check_collision":false},{"head":[[0.994818,-0.094846,-0.036624,-0.005073],[0.095127,0.995447,0.006023,-0.006104],[0.035886,-0.009476,0.999311,-0.00094],[0.0,0.0,0.0,1.0]],"antennas":[-0.104346,0.084567],"body_yaw":0.0,"check_collision":false},{"head":[[0.994813,-0.094878,-0.036684,-0.005062],[0.095171,0.995441,0.006309,-0.006186],[0.035919,-0.009768,0.999307,-0.000901],[0.0,0.0,0.0,1.0]],"antennas":[-0.104346,0.084567],"body_yaw":0.0,"check_collision":false},{"head":[[0.99482,-0.094804,-0.036691,-0.005018],[0.095105,0.995446,0.006549,-0.006025],[0.035903,-0.010004,0.999305,-0.001062],[0.0,0.0,0.0,1.0]],"antennas":[-0.104346,0.084567],"body_yaw":0.0,"check_collision":false},{"head":[[0.994828,-0.094772,-0.036538,-0.005053],[0.095077,0.995447,0.006713,-0.006219],[0.035736,-0.010152,0.99931,-0.000975],[0.0,0.0,0.0,1.0]],"antennas":[-0.104346,0.084567],"body_yaw":0.0,"check_collision":false},{"head":[[0.994819,-0.094863,-0.036557,-0.005091],[0.09517,0.995438,0.006746,-0.00608],[0.03575,-0.010191,0.999309,-0.00107],[0.0,0.0,0.0,1.0]],"antennas":[-0.104346,0.084567],"body_yaw":0.0,"check_collision":false},{"head":[[0.994845,-0.094603,-0.036519,-0.005125],[0.094899,0.995466,0.00647,-0.006184],[0.035742,-0.009902,0.999312,-0.001075],[0.0,0.0,0.0,1.0]],"antennas":[-0.104346,0.084567],"body_yaw":0.0,"check_collision":false},{"head":[[0.994866,-0.094343,-0.036607,-0.005064],[0.094641,0.99549,0.006505,-0.005741],[0.035828,-0.009936,0.999309,-0.001368],[0.0,0.0,0.0,1.0]],"antennas":[-0.104346,0.084567],"body_yaw":0.0,"check_collision":false},{"head":[[0.994894,-0.094037,-0.036635,-0.005065],[0.094342,0.995518,0.006668,-0.005771],[0.035843,-0.01009,0.999306,-0.001397],[0.0,0.0,0.0,1.0]],"antennas":[-0.104346,0.084567],"body_yaw":0.0,"check_collision":false},{"head":[[0.994899,-0.093978,-0.036675,-0.005055],[0.094275,0.995525,0.006455,-0.005865],[0.035905,-0.009879,0.999306,-0.00132],[0.0,0.0,0.0,1.0]],"antennas":[-0.104346,0.084567],"body_yaw":0.0,"check_collision":false},{"head":[[0.994898,-0.094003,-0.036622,-0.00506],[0.094289,0.995526,0.006137,-0.006045],[0.035882,-0.009559,0.99931,-0.001231],[0.0,0.0,0.0,1.0]],"antennas":[-0.104346,0.084567],"body_yaw":0.0,"check_collision":false},{"head":[[0.99489,-0.094125,-0.03652,-0.004991],[0.094405,0.995516,0.006022,-0.005963],[0.035789,-0.009439,0.999315,-0.001177],[0.0,0.0,0.0,1.0]],"antennas":[-0.104346,0.084567],"body_yaw":0.0,"check_collision":false},{"head":[[0.994887,-0.09413,-0.036603,-0.005022],[0.094413,0.995515,0.006075,-0.005912],[0.035867,-0.0095,0.999311,-0.001135],[0.0,0.0,0.0,1.0]],"antennas":[-0.104346,0.084567],"body_yaw":0.0,"check_collision":false},{"head":[[0.994893,-0.09399,-0.03678,-0.005072],[0.094259,0.995532,0.005631,-0.005901],[0.036087,-0.009069,0.999308,-0.001217],[0.0,0.0,0.0,1.0]],"antennas":[-0.104346,0.084567],"body_yaw":0.0,"check_collision":false},{"head":[[0.99487,-0.094272,-0.036698,-0.005061],[0.094534,0.995507,0.005468,-0.006037],[0.036017,-0.00891,0.999311,-0.001036],[0.0,0.0,0.0,1.0]],"antennas":[-0.104346,0.084567],"body_yaw":0.0,"check_collision":false},{"head":[[0.994875,-0.094318,-0.036445,-0.005052],[0.094572,0.995504,0.005314,-0.006162],[0.03578,-0.008733,0.999322,-0.000962],[0.0,0.0,0.0,1.0]],"antennas":[-0.104346,0.084567],"body_yaw":0.0,"check_collision":false},{"head":[[0.99489,-0.094267,-0.036164,-0.005024],[0.094518,0.995509,0.005292,-0.006365],[0.035503,-0.008683,0.999332,-0.00088],[0.0,0.0,0.0,1.0]],"antennas":[-0.104346,0.084567],"body_yaw":0.0,"check_collision":false},{"head":[[0.994892,-0.094247,-0.036169,-0.005081],[0.094504,0.99551,0.005446,-0.006116],[0.035493,-0.008837,0.999331,-0.001175],[0.0,0.0,0.0,1.0]],"antennas":[-0.104346,0.084567],"body_yaw":0.0,"check_collision":false},{"head":[[0.994901,-0.094186,-0.036072,-0.005089],[0.094434,0.995517,0.00525,-0.006152],[0.035416,-0.00863,0.999335,-0.001174],[0.0,0.0,0.0,1.0]],"antennas":[-0.104346,0.084567],"body_yaw":0.0,"check_collision":false},{"head":[[0.994878,-0.094471,-0.035954,-0.00504],[0.094713,0.995492,0.005096,-0.006117],[0.03531,-0.008476,0.99934,-0.001004],[0.0,0.0,0.0,1.0]],"antennas":[-0.104346,0.084567],"body_yaw":0.0,"check_collision":false},{"head":[[0.99487,-0.09458,-0.035896,-0.004988],[0.094814,0.995483,0.004878,-0.006024],[0.035273,-0.008256,0.999344,-0.001004],[0.0,0.0,0.0,1.0]],"antennas":[-0.104346,0.084567],"body_yaw":0.0,"check_collision":false},{"head":[[0.994868,-0.09464,-0.035783,-0.004952],[0.094872,0.995478,0.004814,-0.006042],[0.035165,-0.008184,0.999348,-0.001064],[0.0,0.0,0.0,1.0]],"antennas":[-0.104346,0.084567],"body_yaw":0.0,"check_collision":false},{"head":[[0.994904,-0.094236,-0.03587,-0.005011],[0.094462,0.995518,0.004655,-0.005914],[0.035271,-0.008019,0.999346,-0.001291],[0.0,0.0,0.0,1.0]],"antennas":[-0.104346,0.084567],"body_yaw":0.0,"check_collision":false},{"head":[[0.99491,-0.094137,-0.035957,-0.004987],[0.094367,0.995526,0.004743,-0.005781],[0.035349,-0.008112,0.999342,-0.001383],[0.0,0.0,0.0,1.0]],"antennas":[-0.104346,0.084567],"body_yaw":0.0,"check_collision":false},{"head":[[0.994918,-0.094144,-0.035722,-0.005009],[0.094373,0.995526,0.004765,-0.005885],[0.035113,-0.008111,0.99935,-0.00122],[0.0,0.0,0.0,1.0]],"antennas":[-0.104346,0.084567],"body_yaw":0.0,"check_collision":false},{"head":[[0.994918,-0.094202,-0.035556,-0.005004],[0.094432,0.99552,0.004842,-0.005976],[0.034941,-0.008175,0.999356,-0.001133],[0.0,0.0,0.0,1.0]],"antennas":[-0.104346,0.084567],"body_yaw":0.0,"check_collision":false},{"head":[[0.994909,-0.094311,-0.035511,-0.005011],[0.09454,0.995509,0.004826,-0.005994],[0.034897,-0.008158,0.999358,-0.001039],[0.0,0.0,0.0,1.0]],"antennas":[-0.104346,0.084567],"body_yaw":0.0,"check_collision":false},{"head":[[0.994905,-0.09435,-0.035513,-0.004993],[0.09458,0.995505,0.004853,-0.006131],[0.034895,-0.008187,0.999357,-0.000985],[0.0,0.0,0.0,1.0]],"antennas":[-0.105903,0.084567],"body_yaw":0.0,"check_collision":false},{"head":[[0.994872,-0.094354,-0.036433,-0.004981],[0.094623,0.995497,0.005741,-0.006074],[0.035728,-0.009159,0.99932,-0.001143],[0.0,0.0,0.0,1.0]],"antennas":[-0.127653,0.107324],"body_yaw":0.0,"check_collision":false},{"head":[[0.994857,-0.09426,-0.037083,-0.005001],[0.094541,0.995504,0.005892,-0.006096],[0.036361,-0.009367,0.999295,-0.001225],[0.0,0.0,0.0,1.0]],"antennas":[-0.183318,0.179821],"body_yaw":0.0,"check_collision":false},{"head":[[0.99485,-0.094271,-0.037242,-0.005028],[0.094563,0.9955,0.006163,-0.006156],[0.036493,-0.009653,0.999287,-0.001124],[0.0,0.0,0.0,1.0]],"antennas":[-0.274815,0.281925],"body_yaw":0.0,"check_collision":false},{"head":[[0.994865,-0.094217,-0.036981,-0.005037],[0.094507,0.995505,0.006176,-0.006103],[0.036232,-0.009639,0.999297,-0.001163],[0.0,0.0,0.0,1.0]],"antennas":[-0.378528,0.385635],"body_yaw":0.0,"check_collision":false},{"head":[[0.994868,-0.094326,-0.036614,-0.005074],[0.094609,0.995496,0.006046,-0.005886],[0.035879,-0.009479,0.999311,-0.001215],[0.0,0.0,0.0,1.0]],"antennas":[-0.482978,0.490082],"body_yaw":0.0,"check_collision":false},{"head":[[0.994883,-0.094465,-0.03583,-0.005003],[0.094734,0.995485,0.005887,-0.005696],[0.035112,-0.009252,0.999341,-0.001415],[0.0,0.0,0.0,1.0]],"antennas":[-0.586708,0.593808],"body_yaw":0.0,"check_collision":false},{"head":[[0.994907,-0.094627,-0.034727,-0.005006],[0.094888,0.99547,0.005931,-0.005733],[0.034009,-0.009196,0.999379,-0.001342],[0.0,0.0,0.0,1.0]],"antennas":[-0.691501,0.698599],"body_yaw":0.0,"check_collision":false},{"head":[[0.99472,-0.095096,-0.038576,-0.005384],[0.095475,0.995399,0.008118,-0.005934],[0.037627,-0.011758,0.999223,-0.001064],[0.0,0.0,0.0,1.0]],"antennas":[-0.795706,0.802801],"body_yaw":0.0,"check_collision":false},{"head":[[0.992719,-0.096192,-0.072494,-0.00657],[0.097781,0.995033,0.018687,-0.006307],[0.070337,-0.025639,0.997194,-0.000132],[0.0,0.0,0.0,1.0]],"antennas":[-0.885024,0.904839],"body_yaw":0.0,"check_collision":false},{"head":[[0.983092,-0.098742,-0.154205,-0.008919],[0.104855,0.993972,0.032005,-0.006267],[0.150116,-0.047633,0.98752,0.002221],[0.0,0.0,0.0,1.0]],"antennas":[-0.885024,0.926198],"body_yaw":0.0,"check_collision":false},{"head":[[0.957428,-0.114643,-0.264932,-0.010337],[0.124373,0.99203,0.020189,-0.006208],[0.260506,-0.05228,0.964056,0.005238],[0.0,0.0,0.0,1.0]],"antennas":[-0.885024,0.926198],"body_yaw":0.0,"check_collision":false},{"head":[[0.919215,-0.140364,-0.367888,-0.010899],[0.148604,0.988879,-0.005993,-0.007082],[0.364638,-0.049161,0.929851,0.00792],[0.0,0.0,0.0,1.0]],"antennas":[-0.885024,0.926198],"body_yaw":0.0,"check_collision":false},{"head":[[0.907274,-0.168358,-0.385369,-0.011239],[0.174376,0.984485,-0.019563,-0.008473],[0.382684,-0.04945,0.922555,0.009893],[0.0,0.0,0.0,1.0]],"antennas":[-0.885024,0.926198],"body_yaw":0.0,"check_collision":false},{"head":[[0.90277,-0.191186,-0.385296,-0.012018],[0.196361,0.980179,-0.026286,-0.008151],[0.382685,-0.051927,0.922418,0.010615],[0.0,0.0,0.0,1.0]],"antennas":[-0.885024,0.926198],"body_yaw":0.0,"check_collision":false},{"head":[[0.897992,-0.21041,-0.386443,-0.01275],[0.21717,0.97577,-0.02664,-0.008386],[0.382685,-0.060001,0.921928,0.011547],[0.0,0.0,0.0,1.0]],"antennas":[-0.885024,0.926198],"body_yaw":0.0,"check_collision":false},{"head":[[0.895259,-0.217574,-0.38881,-0.013124],[0.228175,0.973428,-0.019331,-0.008305],[0.382684,-0.07141,0.921115,0.012126],[0.0,0.0,0.0,1.0]],"antennas":[-0.885024,0.926198],"body_yaw":0.0,"check_collision":false},{"head":[[0.893658,-0.220471,-0.390854,-0.013087],[0.234367,0.972068,-0.012457,-0.007897],[0.382684,-0.080472,0.920368,0.012514],[0.0,0.0,0.0,1.0]],"antennas":[-0.885024,0.926198],"body_yaw":0.0,"check_collision":false},{"head":[[0.893512,-0.220394,-0.391232,-0.01307],[0.234925,0.971951,-0.011002,-0.00758],[0.382684,-0.082079,0.920226,0.012321],[0.0,0.0,0.0,1.0]],"antennas":[-0.885024,0.926198],"body_yaw":0.0,"check_collision":false},{"head":[[0.894372,-0.217821,-0.390708,-0.012976],[0.231629,0.972729,-0.012077,-0.007027],[0.382683,-0.079698,0.920436,0.011554],[0.0,0.0,0.0,1.0]],"antennas":[-0.885024,0.926198],"body_yaw":0.0,"check_collision":false},{"head":[[0.895352,-0.213581,-0.390803,-0.012748],[0.22781,0.973652,-0.010192,-0.006692],[0.382683,-0.079903,0.920418,0.010871],[0.0,0.0,0.0,1.0]],"antennas":[-0.885024,0.926198],"body_yaw":0.0,"check_collision":false},{"head":[[0.896353,-0.209828,-0.390542,-0.012746],[0.22384,0.974576,-0.009866,-0.00631],[0.382683,-0.078576,0.920532,0.010565],[0.0,0.0,0.0,1.0]],"antennas":[-0.885024,0.926198],"body_yaw":0.0,"check_collision":false},{"head":[[0.8969,-0.20756,-0.390498,-0.012765],[0.221637,0.975086,-0.009226,-0.0059],[0.382683,-0.078274,0.920558,0.010495],[0.0,0.0,0.0,1.0]],"antennas":[-0.885024,0.926198],"body_yaw":0.0,"check_collision":false},{"head":[[0.897209,-0.205631,-0.39081,-0.012755],[0.220386,0.975386,-0.007258,-0.005623],[0.382683,-0.079617,0.920443,0.010386],[0.0,0.0,0.0,1.0]],"antennas":[-0.885024,0.926198],"body_yaw":0.0,"check_collision":false},{"head":[[0.897508,-0.203765,-0.391099,-0.012648],[0.219162,0.975674,-0.005391,-0.005486],[0.382683,-0.080876,0.920333,0.010318],[0.0,0.0,0.0,1.0]],"antennas":[-0.885024,0.926198],"body_yaw":0.0,"check_collision":false},{"head":[[0.897938,-0.201271,-0.391405,-0.012462],[0.217397,0.976078,-0.003187,-0.005488],[0.382683,-0.082229,0.920213,0.010114],[0.0,0.0,0.0,1.0]],"antennas":[-0.885024,0.926198],"body_yaw":0.0,"check_collision":false},{"head":[[0.898458,-0.199049,-0.391347,-0.012266],[0.215234,0.976559,-0.002564,-0.005795],[0.382683,-0.081927,0.92024,0.009768],[0.0,0.0,0.0,1.0]],"antennas":[-0.885024,0.926198],"body_yaw":0.0,"check_collision":false},{"head":[[0.898909,-0.197485,-0.391103,-0.012118],[0.213343,0.976973,-0.002969,-0.00593],[0.382683,-0.08077,0.920342,0.009336],[0.0,0.0,0.0,1.0]],"antennas":[-0.885024,0.926198],"body_yaw":0.0,"check_collision":false},{"head":[[0.899474,-0.195555,-0.390775,-0.012013],[0.210952,0.97749,-0.003603,-0.006015],[0.382683,-0.079194,0.920479,0.009198],[0.0,0.0,0.0,1.0]],"antennas":[-0.885024,0.926198],"body_yaw":0.0,"check_collision":false},{"head":[[0.899872,-0.194178,-0.390544,-0.012125],[0.209244,0.977855,-0.004058,-0.005985],[0.382683,-0.078067,0.920575,0.009546],[0.0,0.0,0.0,1.0]],"antennas":[-0.885024,0.926198],"body_yaw":0.0,"check_collision":false},{"head":[[0.900198,-0.193111,-0.390322,-0.012088],[0.207839,0.978152,-0.004602,-0.005667],[0.382683,-0.076981,0.920667,0.009595],[0.0,0.0,0.0,1.0]],"antennas":[-0.885024,0.926198],"body_yaw":0.0,"check_collision":false},{"head":[[0.90046,-0.191792,-0.390369,-0.012],[0.2067,0.978396,-0.003901,-0.005484],[0.382683,-0.077177,0.92065,0.00965],[0.0,0.0,0.0,1.0]],"antennas":[-0.885024,0.926198],"body_yaw":0.0,"check_collision":false},{"head":[[0.900749,-0.190326,-0.390419,-0.011798],[0.205437,0.978665,-0.003119,-0.005683],[0.382683,-0.077397,0.920632,0.009725],[0.0,0.0,0.0,1.0]],"antennas":[-0.885024,0.926198],"body_yaw":0.0,"check_collision":false},{"head":[[0.900961,-0.189215,-0.39047,-0.011678],[0.204507,0.978862,-0.002467,-0.005507],[0.382683,-0.077631,0.920612,0.009477],[0.0,0.0,0.0,1.0]],"antennas":[-0.885024,0.926198],"body_yaw":0.0,"check_collision":false},{"head":[[0.901203,-0.18806,-0.390469,-0.011478],[0.203435,0.979086,-0.002024,-0.005392],[0.382683,-0.077611,0.920614,0.00903],[0.0,0.0,0.0,1.0]],"antennas":[-0.885024,0.926198],"body_yaw":0.0,"check_collision":false},{"head":[[0.901451,-0.187065,-0.390376,-0.01122],[0.202336,0.979314,-0.002048,-0.00533],[0.382683,-0.077141,0.920653,0.008639],[0.0,0.0,0.0,1.0]],"antennas":[-0.885024,0.926198],"body_yaw":0.0,"check_collision":false},{"head":[[0.901827,-0.185792,-0.390115,-0.011108],[0.200652,0.979659,-0.002714,-0.005171],[0.382683,-0.075829,0.920762,0.008293],[0.0,0.0,0.0,1.0]],"antennas":[-0.885024,0.926198],"body_yaw":0.0,"check_collision":false},{"head":[[0.902629,-0.183641,-0.389278,-0.011245],[0.197015,0.980384,-0.005672,-0.005206],[0.382684,-0.071574,0.921103,0.007859],[0.0,0.0,0.0,1.0]],"antennas":[-0.885024,0.926198],"body_yaw":0.0,"check_collision":false},{"head":[[0.90487,-0.176002,-0.3876,-0.011623],[0.186446,0.982406,-0.010827,-0.005001],[0.382686,-0.06247,0.921764,0.007036],[0.0,0.0,0.0,1.0]],"antennas":[-0.885024,0.926198],"body_yaw":0.0,"check_collision":false},{"head":[[0.91059,-0.163757,-0.379487,-0.012287],[0.171273,0.985122,-0.014126,-0.004312],[0.376154,-0.052133,0.925089,0.006028],[0.0,0.0,0.0,1.0]],"antennas":[-0.885024,0.926198],"body_yaw":0.0,"check_collision":false},{"head":[[0.943244,-0.154296,-0.294081,-0.012765],[0.158625,0.987296,-0.009228,-0.003443],[0.291769,-0.037944,0.955736,0.004726],[0.0,0.0,0.0,1.0]],"antennas":[-0.885024,0.926198],"body_yaw":0.0,"check_collision":false},{"head":[[0.967134,-0.151838,-0.203953,-0.012742],[0.152632,0.988211,-0.011922,-0.002721],[0.203359,-0.019599,0.978908,0.003394],[0.0,0.0,0.0,1.0]],"antennas":[-0.885024,0.926198],"body_yaw":0.0,"check_collision":false},{"head":[[0.979192,-0.151671,-0.134827,-0.012447],[0.150594,0.988428,-0.018214,-0.002168],[0.13603,-0.002469,0.990702,0.002254],[0.0,0.0,0.0,1.0]],"antennas":[-0.885024,0.926198],"body_yaw":0.0,"check_collision":false},{"head":[[0.984692,-0.145978,-0.095248,-0.011792],[0.144465,0.989251,-0.022627,-0.001891],[0.097528,0.00852,0.995196,0.00182],[0.0,0.0,0.0,1.0]],"antennas":[-0.885024,0.926198],"body_yaw":0.0,"check_collision":false},{"head":[[0.987028,-0.141782,-0.075328,-0.011075],[0.140481,0.989832,-0.022316,-0.002043],[0.077726,0.011444,0.996909,0.00152],[0.0,0.0,0.0,1.0]],"antennas":[-0.885024,0.926198],"body_yaw":0.0,"check_collision":false},{"head":[[0.988372,-0.137778,-0.064327,-0.010548],[0.136643,0.990382,-0.021748,-0.002195],[0.066705,0.012705,0.997692,0.001321],[0.0,0.0,0.0,1.0]],"antennas":[-0.885024,0.926198],"body_yaw":0.0,"check_collision":false},{"head":[[0.989425,-0.134211,-0.055007,-0.0102],[0.133158,0.990842,-0.0224,-0.003161],[0.057509,0.014838,0.998235,0.001706],[0.0,0.0,0.0,1.0]],"antennas":[-0.885024,0.91997],"body_yaw":0.0,"check_collision":false},{"head":[[0.990166,-0.131999,-0.046348,-0.010189],[0.131051,0.99111,-0.022948,-0.003518],[0.048965,0.016649,0.998662,0.001876],[0.0,0.0,0.0,1.0]],"antennas":[-0.870294,0.883229],"body_yaw":0.0,"check_collision":false},{"head":[[0.990488,-0.130921,-0.04234,-0.010218],[0.129992,0.991225,-0.02399,-0.003669],[0.045109,0.018258,0.998815,0.002076],[0.0,0.0,0.0,1.0]],"antennas":[-0.813735,0.799584],"body_yaw":0.0,"check_collision":false},{"head":[[0.990687,-0.13021,-0.039803,-0.010355],[0.12931,0.991303,-0.024424,-0.004035],[0.042637,0.01905,0.998909,0.002497],[0.0,0.0,0.0,1.0]],"antennas":[-0.714122,0.695536],"body_yaw":0.0,"check_collision":false},{"head":[[0.990856,-0.129702,-0.037161,-0.010448],[0.12882,0.991347,-0.025212,-0.003978],[0.040109,0.020194,0.998991,0.002577],[0.0,0.0,0.0,1.0]],"antennas":[-0.61016,0.59157],"body_yaw":0.0,"check_collision":false},{"head":[[0.990948,-0.129661,-0.034778,-0.010498],[0.128779,0.991319,-0.026523,-0.0042],[0.037915,0.021804,0.999043,0.002606],[0.0,0.0,0.0,1.0]],"antennas":[-0.505976,0.487383],"body_yaw":0.0,"check_collision":false},{"head":[[0.991102,-0.129207,-0.031958,-0.010482],[0.128364,0.991355,-0.027156,-0.004364],[0.035191,0.022812,0.99912,0.002579],[0.0,0.0,0.0,1.0]],"antennas":[-0.417303,0.382999],"body_yaw":0.0,"check_collision":false},{"head":[[0.991354,-0.12787,-0.029449,-0.01057],[0.127097,0.991529,-0.026788,-0.004593],[0.032625,0.022814,0.999207,0.002454],[0.0,0.0,0.0,1.0]],"antennas":[-0.383003,0.316791],"body_yaw":0.0,"check_collision":false},{"head":[[0.991673,-0.126184,-0.025748,-0.010653],[0.125504,0.991738,-0.026541,-0.004766],[0.028885,0.023089,0.999316,0.002526],[0.0,0.0,0.0,1.0]],"antennas":[-0.383003,0.311224],"body_yaw":0.0,"check_collision":false},{"head":[[0.992044,-0.124291,-0.020018,-0.010761],[0.123742,0.991956,-0.026667,-0.004332],[0.023171,0.023978,0.999444,0.002441],[0.0,0.0,0.0,1.0]],"antennas":[-0.383003,0.311224],"body_yaw":0.0,"check_collision":false},{"head":[[0.992235,-0.123552,-0.014315,-0.010879],[0.123126,0.992009,-0.027541,-0.004427],[0.017604,0.025564,0.999518,0.00268],[0.0,0.0,0.0,1.0]],"antennas":[-0.383003,0.311224],"body_yaw":0.0,"check_collision":false},{"head":[[0.992357,-0.123119,-0.008312,-0.010849],[0.122843,0.992031,-0.028017,-0.004532],[0.011696,0.026782,0.999573,0.002942],[0.0,0.0,0.0,1.0]],"antennas":[-0.383003,0.311224],"body_yaw":0.0,"check_collision":false},{"head":[[0.99243,-0.122803,-0.001529,-0.010704],[0.122709,0.992031,-0.028568,-0.004842],[0.005025,0.028164,0.999591,0.002662],[0.0,0.0,0.0,1.0]],"antennas":[-0.383003,0.311224],"body_yaw":0.0,"check_collision":false},{"head":[[0.992585,-0.121421,0.005623,-0.010623],[0.121532,0.992184,-0.028294,-0.005171],[-0.002143,0.028768,0.999584,0.002562],[0.0,0.0,0.0,1.0]],"antennas":[-0.383003,0.311224],"body_yaw":0.0,"check_collision":false},{"head":[[0.992797,-0.118915,0.014603,-0.010683],[0.119285,0.99247,-0.027821,-0.005328],[-0.011185,0.029363,0.999506,0.002216],[0.0,0.0,0.0,1.0]],"antennas":[-0.383003,0.311224],"body_yaw":0.0,"check_collision":false},{"head":[[0.992836,-0.117222,0.023127,-0.010609],[0.117844,0.992646,-0.027684,-0.0055],[-0.019712,0.030211,0.999349,0.001873],[0.0,0.0,0.0,1.0]],"antennas":[-0.383003,0.311224],"body_yaw":0.0,"check_collision":false},{"head":[[0.992854,-0.115492,0.030042,-0.010506],[0.116268,0.992891,-0.025495,-0.003909],[-0.026884,0.028806,0.999223,0.000838],[0.0,0.0,0.0,1.0]],"antennas":[-0.383003,0.311224],"body_yaw":0.0,"check_collision":false},{"head":[[0.992667,-0.1149,0.037565,-0.01024],[0.115818,0.992999,-0.023243,-0.003694],[-0.034632,0.027424,0.999024,0.000395],[0.0,0.0,0.0,1.0]],"antennas":[-0.383003,0.311224],"body_yaw":0.0,"check_collision":false},{"head":[[0.992289,-0.115183,0.045785,-0.009914],[0.116248,0.992992,-0.021311,-0.003089],[-0.043009,0.026469,0.998724,-0.000283],[0.0,0.0,0.0,1.0]],"antennas":[-0.383003,0.311224],"body_yaw":0.0,"check_collision":false},{"head":[[0.991884,-0.116492,0.050957,-0.009501],[0.117585,0.992881,-0.019002,-0.002718],[-0.048381,0.024839,0.99852,-0.001042],[0.0,0.0,0.0,1.0]],"antennas":[-0.383003,0.311224],"body_yaw":0.0,"check_collision":false},{"head":[[0.991399,-0.119113,0.054214,-0.009166],[0.120195,0.992603,-0.017128,-0.002741],[-0.051773,0.023497,0.998382,-0.001581],[0.0,0.0,0.0,1.0]],"antennas":[-0.383003,0.311224],"body_yaw":0.0,"check_collision":false},{"head":[[0.990896,-0.122893,0.054981,-0.008666],[0.123918,0.992169,-0.01563,-0.002707],[-0.05263,0.022301,0.998365,-0.002509],[0.0,0.0,0.0,1.0]],"antennas":[-0.383003,0.311224],"body_yaw":0.0,"check_collision":false},{"head":[[0.990497,-0.127068,0.052633,-0.008149],[0.127885,0.991711,-0.012451,-0.002686],[-0.050615,0.019064,0.998536,-0.003443],[0.0,0.0,0.0,1.0]],"antennas":[-0.383003,0.311224],"body_yaw":0.0,"check_collision":false},{"head":[[0.989809,-0.132659,0.051765,-0.007633],[0.133228,0.991056,-0.007694,-0.003097],[-0.050282,0.014512,0.99863,-0.004062],[0.0,0.0,0.0,1.0]],"antennas":[-0.383003,0.311224],"body_yaw":0.0,"check_collision":false},{"head":[[0.98872,-0.139934,0.053398,-0.007134],[0.140306,0.990103,-0.003263,-0.003516],[-0.052413,0.010718,0.998568,-0.004504],[0.0,0.0,0.0,1.0]],"antennas":[-0.383003,0.311224],"body_yaw":0.0,"check_collision":false},{"head":[[0.988199,-0.143795,0.052778,-0.006656],[0.143934,0.989587,0.00117,-0.003584],[-0.052397,0.006441,0.998606,-0.00503],[0.0,0.0,0.0,1.0]],"antennas":[-0.383003,0.311224],"body_yaw":0.0,"check_collision":false},{"head":[[0.987754,-0.146981,0.052334,-0.006332],[0.146934,0.989135,0.004753,-0.003569],[-0.052464,0.002994,0.998618,-0.005355],[0.0,0.0,0.0,1.0]],"antennas":[-0.383003,0.311224],"body_yaw":0.0,"check_collision":false},{"head":[[0.987429,-0.149496,0.051334,-0.00615],[0.149263,0.988762,0.00835,-0.003786],[-0.052005,-0.000583,0.998647,-0.005523],[0.0,0.0,0.0,1.0]],"antennas":[-0.383003,0.311224],"body_yaw":0.0,"check_collision":false},{"head":[[0.986678,-0.153494,0.053901,-0.00591],[0.153082,0.988144,0.011718,-0.003926],[-0.05506,-0.003311,0.998478,-0.005711],[0.0,0.0,0.0,1.0]],"antennas":[-0.383003,0.311224],"body_yaw":0.0,"check_collision":false},{"head":[[0.98611,-0.156202,0.056466,-0.005691],[0.155598,0.987707,0.014967,-0.004314],[-0.05811,-0.005973,0.998292,-0.005834],[0.0,0.0,0.0,1.0]],"antennas":[-0.383003,0.311224],"body_yaw":0.0,"check_collision":false},{"head":[[0.985621,-0.158662,0.058111,-0.005476],[0.157909,0.987301,0.017358,-0.005135],[-0.060127,-0.007933,0.998159,-0.005499],[0.0,0.0,0.0,1.0]],"antennas":[-0.383003,0.311224],"body_yaw":0.0,"check_collision":false},{"head":[[0.985049,-0.161754,0.059274,-0.005337],[0.160837,0.986779,0.019949,-0.006078],[-0.061717,-0.010118,0.998042,-0.005185],[0.0,0.0,0.0,1.0]],"antennas":[-0.383003,0.311224],"body_yaw":0.0,"check_collision":false},{"head":[[0.984628,-0.164904,0.057573,-0.005358],[0.164073,0.986267,0.018908,-0.006168],[-0.059901,-0.009171,0.998162,-0.005374],[0.0,0.0,0.0,1.0]],"antennas":[-0.383003,0.311224],"body_yaw":0.0,"check_collision":false},{"head":[[0.98416,-0.167997,0.056628,-0.005442],[0.167249,0.985755,0.017726,-0.006558],[-0.058799,-0.007974,0.998238,-0.005217],[0.0,0.0,0.0,1.0]],"antennas":[-0.383003,0.311224],"body_yaw":0.0,"check_collision":false},{"head":[[0.983641,-0.171101,0.056353,-0.005535],[0.170446,0.985233,0.01626,-0.006776],[-0.058303,-0.006389,0.998278,-0.005144],[0.0,0.0,0.0,1.0]],"antennas":[-0.383003,0.311224],"body_yaw":0.0,"check_collision":false},{"head":[[0.982744,-0.176418,0.0556,-0.005506],[0.175928,0.984309,0.013621,-0.007045],[-0.057131,-0.003605,0.99836,-0.005109],[0.0,0.0,0.0,1.0]],"antennas":[-0.383003,0.311224],"body_yaw":0.0,"check_collision":false},{"head":[[0.981661,-0.183207,0.052701,-0.005454],[0.182811,0.983071,0.012286,-0.007537],[-0.054059,-0.002426,0.998535,-0.004936],[0.0,0.0,0.0,1.0]],"antennas":[-0.383003,0.311224],"body_yaw":0.0,"check_collision":false},{"head":[[0.980856,-0.188537,0.048727,-0.005541],[0.188196,0.982064,0.01153,-0.007846],[-0.050027,-0.002139,0.998746,-0.004799],[0.0,0.0,0.0,1.0]],"antennas":[-0.383003,0.311224],"body_yaw":0.0,"check_collision":false},{"head":[[0.98003,-0.193594,0.04541,-0.005587],[0.193367,0.981082,0.009378,-0.008364],[-0.046366,-0.00041,0.998924,-0.004585],[0.0,0.0,0.0,1.0]],"antennas":[-0.383003,0.311224],"body_yaw":0.0,"check_collision":false},{"head":[[0.979145,-0.198388,0.043776,-0.005573],[0.198242,0.980123,0.007708,-0.008898],[-0.044435,0.001131,0.999012,-0.004392],[0.0,0.0,0.0,1.0]],"antennas":[-0.383003,0.311224],"body_yaw":0.0,"check_collision":false},{"head":[[0.978425,-0.202048,0.043137,-0.005359],[0.201998,0.97937,0.005564,-0.009914],[-0.043372,0.00327,0.999054,-0.004217],[0.0,0.0,0.0,1.0]],"antennas":[-0.383003,0.311224],"body_yaw":0.0,"check_collision":false},{"head":[[0.977903,-0.204612,0.042888,-0.005311],[0.204602,0.978834,0.004675,-0.010253],[-0.042937,0.004203,0.999069,-0.00414],[0.0,0.0,0.0,1.0]],"antennas":[-0.383003,0.311224],"body_yaw":0.0,"check_collision":false},{"head":[[0.977171,-0.208489,0.040847,-0.005457],[0.208558,0.978006,0.00261,-0.010258],[-0.040493,0.005969,0.999162,-0.004344],[0.0,0.0,0.0,1.0]],"antennas":[-0.383003,0.311224],"body_yaw":0.0,"check_collision":false},{"head":[[0.976279,-0.213646,0.035128,-0.005428],[0.213766,0.976885,0.000354,-0.010493],[-0.034391,0.007163,0.999383,-0.004366],[0.0,0.0,0.0,1.0]],"antennas":[-0.383003,0.311224],"body_yaw":0.0,"check_collision":false},{"head":[[0.975444,-0.218185,0.030053,-0.005501],[0.218378,0.975859,-0.003232,-0.010521],[-0.028623,0.009716,0.999543,-0.004392],[0.0,0.0,0.0,1.0]],"antennas":[-0.383003,0.311224],"body_yaw":0.0,"check_collision":false},{"head":[[0.975067,-0.219868,0.030055,-0.005615],[0.220134,0.975452,-0.00581,-0.010406],[-0.028039,0.012281,0.999531,-0.004619],[0.0,0.0,0.0,1.0]],"antennas":[-0.383003,0.311224],"body_yaw":0.0,"check_collision":false},{"head":[[0.975202,-0.218977,0.032092,-0.005629],[0.219285,0.97564,-0.006371,-0.010595],[-0.029915,0.01325,0.999465,-0.004699],[0.0,0.0,0.0,1.0]],"antennas":[-0.383003,0.311224],"body_yaw":0.0,"check_collision":false},{"head":[[0.974669,-0.220659,0.036468,-0.005682],[0.221136,0.975196,-0.009566,-0.01093],[-0.033453,0.017388,0.999289,-0.004683],[0.0,0.0,0.0,1.0]],"antennas":[-0.383003,0.311224],"body_yaw":0.0,"check_collision":false},{"head":[[0.974667,-0.219863,0.041047,-0.005895],[0.220673,0.975211,-0.016325,-0.010879],[-0.03644,0.024969,0.999024,-0.004701],[0.0,0.0,0.0,1.0]],"antennas":[-0.383003,0.311224],"body_yaw":0.0,"check_collision":false},{"head":[[0.97447,-0.221013,0.03952,-0.006005],[0.221803,0.974947,-0.016797,-0.010811],[-0.034818,0.025133,0.999078,-0.004558],[0.0,0.0,0.0,1.0]],"antennas":[-0.383003,0.311224],"body_yaw":0.0,"check_collision":false}]}