{"description":"A reaction of surprise or amazement to something unexpected.","time":[0.0,0.02,0.04,0.06,0.08,0.1,0.12,0.14,0.16,0.18,0.2,0.22,0.24,0.26,0.28,0.3,0.32,0.34,0.36,0.38,0.4,0.42,0.44,0.46,0.48,0.5,0.52,0.54,0.56,0.58,0.6,0.62,0.64,0.66,0.68,0.7,0.72,0.74,0.76,0.78,0.8,0.82,0.84,0.86,0.88,0.9,0.92,0.94,0.96,0.98,1.0,1.02,1.04,1.06,1.08,1.1,1.12,1.14,1.16,1.18,1.2,1.22,1.24,1.26,1.28,1.3,1.32,1.34,1.36,1.38,1.4,1.42,1.44,1.46,1.48,1.5,1.52,1.54,1.56,1.58,1.6,1.62,1.64,1.66,1.68,1.7,1.72,1.74,1.76,1.78,1.8,1.82,1.84,1.86,1.88,1.9,1.92,1.94,1.96,1.98,2.0,2.02,2.04,2.06,2.08,2.1,2.12,2.14,2.16,2.18,2.2,2.22,2.24,2.26,2.28,2.3,2.32,2.34,2.36,2.38,2.4,2.42,2.44,2.46,2.48],"set_target_data":[{"head":[[0.985984,0.144958,-0.0826,-0.0115],[-0.145942,0.989275,-0.005969,-0.002624],[0.080848,0.01794,0.996565,0.012684],[0.0,0.0,0.0,1.0]],"antennas":[0.047991,0.371692],"body_yaw":-0.145866,"check_collision":false},{"head":[[0.985961,0.145175,-0.082492,-0.011375],[-0.146135,0.989248,-0.005695,-0.002625],[0.080778,0.01767,0.996575,0.012644],[0.0,0.0,0.0,1.0]],"antennas":[0.047991,0.371692],"body_yaw":-0.145866,"check_collision":false},{"head":[[0.985984,0.145235,-0.082118,-0.011324],[-0.146174,0.989244,-0.005512,-0.002723],[0.080434,0.017439,0.996607,0.012653],[0.0,0.0,0.0,1.0]],"antennas":[0.047991,0.371692],"body_yaw":-0.145866,"check_collision":false},{"head":[[0.986027,0.145074,-0.081878,-0.011346],[-0.14601,0.989268,-0.005521,-0.002782],[0.080198,0.017399,0.996627,0.012649],[0.0,0.0,0.0,1.0]],"antennas":[0.047991,0.371692],"body_yaw":-0.145866,"check_collision":false},{"head":[[0.986084,0.144824,-0.081637,-0.01135],[-0.145783,0.989299,-0.005874,-0.002847],[0.079913,0.017694,0.996645,0.012675],[0.0,0.0,0.0,1.0]],"antennas":[0.047991,0.371692],"body_yaw":-0.145866,"check_collision":false},{"head":[[0.986064,0.144928,-0.081692,-0.01148],[-0.145892,0.989283,-0.005924,-0.002986],[0.079958,0.01776,0.99664,0.012756],[0.0,0.0,0.0,1.0]],"antennas":[0.047991,0.371692],"body_yaw":-0.145866,"check_collision":false},{"head":[[0.986084,0.144889,-0.081518,-0.011576],[-0.145868,0.989285,-0.006157,-0.003219],[0.079752,0.017962,0.996653,0.012875],[0.0,0.0,0.0,1.0]],"antennas":[0.047991,0.371692],"body_yaw":-0.145866,"check_collision":false},{"head":[[0.9861,0.144847,-0.081402,-0.011612],[-0.145823,0.989292,-0.006144,-0.003324],[0.07964,0.017928,0.996662,0.012929],[0.0,0.0,0.0,1.0]],"antennas":[0.047991,0.371692],"body_yaw":-0.145866,"check_collision":false},{"head":[[0.986099,0.14494,-0.081249,-0.011749],[-0.145909,0.989279,-0.006091,-0.003462],[0.079495,0.017861,0.996675,0.013135],[0.0,0.0,0.0,1.0]],"antennas":[0.047991,0.371692],"body_yaw":-0.145866,"check_collision":false},{"head":[[0.986096,0.145066,-0.081055,-0.011846],[-0.146039,0.989259,-0.006181,-0.003667],[0.079288,0.017932,0.99669,0.013217],[0.0,0.0,0.0,1.0]],"antennas":[0.047991,0.371692],"body_yaw":-0.145866,"check_collision":false},{"head":[[0.986128,0.145026,-0.080741,-0.011899],[-0.146006,0.989263,-0.006345,-0.003782],[0.078954,0.018046,0.996715,0.013258],[0.0,0.0,0.0,1.0]],"antennas":[0.047991,0.371692],"body_yaw":-0.145866,"check_collision":false},{"head":[[0.986168,0.144848,-0.080567,-0.011992],[-0.145841,0.989286,-0.006555,-0.003937],[0.078754,0.018214,0.996728,0.013328],[0.0,0.0,0.0,1.0]],"antennas":[0.047991,0.371692],"body_yaw":-0.145866,"check_collision":false},{"head":[[0.986185,0.144797,-0.080458,-0.011678],[-0.14578,0.989296,-0.00644,-0.003756],[0.078665,0.01808,0.996737,0.013323],[0.0,0.0,0.0,1.0]],"antennas":[0.047991,0.371692],"body_yaw":-0.145866,"check_collision":false},{"head":[[0.986192,0.144889,-0.080203,-0.011597],[-0.145868,0.989283,-0.00645,-0.003678],[0.078409,0.01806,0.996758,0.013182],[0.0,0.0,0.0,1.0]],"antennas":[0.047991,0.371692],"body_yaw":-0.145866,"check_collision":false},{"head":[[0.9862,0.144764,-0.080325,-0.011585],[-0.145756,0.989299,-0.006594,-0.003694],[0.078511,0.018211,0.996747,0.013165],[0.0,0.0,0.0,1.0]],"antennas":[0.047991,0.371692],"body_yaw":-0.145866,"check_collision":false},{"head":[[0.986187,0.144707,-0.080597,-0.011319],[-0.14568,0.989312,-0.006302,-0.00328],[0.078824,0.017956,0.996727,0.012881],[0.0,0.0,0.0,1.0]],"antennas":[0.047991,0.371692],"body_yaw":-0.145866,"check_collision":false},{"head":[[0.986168,0.144822,-0.080615,-0.011328],[-0.145784,0.989297,-0.00615,-0.00325],[0.078861,0.017817,0.996726,0.012829],[0.0,0.0,0.0,1.0]],"antennas":[0.047991,0.371692],"body_yaw":-0.145866,"check_collision":false},{"head":[[0.986182,0.144841,-0.080414,-0.01135],[-0.145791,0.989297,-0.006036,-0.003285],[0.078679,0.017676,0.996743,0.012848],[0.0,0.0,0.0,1.0]],"antennas":[0.047991,0.371692],"body_yaw":-0.145866,"check_collision":false},{"head":[[0.986198,0.144893,-0.080118,-0.011175],[-0.145831,0.989292,-0.005947,-0.003056],[0.078398,0.017549,0.996768,0.012822],[0.0,0.0,0.0,1.0]],"antennas":[0.047991,0.371692],"body_yaw":-0.145866,"check_collision":false},{"head":[[0.98618,0.144976,-0.080189,-0.011093],[-0.145918,0.989279,-0.005982,-0.002935],[0.078462,0.017601,0.996762,0.012646],[0.0,0.0,0.0,1.0]],"antennas":[0.047991,0.371692],"body_yaw":-0.145866,"check_collision":false},{"head":[[0.986154,0.14507,-0.080338,-0.0111],[-0.146002,0.989267,-0.005827,-0.002974],[0.078631,0.017476,0.996751,0.012645],[0.0,0.0,0.0,1.0]],"antennas":[0.047991,0.371692],"body_yaw":-0.145866,"check_collision":false},{"head":[[0.986173,0.144984,-0.080264,-0.010843],[-0.145887,0.989286,-0.005473,-0.002696],[0.078611,0.017107,0.996759,0.012446],[0.0,0.0,0.0,1.0]],"antennas":[0.047991,0.371692],"body_yaw":-0.145866,"check_collision":false},{"head":[[0.986147,0.145126,-0.080325,-0.010989],[-0.146029,0.989265,-0.005453,-0.002835],[0.078671,0.017107,0.996754,0.012475],[0.0,0.0,0.0,1.0]],"antennas":[0.047991,0.371692],"body_yaw":-0.145866,"check_collision":false},{"head":[[0.986171,0.145038,-0.080189,-0.010823],[-0.145934,0.98928,-0.005396,-0.002626],[0.078546,0.017024,0.996765,0.012343],[0.0,0.0,0.0,1.0]],"antennas":[0.047991,0.371692],"body_yaw":-0.145866,"check_collision":false},{"head":[[0.986204,0.144845,-0.080132,-0.01082],[-0.14575,0.989306,-0.005527,-0.002561],[0.078475,0.01713,0.996769,0.01234],[0.0,0.0,0.0,1.0]],"antennas":[0.047991,0.371692],"body_yaw":-0.145866,"check_collision":false},{"head":[[0.986186,0.144851,-0.080346,-0.010768],[-0.145749,0.989307,-0.005396,-0.002394],[0.078706,0.017032,0.996752,0.012366],[0.0,0.0,0.0,1.0]],"antennas":[0.047991,0.371692],"body_yaw":-0.145866,"check_collision":false},{"head":[[0.986191,0.14473,-0.080499,-0.010859],[-0.145644,0.989321,-0.005565,-0.00247],[0.078834,0.017212,0.996739,0.012422],[0.0,0.0,0.0,1.0]],"antennas":[0.047991,0.371692],"body_yaw":-0.145866,"check_collision":false},{"head":[[0.9862,0.144759,-0.080334,-0.010991],[-0.145688,0.989314,-0.005797,-0.002706],[0.078636,0.017421,0.996751,0.012481],[0.0,0.0,0.0,1.0]],"antennas":[0.047991,0.371692],"body_yaw":-0.145866,"check_collision":false},{"head":[[0.986202,0.144703,-0.080421,-0.010904],[-0.145633,0.989322,-0.005793,-0.002655],[0.078724,0.017425,0.996744,0.012452],[0.0,0.0,0.0,1.0]],"antennas":[0.047991,0.371692],"body_yaw":-0.145866,"check_collision":false},{"head":[[0.986237,0.144565,-0.080231,-0.010923],[-0.145517,0.989337,-0.006115,-0.002679],[0.078492,0.017706,0.996758,0.012455],[0.0,0.0,0.0,1.0]],"antennas":[0.047991,0.371692],"body_yaw":-0.145866,"check_collision":false},{"head":[[0.986241,0.144546,-0.080214,-0.010814],[-0.145508,0.989337,-0.006251,-0.002513],[0.078455,0.017837,0.996758,0.012317],[0.0,0.0,0.0,1.0]],"antennas":[0.047991,0.371692],"body_yaw":-0.145866,"check_collision":false},{"head":[[0.986227,0.144525,-0.080434,-0.010845],[-0.145474,0.989344,-0.006038,-0.002485],[0.078704,0.017656,0.996742,0.012286],[0.0,0.0,0.0,1.0]],"antennas":[0.047991,0.371692],"body_yaw":-0.145866,"check_collision":false},{"head":[[0.986243,0.144353,-0.080537,-0.010884],[-0.145292,0.989371,-0.00589,-0.002512],[0.078831,0.01751,0.996734,0.012315],[0.0,0.0,0.0,1.0]],"antennas":[0.047991,0.371692],"body_yaw":-0.145866,"check_collision":false},{"head":[[0.986253,0.14426,-0.08059,-0.01087],[-0.145196,0.989386,-0.005844,-0.002463],[0.078892,0.017465,0.99673,0.012289],[0.0,0.0,0.0,1.0]],"antennas":[0.047991,0.371692],"body_yaw":-0.145866,"check_collision":false},{"head":[[0.986288,0.14408,-0.080484,-0.010907],[-0.145022,0.989411,-0.005947,-0.002543],[0.078775,0.017537,0.996738,0.012337],[0.0,0.0,0.0,1.0]],"antennas":[0.047991,0.371692],"body_yaw":-0.145866,"check_collision":false},{"head":[[0.986274,0.144298,-0.080261,-0.010636],[-0.145235,0.989379,-0.005927,-0.002325],[0.078553,0.017502,0.996756,0.012217],[0.0,0.0,0.0,1.0]],"antennas":[0.047991,0.371692],"body_yaw":-0.145866,"check_collision":false},{"head":[[0.986233,0.144678,-0.080082,-0.01059],[-0.145589,0.989329,-0.005635,-0.002332],[0.078412,0.017217,0.996772,0.012202],[0.0,0.0,0.0,1.0]],"antennas":[0.047991,0.371692],"body_yaw":-0.145866,"check_collision":false},{"head":[[0.986239,0.144697,-0.079975,-0.010641],[-0.145571,0.989334,-0.005179,-0.002396],[0.078372,0.016749,0.996783,0.012276],[0.0,0.0,0.0,1.0]],"antennas":[0.047991,0.371692],"body_yaw":-0.145866,"check_collision":false},{"head":[[0.986245,0.14458,-0.08011,-0.010682],[-0.145442,0.989354,-0.005005,-0.002408],[0.078533,0.016587,0.996773,0.012302],[0.0,0.0,0.0,1.0]],"antennas":[0.047991,0.371692],"body_yaw":-0.145866,"check_collision":false},{"head":[[0.986231,0.144568,-0.0803,-0.010643],[-0.145434,0.989355,-0.005014,-0.002476],[0.07872,0.016623,0.996758,0.012315],[0.0,0.0,0.0,1.0]],"antennas":[0.047991,0.371692],"body_yaw":-0.145866,"check_collision":false},{"head":[[0.986249,0.144458,-0.080281,-0.010555],[-0.145324,0.989371,-0.005029,-0.002342],[0.078701,0.016626,0.99676,0.012215],[0.0,0.0,0.0,1.0]],"antennas":[0.047991,0.371692],"body_yaw":-0.145866,"check_collision":false},{"head":[[0.986289,0.144191,-0.080272,-0.010562],[-0.145062,0.989409,-0.005094,-0.002304],[0.078687,0.016669,0.99676,0.012218],[0.0,0.0,0.0,1.0]],"antennas":[0.047991,0.371692],"body_yaw":-0.145866,"check_collision":false},{"head":[[0.986306,0.144073,-0.080274,-0.010534],[-0.144944,0.989427,-0.005101,-0.002267],[0.07869,0.016666,0.99676,0.012217],[0.0,0.0,0.0,1.0]],"antennas":[0.047991,0.371692],"body_yaw":-0.145866,"check_collision":false},{"head":[[0.986311,0.144012,-0.080321,-0.010552],[-0.144885,0.989435,-0.005115,-0.002324],[0.078736,0.016682,0.996756,0.012258],[0.0,0.0,0.0,1.0]],"antennas":[0.047991,0.371692],"body_yaw":-0.145866,"check_collision":false},{"head":[[0.986332,0.144007,-0.080074,-0.010572],[-0.144865,0.989439,-0.004981,-0.002423],[0.078511,0.016513,0.996776,0.012298],[0.0,0.0,0.0,1.0]],"antennas":[0.033601,0.371692],"body_yaw":-0.145866,"check_collision":false},{"head":[[0.986355,0.144066,-0.079674,-0.01051],[-0.144903,0.989434,-0.00479,-0.002434],[0.078142,0.01627,0.996809,0.012298],[0.0,0.0,0.0,1.0]],"antennas":[0.00598,0.371692],"body_yaw":-0.145866,"check_collision":false},{"head":[[0.986448,0.143839,-0.078939,-0.01031],[-0.144678,0.989466,-0.004981,-0.002329],[0.077391,0.016335,0.996867,0.012256],[0.0,0.0,0.0,1.0]],"antennas":[-0.039546,0.407133],"body_yaw":-0.145866,"check_collision":false},{"head":[[0.986533,0.143847,-0.077847,-0.01009],[-0.144695,0.989462,-0.005341,-0.002396],[0.076258,0.016533,0.996951,0.012277],[0.0,0.0,0.0,1.0]],"antennas":[-0.115923,0.517156],"body_yaw":-0.145866,"check_collision":false},{"head":[[0.986629,0.144121,-0.076102,-0.009744],[-0.144985,0.989416,-0.005921,-0.002562],[0.074444,0.016876,0.997082,0.012286],[0.0,0.0,0.0,1.0]],"antennas":[-0.233965,0.675643],"body_yaw":-0.145866,"check_collision":false},{"head":[[0.986786,0.144042,-0.074193,-0.009336],[-0.144953,0.989414,-0.00701,-0.002786],[0.072397,0.017672,0.997219,0.012301],[0.0,0.0,0.0,1.0]],"antennas":[-0.383225,0.828983],"body_yaw":-0.145866,"check_collision":false},{"head":[[0.987005,0.14371,-0.071896,-0.00883],[-0.144645,0.989452,-0.007945,-0.003113],[0.069996,0.018241,0.99738,0.012329],[0.0,0.0,0.0,1.0]],"antennas":[-0.539178,0.986164],"body_yaw":-0.145866,"check_collision":false},{"head":[[0.987005,0.144913,-0.06943,-0.008017],[-0.145872,0.989263,-0.008916,-0.003752],[0.067393,0.018928,0.997547,0.012351],[0.0,0.0,0.0,1.0]],"antennas":[-0.696013,1.144234],"body_yaw":-0.145866,"check_collision":false},{"head":[[0.98642,0.14949,-0.068033,-0.006567],[-0.150521,0.988554,-0.010246,-0.004971],[0.065722,0.020347,0.99763,0.012501],[0.0,0.0,0.0,1.0]],"antennas":[-0.851303,1.300747],"body_yaw":-0.145866,"check_collision":false},{"head":[[0.984525,0.159347,-0.072928,-0.004249],[-0.160412,0.98701,-0.008945,-0.007014],[0.070555,0.020505,0.997297,0.012731],[0.0,0.0,0.0,1.0]],"antennas":[-1.00598,1.456642],"body_yaw":-0.145866,"check_collision":false},{"head":[[0.981639,0.175166,-0.075503,-0.00119],[-0.17616,0.984339,-0.006661,-0.009691],[0.073154,0.01984,0.997123,0.012767],[0.0,0.0,0.0,1.0]],"antennas":[-1.161384,1.61327],"body_yaw":-0.145866,"check_collision":false},{"head":[[0.979286,0.189858,-0.070371,0.002387],[-0.190538,0.981675,-0.003028,-0.013291],[0.068506,0.016374,0.997516,0.012521],[0.0,0.0,0.0,1.0]],"antennas":[-1.315762,1.768864],"body_yaw":-0.145866,"check_collision":false},{"head":[[0.976468,0.207172,-0.059921,0.006219],[-0.207352,0.978261,0.003262,-0.017662],[0.059294,0.00924,0.998198,0.011964],[0.0,0.0,0.0,1.0]],"antennas":[-1.47079,1.925112],"body_yaw":-0.145866,"check_collision":false},{"head":[[0.973154,0.225351,-0.046776,0.009549],[-0.224827,0.974263,0.016249,-0.022158],[0.049234,-0.005296,0.998773,0.011242],[0.0,0.0,0.0,1.0]],"antennas":[-1.625551,2.061164],"body_yaw":-0.145866,"check_collision":false},{"head":[[0.970224,0.238856,-0.040173,0.012099],[-0.237919,0.970917,0.026744,-0.025594],[0.045392,-0.01639,0.998835,0.010694],[0.0,0.0,0.0,1.0]],"antennas":[-1.737489,2.080417],"body_yaw":-0.145866,"check_collision":false},{"head":[[0.967299,0.25032,-0.040905,0.013901],[-0.249229,0.967981,0.029968,-0.026861],[0.047097,-0.018793,0.998714,0.010072],[0.0,0.0,0.0,1.0]],"antennas":[-1.737489,2.080417],"body_yaw":-0.145866,"check_collision":false},{"head":[[0.965971,0.254838,-0.044248,0.014785],[-0.253596,0.966787,0.031816,-0.02877],[0.050886,-0.019512,0.998514,0.010129],[0.0,0.0,0.0,1.0]],"antennas":[-1.737489,2.080417],"body_yaw":-0.145866,"check_collision":false},{"head":[[0.965238,0.256608,-0.049671,0.014784],[-0.255197,0.966324,0.033045,-0.029986],[0.056478,-0.01922,0.998219,0.010344],[0.0,0.0,0.0,1.0]],"antennas":[-1.737489,2.080417],"body_yaw":-0.145866,"check_collision":false},{"head":[[0.965241,0.256,-0.052675,0.015653],[-0.254486,0.966486,0.03379,-0.029169],[0.05956,-0.019211,0.99804,0.009836],[0.0,0.0,0.0,1.0]],"antennas":[-1.737489,2.080417],"body_yaw":-0.145866,"check_collision":false},{"head":[[0.965642,0.254006,-0.054927,0.015147],[-0.252369,0.966996,0.035037,-0.029247],[0.062014,-0.019971,0.997875,0.009894],[0.0,0.0,0.0,1.0]],"antennas":[-1.737489,2.080417],"body_yaw":-0.145866,"check_collision":false},{"head":[[0.965563,0.254157,-0.055604,0.014878],[-0.252418,0.966931,0.036459,-0.029108],[0.063032,-0.021168,0.997787,0.009529],[0.0,0.0,0.0,1.0]],"antennas":[-1.737489,2.080417],"body_yaw":-0.145866,"check_collision":false},{"head":[[0.965064,0.255999,-0.055822,0.015039],[-0.254211,0.966433,0.037203,-0.028276],[0.063472,-0.021713,0.997747,0.00881],[0.0,0.0,0.0,1.0]],"antennas":[-1.737489,2.080417],"body_yaw":-0.145866,"check_collision":false},{"head":[[0.9645,0.258008,-0.056311,0.015373],[-0.256093,0.965864,0.039036,-0.027275],[0.06446,-0.02323,0.99765,0.008044],[0.0,0.0,0.0,1.0]],"antennas":[-1.737489,2.080417],"body_yaw":-0.145866,"check_collision":false},{"head":[[0.964219,0.258756,-0.057685,0.015564],[-0.256675,0.965624,0.041097,-0.026637],[0.066336,-0.024821,0.997489,0.007734],[0.0,0.0,0.0,1.0]],"antennas":[-1.737489,2.080417],"body_yaw":-0.145866,"check_collision":false},{"head":[[0.96435,0.257899,-0.059307,0.01574],[-0.25566,0.965819,0.042796,-0.026349],[0.068317,-0.026108,0.997322,0.007796],[0.0,0.0,0.0,1.0]],"antennas":[-1.737489,2.080417],"body_yaw":-0.145866,"check_collision":false},{"head":[[0.964469,0.257043,-0.061056,0.016066],[-0.254694,0.966034,0.043688,-0.026135],[0.070212,-0.026585,0.997178,0.007835],[0.0,0.0,0.0,1.0]],"antennas":[-1.737489,2.080417],"body_yaw":-0.145866,"check_collision":false},{"head":[[0.964175,0.2579,-0.062087,0.016339],[-0.255423,0.965776,0.045123,-0.026026],[0.071599,-0.027648,0.99705,0.007772],[0.0,0.0,0.0,1.0]],"antennas":[-1.737489,2.080417],"body_yaw":-0.145866,"check_collision":false},{"head":[[0.963634,0.259529,-0.063678,0.015722],[-0.256904,0.965314,0.046581,-0.02588],[0.073559,-0.028527,0.996883,0.007677],[0.0,0.0,0.0,1.0]],"antennas":[-1.737489,2.080417],"body_yaw":-0.145866,"check_collision":false},{"head":[[0.96342,0.260104,-0.064552,0.015573],[-0.257432,0.965158,0.046884,-0.025937],[0.074498,-0.028551,0.996812,0.007861],[0.0,0.0,0.0,1.0]],"antennas":[-1.737489,2.080417],"body_yaw":-0.145866,"check_collision":false},{"head":[[0.963413,0.259877,-0.065574,0.015526],[-0.257107,0.965201,0.047783,-0.025706],[0.07571,-0.029175,0.996703,0.00797],[0.0,0.0,0.0,1.0]],"antennas":[-1.737489,2.080417],"body_yaw":-0.145866,"check_collision":false},{"head":[[0.96353,0.259325,-0.06603,0.015413],[-0.25648,0.965328,0.048574,-0.025508],[0.076337,-0.029867,0.996635,0.008074],[0.0,0.0,0.0,1.0]],"antennas":[-1.737489,2.080417],"body_yaw":-0.145866,"check_collision":false},{"head":[[0.963554,0.259216,-0.066108,0.015438],[-0.256401,0.96537,0.048159,-0.025405],[0.076302,-0.029453,0.99665,0.007988],[0.0,0.0,0.0,1.0]],"antennas":[-1.737489,2.080417],"body_yaw":-0.145866,"check_collision":false},{"head":[[0.963347,0.26007,-0.065774,0.015575],[-0.257259,0.965138,0.048242,-0.025261],[0.076027,-0.029553,0.996668,0.007955],[0.0,0.0,0.0,1.0]],"antennas":[-1.737489,2.080417],"body_yaw":-0.145866,"check_collision":false},{"head":[[0.963174,0.260912,-0.064969,0.015664],[-0.25812,0.964903,0.048342,-0.025086],[0.075302,-0.029792,0.996716,0.007941],[0.0,0.0,0.0,1.0]],"antennas":[-1.737489,2.080417],"body_yaw":-0.145866,"check_collision":false},{"head":[[0.963225,0.260713,-0.065017,0.015918],[-0.257949,0.964969,0.047937,-0.024629],[0.075237,-0.029403,0.996732,0.007775],[0.0,0.0,0.0,1.0]],"antennas":[-1.737489,2.080417],"body_yaw":-0.145866,"check_collision":false},{"head":[[0.963361,0.260009,-0.065806,0.016129],[-0.257248,0.965174,0.047578,-0.024228],[0.075885,-0.028907,0.996697,0.007558],[0.0,0.0,0.0,1.0]],"antennas":[-1.737489,2.07978],"body_yaw":-0.145866,"check_collision":false},{"head":[[0.963261,0.260074,-0.06701,0.015795],[-0.257264,0.96516,0.047759,-0.024483],[0.077097,-0.028765,0.996609,0.00762],[0.0,0.0,0.0,1.0]],"antennas":[-1.737489,2.038725],"body_yaw":-0.145866,"check_collision":false},{"head":[[0.963224,0.260372,-0.066371,0.015822],[-0.257567,0.96507,0.047947,-0.024499],[0.076537,-0.029088,0.996642,0.007527],[0.0,0.0,0.0,1.0]],"antennas":[-1.737164,1.929913],"body_yaw":-0.145866,"check_collision":false},{"head":[[0.963081,0.261225,-0.065089,0.015933],[-0.258464,0.964834,0.047874,-0.024563],[0.075306,-0.029283,0.99673,0.00735],[0.0,0.0,0.0,1.0]],"antennas":[-1.698624,1.802838],"body_yaw":-0.145866,"check_collision":false},{"head":[[0.962715,0.262754,-0.064344,0.016074],[-0.259962,0.964394,0.048626,-0.02464],[0.074829,-0.030086,0.996742,0.007184],[0.0,0.0,0.0,1.0]],"antennas":[-1.597759,1.676423],"body_yaw":-0.145866,"check_collision":false},{"head":[[0.962454,0.263854,-0.063743,0.016109],[-0.261026,0.964068,0.049386,-0.02438],[0.074483,-0.030893,0.996744,0.007461],[0.0,0.0,0.0,1.0]],"antennas":[-1.440686,1.548885],"body_yaw":-0.145866,"check_collision":false},{"head":[[0.962477,0.263755,-0.063806,0.01607],[-0.260968,0.964113,0.048796,-0.024168],[0.074386,-0.030314,0.996769,0.007543],[0.0,0.0,0.0,1.0]],"antennas":[-1.285045,1.422537],"body_yaw":-0.145866,"check_collision":false},{"head":[[0.962677,0.262971,-0.064031,0.0162],[-0.260259,0.96436,0.047693,-0.023526],[0.074291,-0.029249,0.996808,0.007382],[0.0,0.0,0.0,1.0]],"antennas":[-1.12857,1.295512],"body_yaw":-0.145866,"check_collision":false},{"head":[[0.962874,0.262388,-0.06345,0.016277],[-0.259838,0.96457,0.045708,-0.022893],[0.073195,-0.027525,0.996938,0.007082],[0.0,0.0,0.0,1.0]],"antennas":[-0.972728,1.169],"body_yaw":-0.145866,"check_collision":false},{"head":[[0.963992,0.259155,-0.059646,0.014811],[-0.257229,0.965599,0.038104,-0.022105],[0.067469,-0.021389,0.997492,0.007518],[0.0,0.0,0.0,1.0]],"antennas":[-0.816692,1.042331],"body_yaw":-0.145866,"check_collision":false},{"head":[[0.966875,0.250501,-0.049014,0.012959],[-0.249407,0.968011,0.027395,-0.020031],[0.054309,-0.014263,0.998422,0.008144],[0.0,0.0,0.0,1.0]],"antennas":[-0.660088,0.915202],"body_yaw":-0.145866,"check_collision":false},{"head":[[0.970962,0.236066,-0.038802,0.01061],[-0.235577,0.971711,0.016789,-0.017457],[0.041668,-0.00716,0.999106,0.009082],[0.0,0.0,0.0,1.0]],"antennas":[-0.504003,0.788493],"body_yaw":-0.145866,"check_collision":false},{"head":[[0.974407,0.222155,-0.034326,0.008555],[-0.221898,0.975006,0.011177,-0.015195],[0.035952,-0.003274,0.999348,0.009763],[0.0,0.0,0.0,1.0]],"antennas":[-0.348107,0.661938],"body_yaw":-0.145866,"check_collision":false},{"head":[[0.976522,0.213257,-0.030431,0.007303],[-0.213023,0.976988,0.010762,-0.013078],[0.032026,-0.004027,0.999479,0.010154],[0.0,0.0,0.0,1.0]],"antennas":[-0.192082,0.535278],"body_yaw":-0.145866,"check_collision":false},{"head":[[0.978026,0.207089,-0.024085,0.005786],[-0.206872,0.978304,0.011184,-0.011311],[0.025878,-0.005956,0.999647,0.010368],[0.0,0.0,0.0,1.0]],"antennas":[-0.060584,0.408623],"body_yaw":-0.145866,"check_collision":false},{"head":[[0.980152,0.197618,-0.015766,0.003712],[-0.197512,0.980267,0.008067,-0.009505],[0.017049,-0.004793,0.999843,0.010694],[0.0,0.0,0.0,1.0]],"antennas":[-0.010593,0.368241],"body_yaw":-0.145866,"check_collision":false},{"head":[[0.981994,0.188696,-0.009091,0.002457],[-0.188657,0.982031,0.004921,-0.00811],[0.009856,-0.003117,0.999947,0.010712],[0.0,0.0,0.0,1.0]],"antennas":[-0.010593,0.368241],"body_yaw":-0.145866,"check_collision":false},{"head":[[0.98355,0.180591,-0.004016,0.000762],[-0.180577,0.983554,0.003636,-0.007355],[0.004606,-0.002851,0.999985,0.011233],[0.0,0.0,0.0,1.0]],"antennas":[-0.010593,0.368241],"body_yaw":-0.145866,"check_collision":false},{"head":[[0.984703,0.174242,0.000171,-0.000383],[-0.174241,0.984697,0.003379,-0.007197],[0.00042,-0.003357,0.999994,0.011377],[0.0,0.0,0.0,1.0]],"antennas":[-0.010593,0.368241],"body_yaw":-0.145866,"check_collision":false},{"head":[[0.985375,0.170399,-0.000396,-0.00148],[-0.170395,0.985363,0.005099,-0.007542],[0.001259,-0.004957,0.999987,0.011947],[0.0,0.0,0.0,1.0]],"antennas":[-0.010593,0.368241],"body_yaw":-0.145866,"check_collision":false},{"head":[[0.986297,0.164974,-0.001375,-0.002878],[-0.164963,0.986281,0.006025,-0.008374],[0.00235,-0.005716,0.999981,0.012641],[0.0,0.0,0.0,1.0]],"antennas":[-0.010593,0.368241],"body_yaw":-0.145866,"check_collision":false},{"head":[[0.987667,0.156562,-0.00118,-0.003562],[-0.156555,0.987658,0.004657,-0.008289],[0.001895,-0.004414,0.999988,0.012841],[0.0,0.0,0.0,1.0]],"antennas":[-0.010593,0.368241],"body_yaw":-0.145866,"check_collision":false},{"head":[[0.989047,0.147595,-0.001225,-0.004207],[-0.147593,0.989047,0.001773,-0.008043],[0.001474,-0.001573,0.999998,0.013036],[0.0,0.0,0.0,1.0]],"antennas":[-0.010593,0.368241],"body_yaw":-0.145866,"check_collision":false},{"head":[[0.990206,0.139608,-0.001453,-0.004698],[-0.139608,0.990207,-8.1e-05,-0.008135],[0.001427,0.000283,0.999999,0.014011],[0.0,0.0,0.0,1.0]],"antennas":[-0.010593,0.368241],"body_yaw":-0.145866,"check_collision":false},{"head":[[0.990764,0.135583,-0.002174,-0.005269],[-0.135587,0.990764,-0.001672,-0.007917],[0.001927,0.001951,0.999996,0.014365],[0.0,0.0,0.0,1.0]],"antennas":[-0.010593,0.368241],"body_yaw":-0.145866,"check_collision":false},{"head":[[0.99108,0.133217,-0.003808,-0.006053],[-0.133225,0.991084,-0.001986,-0.008699],[0.003509,0.002475,0.999991,0.014658],[0.0,0.0,0.0,1.0]],"antennas":[-0.010593,0.368241],"body_yaw":-0.145866,"check_collision":false},{"head":[[0.991465,0.130175,-0.007134,-0.006447],[-0.13018,0.99149,-0.000265,-0.008859],[0.007039,0.001192,0.999975,0.014684],[0.0,0.0,0.0,1.0]],"antennas":[-0.010593,0.368241],"body_yaw":-0.145866,"check_collision":false},{"head":[[0.992205,0.124258,-0.009436,-0.007339],[-0.12425,0.99225,0.001422,-0.008923],[0.009539,-0.000239,0.999954,0.01517],[0.0,0.0,0.0,1.0]],"antennas":[-0.010593,0.368241],"body_yaw":-0.145866,"check_collision":false},{"head":[[0.992939,0.118195,-0.010116,-0.008409],[-0.118177,0.99299,0.002344,-0.009044],[0.010322,-0.001132,0.999946,0.015765],[0.0,0.0,0.0,1.0]],"antennas":[-0.010593,0.368241],"body_yaw":-0.145866,"check_collision":false},{"head":[[0.99358,0.112797,-0.008715,-0.009422],[-0.112789,0.993618,0.001425,-0.009213],[0.008821,-0.000433,0.999961,0.016264],[0.0,0.0,0.0,1.0]],"antennas":[-0.010593,0.368241],"body_yaw":-0.145866,"check_collision":false},{"head":[[0.993983,0.109254,-0.00785,-0.010199],[-0.109253,0.994014,0.00061,-0.009063],[0.00787,0.000252,0.999969,0.016414],[0.0,0.0,0.0,1.0]],"antennas":[-0.010593,0.368241],"body_yaw":-0.145866,"check_collision":false},{"head":[[0.994209,0.107182,-0.00781,-0.010949],[-0.107174,0.994239,0.001453,-0.009271],[0.007921,-0.000608,0.999968,0.016258],[0.0,0.0,0.0,1.0]],"antennas":[-0.010593,0.368241],"body_yaw":-0.145866,"check_collision":false},{"head":[[0.994101,0.108203,-0.007475,-0.011555],[-0.108181,0.994125,0.003381,-0.009617],[0.007797,-0.002553,0.999966,0.016211],[0.0,0.0,0.0,1.0]],"antennas":[-0.010593,0.368241],"body_yaw":-0.145866,"check_collision":false},{"head":[[0.994025,0.108981,-0.006123,-0.012345],[-0.108954,0.994037,0.004506,-0.00963],[0.006578,-0.003811,0.999971,0.016148],[0.0,0.0,0.0,1.0]],"antennas":[-0.010593,0.368241],"body_yaw":-0.145866,"check_collision":false},{"head":[[0.994214,0.107319,-0.004506,-0.012545],[-0.107298,0.994215,0.004836,-0.00867],[0.004999,-0.004325,0.999978,0.016207],[0.0,0.0,0.0,1.0]],"antennas":[-0.010593,0.368241],"body_yaw":-0.145866,"check_collision":false},{"head":[[0.994465,0.105055,-0.001804,-0.013129],[-0.105048,0.99446,0.003656,-0.008345],[0.002178,-0.003446,0.999992,0.016364],[0.0,0.0,0.0,1.0]],"antennas":[-0.010593,0.368241],"body_yaw":-0.145866,"check_collision":false},{"head":[[0.994602,0.103751,0.001597,-0.013174],[-0.103754,0.994601,0.002043,-0.008077],[-0.001376,-0.002198,0.999997,0.016233],[0.0,0.0,0.0,1.0]],"antennas":[-0.010593,0.368241],"body_yaw":-0.145866,"check_collision":false},{"head":[[0.994648,0.103287,0.002728,-0.01326],[-0.10329,0.994651,0.001093,-0.008118],[-0.002601,-0.001369,0.999996,0.016162],[0.0,0.0,0.0,1.0]],"antennas":[-0.010593,0.368241],"body_yaw":-0.145866,"check_collision":false},{"head":[[0.994899,0.100853,0.002036,-0.013375],[-0.100854,0.994901,0.00063,-0.008],[-0.001962,-0.000833,0.999998,0.016273],[0.0,0.0,0.0,1.0]],"antennas":[-0.010593,0.368241],"body_yaw":-0.145866,"check_collision":false},{"head":[[0.995328,0.096552,0.000719,-0.013745],[-0.096552,0.995328,-0.000753,-0.007816],[-0.000789,0.00068,0.999999,0.015654],[0.0,0.0,0.0,1.0]],"antennas":[-0.010593,0.368241],"body_yaw":-0.145866,"check_collision":false},{"head":[[0.995574,0.09398,0.000546,-0.013887],[-0.093978,0.99557,-0.002769,-0.007879],[-0.000804,0.002705,0.999996,0.015737],[0.0,0.0,0.0,1.0]],"antennas":[-0.010593,0.368241],"body_yaw":-0.145866,"check_collision":false},{"head":[[0.995611,0.093572,0.001885,-0.013603],[-0.093564,0.995606,-0.003867,-0.007697],[-0.002239,0.003674,0.999991,0.015785],[0.0,0.0,0.0,1.0]],"antennas":[-0.010593,0.368241],"body_yaw":-0.145866,"check_collision":false},{"head":[[0.995683,0.092794,0.002036,-0.01331],[-0.092785,0.995678,-0.004125,-0.007469],[-0.00241,0.003918,0.999989,0.015902],[0.0,0.0,0.0,1.0]],"antennas":[-0.010593,0.368241],"body_yaw":-0.145866,"check_collision":false},{"head":[[0.995851,0.090995,0.001207,-0.013136],[-0.090988,0.99584,-0.004862,-0.007299],[-0.001644,0.004732,0.999987,0.015931],[0.0,0.0,0.0,1.0]],"antennas":[-0.010593,0.368241],"body_yaw":-0.145866,"check_collision":false},{"head":[[0.995941,0.090001,0.000939,-0.012908],[-0.089995,0.995928,-0.005329,-0.007213],[-0.001415,0.005223,0.999985,0.015795],[0.0,0.0,0.0,1.0]],"antennas":[-0.010593,0.368241],"body_yaw":-0.145866,"check_collision":false},{"head":[[0.995963,0.08976,0.000796,-0.012829],[-0.089754,0.995946,-0.005971,-0.007273],[-0.001328,0.005876,0.999982,0.015692],[0.0,0.0,0.0,1.0]],"antennas":[-0.010593,0.368241],"body_yaw":-0.145866,"check_collision":false}]}