{"description":"You look up as if searching for a new idea, especially in complex or uncertain situations.","time":[0.0,0.02,0.04,0.06,0.08,0.1,0.12,0.14,0.16,0.18,0.2,0.22,0.24,0.26,0.28,0.3,0.32,0.34,0.36,0.38,0.4,0.42,0.44,0.46,0.48,0.5,0.52,0.54,0.56,0.58,0.6,0.62,0.64,0.66,0.68,0.7,0.72,0.74,0.76,0.78,0.8,0.82,0.84,0.86,0.88,0.9,0.92,0.94,0.96,0.98,1.0,1.02,1.04,1.06,1.08,1.1,1.12,1.14,1.16,1.18,1.2,1.22,1.24,1.26,1.28,1.3,1.32,1.34,1.36,1.38,1.4,1.42,1.44,1.46,1.48,1.5,1.52,1.54,1.56,1.58,1.6,1.62,1.64,1.66,1.68,1.7,1.72,1.74,1.76,1.78,1.8,1.82,1.84,1.86,1.88,1.9,1.92,1.94,1.96,1.98,2.0,2.02,2.04,2.06,2.08,2.1,2.12,2.14,2.16,2.18,2.2,2.22,2.24,2.26,2.28,2.3,2.32,2.34,2.36,2.38,2.4,2.42,2.44,2.46,2.48,2.5,2.52,2.54,2.56,2.58,2.6,2.62,2.64,2.66,2.68,2.7,2.72,2.74,2.76,2.78,2.8,2.82,2.84,2.86,2.88,2.9,2.92,2.94,2.96,2.98,3.0,3.02,3.04,3.06,3.08,3.1,3.12,3.14,3.16,3.18,3.2,3.22,3.24,3.26,3.28,3.3,3.32,3.34,3.36,3.38,3.4,3.42,3.44,3.46,3.48,3.5,3.52,3.54,3.56,3.58,3.6,3.62,3.64,3.66,3.68,3.7,3.72,3.74,3.76,3.78,3.8,3.82,3.84,3.86,3.88,3.9,3.92,3.94,3.96,3.98,4.0,4.02,4.04,4.06,4.08,4.1,4.12,4.14,4.16,4.18,4.2,4.22,4.24,4.26,4.28,4.3,4.32,4.34,4.36,4.38,4.4,4.42,4.44,4.46,4.48,4.5,4.52,4.54,4.56,4.58,4.6,4.62,4.64,4.66,4.68,4.7,4.72,4.74,4.76,4.78,4.8,4.82,4.84,4.86,4.88,4.9,4.92,4.94,4.96,4.98,5.0,5.02,5.04,5.06,5.08,5.1,5.12,5.14,5.16,5.18,5.2,5.22,5.24,5.26,5.28,5.3,5.32,5.34,5.36,5.38,5.4,5.42,5.44,5.46,5.48,5.5,5.52,5.54,5.56,5.58,5.6,5.62,5.64,5.66,5.68,5.7,5.72,5.74,5.76,5.78,5.8,5.82,5.84,5.86,5.88,5.9],"set_target_data":[{"head":[[0.997707,-0.066922,-0.010155,-0.007148],[0.066931,0.997757,0.000597,-0.006366],[0.010092,-0.001275,0.999948,0.014493],[0.0,0.0,0.0,1.0]],"antennas":[-0.166971,0.253743],"body_yaw":0.0,"check_collision":false},{"head":[[0.99772,-0.066716,-0.01015,-0.007114],[0.066725,0.997771,0.000525,-0.006301],[0.010092,-0.001201,0.999948,0.014464],[0.0,0.0,0.0,1.0]],"antennas":[-0.166971,0.253743],"body_yaw":0.0,"check_collision":false},{"head":[[0.997733,-0.066522,-0.010211,-0.007042],[0.066531,0.997784,0.000574,-0.006106],[0.01015,-0.001252,0.999948,0.014359],[0.0,0.0,0.0,1.0]],"antennas":[-0.166971,0.253743],"body_yaw":0.0,"check_collision":false},{"head":[[0.997733,-0.06644,-0.010675,-0.007067],[0.066451,0.997789,0.000726,-0.006101],[0.010603,-0.001434,0.999943,0.014399],[0.0,0.0,0.0,1.0]],"antennas":[-0.166971,0.253743],"body_yaw":0.0,"check_collision":false},{"head":[[0.997718,-0.066599,-0.011108,-0.007131],[0.066612,0.997779,0.000764,-0.006192],[0.011032,-0.001502,0.999938,0.014483],[0.0,0.0,0.0,1.0]],"antennas":[-0.166971,0.253743],"body_yaw":0.0,"check_collision":false},{"head":[[0.997702,-0.066824,-0.011149,-0.007144],[0.066837,0.997764,0.000816,-0.006141],[0.011069,-0.001559,0.999938,0.014483],[0.0,0.0,0.0,1.0]],"antennas":[-0.166971,0.253743],"body_yaw":0.0,"check_collision":false},{"head":[[0.9977,-0.066892,-0.010929,-0.007097],[0.066903,0.997759,0.000624,-0.006008],[0.010863,-0.001354,0.99994,0.014375],[0.0,0.0,0.0,1.0]],"antennas":[-0.166971,0.253743],"body_yaw":0.0,"check_collision":false},{"head":[[0.997705,-0.066836,-0.010886,-0.007085],[0.066848,0.997763,0.000702,-0.005941],[0.010815,-0.001428,0.99994,0.014361],[0.0,0.0,0.0,1.0]],"antennas":[-0.166971,0.253743],"body_yaw":0.0,"check_collision":false},{"head":[[0.997706,-0.066847,-0.010683,-0.007128],[0.066858,0.997762,0.000683,-0.005746],[0.010613,-0.001396,0.999943,0.014092],[0.0,0.0,0.0,1.0]],"antennas":[-0.166971,0.253743],"body_yaw":0.0,"check_collision":false},{"head":[[0.997705,-0.066927,-0.01024,-0.007228],[0.066937,0.997757,0.00067,-0.005641],[0.010173,-0.001354,0.999947,0.013973],[0.0,0.0,0.0,1.0]],"antennas":[-0.166971,0.253743],"body_yaw":0.0,"check_collision":false},{"head":[[0.997709,-0.067066,-0.008901,-0.007361],[0.067076,0.997747,0.000853,-0.005704],[0.008824,-0.001448,0.99996,0.014062],[0.0,0.0,0.0,1.0]],"antennas":[-0.166971,0.253743],"body_yaw":0.0,"check_collision":false},{"head":[[0.997678,-0.067742,-0.007117,-0.007548],[0.067752,0.997701,0.001254,-0.005851],[0.007016,-0.001733,0.999974,0.014297],[0.0,0.0,0.0,1.0]],"antennas":[-0.166971,0.253743],"body_yaw":0.0,"check_collision":false},{"head":[[0.99766,-0.06808,-0.006331,-0.007668],[0.068095,0.997677,0.002112,-0.005861],[0.006172,-0.002538,0.999978,0.014334],[0.0,0.0,0.0,1.0]],"antennas":[-0.166971,0.253743],"body_yaw":0.0,"check_collision":false},{"head":[[0.997732,-0.066821,-0.008154,-0.007468],[0.066853,0.997756,0.003725,-0.005584],[0.007887,-0.004261,0.99996,0.014129],[0.0,0.0,0.0,1.0]],"antennas":[-0.166971,0.253743],"body_yaw":0.0,"check_collision":false},{"head":[[0.997882,-0.064053,-0.011341,-0.007218],[0.064096,0.997938,0.003461,-0.005416],[0.011096,-0.004181,0.99993,0.013843],[0.0,0.0,0.0,1.0]],"antennas":[-0.166971,0.253743],"body_yaw":0.0,"check_collision":false},{"head":[[0.997963,-0.062195,-0.014226,-0.007028],[0.062235,0.998059,0.002374,-0.005444],[0.014051,-0.003255,0.999896,0.013687],[0.0,0.0,0.0,1.0]],"antennas":[-0.166971,0.253743],"body_yaw":0.0,"check_collision":false},{"head":[[0.997991,-0.061285,-0.016088,-0.006905],[0.061321,0.998117,0.00172,-0.005339],[0.015953,-0.002703,0.999869,0.013502],[0.0,0.0,0.0,1.0]],"antennas":[-0.166971,0.253743],"body_yaw":0.0,"check_collision":false},{"head":[[0.998009,-0.060822,-0.016702,-0.006797],[0.060856,0.998145,0.001516,-0.004877],[0.016579,-0.002529,0.999859,0.013278],[0.0,0.0,0.0,1.0]],"antennas":[-0.166971,0.253743],"body_yaw":0.0,"check_collision":false},{"head":[[0.998012,-0.060819,-0.016526,-0.006861],[0.060857,0.998145,0.001784,-0.004895],[0.016387,-0.002786,0.999862,0.01346],[0.0,0.0,0.0,1.0]],"antennas":[-0.166971,0.253743],"body_yaw":0.0,"check_collision":false},{"head":[[0.998008,-0.060848,-0.016679,-0.006948],[0.060902,0.99814,0.002748,-0.004941],[0.016481,-0.003758,0.999857,0.013631],[0.0,0.0,0.0,1.0]],"antennas":[-0.166971,0.253743],"body_yaw":0.0,"check_collision":false},{"head":[[0.997984,-0.061096,-0.0172,-0.006956],[0.061174,0.998119,0.004078,-0.004844],[0.016919,-0.005122,0.999844,0.013744],[0.0,0.0,0.0,1.0]],"antennas":[-0.166971,0.253743],"body_yaw":0.0,"check_collision":false},{"head":[[0.997954,-0.061145,-0.018688,-0.00695],[0.061261,0.998106,0.005697,-0.004684],[0.018304,-0.00683,0.999809,0.013734],[0.0,0.0,0.0,1.0]],"antennas":[-0.166971,0.253743],"body_yaw":0.0,"check_collision":false},{"head":[[0.99785,-0.061652,-0.022229,-0.006914],[0.061836,0.998057,0.007702,-0.004732],[0.021711,-0.00906,0.999723,0.013698],[0.0,0.0,0.0,1.0]],"antennas":[-0.166971,0.253743],"body_yaw":0.0,"check_collision":false},{"head":[[0.997686,-0.062025,-0.027851,-0.006812],[0.062301,0.998015,0.009173,-0.004731],[0.027226,-0.010887,0.99957,0.013631],[0.0,0.0,0.0,1.0]],"antennas":[-0.166971,0.253743],"body_yaw":0.0,"check_collision":false},{"head":[[0.997521,-0.062434,-0.032452,-0.006706],[0.0628,0.997972,0.010367,-0.004566],[0.031739,-0.012379,0.99942,0.013521],[0.0,0.0,0.0,1.0]],"antennas":[-0.166971,0.253743],"body_yaw":0.0,"check_collision":false},{"head":[[0.997435,-0.062681,-0.034573,-0.006644],[0.063087,0.99795,0.010779,-0.004387],[0.033826,-0.012933,0.999344,0.013499],[0.0,0.0,0.0,1.0]],"antennas":[-0.166971,0.253743],"body_yaw":0.0,"check_collision":false},{"head":[[0.997463,-0.062057,-0.034874,-0.006488],[0.062458,0.997992,0.010528,-0.004411],[0.03415,-0.012679,0.999336,0.013485],[0.0,0.0,0.0,1.0]],"antennas":[-0.166971,0.253743],"body_yaw":0.0,"check_collision":false},{"head":[[0.997498,-0.061806,-0.03431,-0.006316],[0.062196,0.99801,0.010421,-0.004457],[0.033597,-0.012529,0.999357,0.013457],[0.0,0.0,0.0,1.0]],"antennas":[-0.166971,0.253743],"body_yaw":0.0,"check_collision":false},{"head":[[0.997514,-0.061872,-0.033743,-0.006176],[0.062261,0.998004,0.010604,-0.004348],[0.033019,-0.012678,0.999374,0.013489],[0.0,0.0,0.0,1.0]],"antennas":[-0.166971,0.253743],"body_yaw":0.0,"check_collision":false},{"head":[[0.997523,-0.062018,-0.033186,-0.006114],[0.062401,0.997994,0.010647,-0.004191],[0.032459,-0.012692,0.999392,0.013444],[0.0,0.0,0.0,1.0]],"antennas":[-0.166971,0.253743],"body_yaw":0.0,"check_collision":false},{"head":[[0.997544,-0.062065,-0.032477,-0.00604],[0.062448,0.997988,0.010931,-0.004104],[0.031734,-0.012932,0.999413,0.013327],[0.0,0.0,0.0,1.0]],"antennas":[-0.166971,0.253743],"body_yaw":0.0,"check_collision":false},{"head":[[0.997571,-0.061932,-0.031872,-0.005942],[0.062322,0.997991,0.011411,-0.004126],[0.031101,-0.01337,0.999427,0.013333],[0.0,0.0,0.0,1.0]],"antennas":[-0.166971,0.253743],"body_yaw":0.0,"check_collision":false},{"head":[[0.997606,-0.061683,-0.031255,-0.005845],[0.062067,0.998006,0.011451,-0.004065],[0.030486,-0.013364,0.999446,0.013326],[0.0,0.0,0.0,1.0]],"antennas":[-0.166971,0.253743],"body_yaw":0.0,"check_collision":false},{"head":[[0.99766,-0.061178,-0.030541,-0.005807],[0.061545,0.998041,0.011214,-0.003992],[0.029795,-0.013067,0.999471,0.013296],[0.0,0.0,0.0,1.0]],"antennas":[-0.166971,0.253743],"body_yaw":0.0,"check_collision":false},{"head":[[0.99769,-0.060932,-0.030038,-0.005802],[0.061292,0.998057,0.011185,-0.004047],[0.029298,-0.013,0.999486,0.013236],[0.0,0.0,0.0,1.0]],"antennas":[-0.166971,0.253743],"body_yaw":0.0,"check_collision":false},{"head":[[0.997705,-0.060834,-0.029722,-0.005789],[0.061201,0.998058,0.011595,-0.004061],[0.028959,-0.013388,0.999491,0.013184],[0.0,0.0,0.0,1.0]],"antennas":[-0.166971,0.253743],"body_yaw":0.0,"check_collision":false},{"head":[[0.997711,-0.060734,-0.029734,-0.00581],[0.061118,0.998056,0.012198,-0.004076],[0.028935,-0.013987,0.999483,0.013248],[0.0,0.0,0.0,1.0]],"antennas":[-0.166971,0.253743],"body_yaw":0.0,"check_collision":false},{"head":[[0.997702,-0.060653,-0.030203,-0.005838],[0.061063,0.998051,0.012827,-0.004142],[0.029366,-0.014642,0.999461,0.013404],[0.0,0.0,0.0,1.0]],"antennas":[-0.166971,0.253743],"body_yaw":0.0,"check_collision":false},{"head":[[0.997714,-0.060307,-0.030499,-0.005822],[0.060733,0.998066,0.013225,-0.004178],[0.029643,-0.015047,0.999447,0.013507],[0.0,0.0,0.0,1.0]],"antennas":[-0.166971,0.253743],"body_yaw":0.0,"check_collision":false},{"head":[[0.997759,-0.059709,-0.03018,-0.005722],[0.060133,0.998101,0.013323,-0.004522],[0.029327,-0.015108,0.999456,0.013863],[0.0,0.0,0.0,1.0]],"antennas":[-0.166971,0.253743],"body_yaw":0.0,"check_collision":false},{"head":[[0.997822,-0.058733,-0.030019,-0.00563],[0.059169,0.998152,0.013869,-0.004611],[0.029149,-0.015615,0.999453,0.013786],[0.0,0.0,0.0,1.0]],"antennas":[-0.166971,0.253743],"body_yaw":0.0,"check_collision":false},{"head":[[0.997841,-0.05823,-0.030378,-0.005644],[0.058703,0.998164,0.014903,-0.004959],[0.029454,-0.016654,0.999427,0.013736],[0.0,0.0,0.0,1.0]],"antennas":[-0.166971,0.253743],"body_yaw":0.0,"check_collision":false},{"head":[[0.997814,-0.058083,-0.031511,-0.005641],[0.058615,0.998149,0.016222,-0.005037],[0.03051,-0.018034,0.999372,0.013805],[0.0,0.0,0.0,1.0]],"antennas":[-0.166971,0.253743],"body_yaw":0.0,"check_collision":false},{"head":[[0.997741,-0.058137,-0.033668,-0.005673],[0.058756,0.998116,0.017671,-0.0051],[0.032577,-0.019609,0.999277,0.013901],[0.0,0.0,0.0,1.0]],"antennas":[-0.166971,0.253743],"body_yaw":0.0,"check_collision":false},{"head":[[0.997679,-0.058265,-0.035245,-0.005707],[0.058954,0.998083,0.018837,-0.005104],[0.03408,-0.020871,0.999201,0.013972],[0.0,0.0,0.0,1.0]],"antennas":[-0.166971,0.253743],"body_yaw":0.0,"check_collision":false},{"head":[[0.997649,-0.057889,-0.036679,-0.005619],[0.058638,0.998085,0.019702,-0.0048],[0.035468,-0.021807,0.999133,0.013973],[0.0,0.0,0.0,1.0]],"antennas":[-0.166971,0.253743],"body_yaw":0.0,"check_collision":false},{"head":[[0.997625,-0.056345,-0.039612,-0.005416],[0.057208,0.998141,0.021,-0.004348],[0.038355,-0.023216,0.998994,0.013919],[0.0,0.0,0.0,1.0]],"antennas":[-0.166971,0.253743],"body_yaw":0.0,"check_collision":false},{"head":[[0.997527,-0.054665,-0.04418,-0.005269],[0.05574,0.998169,0.023476,-0.004243],[0.042816,-0.025881,0.998748,0.013921],[0.0,0.0,0.0,1.0]],"antennas":[-0.166971,0.253743],"body_yaw":0.0,"check_collision":false},{"head":[[0.997324,-0.053875,-0.049418,-0.00515],[0.055229,0.998123,0.026461,-0.004122],[0.0479,-0.029119,0.998428,0.013944],[0.0,0.0,0.0,1.0]],"antennas":[-0.166971,0.253743],"body_yaw":0.0,"check_collision":false},{"head":[[0.997086,-0.05398,-0.05391,-0.00498],[0.055619,0.99802,0.029387,-0.00397],[0.052217,-0.032299,0.998113,0.013452],[0.0,0.0,0.0,1.0]],"antennas":[-0.166971,0.253743],"body_yaw":0.0,"check_collision":false},{"head":[[0.996848,-0.05362,-0.058471,-0.004795],[0.055576,0.99793,0.032353,-0.003884],[0.056616,-0.035501,0.997765,0.013437],[0.0,0.0,0.0,1.0]],"antennas":[-0.166971,0.253743],"body_yaw":0.0,"check_collision":false},{"head":[[0.99645,-0.051522,-0.066581,-0.004594],[0.053943,0.997927,0.035084,-0.003699],[0.064635,-0.038551,0.997164,0.013372],[0.0,0.0,0.0,1.0]],"antennas":[-0.166971,0.253743],"body_yaw":0.0,"check_collision":false},{"head":[[0.995831,-0.047985,-0.077581,-0.004179],[0.051109,0.997939,0.03879,-0.003552],[0.07556,-0.042594,0.996231,0.013272],[0.0,0.0,0.0,1.0]],"antennas":[-0.166971,0.253743],"body_yaw":0.0,"check_collision":false},{"head":[[0.995164,-0.044623,-0.087503,-0.003827],[0.048557,0.997879,0.043362,-0.003382],[0.085382,-0.047401,0.99522,0.013206],[0.0,0.0,0.0,1.0]],"antennas":[-0.166971,0.253743],"body_yaw":0.0,"check_collision":false},{"head":[[0.994478,-0.041693,-0.096303,-0.003454],[0.046439,0.997788,0.047571,-0.003474],[0.094106,-0.051781,0.994215,0.013164],[0.0,0.0,0.0,1.0]],"antennas":[-0.166971,0.253743],"body_yaw":0.0,"check_collision":false},{"head":[[0.993622,-0.038499,-0.105982,-0.003038],[0.044179,0.997681,0.051779,-0.003383],[0.103743,-0.056131,0.993019,0.013034],[0.0,0.0,0.0,1.0]],"antennas":[-0.166971,0.253743],"body_yaw":0.0,"check_collision":false},{"head":[[0.99271,-0.035902,-0.115056,-0.002615],[0.042617,0.997496,0.05644,-0.003296],[0.112742,-0.060931,0.991754,0.013005],[0.0,0.0,0.0,1.0]],"antennas":[-0.166971,0.253743],"body_yaw":0.0,"check_collision":false},{"head":[[0.992086,-0.033827,-0.120921,-0.002229],[0.04128,0.997364,0.059676,-0.00324],[0.118583,-0.064196,0.990867,0.012942],[0.0,0.0,0.0,1.0]],"antennas":[-0.166971,0.253743],"body_yaw":0.0,"check_collision":false},{"head":[[0.991789,-0.031606,-0.123918,-0.001907],[0.039489,0.997315,0.06168,-0.003212],[0.121635,-0.066067,0.990374,0.012849],[0.0,0.0,0.0,1.0]],"antennas":[-0.166971,0.253743],"body_yaw":0.0,"check_collision":false},{"head":[[0.991465,-0.030124,-0.126844,-0.00156],[0.038467,0.997218,0.063844,-0.003183],[0.124568,-0.068179,0.989866,0.012765],[0.0,0.0,0.0,1.0]],"antennas":[-0.166971,0.253743],"body_yaw":0.0,"check_collision":false},{"head":[[0.990866,-0.027928,-0.131924,-0.001229],[0.037022,0.997066,0.066991,-0.003152],[0.129666,-0.071264,0.988994,0.012728],[0.0,0.0,0.0,1.0]],"antennas":[-0.166971,0.253743],"body_yaw":0.0,"check_collision":false},{"head":[[0.990164,-0.025167,-0.137632,-0.000948],[0.035107,0.99691,0.070276,-0.00312],[0.135438,-0.074417,0.987987,0.012733],[0.0,0.0,0.0,1.0]],"antennas":[-0.166971,0.253743],"body_yaw":0.0,"check_collision":false},{"head":[[0.989553,-0.023679,-0.142211,-0.000459],[0.034475,0.996667,0.073937,-0.002026],[0.139986,-0.078067,0.987071,0.012282],[0.0,0.0,0.0,1.0]],"antennas":[-0.166971,0.253743],"body_yaw":0.0,"check_collision":false},{"head":[[0.988818,-0.022465,-0.147426,-0.000186],[0.03414,0.996435,0.077152,-0.001991],[0.145168,-0.081323,0.986059,0.012293],[0.0,0.0,0.0,1.0]],"antennas":[-0.166971,0.253743],"body_yaw":0.0,"check_collision":false},{"head":[[0.987886,-0.021642,-0.153664,9.2e-05],[0.034281,0.996199,0.080082,-0.001957],[0.151347,-0.084379,0.984873,0.012315],[0.0,0.0,0.0,1.0]],"antennas":[-0.166971,0.253743],"body_yaw":0.0,"check_collision":false},{"head":[[0.986907,-0.020612,-0.159968,0.000317],[0.034352,0.995907,0.083604,-0.001903],[0.15759,-0.088005,0.983575,0.012371],[0.0,0.0,0.0,1.0]],"antennas":[-0.166971,0.253743],"body_yaw":0.0,"check_collision":false},{"head":[[0.986041,-0.020231,-0.165269,0.000504],[0.035014,0.99559,0.087027,-0.001838],[0.162779,-0.091598,0.982401,0.012448],[0.0,0.0,0.0,1.0]],"antennas":[-0.166971,0.253743],"body_yaw":0.0,"check_collision":false},{"head":[[0.985225,-0.019139,-0.170193,0.000669],[0.034904,0.995319,0.090126,-0.001768],[0.167671,-0.094735,0.981281,0.012491],[0.0,0.0,0.0,1.0]],"antennas":[-0.166971,0.253743],"body_yaw":0.0,"check_collision":false},{"head":[[0.984119,-0.017336,-0.17666,0.000913],[0.034381,0.994989,0.093889,-0.001617],[0.174147,-0.098472,0.979784,0.012341],[0.0,0.0,0.0,1.0]],"antennas":[-0.166971,0.253743],"body_yaw":0.0,"check_collision":false},{"head":[[0.982845,-0.015947,-0.183744,0.001239],[0.034594,0.994513,0.098727,-0.000918],[0.181161,-0.10339,0.978004,0.011249],[0.0,0.0,0.0,1.0]],"antennas":[-0.166971,0.253743],"body_yaw":0.0,"check_collision":false},{"head":[[0.982117,-0.014584,-0.187707,0.001422],[0.034435,0.994092,0.102935,-0.000932],[0.185097,-0.107558,0.976816,0.011196],[0.0,0.0,0.0,1.0]],"antennas":[-0.166971,0.253743],"body_yaw":0.0,"check_collision":false},{"head":[[0.981302,-0.013383,-0.19201,0.001648],[0.034491,0.993659,0.107013,-0.000293],[0.18936,-0.111634,0.975541,0.01065],[0.0,0.0,0.0,1.0]],"antennas":[-0.166971,0.253743],"body_yaw":0.0,"check_collision":false},{"head":[[0.980448,-0.012219,-0.196399,0.001947],[0.034577,0.993239,0.110819,-0.00026],[0.193717,-0.115443,0.974242,0.010398],[0.0,0.0,0.0,1.0]],"antennas":[-0.166971,0.253743],"body_yaw":0.0,"check_collision":false},{"head":[[0.979576,-0.010487,-0.200799,0.002243],[0.033864,0.992979,0.113343,0.000123],[0.1982,-0.117828,0.973054,0.010109],[0.0,0.0,0.0,1.0]],"antennas":[-0.166971,0.253743],"body_yaw":0.0,"check_collision":false},{"head":[[0.979095,-0.009387,-0.203185,0.002465],[0.033219,0.992902,0.114205,0.00047],[0.20067,-0.118567,0.972457,0.009692],[0.0,0.0,0.0,1.0]],"antennas":[-0.166971,0.253743],"body_yaw":0.0,"check_collision":false},{"head":[[0.978378,-0.00801,-0.206669,0.002713],[0.032591,0.992736,0.115811,0.000576],[0.20424,-0.120043,0.971533,0.009552],[0.0,0.0,0.0,1.0]],"antennas":[-0.166971,0.253743],"body_yaw":0.0,"check_collision":false},{"head":[[0.976748,-0.004392,-0.214347,0.003043],[0.031088,0.992125,0.121336,0.000978],[0.212126,-0.125178,0.969192,0.009544],[0.0,0.0,0.0,1.0]],"antennas":[-0.166971,0.253743],"body_yaw":0.0,"check_collision":false},{"head":[[0.974832,0.00018,-0.222943,0.00313],[0.02952,0.99109,0.12988,0.001227],[0.22098,-0.133193,0.966141,0.009643],[0.0,0.0,0.0,1.0]],"antennas":[-0.166971,0.253743],"body_yaw":0.0,"check_collision":false},{"head":[[0.973267,0.003596,-0.22965,0.003183],[0.02891,0.990007,0.138024,0.001357],[0.227851,-0.140973,0.963437,0.009727],[0.0,0.0,0.0,1.0]],"antennas":[-0.166971,0.253743],"body_yaw":0.0,"check_collision":false},{"head":[[0.972444,0.005128,-0.23308,0.003316],[0.028773,0.989475,0.141815,0.001496],[0.231354,-0.144613,0.962062,0.00969],[0.0,0.0,0.0,1.0]],"antennas":[-0.166971,0.253743],"body_yaw":0.0,"check_collision":false},{"head":[[0.972021,0.006011,-0.234818,0.003458],[0.0285,0.989269,0.143299,0.001378],[0.233159,-0.145982,0.961419,0.00932],[0.0,0.0,0.0,1.0]],"antennas":[-0.166971,0.253743],"body_yaw":0.0,"check_collision":false},{"head":[[0.971414,0.007888,-0.23726,0.003657],[0.027142,0.989203,0.144017,0.001655],[0.235834,-0.14634,0.960712,0.008935],[0.0,0.0,0.0,1.0]],"antennas":[-0.166971,0.253743],"body_yaw":0.0,"check_collision":false},{"head":[[0.97041,0.009719,-0.241267,0.003899],[0.02614,0.989089,0.144981,0.001875],[0.240043,-0.146998,0.959568,0.008731],[0.0,0.0,0.0,1.0]],"antennas":[-0.166971,0.253743],"body_yaw":0.0,"check_collision":false},{"head":[[0.969841,0.010742,-0.243501,0.004113],[0.025655,0.98898,0.145809,0.002084],[0.242384,-0.147659,0.958878,0.008587],[0.0,0.0,0.0,1.0]],"antennas":[-0.166971,0.253743],"body_yaw":0.0,"check_collision":false},{"head":[[0.969674,0.01141,-0.244136,0.004198],[0.025377,0.98881,0.147009,0.001996],[0.243082,-0.148746,0.958533,0.008668],[0.0,0.0,0.0,1.0]],"antennas":[-0.166971,0.253743],"body_yaw":0.0,"check_collision":false},{"head":[[0.969775,0.011884,-0.243713,0.004244],[0.024926,0.988763,0.147396,0.002114],[0.242726,-0.149016,0.958582,0.008612],[0.0,0.0,0.0,1.0]],"antennas":[-0.166971,0.253743],"body_yaw":0.0,"check_collision":false},{"head":[[0.969621,0.013114,-0.24426,0.004308],[0.023864,0.988727,0.147814,0.002256],[0.243445,-0.149153,0.958378,0.008555],[0.0,0.0,0.0,1.0]],"antennas":[-0.166971,0.253743],"body_yaw":0.0,"check_collision":false},{"head":[[0.968952,0.015486,-0.246764,0.004352],[0.022394,0.988438,0.149965,0.002439],[0.246233,-0.150835,0.957402,0.00854],[0.0,0.0,0.0,1.0]],"antennas":[-0.166971,0.253743],"body_yaw":0.0,"check_collision":false},{"head":[[0.968502,0.018094,-0.248349,0.004431],[0.020766,0.988014,0.152964,0.002926],[0.24814,-0.153303,0.956517,0.008268],[0.0,0.0,0.0,1.0]],"antennas":[-0.166971,0.253743],"body_yaw":0.0,"check_collision":false},{"head":[[0.968526,0.019299,-0.248165,0.004458],[0.020017,0.987722,0.154934,0.003103],[0.248108,-0.155025,0.956248,0.008236],[0.0,0.0,0.0,1.0]],"antennas":[-0.166971,0.253743],"body_yaw":0.0,"check_collision":false},{"head":[[0.968746,0.020765,-0.247183,0.004447],[0.018498,0.987668,0.155467,0.003254],[0.247363,-0.15518,0.956415,0.008086],[0.0,0.0,0.0,1.0]],"antennas":[-0.166971,0.253743],"body_yaw":0.0,"check_collision":false},{"head":[[0.96847,0.023811,-0.247989,0.004503],[0.016037,0.987399,0.157436,0.003593],[0.248613,-0.156449,0.955885,0.00793],[0.0,0.0,0.0,1.0]],"antennas":[-0.166971,0.253743],"body_yaw":0.0,"check_collision":false},{"head":[[0.967646,0.027119,-0.250848,0.004545],[0.013465,0.98724,0.158669,0.003936],[0.251951,-0.156913,0.954934,0.007922],[0.0,0.0,0.0,1.0]],"antennas":[-0.166971,0.253743],"body_yaw":0.0,"check_collision":false},{"head":[[0.96724,0.028775,-0.252226,0.00458],[0.011932,0.987304,0.158394,0.004259],[0.253582,-0.156215,0.954617,0.007925],[0.0,0.0,0.0,1.0]],"antennas":[-0.166971,0.253743],"body_yaw":0.0,"check_collision":false},{"head":[[0.967049,0.029973,-0.252821,0.004512],[0.01078,0.987335,0.158283,0.004511],[0.254363,-0.155792,0.954478,0.007811],[0.0,0.0,0.0,1.0]],"antennas":[-0.166971,0.253743],"body_yaw":0.0,"check_collision":false},{"head":[[0.965532,0.03308,-0.258174,0.004568],[0.009209,0.986929,0.160895,0.004913],[0.260122,-0.157726,0.952606,0.007795],[0.0,0.0,0.0,1.0]],"antennas":[-0.166971,0.253743],"body_yaw":0.0,"check_collision":false},{"head":[[0.963691,0.035511,-0.264648,0.0047],[0.008788,0.986363,0.164351,0.005267],[0.266875,-0.16071,0.950237,0.007785],[0.0,0.0,0.0,1.0]],"antennas":[-0.166971,0.253743],"body_yaw":0.0,"check_collision":false},{"head":[[0.962281,0.037017,-0.269528,0.004901],[0.008515,0.986117,0.165836,0.005633],[0.271925,-0.161876,0.948606,0.007743],[0.0,0.0,0.0,1.0]],"antennas":[-0.166971,0.253743],"body_yaw":0.0,"check_collision":false},{"head":[[0.961336,0.037722,-0.272781,0.005157],[0.008416,0.986086,0.166022,0.005957],[0.275248,-0.161899,0.947643,0.00765],[0.0,0.0,0.0,1.0]],"antennas":[-0.166971,0.253743],"body_yaw":0.0,"check_collision":false},{"head":[[0.960741,0.038251,-0.274796,0.005011],[0.008336,0.986024,0.166397,0.005545],[0.27732,-0.162155,0.946995,0.007843],[0.0,0.0,0.0,1.0]],"antennas":[-0.166971,0.253743],"body_yaw":0.0,"check_collision":false},{"head":[[0.960732,0.037851,-0.274886,0.004929],[0.0086,0.986115,0.165842,0.005733],[0.277346,-0.161694,0.947066,0.007727],[0.0,0.0,0.0,1.0]],"antennas":[-0.166971,0.253743],"body_yaw":0.0,"check_collision":false},{"head":[[0.960807,0.036965,-0.274743,0.004985],[0.009155,0.986298,0.164719,0.006217],[0.277067,-0.160779,0.947304,0.007557],[0.0,0.0,0.0,1.0]],"antennas":[-0.166971,0.253743],"body_yaw":0.0,"check_collision":false},{"head":[[0.959769,0.037751,-0.278242,0.005131],[0.009095,0.986222,0.16518,0.006559],[0.280644,-0.161065,0.946201,0.007405],[0.0,0.0,0.0,1.0]],"antennas":[-0.166971,0.253743],"body_yaw":0.0,"check_collision":false},{"head":[[0.958347,0.040337,-0.282745,0.005134],[0.008045,0.985771,0.1679,0.006918],[0.285494,-0.163181,0.944386,0.007277],[0.0,0.0,0.0,1.0]],"antennas":[-0.166971,0.253743],"body_yaw":0.0,"check_collision":false},{"head":[[0.957478,0.042204,-0.285404,0.005059],[0.007483,0.985277,0.170802,0.007311],[0.288411,-0.165675,0.943065,0.00703],[0.0,0.0,0.0,1.0]],"antennas":[-0.166971,0.253743],"body_yaw":0.0,"check_collision":false},{"head":[[0.957255,0.04241,-0.286119,0.005081],[0.007343,0.985311,0.170613,0.007549],[0.289152,-0.165421,0.942882,0.006798],[0.0,0.0,0.0,1.0]],"antennas":[-0.166971,0.253743],"body_yaw":0.0,"check_collision":false},{"head":[[0.957342,0.041648,-0.285942,0.005154],[0.007968,0.985377,0.1702,0.007695],[0.288849,-0.165217,0.943011,0.006608],[0.0,0.0,0.0,1.0]],"antennas":[-0.166971,0.253743],"body_yaw":0.0,"check_collision":false},{"head":[[0.957379,0.040637,-0.285962,0.005024],[0.008738,0.985525,0.169304,0.007258],[0.288703,-0.164587,0.943166,0.006567],[0.0,0.0,0.0,1.0]],"antennas":[-0.166971,0.253743],"body_yaw":0.0,"check_collision":false},{"head":[[0.958062,0.039307,-0.283853,0.005025],[0.009265,0.985781,0.167779,0.007314],[0.286412,-0.163372,0.944075,0.006376],[0.0,0.0,0.0,1.0]],"antennas":[-0.166971,0.253743],"body_yaw":0.0,"check_collision":false},{"head":[[0.959049,0.037791,-0.280709,0.00506],[0.009843,0.986013,0.166376,0.007352],[0.283071,-0.162325,0.945263,0.006168],[0.0,0.0,0.0,1.0]],"antennas":[-0.166971,0.253743],"body_yaw":0.0,"check_collision":false},{"head":[[0.959669,0.036382,-0.278767,0.005163],[0.010567,0.986222,0.165089,0.007426],[0.280933,-0.161376,0.946063,0.005978],[0.0,0.0,0.0,1.0]],"antennas":[-0.166971,0.253743],"body_yaw":0.0,"check_collision":false},{"head":[[0.959393,0.037625,-0.279552,0.005334],[0.009662,0.986099,0.165878,0.007559],[0.281907,-0.161844,0.945693,0.005819],[0.0,0.0,0.0,1.0]],"antennas":[-0.166971,0.253743],"body_yaw":0.0,"check_collision":false},{"head":[[0.959031,0.03869,-0.280646,0.004493],[0.009042,0.985946,0.16682,0.007626],[0.283156,-0.162524,0.945203,0.006541],[0.0,0.0,0.0,1.0]],"antennas":[-0.166971,0.253743],"body_yaw":0.0,"check_collision":false},{"head":[[0.958899,0.038605,-0.28111,0.004567],[0.008989,0.986071,0.166082,0.007751],[0.283606,-0.161783,0.945195,0.006261],[0.0,0.0,0.0,1.0]],"antennas":[-0.166971,0.253743],"body_yaw":0.0,"check_collision":false},{"head":[[0.95873,0.037717,-0.281805,0.004561],[0.009832,0.986171,0.165441,0.007852],[0.284147,-0.161384,0.945101,0.0062],[0.0,0.0,0.0,1.0]],"antennas":[-0.166971,0.253743],"body_yaw":0.0,"check_collision":false},{"head":[[0.958555,0.03798,-0.282366,0.004524],[0.009969,0.985997,0.166466,0.008284],[0.284735,-0.162382,0.944753,0.005837],[0.0,0.0,0.0,1.0]],"antennas":[-0.166971,0.253743],"body_yaw":0.0,"check_collision":false},{"head":[[0.956521,0.039371,-0.288994,0.004486],[0.010718,0.985433,0.169727,0.008585],[0.291466,-0.165445,0.942165,0.005447],[0.0,0.0,0.0,1.0]],"antennas":[-0.166971,0.253743],"body_yaw":0.0,"check_collision":false},{"head":[[0.953252,0.040691,-0.299423,0.004516],[0.012811,0.984559,0.174584,0.008705],[0.301904,-0.170259,0.938012,0.005198],[0.0,0.0,0.0,1.0]],"antennas":[-0.166971,0.253743],"body_yaw":0.0,"check_collision":false},{"head":[[0.950298,0.041369,-0.308582,0.004397],[0.015138,0.983821,0.178513,0.008879],[0.310975,-0.174312,0.934297,0.00535],[0.0,0.0,0.0,1.0]],"antennas":[-0.166971,0.253743],"body_yaw":0.0,"check_collision":false},{"head":[[0.947292,0.04149,-0.317673,0.004227],[0.018132,0.983045,0.182463,0.009154],[0.319857,-0.178606,0.930479,0.005297],[0.0,0.0,0.0,1.0]],"antennas":[-0.166971,0.253743],"body_yaw":0.0,"check_collision":false},{"head":[[0.944731,0.042331,-0.325101,0.004032],[0.020281,0.982184,0.186825,0.009561],[0.327218,-0.183092,0.927041,0.005073],[0.0,0.0,0.0,1.0]],"antennas":[-0.166971,0.253743],"body_yaw":0.0,"check_collision":false},{"head":[[0.942072,0.04283,-0.332664,0.003983],[0.022179,0.981689,0.189198,0.009948],[0.334676,-0.185616,0.923872,0.004842],[0.0,0.0,0.0,1.0]],"antennas":[-0.166971,0.253743],"body_yaw":0.0,"check_collision":false},{"head":[[0.938822,0.042206,-0.341808,0.004048],[0.025497,0.981222,0.191189,0.010099],[0.343459,-0.188207,0.920116,0.00446],[0.0,0.0,0.0,1.0]],"antennas":[-0.166971,0.253743],"body_yaw":0.0,"check_collision":false},{"head":[[0.935929,0.04276,-0.349583,0.004225],[0.02656,0.981206,0.191126,0.010299],[0.351185,-0.188165,0.917204,0.003948],[0.0,0.0,0.0,1.0]],"antennas":[-0.166971,0.253743],"body_yaw":0.0,"check_collision":false},{"head":[[0.933238,0.042145,-0.356779,0.004624],[0.02864,0.981207,0.190822,0.010391],[0.358116,-0.188301,0.914492,0.003583],[0.0,0.0,0.0,1.0]],"antennas":[-0.166971,0.253743],"body_yaw":0.0,"check_collision":false},{"head":[[0.931285,0.041114,-0.361964,0.00476],[0.031272,0.98092,0.191878,0.010999],[0.362947,-0.190013,0.912231,0.00337],[0.0,0.0,0.0,1.0]],"antennas":[-0.166971,0.253743],"body_yaw":0.0,"check_collision":false},{"head":[[0.931173,0.040358,-0.362336,0.004999],[0.032528,0.980693,0.192827,0.010563],[0.363123,-0.191342,0.911883,0.003371],[0.0,0.0,0.0,1.0]],"antennas":[-0.166971,0.253743],"body_yaw":0.0,"check_collision":false},{"head":[[0.932834,0.039372,-0.358149,0.005283],[0.033279,0.980348,0.194449,0.010287],[0.358767,-0.193307,0.913192,0.003005],[0.0,0.0,0.0,1.0]],"antennas":[-0.166971,0.253743],"body_yaw":0.0,"check_collision":false},{"head":[[0.936339,0.039519,-0.348866,0.005715],[0.030983,0.980468,0.194223,0.009164],[0.349728,-0.192668,0.916826,0.003017],[0.0,0.0,0.0,1.0]],"antennas":[-0.166971,0.253743],"body_yaw":0.0,"check_collision":false},{"head":[[0.93917,0.04042,-0.341066,0.00655],[0.026505,0.98156,0.18931,0.009221],[0.342429,-0.186834,0.92078,0.002425],[0.0,0.0,0.0,1.0]],"antennas":[-0.166971,0.253743],"body_yaw":0.0,"check_collision":false},{"head":[[0.941006,0.040278,-0.335986,0.007205],[0.023233,0.982858,0.182895,0.008763],[0.337593,-0.179911,0.923939,0.002244],[0.0,0.0,0.0,1.0]],"antennas":[-0.166971,0.253743],"body_yaw":0.0,"check_collision":false},{"head":[[0.942525,0.039791,-0.331756,0.007809],[0.020593,0.984079,0.176536,0.008779],[0.333499,-0.173221,0.9267,0.001918],[0.0,0.0,0.0,1.0]],"antennas":[-0.166971,0.253743],"body_yaw":0.0,"check_collision":false},{"head":[[0.944378,0.039631,-0.326466,0.008276],[0.018171,0.984908,0.172123,0.008773],[0.32836,-0.168482,0.929405,0.001655],[0.0,0.0,0.0,1.0]],"antennas":[-0.166971,0.253743],"body_yaw":0.0,"check_collision":false},{"head":[[0.945503,0.039749,-0.323178,0.008571],[0.017192,0.985042,0.171452,0.008784],[0.325159,-0.167665,0.930677,0.00149],[0.0,0.0,0.0,1.0]],"antennas":[-0.166971,0.253743],"body_yaw":0.0,"check_collision":false},{"head":[[0.945439,0.041121,-0.323193,0.00866],[0.016203,0.984841,0.172704,0.008887],[0.325395,-0.168518,0.930441,0.001595],[0.0,0.0,0.0,1.0]],"antennas":[-0.166971,0.253743],"body_yaw":0.0,"check_collision":false},{"head":[[0.945035,0.042395,-0.324208,0.008597],[0.015316,0.98473,0.173414,0.00874],[0.326609,-0.168848,0.929955,0.002198],[0.0,0.0,0.0,1.0]],"antennas":[-0.166971,0.253743],"body_yaw":0.0,"check_collision":false},{"head":[[0.943046,0.042816,-0.329896,0.008458],[0.017066,0.98415,0.176515,0.009396],[0.332225,-0.172092,0.927368,0.002302],[0.0,0.0,0.0,1.0]],"antennas":[-0.166971,0.253743],"body_yaw":0.0,"check_collision":false},{"head":[[0.940146,0.044446,-0.337861,0.007857],[0.017997,0.983599,0.179472,0.009433],[0.340296,-0.17481,0.923926,0.002925],[0.0,0.0,0.0,1.0]],"antennas":[-0.166971,0.253743],"body_yaw":0.0,"check_collision":false},{"head":[[0.936854,0.04501,-0.346812,0.007601],[0.020108,0.98311,0.181906,0.009696],[0.349142,-0.177393,0.920126,0.002884],[0.0,0.0,0.0,1.0]],"antennas":[-0.166971,0.253743],"body_yaw":0.0,"check_collision":false},{"head":[[0.933992,0.045704,-0.354359,0.007408],[0.022005,0.982544,0.184725,0.010302],[0.356616,-0.180329,0.916682,0.002412],[0.0,0.0,0.0,1.0]],"antennas":[-0.166971,0.253743],"body_yaw":0.0,"check_collision":false},{"head":[[0.931699,0.045464,-0.360374,0.00669],[0.023978,0.982274,0.185913,0.009413],[0.362438,-0.181856,0.914093,0.003036],[0.0,0.0,0.0,1.0]],"antennas":[-0.166971,0.253743],"body_yaw":0.0,"check_collision":false},{"head":[[0.930977,0.044475,-0.36236,0.006501],[0.025092,0.98241,0.185045,0.009155],[0.364215,-0.181365,0.913484,0.003137],[0.0,0.0,0.0,1.0]],"antennas":[-0.166971,0.253743],"body_yaw":0.0,"check_collision":false},{"head":[[0.929878,0.043574,-0.365278,0.005966],[0.026669,0.982362,0.185077,0.008806],[0.3669,-0.181841,0.912315,0.003476],[0.0,0.0,0.0,1.0]],"antennas":[-0.166971,0.253743],"body_yaw":0.0,"check_collision":false},{"head":[[0.928682,0.043819,-0.36828,0.005806],[0.027609,0.982073,0.18647,0.008792],[0.369848,-0.18334,0.910823,0.00342],[0.0,0.0,0.0,1.0]],"antennas":[-0.166971,0.253743],"body_yaw":0.0,"check_collision":false},{"head":[[0.927706,0.045151,-0.370572,0.00571],[0.027384,0.981754,0.188173,0.008536],[0.372306,-0.184717,0.909543,0.003549],[0.0,0.0,0.0,1.0]],"antennas":[-0.166971,0.253743],"body_yaw":0.0,"check_collision":false},{"head":[[0.92735,0.046602,-0.371281,0.005749],[0.026555,0.981517,0.189525,0.008262],[0.373251,-0.185615,0.908972,0.003664],[0.0,0.0,0.0,1.0]],"antennas":[-0.166971,0.253743],"body_yaw":0.0,"check_collision":false},{"head":[[0.927735,0.047885,-0.370154,0.005977],[0.025263,0.981405,0.190277,0.007985],[0.372383,-0.185878,0.909275,0.003653],[0.0,0.0,0.0,1.0]],"antennas":[-0.166971,0.253743],"body_yaw":0.0,"check_collision":false},{"head":[[0.928026,0.049098,-0.369267,0.006365],[0.023917,0.981378,0.19059,0.008681],[0.371748,-0.185704,0.90957,0.003274],[0.0,0.0,0.0,1.0]],"antennas":[-0.166971,0.253743],"body_yaw":0.0,"check_collision":false},{"head":[[0.929343,0.051043,-0.365672,0.007086],[0.020334,0.981819,0.188728,0.008511],[0.368657,-0.182829,0.911409,0.002982],[0.0,0.0,0.0,1.0]],"antennas":[-0.166971,0.253743],"body_yaw":0.0,"check_collision":false},{"head":[[0.932004,0.051793,-0.358727,0.007951],[0.015685,0.983047,0.182684,0.008849],[0.362107,-0.175889,0.915391,0.002503],[0.0,0.0,0.0,1.0]],"antennas":[-0.166971,0.253743],"body_yaw":0.0,"check_collision":false},{"head":[[0.935236,0.051326,-0.350284,0.00889],[0.011322,0.984592,0.174498,0.008399],[0.353843,-0.167163,0.920245,0.002172],[0.0,0.0,0.0,1.0]],"antennas":[-0.166971,0.253743],"body_yaw":0.0,"check_collision":false},{"head":[[0.937743,0.050829,-0.343591,0.009689],[0.008567,0.985548,0.169179,0.008404],[0.347224,-0.16159,0.923755,0.001688],[0.0,0.0,0.0,1.0]],"antennas":[-0.166971,0.253743],"body_yaw":0.0,"check_collision":false},{"head":[[0.938632,0.0506,-0.341189,0.009975],[0.008016,0.985714,0.168239,0.0085],[0.344827,-0.160649,0.924817,0.001627],[0.0,0.0,0.0,1.0]],"antennas":[-0.166971,0.253743],"body_yaw":0.0,"check_collision":false},{"head":[[0.93898,0.050518,-0.340241,0.009964],[0.008414,0.985487,0.169543,0.008621],[0.343868,-0.16206,0.924928,0.001826],[0.0,0.0,0.0,1.0]],"antennas":[-0.166971,0.253743],"body_yaw":0.0,"check_collision":false},{"head":[[0.939701,0.050379,-0.338267,0.010004],[0.008542,0.985325,0.170477,0.008705],[0.341892,-0.163087,0.92548,0.001957],[0.0,0.0,0.0,1.0]],"antennas":[-0.166971,0.253743],"body_yaw":0.0,"check_collision":false},{"head":[[0.941051,0.050903,-0.334413,0.0106],[0.007355,0.9853,0.170674,0.010132],[0.338185,-0.163073,0.926843,0.000998],[0.0,0.0,0.0,1.0]],"antennas":[-0.166971,0.253743],"body_yaw":0.0,"check_collision":false},{"head":[[0.940189,0.049905,-0.336979,0.010575],[0.009213,0.985124,0.171596,0.010303],[0.34053,-0.164438,0.925743,0.00112],[0.0,0.0,0.0,1.0]],"antennas":[-0.166971,0.253743],"body_yaw":0.0,"check_collision":false},{"head":[[0.937739,0.048025,-0.344005,0.010199],[0.012791,0.984949,0.17237,0.010575],[0.347106,-0.166038,0.923011,0.001551],[0.0,0.0,0.0,1.0]],"antennas":[-0.166971,0.253743],"body_yaw":0.0,"check_collision":false},{"head":[[0.934861,0.046554,-0.351947,0.009659],[0.0165,0.984596,0.174065,0.010813],[0.354629,-0.168533,0.919693,0.002082],[0.0,0.0,0.0,1.0]],"antennas":[-0.166971,0.253743],"body_yaw":0.0,"check_collision":false},{"head":[[0.932073,0.045579,-0.359391,0.009165],[0.020073,0.984032,0.176856,0.010953],[0.361713,-0.172057,0.916275,0.002543],[0.0,0.0,0.0,1.0]],"antennas":[-0.166971,0.253743],"body_yaw":0.0,"check_collision":false},{"head":[[0.930232,0.044999,-0.364203,0.008857],[0.022108,0.983779,0.178019,0.010999],[0.366306,-0.173651,0.914147,0.002891],[0.0,0.0,0.0,1.0]],"antennas":[-0.166971,0.253743],"body_yaw":0.0,"check_collision":false},{"head":[[0.928887,0.043557,-0.367792,0.008704],[0.02385,0.983964,0.176764,0.010946],[0.369594,-0.172966,0.912953,0.003108],[0.0,0.0,0.0,1.0]],"antennas":[-0.166971,0.253743],"body_yaw":0.0,"check_collision":false},{"head":[[0.927535,0.042715,-0.371288,0.008664],[0.025318,0.983984,0.176451,0.010837],[0.372879,-0.173064,0.911598,0.003257],[0.0,0.0,0.0,1.0]],"antennas":[-0.166971,0.253743],"body_yaw":0.0,"check_collision":false},{"head":[[0.926208,0.042444,-0.374617,0.008604],[0.026576,0.98382,0.177175,0.010739],[0.376076,-0.174057,0.910094,0.003459],[0.0,0.0,0.0,1.0]],"antennas":[-0.166971,0.253743],"body_yaw":0.0,"check_collision":false},{"head":[[0.925018,0.041643,-0.377635,0.007079],[0.027892,0.983849,0.176813,0.009416],[0.378899,-0.174088,0.908916,0.003764],[0.0,0.0,0.0,1.0]],"antennas":[-0.166971,0.253743],"body_yaw":0.0,"check_collision":false},{"head":[[0.925628,0.041466,-0.376157,0.00698],[0.027623,0.983924,0.176437,0.008854],[0.377426,-0.173706,0.909602,0.003961],[0.0,0.0,0.0,1.0]],"antennas":[-0.166971,0.253743],"body_yaw":0.0,"check_collision":false},{"head":[[0.927513,0.042945,-0.371316,0.00726],[0.025248,0.983912,0.176861,0.008513],[0.372938,-0.173416,0.911507,0.003926],[0.0,0.0,0.0,1.0]],"antennas":[-0.166971,0.253743],"body_yaw":0.0,"check_collision":false},{"head":[[0.930295,0.044148,-0.364145,0.007386],[0.022061,0.9842,0.175683,0.008199],[0.366147,-0.171471,0.914622,0.003894],[0.0,0.0,0.0,1.0]],"antennas":[-0.166971,0.253743],"body_yaw":0.0,"check_collision":false},{"head":[[0.933351,0.045388,-0.356084,0.007741],[0.018082,0.98477,0.172919,0.010119],[0.358509,-0.167833,0.918315,0.002515],[0.0,0.0,0.0,1.0]],"antennas":[-0.166971,0.253743],"body_yaw":0.0,"check_collision":false},{"head":[[0.935589,0.045019,-0.35021,0.008108],[0.015727,0.985541,0.168706,0.010967],[0.352741,-0.163347,0.921353,0.001876],[0.0,0.0,0.0,1.0]],"antennas":[-0.166971,0.253743],"body_yaw":0.0,"check_collision":false},{"head":[[0.937082,0.04439,-0.346275,0.008416],[0.014212,0.98621,0.164885,0.011073],[0.348819,-0.159432,0.923529,0.001695],[0.0,0.0,0.0,1.0]],"antennas":[-0.166971,0.253743],"body_yaw":0.0,"check_collision":false},{"head":[[0.938747,0.046094,-0.341511,0.008921],[0.011101,0.986454,0.163659,0.010807],[0.344429,-0.157426,0.925519,0.001417],[0.0,0.0,0.0,1.0]],"antennas":[-0.166971,0.253743],"body_yaw":0.0,"check_collision":false},{"head":[[0.939354,0.048171,-0.33955,0.009304],[0.009351,0.986121,0.165767,0.010715],[0.342823,-0.158889,0.925865,0.001221],[0.0,0.0,0.0,1.0]],"antennas":[-0.166971,0.253743],"body_yaw":0.0,"check_collision":false},{"head":[[0.939549,0.049402,-0.338833,0.009586],[0.008148,0.986032,0.166356,0.010701],[0.342319,-0.15906,0.926023,0.001122],[0.0,0.0,0.0,1.0]],"antennas":[-0.166971,0.253743],"body_yaw":0.0,"check_collision":false},{"head":[[0.93957,0.049665,-0.338736,0.009816],[0.008124,0.985909,0.167087,0.009998],[0.342261,-0.159742,0.925926,0.001416],[0.0,0.0,0.0,1.0]],"antennas":[-0.166971,0.253743],"body_yaw":0.0,"check_collision":false},{"head":[[0.938836,0.049555,-0.34078,0.009849],[0.00904,0.985704,0.168241,0.009874],[0.344245,-0.161032,0.924967,0.001522],[0.0,0.0,0.0,1.0]],"antennas":[-0.166971,0.253743],"body_yaw":0.0,"check_collision":false},{"head":[[0.937222,0.048126,-0.345397,0.009628],[0.011607,0.985578,0.168821,0.009945],[0.34854,-0.162232,0.923147,0.001768],[0.0,0.0,0.0,1.0]],"antennas":[-0.166971,0.253743],"body_yaw":0.0,"check_collision":false},{"head":[[0.935189,0.047302,-0.350975,0.009209],[0.013919,0.985365,0.169891,0.010966],[0.353875,-0.163765,0.920844,0.001593],[0.0,0.0,0.0,1.0]],"antennas":[-0.166971,0.253743],"body_yaw":0.0,"check_collision":false},{