{"description":"You look up as if thinking of a new idea.","time":[0.0,0.02,0.04,0.06,0.08,0.1,0.12,0.14,0.16,0.18,0.2,0.22,0.24,0.26,0.28,0.3,0.32,0.34,0.36,0.38,0.4,0.42,0.44,0.46,0.48,0.5,0.52,0.54,0.56,0.58,0.6,0.62,0.64,0.66,0.68,0.7,0.72,0.74,0.76,0.78,0.8,0.82,0.84,0.86,0.88,0.9,0.92,0.94,0.96,0.98,1.0,1.02,1.04,1.06,1.08,1.1,1.12,1.14,1.16,1.18,1.2,1.22,1.24,1.26,1.28,1.3,1.32,1.34,1.36,1.38,1.4,1.42,1.44,1.46,1.48,1.5,1.52,1.54,1.56,1.58,1.6,1.62,1.64,1.66,1.68,1.7,1.72,1.74,1.76,1.78,1.8,1.82,1.84,1.86,1.88,1.9,1.92,1.94,1.96,1.98,2.0,2.02,2.04,2.06,2.08,2.1,2.12,2.14,2.16,2.18,2.2,2.22,2.24,2.26,2.28,2.3,2.32,2.34,2.36,2.38,2.4,2.42,2.44,2.46,2.48,2.5,2.52,2.54,2.56,2.58,2.6,2.62,2.64,2.66,2.68,2.7,2.72,2.74,2.76,2.78,2.8,2.82,2.84,2.86,2.88,2.9,2.92,2.94,2.96,2.98,3.0,3.02,3.04,3.06,3.08,3.1,3.12,3.14,3.16,3.18,3.2,3.22,3.24,3.26,3.28,3.3,3.32,3.34,3.36,3.38,3.4,3.42,3.44,3.46,3.48,3.5,3.52,3.54,3.56,3.58,3.6,3.62,3.64,3.66,3.68,3.7,3.72,3.74,3.76,3.78,3.8,3.82,3.84,3.86,3.88,3.9,3.92,3.94,3.96,3.98,4.0,4.02,4.04,4.06,4.08,4.1,4.12,4.14,4.16,4.18,4.2,4.22,4.24,4.26,4.28,4.3,4.32,4.34,4.36,4.38,4.4,4.42,4.44,4.46,4.48,4.5,4.52,4.54,4.56,4.58,4.6,4.62,4.64,4.66,4.68,4.7,4.72,4.74,4.76,4.78,4.8,4.82,4.84,4.86,4.88,4.9,4.92,4.94,4.96,4.98,5.0,5.02,5.04,5.06,5.08,5.1,5.12,5.14,5.16,5.18,5.2,5.22,5.24,5.26,5.28,5.3,5.32,5.34,5.36,5.38,5.4,5.42,5.44,5.46],"set_target_data":[{"head":[[0.994687,-0.030459,-0.098332,-0.011233],[0.029427,0.999496,-0.011929,-0.003913],[0.098646,0.008972,0.995082,0.007313],[0.0,0.0,0.0,1.0]],"antennas":[-0.20905,0.178394],"body_yaw":0.0,"check_collision":false},{"head":[[0.994613,-0.030513,-0.099069,-0.011354],[0.029455,0.999493,-0.01212,-0.003906],[0.099388,0.009136,0.995007,0.007369],[0.0,0.0,0.0,1.0]],"antennas":[-0.20905,0.178394],"body_yaw":0.0,"check_collision":false},{"head":[[0.994556,-0.0306,-0.099609,-0.01143],[0.029505,0.999487,-0.012447,-0.003929],[0.099939,0.009441,0.994949,0.007509],[0.0,0.0,0.0,1.0]],"antennas":[-0.20905,0.178394],"body_yaw":0.0,"check_collision":false},{"head":[[0.994526,-0.030489,-0.099947,-0.011489],[0.029376,0.999489,-0.012588,-0.004171],[0.10028,0.009584,0.994913,0.007656],[0.0,0.0,0.0,1.0]],"antennas":[-0.20905,0.178394],"body_yaw":0.0,"check_collision":false},{"head":[[0.994573,-0.030553,-0.099449,-0.011485],[0.029445,0.999487,-0.01259,-0.004196],[0.099783,0.009594,0.994963,0.007669],[0.0,0.0,0.0,1.0]],"antennas":[-0.20905,0.178394],"body_yaw":0.0,"check_collision":false},{"head":[[0.994658,-0.030725,-0.098547,-0.011481],[0.029678,0.999487,-0.012075,-0.0044],[0.098867,0.009086,0.995059,0.007846],[0.0,0.0,0.0,1.0]],"antennas":[-0.20905,0.178394],"body_yaw":0.0,"check_collision":false},{"head":[[0.9948,-0.03101,-0.097009,-0.011454],[0.030009,0.99948,-0.011759,-0.004297],[0.097323,0.008787,0.995214,0.007842],[0.0,0.0,0.0,1.0]],"antennas":[-0.20905,0.178394],"body_yaw":0.0,"check_collision":false},{"head":[[0.994956,-0.031256,-0.095317,-0.011439],[0.030372,0.999481,-0.010715,-0.004406],[0.095602,0.007766,0.995389,0.007923],[0.0,0.0,0.0,1.0]],"antennas":[-0.20905,0.178394],"body_yaw":0.0,"check_collision":false},{"head":[[0.995188,-0.030956,-0.092969,-0.011329],[0.030176,0.999497,-0.009783,-0.004524],[0.093225,0.00693,0.995621,0.007935],[0.0,0.0,0.0,1.0]],"antennas":[-0.20905,0.178394],"body_yaw":0.0,"check_collision":false},{"head":[[0.995442,-0.030803,-0.090258,-0.011199],[0.030136,0.999508,-0.008744,-0.004575],[0.090482,0.005984,0.99588,0.007901],[0.0,0.0,0.0,1.0]],"antennas":[-0.20905,0.178394],"body_yaw":0.0,"check_collision":false},{"head":[[0.995666,-0.031145,-0.087626,-0.01111],[0.030574,0.999502,-0.007846,-0.004582],[0.087826,0.005133,0.996123,0.007828],[0.0,0.0,0.0,1.0]],"antennas":[-0.20905,0.178394],"body_yaw":0.0,"check_collision":false},{"head":[[0.995916,-0.030928,-0.084816,-0.011001],[0.030457,0.999513,-0.006853,-0.00436],[0.084987,0.004242,0.996373,0.007799],[0.0,0.0,0.0,1.0]],"antennas":[-0.20905,0.178394],"body_yaw":0.0,"check_collision":false},{"head":[[0.996154,-0.030885,-0.082002,-0.010822],[0.030482,0.999516,-0.006157,-0.004199],[0.082152,0.003634,0.996613,0.007732],[0.0,0.0,0.0,1.0]],"antennas":[-0.20905,0.178394],"body_yaw":0.0,"check_collision":false},{"head":[[0.996317,-0.031199,-0.079863,-0.010658],[0.03083,0.999508,-0.005843,-0.004113],[0.080006,0.00336,0.996789,0.007563],[0.0,0.0,0.0,1.0]],"antennas":[-0.20905,0.178394],"body_yaw":0.0,"check_collision":false},{"head":[[0.996419,-0.031015,-0.078661,-0.010609],[0.030691,0.999515,-0.005321,-0.004118],[0.078788,0.002888,0.996887,0.007518],[0.0,0.0,0.0,1.0]],"antennas":[-0.20905,0.178394],"body_yaw":0.0,"check_collision":false},{"head":[[0.996505,-0.030927,-0.077592,-0.010542],[0.030644,0.999519,-0.004836,-0.004205],[0.077704,0.002442,0.996973,0.007512],[0.0,0.0,0.0,1.0]],"antennas":[-0.20905,0.178394],"body_yaw":0.0,"check_collision":false},{"head":[[0.996614,-0.030763,-0.076253,-0.010489],[0.030507,0.999524,-0.004522,-0.004269],[0.076355,0.002181,0.997078,0.007457],[0.0,0.0,0.0,1.0]],"antennas":[-0.20905,0.178394],"body_yaw":0.0,"check_collision":false},{"head":[[0.996721,-0.030886,-0.074787,-0.010488],[0.030633,0.99952,-0.004527,-0.00417],[0.074891,0.002221,0.997189,0.007334],[0.0,0.0,0.0,1.0]],"antennas":[-0.20905,0.178394],"body_yaw":0.0,"check_collision":false},{"head":[[0.996732,-0.031026,-0.074587,-0.010502],[0.030768,0.999516,-0.004611,-0.004178],[0.074694,0.002301,0.997204,0.00736],[0.0,0.0,0.0,1.0]],"antennas":[-0.20905,0.178394],"body_yaw":0.0,"check_collision":false},{"head":[[0.996679,-0.03107,-0.075273,-0.010499],[0.030853,0.999516,-0.004049,-0.003979],[0.075363,0.001713,0.997155,0.007427],[0.0,0.0,0.0,1.0]],"antennas":[-0.20905,0.178394],"body_yaw":0.0,"check_collision":false},{"head":[[0.996623,-0.031283,-0.075917,-0.010398],[0.031115,0.99951,-0.003392,-0.004301],[0.075986,0.001018,0.997108,0.007636],[0.0,0.0,0.0,1.0]],"antennas":[-0.20905,0.178394],"body_yaw":0.0,"check_collision":false},{"head":[[0.996604,-0.031189,-0.076202,-0.010253],[0.031107,0.999514,-0.002262,-0.004215],[0.076235,-0.000116,0.99709,0.007621],[0.0,0.0,0.0,1.0]],"antennas":[-0.20905,0.178394],"body_yaw":0.0,"check_collision":false},{"head":[[0.996571,-0.031197,-0.07663,-0.010079],[0.031201,0.999512,-0.001141,-0.00452],[0.076628,-0.001254,0.997059,0.007766],[0.0,0.0,0.0,1.0]],"antennas":[-0.20905,0.178394],"body_yaw":0.0,"check_collision":false},{"head":[[0.996528,-0.03142,-0.077098,-0.009938],[0.031494,0.999504,-0.000263,-0.004446],[0.077068,-0.002166,0.997024,0.007783],[0.0,0.0,0.0,1.0]],"antennas":[-0.20905,0.178394],"body_yaw":0.0,"check_collision":false},{"head":[[0.99654,-0.031584,-0.076879,-0.009799],[0.031715,0.999497,0.000489,-0.004491],[0.076825,-0.002926,0.99704,0.007891],[0.0,0.0,0.0,1.0]],"antennas":[-0.20905,0.178394],"body_yaw":0.0,"check_collision":false},{"head":[[0.996596,-0.031567,-0.076157,-0.009636],[0.031765,0.999494,0.001382,-0.004357],[0.076075,-0.003797,0.997095,0.007901],[0.0,0.0,0.0,1.0]],"antennas":[-0.20905,0.178394],"body_yaw":0.0,"check_collision":false},{"head":[[0.996672,-0.03139,-0.075228,-0.009451],[0.031631,0.999498,0.002019,-0.004162],[0.075127,-0.004392,0.997164,0.007824],[0.0,0.0,0.0,1.0]],"antennas":[-0.20905,0.178394],"body_yaw":0.0,"check_collision":false},{"head":[[0.99671,-0.031425,-0.074715,-0.009353],[0.031692,0.999495,0.002386,-0.004143],[0.074602,-0.004746,0.997202,0.007716],[0.0,0.0,0.0,1.0]],"antennas":[-0.20905,0.178394],"body_yaw":0.0,"check_collision":false},{"head":[[0.99673,-0.031925,-0.074231,-0.009334],[0.032202,0.999478,0.002534,-0.004216],[0.074111,-0.004916,0.997238,0.007719],[0.0,0.0,0.0,1.0]],"antennas":[-0.20905,0.178394],"body_yaw":0.0,"check_collision":false},{"head":[[0.99675,-0.032337,-0.073782,-0.009355],[0.032637,0.999463,0.002859,-0.004294],[0.07365,-0.005258,0.99727,0.007784],[0.0,0.0,0.0,1.0]],"antennas":[-0.20905,0.178394],"body_yaw":0.0,"check_collision":false},{"head":[[0.996766,-0.032428,-0.07353,-0.009371],[0.032758,0.999458,0.003284,-0.004276],[0.073383,-0.005682,0.997288,0.007732],[0.0,0.0,0.0,1.0]],"antennas":[-0.20905,0.178394],"body_yaw":0.0,"check_collision":false},{"head":[[0.996766,-0.0327,-0.073401,-0.00937],[0.033077,0.999445,0.003934,-0.004159],[0.073232,-0.006349,0.997295,0.007689],[0.0,0.0,0.0,1.0]],"antennas":[-0.20905,0.178394],"body_yaw":0.0,"check_collision":false},{"head":[[0.996737,-0.032951,-0.073681,-0.009418],[0.033394,0.999431,0.004791,-0.004393],[0.073481,-0.007236,0.99727,0.007901],[0.0,0.0,0.0,1.0]],"antennas":[-0.20905,0.178394],"body_yaw":0.0,"check_collision":false},{"head":[[0.996626,-0.033134,-0.075085,-0.009564],[0.033695,0.999413,0.006219,-0.004352],[0.074835,-0.008728,0.997158,0.007873],[0.0,0.0,0.0,1.0]],"antennas":[-0.20905,0.178394],"body_yaw":0.0,"check_collision":false},{"head":[[0.996439,-0.033392,-0.077425,-0.009652],[0.034143,0.999382,0.008395,-0.004434],[0.077097,-0.011009,0.996963,0.007891],[0.0,0.0,0.0,1.0]],"antennas":[-0.20905,0.178394],"body_yaw":0.0,"check_collision":false},{"head":[[0.996201,-0.03368,-0.080308,-0.009671],[0.034727,0.999329,0.011681,-0.0044],[0.079861,-0.014425,0.996702,0.007922],[0.0,0.0,0.0,1.0]],"antennas":[-0.20905,0.178394],"body_yaw":0.0,"check_collision":false},{"head":[[0.995895,-0.034076,-0.083851,-0.009675],[0.035458,0.999258,0.015047,-0.004456],[0.083276,-0.017959,0.996365,0.007987],[0.0,0.0,0.0,1.0]],"antennas":[-0.20905,0.178394],"body_yaw":0.0,"check_collision":false},{"head":[[0.995524,-0.034225,-0.088089,-0.009707],[0.036052,0.999165,0.019231,-0.00457],[0.087357,-0.022321,0.995927,0.008189],[0.0,0.0,0.0,1.0]],"antennas":[-0.20905,0.178394],"body_yaw":0.0,"check_collision":false},{"head":[[0.995139,-0.033633,-0.092561,-0.009635],[0.036065,0.999043,0.024734,-0.004622],[0.091641,-0.027952,0.9954,0.00835],[0.0,0.0,0.0,1.0]],"antennas":[-0.20905,0.178394],"body_yaw":0.0,"check_collision":false},{"head":[[0.994807,-0.032549,-0.096437,-0.009536],[0.035673,0.998887,0.030844,-0.004555],[0.095326,-0.034124,0.994861,0.008382],[0.0,0.0,0.0,1.0]],"antennas":[-0.20905,0.178394],"body_yaw":0.0,"check_collision":false},{"head":[[0.99439,-0.031802,-0.100879,-0.00941],[0.035602,0.998714,0.036096,-0.004676],[0.099602,-0.039485,0.994244,0.008315],[0.0,0.0,0.0,1.0]],"antennas":[-0.20905,0.178394],"body_yaw":0.0,"check_collision":false},{"head":[[0.993991,-0.03071,-0.105063,-0.009263],[0.035313,0.998483,0.042235,-0.004752],[0.103606,-0.045691,0.993568,0.008151],[0.0,0.0,0.0,1.0]],"antennas":[-0.20905,0.178394],"body_yaw":0.0,"check_collision":false},{"head":[[0.993489,-0.029658,-0.109995,-0.00909],[0.035178,0.998199,0.048585,-0.004797],[0.108356,-0.052138,0.992744,0.008041],[0.0,0.0,0.0,1.0]],"antennas":[-0.20905,0.178394],"body_yaw":0.0,"check_collision":false},{"head":[[0.993082,-0.028745,-0.113852,-0.009009],[0.035245,0.997837,0.055497,-0.004893],[0.11201,-0.059125,0.991946,0.008071],[0.0,0.0,0.0,1.0]],"antennas":[-0.20905,0.178394],"body_yaw":0.0,"check_collision":false},{"head":[[0.992698,-0.027877,-0.117365,-0.008888],[0.035317,0.997464,0.061797,-0.004731],[0.115344,-0.065491,0.991164,0.007968],[0.0,0.0,0.0,1.0]],"antennas":[-0.20905,0.178394],"body_yaw":0.0,"check_collision":false},{"head":[[0.992066,-0.027003,-0.122784,-0.008756],[0.035562,0.997048,0.068055,-0.004801],[0.120584,-0.071881,0.990097,0.007879],[0.0,0.0,0.0,1.0]],"antennas":[-0.20905,0.178394],"body_yaw":0.0,"check_collision":false},{"head":[[0.991127,-0.026416,-0.130266,-0.008724],[0.036291,0.996596,0.074025,-0.004734],[0.127867,-0.078096,0.988712,0.00774],[0.0,0.0,0.0,1.0]],"antennas":[-0.20905,0.178394],"body_yaw":0.0,"check_collision":false},{"head":[[0.990017,-0.025644,-0.138595,-0.00871],[0.037064,0.996069,0.080454,-0.004769],[0.135987,-0.084788,0.987076,0.007709],[0.0,0.0,0.0,1.0]],"antennas":[-0.20905,0.178394],"body_yaw":0.0,"check_collision":false},{"head":[[0.988711,-0.024081,-0.147885,-0.008714],[0.037308,0.995481,0.087331,-0.004753],[0.145114,-0.091862,0.985141,0.00767],[0.0,0.0,0.0,1.0]],"antennas":[-0.20905,0.178394],"body_yaw":0.0,"check_collision":false},{"head":[[0.987378,-0.022056,-0.156837,-0.008684],[0.036937,0.995017,0.09261,-0.004738],[0.154013,-0.097234,0.983273,0.007611],[0.0,0.0,0.0,1.0]],"antennas":[-0.20905,0.178394],"body_yaw":0.0,"check_collision":false},{"head":[[0.98616,-0.020258,-0.164556,-0.008657],[0.036418,0.994735,0.095789,-0.004643],[0.16175,-0.100456,0.981706,0.007489],[0.0,0.0,0.0,1.0]],"antennas":[-0.20905,0.178394],"body_yaw":0.0,"check_collision":false},{"head":[[0.985153,-0.019088,-0.170612,-0.008666],[0.036095,0.994616,0.097142,-0.004399],[0.167839,-0.101858,0.980538,0.007332],[0.0,0.0,0.0,1.0]],"antennas":[-0.20905,0.178394],"body_yaw":0.0,"check_collision":false},{"head":[[0.984112,-0.017782,-0.176655,-0.008667],[0.03547,0.994605,0.097479,-0.004367],[0.173968,-0.102196,0.979434,0.007247],[0.0,0.0,0.0,1.0]],"antennas":[-0.20905,0.178394],"body_yaw":0.0,"check_collision":false},{"head":[[0.982751,-0.016667,-0.184181,-0.008621],[0.035343,0.994501,0.098585,-0.004394],[0.181525,-0.103394,0.977936,0.00706],[0.0,0.0,0.0,1.0]],"antennas":[-0.20905,0.178394],"body_yaw":0.0,"check_collision":false},{"head":[[0.981314,-0.015364,-0.191799,-0.00862],[0.034985,0.994439,0.099335,-0.004727],[0.189207,-0.104189,0.976394,0.007129],[0.0,0.0,0.0,1.0]],"antennas":[-0.20905,0.178394],"body_yaw":0.0,"check_collision":false},{"head":[[0.980214,-0.014168,-0.197432,-0.008521],[0.034636,0.994323,0.100609,-0.004947],[0.194886,-0.105456,0.97514,0.007066],[0.0,0.0,0.0,1.0]],"antennas":[-0.20905,0.178394],"body_yaw":0.0,"check_collision":false},{"head":[[0.979531,-0.012968,-0.200875,-0.008463],[0.034061,0.994211,0.101904,-0.005063],[0.198391,-0.10666,0.974302,0.00703],[0.0,0.0,0.0,1.0]],"antennas":[-0.20905,0.178394],"body_yaw":0.0,"check_collision":false},{"head":[[0.978303,-0.011139,-0.206879,-0.008284],[0.033271,0.99404,0.103814,-0.005147],[0.20449,-0.108445,0.972843,0.007076],[0.0,0.0,0.0,1.0]],"antennas":[-0.20905,0.178394],"body_yaw":0.0,"check_collision":false},{"head":[[0.976028,-0.00837,-0.217485,-0.008074],[0.032189,0.993823,0.10621,-0.005117],[0.215252,-0.110664,0.970268,0.007271],[0.0,0.0,0.0,1.0]],"antennas":[-0.20905,0.178394],"body_yaw":0.0,"check_collision":false},{"head":[[0.973616,-0.005584,-0.228125,-0.007926],[0.031267,0.993536,0.109125,-0.005178],[0.226041,-0.113378,0.967497,0.007572],[0.0,0.0,0.0,1.0]],"antennas":[-0.20905,0.178394],"body_yaw":0.0,"check_collision":false},{"head":[[0.97182,-0.00291,-0.235708,-0.007741],[0.030131,0.993255,0.111969,-0.00509],[0.233792,-0.115916,0.965352,0.007364],[0.0,0.0,0.0,1.0]],"antennas":[-0.20905,0.178394],"body_yaw":0.0,"check_collision":false},{"head":[[0.970741,-0.000477,-0.240127,-0.007563],[0.029063,0.99288,0.115518,-0.005016],[0.238362,-0.119117,0.963844,0.007448],[0.0,0.0,0.0,1.0]],"antennas":[-0.20905,0.178394],"body_yaw":0.0,"check_collision":false},{"head":[[0.969573,0.001913,-0.244793,-0.007463],[0.028028,0.992526,0.118768,-0.005117],[0.243191,-0.122016,0.962274,0.007605],[0.0,0.0,0.0,1.0]],"antennas":[-0.20905,0.178394],"body_yaw":0.0,"check_collision":false},{"head":[[0.967813,0.005521,-0.251609,-0.007394],[0.02643,0.992001,0.12343,-0.005042],[0.250278,-0.126107,0.959926,0.007813],[0.0,0.0,0.0,1.0]],"antennas":[-0.20905,0.178394],"body_yaw":0.0,"check_collision":false},{"head":[[0.966265,0.008793,-0.2574,-0.007406],[0.025043,0.991473,0.12788,-0.004621],[0.25633,-0.130012,0.957806,0.008087],[0.0,0.0,0.0,1.0]],"antennas":[-0.20905,0.178394],"body_yaw":0.0,"check_collision":false},{"head":[[0.965558,0.010624,-0.259971,-0.007429],[0.024263,0.991136,0.130616,-0.004483],[0.259055,-0.132425,0.956741,0.008275],[0.0,0.0,0.0,1.0]],"antennas":[-0.20905,0.178394],"body_yaw":0.0,"check_collision":false},{"head":[[0.965953,0.011468,-0.258463,-0.007338],[0.02378,0.990853,0.132836,-0.004462],[0.257622,-0.13446,0.956845,0.008206],[0.0,0.0,0.0,1.0]],"antennas":[-0.20905,0.178394],"body_yaw":0.0,"check_collision":false},{"head":[[0.965983,0.013308,-0.258264,-0.007203],[0.023099,0.990243,0.137422,-0.00417],[0.257573,-0.138713,0.956251,0.008028],[0.0,0.0,0.0,1.0]],"antennas":[-0.20905,0.178394],"body_yaw":0.0,"check_collision":false},{"head":[[0.965721,0.015131,-0.259142,-0.007186],[0.022569,0.989625,0.141887,-0.004064],[0.2586,-0.142872,0.95536,0.007938],[0.0,0.0,0.0,1.0]],"antennas":[-0.20905,0.178394],"body_yaw":0.0,"check_collision":false},{"head":[[0.965884,0.015026,-0.258538,-0.00724],[0.02303,0.989376,0.143542,-0.003791],[0.257948,-0.144599,0.955277,0.007736],[0.0,0.0,0.0,1.0]],"antennas":[-0.20905,0.178394],"body_yaw":0.0,"check_collision":false},{"head":[[0.965417,0.015328,-0.260261,-0.007438],[0.023313,0.989196,0.144736,-0.003622],[0.259668,-0.145799,0.954628,0.007449],[0.0,0.0,0.0,1.0]],"antennas":[-0.20905,0.178394],"body_yaw":0.0,"check_collision":false},{"head":[[0.964129,0.017027,-0.264886,-0.00757],[0.022732,0.988977,0.146314,-0.003249],[0.264457,-0.147087,0.953115,0.006941],[0.0,0.0,0.0,1.0]],"antennas":[-0.20905,0.178394],"body_yaw":0.0,"check_collision":false},{"head":[[0.962797,0.018525,-0.26959,-0.007822],[0.021739,0.989104,0.145605,-0.003256],[0.26935,-0.146049,0.951904,0.006878],[0.0,0.0,0.0,1.0]],"antennas":[-0.20905,0.178394],"body_yaw":0.0,"check_collision":false},{"head":[[0.961176,0.02048,-0.275176,-0.008037],[0.01989,0.989506,0.143119,-0.003035],[0.275219,-0.143036,0.950682,0.006597],[0.0,0.0,0.0,1.0]],"antennas":[-0.20905,0.178394],"body_yaw":0.0,"check_collision":false},{"head":[[0.958979,0.022193,-0.282608,-0.00827],[0.018289,0.99001,0.139806,-0.00261],[0.282887,-0.13924,0.948993,0.006277],[0.0,0.0,0.0,1.0]],"antennas":[-0.20905,0.178394],"body_yaw":0.0,"check_collision":false},{"head":[[0.9567,0.02331,-0.290142,-0.008455],[0.016889,0.990664,0.135278,-0.002313],[0.290587,-0.134321,0.947374,0.005861],[0.0,0.0,0.0,1.0]],"antennas":[-0.20905,0.178394],"body_yaw":0.0,"check_collision":false},{"head":[[0.954486,0.024177,-0.297275,-0.008565],[0.015067,0.991528,0.129017,-0.002069],[0.297876,-0.127624,0.946035,0.00531],[0.0,0.0,0.0,1.0]],"antennas":[-0.20905,0.178394],"body_yaw":0.0,"check_collision":false},{"head":[[0.952267,0.026048,-0.304153,-0.008651],[0.012436,0.992216,0.123909,-0.001878],[0.305013,-0.121777,0.94453,0.004578],[0.0,0.0,0.0,1.0]],"antennas":[-0.20905,0.178394],"body_yaw":0.0,"check_collision":false},{"head":[[0.950818,0.026526,-0.308613,-0.008747],[0.011202,0.99273,0.119841,-0.001474],[0.309548,-0.117404,0.943608,0.003997],[0.0,0.0,0.0,1.0]],"antennas":[-0.20905,0.178394],"body_yaw":0.0,"check_collision":false},{"head":[[0.949077,0.026518,-0.313926,-0.008692],[0.010761,0.993141,0.116425,-0.001232],[0.31486,-0.113875,0.942282,0.00363],[0.0,0.0,0.0,1.0]],"antennas":[-0.20905,0.178394],"body_yaw":0.0,"check_collision":false},{"head":[[0.947295,0.025571,-0.319341,-0.008577],[0.011426,0.993479,0.113444,-0.000698],[0.32016,-0.111114,0.940825,0.003056],[0.0,0.0,0.0,1.0]],"antennas":[-0.20905,0.178394],"body_yaw":0.0,"check_collision":false},{"head":[[0.945509,0.024822,-0.324647,-0.008584],[0.011669,0.993866,0.109976,-0.000381],[0.325386,-0.107772,0.93942,0.002761],[0.0,0.0,0.0,1.0]],"antennas":[-0.20905,0.178394],"body_yaw":0.0,"check_collision":false},{"head":[[0.943891,0.02403,-0.329382,-0.008425],[0.012148,0.994148,0.107339,9.5e-05],[0.330034,-0.105318,0.938075,0.002265],[0.0,0.0,0.0,1.0]],"antennas":[-0.20905,0.178394],"body_yaw":0.0,"check_collision":false},{"head":[[0.94274,0.022873,-0.332745,-0.008173],[0.013153,0.99432,0.105614,0.000473],[0.333271,-0.103943,0.937084,0.001844],[0.0,0.0,0.0,1.0]],"antennas":[-0.20905,0.178394],"body_yaw":0.0,"check_collision":false},{"head":[[0.941161,0.022636,-0.337199,-0.007887],[0.013532,0.99443,0.104523,0.000922],[0.337687,-0.102936,0.935613,0.001045],[0.0,0.0,0.0,1.0]],"antennas":[-0.20905,0.178394],"body_yaw":0.0,"check_collision":false},{"head":[[0.940094,0.022042,-0.340203,-0.007636],[0.014341,0.994467,0.104062,0.00145],[0.340615,-0.102707,0.934576,0.000422],[0.0,0.0,0.0,1.0]],"antennas":[-0.20905,0.178394],"body_yaw":0.0,"check_collision":false},{"head":[[0.938612,0.020653,-0.344355,-0.007573],[0.015769,0.994594,0.102635,0.001734],[0.344613,-0.101764,0.933213,0.000193],[0.0,0.0,0.0,1.0]],"antennas":[-0.20905,0.178394],"body_yaw":0.0,"check_collision":false},{"head":[[0.937252,0.018656,-0.348152,-0.007518],[0.017552,0.994777,0.100555,0.001896],[0.348209,-0.100356,0.932029,0.000163],[0.0,0.0,0.0,1.0]],"antennas":[-0.20905,0.178394],"body_yaw":0.0,"check_collision":false},{"head":[[0.93641,0.01688,-0.350501,-0.007419],[0.019263,0.994864,0.099374,0.001964],[0.350378,-0.099806,0.931275,0.000468],[0.0,0.0,0.0,1.0]],"antennas":[-0.20905,0.178394],"body_yaw":0.0,"check_collision":false},{"head":[[0.93665,0.016299,-0.349888,-0.007293],[0.019689,0.994887,0.099053,0.002159],[0.349713,-0.099667,0.93154,0.000784],[0.0,0.0,0.0,1.0]],"antennas":[-0.20905,0.178394],"body_yaw":0.0,"check_collision":false},{"head":[[0.936039,0.016034,-0.351532,-0.007264],[0.02011,0.994892,0.098925,0.001943],[0.351322,-0.099666,0.930935,0.001257],[0.0,0.0,0.0,1.0]],"antennas":[-0.20905,0.178394],"body_yaw":0.0,"check_collision":false},{"head":[[0.934596,0.015181,-0.355386,-0.007369],[0.021359,0.994891,0.098669,0.001589],[0.355069,-0.099806,0.929497,0.001698],[0.0,0.0,0.0,1.0]],"antennas":[-0.20905,0.178394],"body_yaw":0.0,"check_collision":false},{"head":[[0.933479,0.014509,-0.358337,-0.007493],[0.022685,0.994791,0.099376,0.00119],[0.357913,-0.100894,0.928288,0.002143],[0.0,0.0,0.0,1.0]],"antennas":[-0.20905,0.178394],"body_yaw":0.0,"check_collision":false},{"head":[[0.933313,0.013736,-0.358802,-0.00752],[0.024036,0.994637,0.1006,0.00074],[0.358259,-0.102516,0.927977,0.002502],[0.0,0.0,0.0,1.0]],"antennas":[-0.20905,0.178394],"body_yaw":0.0,"check_collision":false},{"head":[[0.933138,0.014368,-0.359232,-0.00763],[0.024559,0.99432,0.103562,0.000485],[0.358679,-0.10546,0.927485,0.002854],[0.0,0.0,0.0,1.0]],"antennas":[-0.20905,0.178394],"body_yaw":0.0,"check_collision":false},{"head":[[0.933149,0.015399,-0.35916,-0.007689],[0.024547,0.994021,0.106396,0.000159],[0.358651,-0.1081,0.927191,0.003278],[0.0,0.0,0.0,1.0]],"antennas":[-0.20905,0.178394],"body_yaw":0.0,"check_collision":false},{"head":[[0.932409,0.015639,-0.361066,-0.007809],[0.025158,0.993831,0.108014,-0.000218],[0.360528,-0.109797,0.926264,0.003829],[0.0,0.0,0.0,1.0]],"antennas":[-0.20905,0.178394],"body_yaw":0.0,"check_collision":false},{"head":[[0.932479,0.015543,-0.360891,-0.007727],[0.025337,0.993799,0.108268,-0.000177],[0.360336,-0.110101,0.926302,0.004139],[0.0,0.0,0.0,1.0]],"antennas":[-0.20905,0.178394],"body_yaw":0.0,"check_collision":false},{"head":[[0.932499,0.015966,-0.360818,-0.007595],[0.025286,0.993685,0.10932,-0.000239],[0.360285,-0.111064,0.926207,0.004288],[0.0,0.0,0.0,1.0]],"antennas":[-0.20905,0.178394],"body_yaw":0.0,"check_collision":false},{"head":[[0.932602,0.016522,-0.360528,-0.007398],[0.025372,0.993479,0.111161,-0.000288],[0.360014,-0.112816,0.926101,0.004232],[0.0,0.0,0.0,1.0]],"antennas":[-0.20905,0.178394],"body_yaw":0.0,"check_collision":false},{"head":[[0.933182,0.016972,-0.359003,-0.007108],[0.025047,0.993385,0.112071,-0.000386],[0.35853,-0.113574,0.926583,0.00411],[0.0,0.0,0.0,1.0]],"antennas":[-0.20905,0.178394],"body_yaw":0.0,"check_collision":false},{"head":[[0.934104,0.016994,-0.356597,-0.006843],[0.024809,0.993362,0.112327,-0.00034],[0.356139,-0.113772,0.927481,0.003734],[0.0,0.0,0.0,1.0]],"antennas":[-0.20905,0.178394],"body_yaw":0.0,"check_collision":false},{"head":[[0.934851,0.016469,-0.354657,-0.006521],[0.0249,0.993423,0.111766,-0.000414],[0.354165,-0.113316,0.928292,0.003176],[0.0,0.0,0.0,1.0]],"antennas":[-0.20905,0.178394],"body_yaw":0.0,"check_collision":false},{"head":[[0.93474,0.01569,-0.354985,-0.006297],[0.0255,0.993487,0.111055,-0.000245],[0.354416,-0.11286,0.928252,0.002508],[0.0,0.0,0.0,1.0]],"antennas":[-0.20905,0.178394],"body_yaw":0.0,"check_collision":false},{"head":[[0.934558,0.014911,-0.355497,-0.006192],[0.026149,0.993542,0.110414,-0.000121],[0.354847,-0.112484,0.928133,0.002101],[0.0,0.0,0.0,1.0]],"antennas":[-0.20905,0.178394],"body_yaw":0.0,"check_collision":false},{"head":[[0.934604,0.013823,-0.35542,-0.006023],[0.026772,0.993676,0.109047,2.4e-05],[0.35468,-0.111431,0.928324,0.001604],[0.0,0.0,0.0,1.0]],"antennas":[-0.20905,0.178394],"body_yaw":0.0,"check_collision":false},{"head":[[0.935181,0.01299,-0.353932,-0.005855],[0.027214,0.993737,0.108381,0.000191],[0.353123,-0.110988,0.92897,0.001078],[0.0,0.0,0.0,1.0]],"antennas":[-0.20905,0.178394],"body_yaw":0.0,"check_collision":false},{"head":[[0.935936,0.012209,-0.351958,-0.005807],[0.027842,0.993706,0.108509,0.000557],[0.351068,-0.111357,0.929705,0.000399],[0.0,0.0,0.0,1.0]],"antennas":[-0.20905,0.178394],"body_yaw":0.0,"check_collision":false},{"head":[[0.936449,0.011463,-0.350616,-0.005824],[0.028421,0.993701,0.108396,0.000561],[0.34965,-0.111473,0.930225,7e-05],[0.0,0.0,0.0,1.0]],"antennas":[-0.20905,0.178394],"body_yaw":0.0,"check_collision":false},{"head":[[0.936328,0.010639,-0.350965,-0.005878],[0.028998,0.993783,0.107489,0.000731],[0.349927,-0.110822,0.930199,-4.7e-05],[0.0,0.0,0.0,1.0]],"antennas":[-0.20905,0.178394],"body_yaw":0.0,"check_collision":false},{"head":[[0.935734,0.009471,-0.352581,-0.00587],[0.029914,0.993907,0.106089,0.000917],[0.351437,-0.109818,0.929748,-0.000173],[0.0,0.0,0.0,1.0]],"antennas":[-0.20905,0.178394],"body_yaw":0.0,"check_collision":false},{"head":[[0.93504,0.008759,-0.354435,-0.005884],[0.030491,0.994004,0.105004,0.000917],[0.353229,-0.10899,0.929166,-0.00016],[0.0,0.0,0.0,1.0]],"antennas":[-0.20905,0.178394],"body_yaw":0.0,"check_collision":false},{"head":[[0.933751,0.00819,-0.357829,-0.005992],[0.031039,0.994119,0.103749,0.000988],[0.356574,-0.107982,0.928006,-0.000349],[0.0,0.0,0.0,1.0]],"antennas":[-0.20905,0.178394],"body_yaw":0.0,"check_collision":false},{"head":[[0.931761,0.00796,-0.362985,-0.006182],[0.031568,0.994197,0.102836,0.000842],[0.361697,-0.107278,0.926103,2.1e-05],[0.0,0.0,0.0,1.0]],"antennas":[-0.20905,0.178394],"body_yaw":0.0,"check_collision":false},{"head":[[0.929972,0.007869,-0.367547,-0.006445],[0.032101,0.994214,0.102507,0.000655],[0.366227,-0.107127,0.924338,0.000587],[0.0,0.0,0.0,1.0]],"antennas":[-0.20905,0.178394],"body_yaw":0.0,"check_collision":false},{"head":[[0.928785,0.007718,-0.37054,-0.006678],[0.032418,0.994259,0.101969,0.000752],[0.3692,-0.106719,0.923202,0.001288],[0.0,0.0,0.0,1.0]],"antennas":[-0.20905,0.178394],"body_yaw":0.0,"check_collision":false},{"head":[[0.927019,0.00806,-0.374927,-0.006733],[0.032984,0.994142,0.102925,0.000437],[0.37356,-0.10778,0.921323,0.002057],[0.0,0.0,0.0,1.0]],"antennas":[-0.20905,0.178394],"body_yaw":0.0,"check_collision":false},{"head":[[0.924916,0.008469,-0.380077,-0.006812],[0.033805,0.99396,0.10441,0.000275],[0.378665,-0.109419,0.919043,0.002352],[0.0,0.0,0.0,1.0]],"antennas":[-0.20905,0.178394],"body_yaw":0.0,"check_collision":false},{"head":[[0.923536,0.008497,-0.383418,-0.006864],[0.034764,0.993784,0.10576,-0.000228],[0.381933,-0.111002,0.9175,0.002441],[0.0,0.0,0.0,1.0]],"antennas":[-0.20905,0.178394],"body_yaw":0.0,"check_collision":false},{"head":[[0.923204,0.008239,-0.384223,-0.006853],[0.03533,0.993717,0.106201,-0.000609],[0.382683,-0.11162,0.917112,0.002471],[0.0,0.0,0.0,1.0]],"antennas":[-0.20905,0.178394],"body_yaw":0.0,"check_collision":false},{"head":[[0.9232,0.007975,-0.384237,-0.006819],[0.03543,0.993761,0.105752,-0.000984],[0.382683,-0.111243,0.917158,0.002674],[0.0,0.0,0.0,1.0]],"antennas":[-0.20905,0.178394],"body_yaw":0.0,"check_collision":false},{"head":[[0.923196,0.008231,-0.384241,-0.006846],[0.035532,0.993661,0.106657,-0.001168],[0.382683,-0.112118,0.917051,0.002957],[0.0,0.0,0.0,1.0]],"antennas":[-0.20905,0.178394],"body_yaw":0.0,"check_collision":false},{"head":[[0.923209,0.008535,-0.384203,-0.006766],[0.035188,0.993676,0.106627,-0.00123],[0.382683,-0.111958,0.917071,0.00286],[0.0,0.0,0.0,1.0]],"antennas":[-0.20905,0.178394],"body_yaw":0.0,"check_collision":false},{"head":[[0.923216,0.008405,-0.384189,-0.006583],[0.035,0.993766,0.105847,-0.001078],[0.382683,-0.111166,0.917167,0.003321],[0.0,0.0,0.0,1.0]],"antennas":[-0.20905,0.178394],"body_yaw":0.0,"check_collision":false},{"head":[[0.923211,0.008106,-0.384208,-0.006422],[0.035138,0.993809,0.105401,-0.000991],[0.382683,-0.110808,0.91721,0.003035],[0.0,0.0,0.0,1.0]],"antennas":[-0.20905,0.178394],"body_yaw":0.0,"check_collision":false},{"head":[[0.923235,0.008307,-0.384146,-0.006298],[0.034506,0.993934,0.104423,-0.000915],[0.382683,-0.109662,0.917348,0.002456],[0.0,0.0,0.0,1.0]],"antennas":[-0.20905,0.178394],"body_yaw":0.0,"check_collision":false},{"head":[[0.923777,0.008345,-0.38284,-0.006117],[0.034031,0.994017,0.103784,-0.000605],[0.381416,-0.108902,0.917966,0.001773],[0.0,0.0,0.0,1.0]],"antennas":[-0.20905,0.178394],"body_yaw":0.0,"check_collision":false},{"head":[[0.924512,0.008071,-0.381068,-0.006019],[0.033904,0.994071,0.10331,-0.000506],[0.379642,-0.108431,0.918757,0.001322],[0.0,0.0,0.0,1.0]],"antennas":[-0.20905,0.178394],"body_yaw":0.0,"check_collision":false},{"head":[[0.925062,0.007859,-0.379734,-0.006053],[0.03377,0.994125,0.10284,-0.000236],[0.378311,-0.107957,0.919362,0.001185],[0.0,0.0,0.0,1.0]],"antennas":[-0.20905,0.178394],"body_yaw":0.0,"check_collision":false},{"head":[[0.925514,0.007397,-0.378642,-0.005982],[0.03371,0.994232,0.10182,2.3e-05],[0.377211,-0.106999,0.919925,0.001123],[0.0,0.0,0.0,1.0]],"antennas":[-0.20905,0.178394],"body_yaw":0.0,"check_collision":false},{"head":[[0.926311,0.006968,-0.376696,-0.005756],[0.03351,0.994343,0.100797,-4e-05],[0.375267,-0.105993,0.920837,0.001032],[0.0,0.0,0.0,1.0]],"antennas":[-0.20905,0.178394],"body_yaw":0.0,"check_collision":false},{"head":[[0.926987,0.006528,-0.375037,-0.005578],[0.033446,0.994427,0.099979,2.2e-05],[0.373599,-0.105222,0.921603,0.0007],[0.0,0.0,0.0,1.0]],"antennas":[-0.20905,0.178394],"body_yaw":0.0,"check_collision":false},{"head":[[0.927613,0.005923,-0.373494,-0.005515],[0.033493,0.994528,0.098955,-9.8e-05],[0.372037,-0.104301,0.922339,0.000486],[0.0,0.0,0.0,1.0]],"antennas":[-0.20905,0.178394],"body_yaw":0.0,"check_collision":false},{"head":[[0.92883,0.005565,-0.370465,-0.005402],[0.033051,0.994656,0.097808,8e-05],[0.36903,-0.103092,0.923682,-5e-06],[0.0,0.0,0.0,1.0]],"antennas":[-0.20905,0.178394],"body_yaw":0.0,"check_collision":false},{"head":[[0.929952,0.005219,-0.367643,-0.00528],[0.032557,0.994803,0.096476,-2e-05],[0.366235,-0.101687,0.924949,-0.000285],[0.0,0.0,0.0,1.0]],"antennas":[-0.20905,0.178394],"body_yaw":0.0,"check_collision":false},{"head":[[0.929925,0.004937,-0.367716,-0.005184],[0.03228,0.994955,0.094991,-1e-05],[0.36633,-0.100204,0.925074,-0.000428],[0.0,0.0,0.0,1.0]],"antennas":[-0.20905,0.178394],"body_yaw":0.0,"check_collision":false},{"head":[[0.930056,0.004748,-0.367388,-0.00524],[0.032375,0.994968,0.094817,4.5e-05],[0.36599,-0.10008,0.925222,-0.000155],[0.0,0.0,0.0,1.0]],"antennas":[-0.20905,0.178394],"body_yaw":0.0,"check_collision":false},{"head":[[0.930425,0.003969,-0.36646,-0.005206],[0.032893,0.995001,0.094291,-4.1e-05],[0.365002,-0.099785,0.925644,-7e-05],[0.0,0.0,0.0,1.0]],"antennas":[-0.20905,0.178394],"body_yaw":0.0,"check_collision":false},{"head":[[0.930591,0.002724,-0.36605,-0.005244],[0.033528,0.995135,0.092641,-0.000204],[0.364521,-0.098484,0.925973,0.000146],[0.0,0.0,0.0,1.0]],"antennas":[-0.20905,0.178394],"body_yaw":0.0,"check_collision":false},{"head":[[0.929385,0.002274,-0.369104,-0.005427],[0.034049,0.995189,0.091865,-0.000313],[0.367537,-0.097945,0.924837,0.000695],[0.0,0.0,0.0,1.0]],"antennas":[-0.20905,0.178394],"body_yaw":0.0,"check_collision":false},{"head":[[0.926879,0.002268,-0.375354,-0.005746],[0.034857,0.995141,0.092087,-0.000421],[0.373739,-0.098437,0.922296,0.001396],[0.0,0.0,0.0,1.0]],"antennas":[-0.20905,0.178394],"body_yaw":0.0,"check_collision":false},{"head":[[0.924571,0.002864,-0.381,-0.00606],[0.035592,0.99495,0.09385,-0.000716],[0.379345,-0.100332,0.919799,0.002118],[0.0,0.0,0.0,1.0]],"antennas":[-0.20905,0.178394],"body_yaw":0.0,"check_collision":false},{"head":[[0.923143,0.002268,-0.384449,-0.006325],[0.036875,0.99485,0.094414,-0.001022],[0.382683,-0.101334,0.918305,0.002754],[0.0,0.0,0.0,1.0]],"antennas":[-0.20905,0.178394],"body_yaw":0.0,"check_collision":false},{"head":[[0.923099,0.001025,-0.38456,-0.0066],[0.037959,0.99487,0.093769,-0.001208],[0.382683,-0.101155,0.918325,0.003219],[0.0,0.0,0.0,1.0]],"antennas":[-0.20905,0.178394],"body_yaw":0.0,"check_collision":false},{"head":[[0.923086,0.000601,-0.384593,-0.006837],[0.038278,0.99489,0.093429,-0.001487],[0.382683,-0.100965,0.918346,0.003469],[0.0,0.0,0.0,1.0]],"antennas":[-0.20905,0.178394],"body_yaw":0.0,"check_collision":false},{"head":[[0.923078,0.000348,-0.384613,-0.006892],[0.038478,0.994899,0.093247,-0.00153],[0.382683,-0.100874,0.918356,0.00344],[0.0,0.0,0.0,1.0]],"antennas":[-0.20905,0.178394],"body_yaw":0.0,"check_collision":false},{"head":[[0.923073,0.000413,-0.384625,-0.006809],[0.0386,0.994851,0.093707,-0.001616],[0.382683,-0.101345,0.918304,0.003371],[0.0,0.0,0.0,1.0]],"antennas":[-0.20905,0.178394],"body_yaw":0.0,"check_collision":false},{"head":[[0.923062,0.000577,-0.38465,-0.006716],[0.038852,0.994745,0.094727,-0.001661],[0.382683,-0.102383,0.918189,0.003279],[0.0,0.0,0.0,1.0]],"antennas":[-0.20905,0.178394],"body_yaw":0.0,"check_collision":false},{"head":[[0.923132,0.000477,-0.384484,-0.006489],[0.039112,0.994695,0.09514,-0.001706],[0.382489,-0.102864,0.918216,0.002927],[0.0,0.0,0.0,1.0]],"antennas":[-0.20905,0.178394],"body_yaw":0.0,"check_collision":false},{"head":[[0.924044,0.000456,-0.382286,-0.006382],[0.038509,0.994802,0.094268,-0.001627],[0.380342,-0.101829,0.919223,0.002747],[0.0,0.0,0.0,1.0]],"antennas":[-0.20905,0.178394],"body_yaw":0.0,"check_collision":false},{"head":[[0.924182,0.000383,-0.381952,-0.006219],[0.038345,0.994854,0.09378,-0.001506],[0.380022,-0.101316,0.919412,0.002504],[0.0,0.0,0.0,1.0]],"antennas":[-0.20905,0.178394],"body_yaw":0.0,"check_collision":false},{"head":[[0.924879,0.00038,-0.380261,-0.006081],[0.038206,0.994847,0.093919,-0.001436],[0.378337,-0.101392,0.920098,0.002191],[0.0,0.0,0.0,1.0]],"antennas":[-0.20905,0.178394],"body_yaw":0.0,"check_collision":false},{"head":[[0.926435,0.000496,-0.376454,-0.00582],[0.038013,0.994765,0.094859,-0.001465],[0.37453,-0.102191,0.921566,0.001596],[0.0,0.0,0.0,1.0]],"antennas":[-0.20905,0.178394],"body_yaw":0.0,"check_collision":false},{"head":[[0.927738,0.0007,-0.373232,-0.005599],[0.037705,0.994706,0.09559,-0.001258],[0.371323,-0.102756,0.9228,0.001027],[0.0,0.0,0.0,1.0]],"antennas":[-0.20905,0.178394],"body_yaw":0.0,"check_collision":false},{"head":[[0.92806,0.000494,-0.372431,-0.005555],[0.03756,0.994777,0.094915,-0.001084],[0.370533,-0.102076,0.923193,0.000836],[0.0,0.0,0.0,1.0]],"antennas":[-0.20905,0.178394],"body_yaw":0.0,"check_collision":false},{"head":[[0.927455,-0.000315,-0.373935,-0.005544],[0.038067,0.994884,0.093577,-0.000934],[0.371993,-0.101023,0.922722,0.000746],[0.0,0.0,0.0,1.0]],"antennas":[-0.20905,0.178394],"body_yaw":0.0,"check_collision":false},{"head":[[0.926774,-0.000856,-0.37562,-0.005452],[0.03879,0.994869,0.093441,-0.000656],[0.373612,-0.101169,0.922051,0.000445],[0.0,0.0,0.0,1.0]],"antennas":[-0.20905,0.178394],"body_yaw":0.0,"check_collision":false},{"head":[[0.926647,-0.000989,-0.37593,-0.00526],[0.039066,0.994836,0.093679,-0.000494],[0.373896,-0.101494,0.921901,-1.3e-05],[0.0,0.0,0.0,1.0]],"antennas":[-0.20905,0.178394],"body_yaw":0.0,"check_collision":false},{"head":[[0.926422,-0.001341,-0.376485,-0.005094],[0.039268,0.994884,0.093082,-0.000465],[0.374434,-0.101017,0.921735,-0.00058],[0.0,0.0,0.0,1.0]],"antennas":[-0.20905,0.178394],"body_yaw":0.0,"check_collision":false},{"head":[[0.926513,-0.001617,-0.376258,-0.005043],[0.039593,0.994858,0.093219,-0.000381],[0.374173,-0.101266,0.921813,-0.001033],[0.0,0.0,0.0,1.0]],"antennas":[-0.20905,0.178394],"body_yaw":0.0,"check_collision":false},{"head":[[0.926937,-0.001563,-0.375214,-0.005144],[0.039521,0.994836,0.09349,-0.000322],[0.37313,-0.101488,0.922212,-0.001267],[0.0,0.0,0.0,1.0]],"antennas":[-0.20905,0.178394],"body_yaw":0.0,"check_collision":false},{"head":[[0.926694,-0.002139,-0.37581,-0.005244],[0.039807,0.994917,0.092497,-0.000249],[0.373702,-0.100676,0.922069,-0.001057],[0.0,0.0,0.0,1.0]],"antennas":[-0.20905,0.178394],"body_yaw":0.0,"check_collision":false},{"head":[[0.925999,-0.002596,-0.377517,-0.00536],[0.039888,0.995052,0.090999,-0.000238],[0.375413,-0.099323,0.92152,-0.000682],[0.0,0.0,0.0,1.0]],"antennas":[-0.20905,0.178394],"body_yaw":0.0,"check_collision":false},{"head":[[0.92491,-0.002927,-0.380174,-0.00555],[0.040369,0.995073,0.090549,-0.000307],[0.378036,-0.099097,0.920472,-0.000178],[0.0,0.0,0.0,1.0]],"antennas":[-0.20905,0.178394],"body_yaw":0.0,"check_collision":false},{"head":[[0.923759,-0.002905,-0.382963,-0.005759],[0.040712,0.99505,0.090654,-0.000603],[0.380804,-0.099333,0.919305,0.00041],[0.0,0.0,0.0,1.0]],"antennas":[-0.20905,0.178394],"body_yaw":0.0,"check_collision":false},{"head":[[0.922957,-0.003197,-0.384891,-0.006022],[0.041323,0.995009,0.090827,-0.00102],[0.382679,-0.099735,0.918482,0.001048],[0.0,0.0,0.0,1.0]],"antennas":[-0.20905,0.178394],"body_yaw":0.0,"check_collision":false},{"head":[[0.922912,-0.004058,-0.384989,-0.006266],[0.042262,0.99497,0.090825,-0.001103],[0.382683,-0.100094,0.918441,0.001445],[0.0,0.0,0.0,1.0]],"antennas":[-0.20905,0.178394],"body_yaw":0.0,"check_collision":false},{"head":[[0.922878,-0.004638,-0.385066,-0.006434],[0.043016,0.994911,0.091112,-0.001616],[0.382683,-0.100649,0.918381,0.001904],[0.0,0.0,0.0,1.0]],"antennas":[-0.20905,0.178394],"body_yaw":0.0,"check_collision":false},{"head":[[0.922868,-0.004585,-0.38509,-0.006378],[0.043228,0.994843,0.091751,-0.001989],[0.382683,-0.101321,0.918307,0.002111],[0.0,0.0,0.0,1.0]],"antennas":[-0.20905,0.178394],"body_yaw":0.0,"check_collision":false},{"head":[[0.922863,-0.004098,-0.385107,-0.006534],[0.043328,0.9947,0.093245,-0.002284],[0.382683,-0.102738,0.918149,0.002444],[0.0,0.0,0.0,1.0]],"antennas":[-0.20905,0.178394],"body_yaw":0.0,"check_collision":false},{"head":[[0.922869,-0.003328,-0.385101,-0.006446],[0.043209,0.994543,0.094954,-0.002336],[0.382683,-0.10427,0.917977,0.002443],[0.0,0.0,0.0,1.0]],"antennas":[-0.20905,0.178394],"body_yaw":0.0,"check_collision":false},{"head":[[0.922881,-0.003,-0.385073,-0.006314],[0.04294,0.994535,0.095164,-0.002166],[0.382683,-0.104361,0.917966,0.002305],[0.0,0.0,0.0,1.0]],"antennas":[-0.20905,0.178394],"body_yaw":0.0,"check_collision":false},{"head":[[0.922893,-0.003095,-0.385045,-0.006151],[0.042692,0.994625,0.094332,-0.001966],[0.382683,-0.103496,0.918064,0.002074],[0.0,0.0,0.0,1.0]],"antennas":[-0.20905,0.178394],"body_yaw":0.0,"check_collision":false},{"head":[[0.922894,-0.003202,-0.38504,-0.005886],[0.042654,0.994661,0.093965,-0.00199],[0.382683,-0.103144,0.918104,0.001729],[0.0,0.0,0.0,1.0]],"antennas":[-0.20905,0.178394],"body_yaw":0.0,"check_collision":false},{"head":[[0.925027,-0.003697,-0.379883,-0.005478],[0.042609,0.994653,0.094073,-0.002009],[0.377504,-0.103207,0.920239,0.001183],[0.0,0.0,0.0,1.0]],"antennas":[-0.20905,0.178394],"body_yaw":0.0,"check_collision":false},{"head":[[0.928696,-0.004796,-0.37081,-0.005089],[0.042214,0.994784,0.092858,-0.001682],[0.368431,-0.10189,0.924055,0.000501],[0.0,0.0,0.0,1.0]],"antennas":[-0.20905,0.178394],"body_yaw":0.0,"check_collision":false},{"head":[[0.930145,-0.004961,-0.36716,-0.004949],[0.041691,0.99487,0.092174,-0.001445],[0.364819,-0.101042,0.925579,4.5e-05],[0.0,0.0,0.0,1.0]],"antennas":[-0.20905,0.178394],"body_yaw":0.0,"check_collision":false},{"head":[[0.930087,-0.005254,-0.367301,-0.004879],[0.041903,0.994888,0.091876,-0.00126],[0.364941,-0.100844,0.925553,-0.000112],[0.0,0.0,0.0,1.0]],"antennas":[-0.20905,0.178394],"body_yaw":0.0,"check_collision":false},{"head":[[0.929975,-0.005617,-0.36758,-0.004636],[0.042167,0.994914,0.091479,-0.00124],[0.365196,-0.100573,0.925482,-0.000391],[0.0,0.0,0.0,1.0]],"antennas":[-0.20905,0.178394],"b