{"description":"You yawn because you\u2019re tired. Could be between tasks, especially after working hard.","time":[0.0,0.02,0.04,0.06,0.08,0.1,0.12,0.14,0.16,0.18,0.2,0.22,0.24,0.26,0.28,0.3,0.32,0.34,0.36,0.38,0.4,0.42,0.44,0.46,0.48,0.5,0.52,0.54,0.56,0.58,0.6,0.62,0.64,0.66,0.68,0.7,0.72,0.74,0.76,0.78,0.8,0.82,0.84,0.86,0.88,0.9,0.92,0.94,0.96,0.98,1.0,1.02,1.04,1.06,1.08,1.1,1.12,1.14,1.16,1.18,1.2,1.22,1.24,1.26,1.28,1.3,1.32,1.34,1.36,1.38,1.4,1.42,1.44,1.46,1.48,1.5,1.52,1.54,1.56,1.58,1.6,1.62,1.64,1.66,1.68,1.7,1.72,1.74,1.76,1.78,1.8,1.82,1.84,1.86,1.88,1.9,1.92,1.94,1.96,1.98,2.0,2.02,2.04,2.06,2.08,2.1,2.12,2.14,2.16,2.18,2.2,2.22,2.24,2.26,2.28,2.3,2.32,2.34,2.36,2.38,2.4,2.42,2.44,2.46,2.48,2.5,2.52,2.54,2.56,2.58,2.6,2.62,2.64,2.66,2.68,2.7,2.72,2.74,2.76,2.78,2.8,2.82,2.84,2.86,2.88,2.9,2.92,2.94,2.96,2.98,3.0,3.02,3.04,3.06,3.08,3.1,3.12,3.14,3.16,3.18,3.2,3.22,3.24,3.26,3.28,3.3,3.32,3.34,3.36,3.38,3.4,3.42,3.44,3.46,3.48,3.5,3.52,3.54,3.56,3.58,3.6,3.62,3.64,3.66,3.68,3.7,3.72,3.74,3.76,3.78,3.8,3.82,3.84,3.86,3.88,3.9,3.92,3.94,3.96,3.98,4.0,4.02,4.04,4.06,4.08,4.1,4.12,4.14,4.16,4.18,4.2,4.22,4.24,4.26,4.28,4.3,4.32,4.34,4.36,4.38,4.4,4.42,4.44,4.46,4.48,4.5,4.52,4.54,4.56,4.58,4.6,4.62,4.64,4.66,4.68,4.7,4.72,4.74,4.76,4.78,4.8,4.82,4.84,4.86,4.88,4.9,4.92,4.94,4.96,4.98,5.0,5.02,5.04,5.06,5.08,5.1,5.12,5.14,5.16,5.18,5.2,5.22,5.24,5.26,5.28,5.3,5.32,5.34,5.36,5.38,5.4,5.42,5.44,5.46,5.48,5.5,5.52,5.54,5.56,5.58,5.6,5.62,5.64,5.66,5.68,5.7,5.72,5.74,5.76,5.78,5.8,5.82,5.84,5.86,5.88,5.9,5.92,5.94,5.96,5.98,6.0,6.02,6.04,6.06,6.08,6.1,6.12,6.14,6.16,6.18,6.2,6.22,6.24,6.26,6.28,6.3,6.32,6.34,6.36,6.38,6.4,6.42,6.44,6.46,6.48,6.5,6.52,6.54,6.56,6.58,6.6,6.62,6.64,6.66,6.68,6.7,6.72,6.74,6.76,6.78,6.8,6.82,6.84,6.86,6.88,6.9,6.92,6.94,6.96,6.98,7.0,7.02,7.04,7.06,7.08,7.1,7.12,7.14,7.16,7.18,7.2,7.22,7.24,7.26,7.28,7.3,7.32,7.34,7.36,7.38,7.4,7.42,7.44],"set_target_data":[{"head":[[0.993211,-0.0936,-0.069077,-0.009275],[0.093823,0.995589,-1.8e-05,-0.006114],[0.068774,-0.006463,0.997611,0.007773],[0.0,0.0,0.0,1.0]],"antennas":[-0.093416,-0.006187],"body_yaw":0.0,"check_collision":false},{"head":[[0.99327,-0.093031,-0.068996,-0.009254],[0.093266,0.995641,0.000194,-0.006124],[0.068677,-0.006628,0.997617,0.007827],[0.0,0.0,0.0,1.0]],"antennas":[-0.093416,-0.006187],"body_yaw":0.0,"check_collision":false},{"head":[[0.99334,-0.092462,-0.068743,-0.009298],[0.092681,0.995696,-1.3e-05,-0.006232],[0.068448,-0.006359,0.997634,0.007566],[0.0,0.0,0.0,1.0]],"antennas":[-0.093416,-0.006187],"body_yaw":0.0,"check_collision":false},{"head":[[0.993403,-0.091611,-0.068984,-0.009314],[0.091807,0.995777,-0.000337,-0.006363],[0.068724,-0.005998,0.997618,0.007624],[0.0,0.0,0.0,1.0]],"antennas":[-0.093416,-0.006187],"body_yaw":0.0,"check_collision":false},{"head":[[0.993492,-0.090668,-0.068948,-0.009304],[0.090853,0.995864,-0.000452,-0.006618],[0.068704,-0.005815,0.99762,0.007866],[0.0,0.0,0.0,1.0]],"antennas":[-0.093416,-0.006187],"body_yaw":0.0,"check_collision":false},{"head":[[0.993638,-0.089184,-0.068767,-0.009296],[0.089319,0.996002,-0.001113,-0.006669],[0.068591,-0.005036,0.997632,0.007932],[0.0,0.0,0.0,1.0]],"antennas":[-0.093416,-0.006187],"body_yaw":0.0,"check_collision":false},{"head":[[0.993759,-0.08779,-0.068812,-0.009294],[0.087879,0.99613,-0.001747,-0.006701],[0.068699,-0.004311,0.997628,0.007985],[0.0,0.0,0.0,1.0]],"antennas":[-0.093416,-0.006187],"body_yaw":0.0,"check_collision":false},{"head":[[0.993821,-0.086971,-0.068967,-0.009359],[0.087037,0.996203,-0.002057,-0.006279],[0.068884,-0.003959,0.997617,0.007669],[0.0,0.0,0.0,1.0]],"antennas":[-0.093416,-0.006187],"body_yaw":0.0,"check_collision":false},{"head":[[0.993906,-0.086036,-0.068917,-0.009367],[0.086045,0.996287,-0.002847,-0.006385],[0.068906,-0.0031,0.997618,0.007635],[0.0,0.0,0.0,1.0]],"antennas":[-0.093416,-0.006187],"body_yaw":0.0,"check_collision":false},{"head":[[0.993982,-0.085175,-0.068884,-0.009336],[0.085174,0.996362,-0.002949,-0.006604],[0.068885,-0.002936,0.99762,0.007773],[0.0,0.0,0.0,1.0]],"antennas":[-0.093416,-0.006187],"body_yaw":0.0,"check_collision":false},{"head":[[0.99404,-0.084282,-0.069152,-0.009412],[0.084319,0.996436,-0.002386,-0.006499],[0.069107,-0.003459,0.997603,0.007835],[0.0,0.0,0.0,1.0]],"antennas":[-0.093416,-0.006187],"body_yaw":0.0,"check_collision":false},{"head":[[0.994102,-0.083638,-0.069033,-0.009513],[0.083678,0.99649,-0.002323,-0.006511],[0.068985,-0.003468,0.997612,0.007881],[0.0,0.0,0.0,1.0]],"antennas":[-0.093416,-0.006187],"body_yaw":0.0,"check_collision":false},{"head":[[0.99419,-0.082967,-0.068569,-0.009416],[0.083031,0.996545,-0.001925,-0.006295],[0.068492,-0.003779,0.997645,0.007803],[0.0,0.0,0.0,1.0]],"antennas":[-0.093416,-0.006187],"body_yaw":0.0,"check_collision":false},{"head":[[0.994219,-0.082752,-0.068413,-0.009372],[0.082815,0.996563,-0.00192,-0.00626],[0.068337,-0.003757,0.997655,0.007805],[0.0,0.0,0.0,1.0]],"antennas":[-0.093416,-0.006187],"body_yaw":0.0,"check_collision":false},{"head":[[0.994296,-0.082333,-0.067799,-0.00943],[0.082362,0.9966,-0.002373,-0.006439],[0.067764,-0.003225,0.997696,0.007505],[0.0,0.0,0.0,1.0]],"antennas":[-0.093416,-0.006187],"body_yaw":0.0,"check_collision":false},{"head":[[0.994358,-0.082146,-0.067107,-0.00939],[0.082208,0.996613,-0.001829,-0.006997],[0.06703,-0.003698,0.997744,0.007515],[0.0,0.0,0.0,1.0]],"antennas":[-0.093416,-0.006187],"body_yaw":0.0,"check_collision":false},{"head":[[0.994384,-0.08214,-0.066735,-0.009433],[0.082198,0.996614,-0.00187,-0.0069],[0.066662,-0.003626,0.997769,0.007516],[0.0,0.0,0.0,1.0]],"antennas":[-0.093416,-0.006187],"body_yaw":0.0,"check_collision":false},{"head":[[0.994362,-0.082137,-0.067062,-0.009438],[0.082251,0.996611,-0.001063,-0.00654],[0.066922,-0.004458,0.997748,0.007528],[0.0,0.0,0.0,1.0]],"antennas":[-0.093416,-0.006187],"body_yaw":0.0,"check_collision":false},{"head":[[0.994321,-0.082337,-0.067428,-0.009391],[0.082476,0.996593,-0.000729,-0.00612],[0.067258,-0.004836,0.997724,0.007579],[0.0,0.0,0.0,1.0]],"antennas":[-0.093416,-0.006187],"body_yaw":0.0,"check_collision":false},{"head":[[0.994337,-0.082121,-0.067457,-0.009489],[0.08228,0.996609,-0.000429,-0.006013],[0.067263,-0.005124,0.997722,0.007597],[0.0,0.0,0.0,1.0]],"antennas":[-0.093416,-0.006187],"body_yaw":0.0,"check_collision":false},{"head":[[0.994349,-0.081979,-0.067446,-0.009477],[0.082147,0.99662,-0.000286,-0.006135],[0.067242,-0.005256,0.997723,0.007363],[0.0,0.0,0.0,1.0]],"antennas":[-0.093416,-0.006187],"body_yaw":0.0,"check_collision":false},{"head":[[0.994391,-0.081658,-0.067225,-0.0093],[0.081833,0.996646,-0.000158,-0.005986],[0.067012,-0.005344,0.997738,0.006921],[0.0,0.0,0.0,1.0]],"antennas":[-0.093416,-0.006187],"body_yaw":0.0,"check_collision":false},{"head":[[0.994388,-0.081641,-0.067286,-0.009319],[0.081838,0.996646,0.00018,-0.006389],[0.067046,-0.005686,0.997734,0.007129],[0.0,0.0,0.0,1.0]],"antennas":[-0.093416,-0.006187],"body_yaw":0.0,"check_collision":false},{"head":[[0.994361,-0.081827,-0.067456,-0.009348],[0.082054,0.996628,0.000599,-0.006208],[0.06718,-0.006131,0.997722,0.007197],[0.0,0.0,0.0,1.0]],"antennas":[-0.093416,-0.006187],"body_yaw":0.0,"check_collision":false},{"head":[[0.994347,-0.081901,-0.067577,-0.009386],[0.082124,0.996622,0.000514,-0.005792],[0.067306,-0.00606,0.997714,0.007111],[0.0,0.0,0.0,1.0]],"antennas":[-0.093416,-0.006187],"body_yaw":0.0,"check_collision":false},{"head":[[0.994344,-0.082043,-0.067451,-0.009259],[0.082281,0.996609,0.000751,-0.005523],[0.06716,-0.006297,0.997722,0.007164],[0.0,0.0,0.0,1.0]],"antennas":[-0.093416,-0.006187],"body_yaw":0.0,"check_collision":false},{"head":[[0.994342,-0.082007,-0.067523,-0.009191],[0.082234,0.996613,0.000583,-0.005377],[0.067247,-0.006132,0.997718,0.007204],[0.0,0.0,0.0,1.0]],"antennas":[-0.093416,-0.006187],"body_yaw":0.0,"check_collision":false},{"head":[[0.994311,-0.081943,-0.068053,-0.009353],[0.082169,0.996618,0.000516,-0.006546],[0.067781,-0.006105,0.997682,0.007475],[0.0,0.0,0.0,1.0]],"antennas":[-0.093416,-0.006187],"body_yaw":0.0,"check_collision":false},{"head":[[0.994304,-0.082017,-0.068066,-0.009341],[0.082262,0.99661,0.000804,-0.006909],[0.06777,-0.006399,0.99768,0.007595],[0.0,0.0,0.0,1.0]],"antennas":[-0.093416,-0.006187],"body_yaw":0.0,"check_collision":false},{"head":[[0.994285,-0.082127,-0.068214,-0.009359],[0.082385,0.9966,0.000975,-0.007048],[0.067902,-0.00659,0.99767,0.007673],[0.0,0.0,0.0,1.0]],"antennas":[-0.093416,-0.006187],"body_yaw":0.0,"check_collision":false},{"head":[[0.994261,-0.082265,-0.06839,-0.00938],[0.08256,0.996585,0.001486,-0.006916],[0.068034,-0.007124,0.997658,0.007769],[0.0,0.0,0.0,1.0]],"antennas":[-0.093416,-0.006187],"body_yaw":0.0,"check_collision":false},{"head":[[0.994222,-0.082533,-0.068635,-0.009378],[0.082843,0.996561,0.001674,-0.006894],[0.068261,-0.00735,0.99764,0.007936],[0.0,0.0,0.0,1.0]],"antennas":[-0.093416,-0.006187],"body_yaw":0.0,"check_collision":false},{"head":[[0.994214,-0.08254,-0.068739,-0.009421],[0.082858,0.99656,0.001777,-0.006976],[0.068356,-0.007462,0.997633,0.007958],[0.0,0.0,0.0,1.0]],"antennas":[-0.093416,-0.006187],"body_yaw":0.0,"check_collision":false},{"head":[[0.994178,-0.082752,-0.069005,-0.009431],[0.083065,0.996543,0.001669,-0.007117],[0.068628,-0.007391,0.997615,0.007821],[0.0,0.0,0.0,1.0]],"antennas":[-0.093416,-0.006187],"body_yaw":0.0,"check_collision":false},{"head":[[0.994141,-0.082899,-0.06936,-0.009483],[0.083214,0.99653,0.001666,-0.007331],[0.068981,-0.007428,0.99759,0.00778],[0.0,0.0,0.0,1.0]],"antennas":[-0.093416,-0.006187],"body_yaw":0.0,"check_collision":false},{"head":[[0.994111,-0.08302,-0.069648,-0.00954],[0.083366,0.996517,0.002081,-0.00744],[0.069233,-0.007875,0.997569,0.007896],[0.0,0.0,0.0,1.0]],"antennas":[-0.093416,-0.006187],"body_yaw":0.0,"check_collision":false},{"head":[[0.994079,-0.083117,-0.069987,-0.009563],[0.083491,0.996506,0.002432,-0.007381],[0.069541,-0.008261,0.997545,0.007999],[0.0,0.0,0.0,1.0]],"antennas":[-0.093416,-0.006187],"body_yaw":0.0,"check_collision":false},{"head":[[0.994046,-0.08319,-0.070374,-0.009586],[0.083572,0.996499,0.002496,-0.007319],[0.06992,-0.008363,0.997518,0.008076],[0.0,0.0,0.0,1.0]],"antennas":[-0.093416,-0.006187],"body_yaw":0.0,"check_collision":false},{"head":[[0.994018,-0.083182,-0.070775,-0.009497],[0.08354,0.996502,0.002106,-0.006698],[0.070352,-0.008006,0.99749,0.007681],[0.0,0.0,0.0,1.0]],"antennas":[-0.093416,-0.006187],"body_yaw":0.0,"check_collision":false},{"head":[[0.993979,-0.083358,-0.071116,-0.00943],[0.083717,0.996487,0.002067,-0.006554],[0.070694,-0.008009,0.997466,0.00762],[0.0,0.0,0.0,1.0]],"antennas":[-0.093416,-0.006187],"body_yaw":0.0,"check_collision":false},{"head":[[0.993979,-0.083395,-0.071068,-0.009344],[0.083753,0.996484,0.002069,-0.006429],[0.070645,-0.008009,0.997469,0.007536],[0.0,0.0,0.0,1.0]],"antennas":[-0.093416,-0.006187],"body_yaw":0.0,"check_collision":false},{"head":[[0.993959,-0.083218,-0.071552,-0.009438],[0.083573,0.9965,0.001974,-0.006263],[0.071138,-0.007942,0.997435,0.007152],[0.0,0.0,0.0,1.0]],"antennas":[-0.093416,-0.006187],"body_yaw":0.0,"check_collision":false},{"head":[[0.99394,-0.083245,-0.071785,-0.009481],[0.083596,0.996498,0.00189,-0.006309],[0.071376,-0.007879,0.997418,0.007172],[0.0,0.0,0.0,1.0]],"antennas":[-0.093416,-0.006187],"body_yaw":0.0,"check_collision":false},{"head":[[0.993957,-0.083216,-0.071591,-0.009432],[0.083554,0.996502,0.001734,-0.006204],[0.071196,-0.007705,0.997433,0.007209],[0.0,0.0,0.0,1.0]],"antennas":[-0.093416,-0.006187],"body_yaw":0.0,"check_collision":false},{"head":[[0.993963,-0.083264,-0.071444,-0.009399],[0.083602,0.996498,0.001745,-0.006458],[0.071048,-0.007707,0.997443,0.007403],[0.0,0.0,0.0,1.0]],"antennas":[-0.093416,-0.006187],"body_yaw":0.0,"check_collision":false},{"head":[[0.993925,-0.083455,-0.071758,-0.009341],[0.083805,0.99648,0.001878,-0.006341],[0.071349,-0.00788,0.99742,0.00752],[0.0,0.0,0.0,1.0]],"antennas":[-0.093416,-0.006187],"body_yaw":0.0,"check_collision":false},{"head":[[0.99388,-0.083751,-0.072026,-0.009337],[0.084094,0.996456,0.001738,-0.006166],[0.071625,-0.007785,0.997401,0.007493],[0.0,0.0,0.0,1.0]],"antennas":[-0.093416,-0.006187],"body_yaw":0.0,"check_collision":false},{"head":[[0.993859,-0.083951,-0.072091,-0.009403],[0.084293,0.99644,0.001718,-0.006378],[0.07169,-0.007785,0.997397,0.007604],[0.0,0.0,0.0,1.0]],"antennas":[-0.093416,-0.006187],"body_yaw":0.0,"check_collision":false},{"head":[[0.993893,-0.083567,-0.072062,-0.009484],[0.083926,0.99647,0.001967,-0.006102],[0.071644,-0.008003,0.997398,0.007304],[0.0,0.0,0.0,1.0]],"antennas":[-0.093416,-0.006187],"body_yaw":0.0,"check_collision":false},{"head":[[0.993847,-0.083736,-0.072499,-0.009575],[0.0841,0.996455,0.001972,-0.006213],[0.072077,-0.008057,0.997367,0.007462],[0.0,0.0,0.0,1.0]],"antennas":[-0.093416,-0.006187],"body_yaw":0.0,"check_collision":false},{"head":[[0.993852,-0.083558,-0.072631,-0.009616],[0.083926,0.99647,0.002024,-0.006076],[0.072206,-0.008108,0.997357,0.007367],[0.0,0.0,0.0,1.0]],"antennas":[-0.093416,-0.006187],"body_yaw":0.0,"check_collision":false},{"head":[[0.993801,-0.083833,-0.073013,-0.009522],[0.084221,0.996445,0.002238,-0.005973],[0.072566,-0.008373,0.997328,0.007367],[0.0,0.0,0.0,1.0]],"antennas":[-0.093416,-0.006187],"body_yaw":0.0,"check_collision":false},{"head":[[0.993763,-0.08393,-0.073416,-0.009541],[0.084328,0.996435,0.002332,-0.005631],[0.072959,-0.008508,0.997299,0.00702],[0.0,0.0,0.0,1.0]],"antennas":[-0.093416,-0.006187],"body_yaw":0.0,"check_collision":false},{"head":[[0.993731,-0.08416,-0.073592,-0.00958],[0.084573,0.996414,0.002515,-0.005585],[0.073116,-0.008723,0.997285,0.007011],[0.0,0.0,0.0,1.0]],"antennas":[-0.093416,-0.006187],"body_yaw":0.0,"check_collision":false},{"head":[[0.993718,-0.084317,-0.07359,-0.009552],[0.084751,0.996398,0.002782,-0.005595],[0.07309,-0.009001,0.997285,0.007168],[0.0,0.0,0.0,1.0]],"antennas":[-0.093416,-0.006187],"body_yaw":0.0,"check_collision":false},{"head":[[0.993668,-0.08454,-0.074001,-0.009491],[0.085,0.996376,0.003087,-0.005456],[0.073472,-0.009358,0.997253,0.007133],[0.0,0.0,0.0,1.0]],"antennas":[-0.093416,-0.006187],"body_yaw":0.0,"check_collision":false},{"head":[[0.993542,-0.084749,-0.075447,-0.009473],[0.085252,0.996353,0.003462,-0.00528],[0.074879,-0.009872,0.997144,0.007118],[0.0,0.0,0.0,1.0]],"antennas":[-0.093416,-0.006187],"body_yaw":0.0,"check_collision":false},{"head":[[0.993428,-0.084999,-0.076658,-0.009363],[0.085526,0.996329,0.003614,-0.004985],[0.076069,-0.010147,0.997051,0.007007],[0.0,0.0,0.0,1.0]],"antennas":[-0.093416,-0.006187],"body_yaw":0.0,"check_collision":false},{"head":[[0.993278,-0.085719,-0.077786,-0.009348],[0.086271,0.996265,0.003758,-0.004974],[0.077174,-0.010443,0.996963,0.007003],[0.0,0.0,0.0,1.0]],"antennas":[-0.093416,-0.006187],"body_yaw":0.0,"check_collision":false},{"head":[[0.993019,-0.086346,-0.080362,-0.009478],[0.087,0.996197,0.004662,-0.005262],[0.079654,-0.011621,0.996755,0.007146],[0.0,0.0,0.0,1.0]],"antennas":[-0.093416,-0.006187],"body_yaw":0.0,"check_collision":false},{"head":[[0.992742,-0.08684,-0.083202,-0.009532],[0.087656,0.996132,0.006197,-0.005117],[0.082342,-0.013445,0.996513,0.007202],[0.0,0.0,0.0,1.0]],"antennas":[-0.093416,-0.006187],"body_yaw":0.0,"check_collision":false},{"head":[[0.992535,-0.0872,-0.085264,-0.009598],[0.088165,0.996077,0.007612,-0.004991],[0.084266,-0.015072,0.996329,0.007223],[0.0,0.0,0.0,1.0]],"antennas":[-0.093416,-0.006187],"body_yaw":0.0,"check_collision":false},{"head":[[0.992399,-0.087373,-0.086656,-0.00967],[0.088441,0.996045,0.008558,-0.005247],[0.085566,-0.016157,0.996202,0.007355],[0.0,0.0,0.0,1.0]],"antennas":[-0.093416,-0.006187],"body_yaw":0.0,"check_collision":false},{"head":[[0.992239,-0.087723,-0.088131,-0.009664],[0.088893,0.995997,0.009433,-0.005234],[0.086951,-0.017194,0.996064,0.007403],[0.0,0.0,0.0,1.0]],"antennas":[-0.093416,-0.006187],"body_yaw":0.0,"check_collision":false},{"head":[[0.991969,-0.088171,-0.090684,-0.009763],[0.089533,0.995922,0.011059,-0.005272],[0.089339,-0.01909,0.995818,0.007573],[0.0,0.0,0.0,1.0]],"antennas":[-0.093416,-0.006187],"body_yaw":0.0,"check_collision":false},{"head":[[0.991677,-0.088921,-0.093114,-0.009783],[0.090439,0.995827,0.012209,-0.005256],[0.09164,-0.020529,0.995581,0.007586],[0.0,0.0,0.0,1.0]],"antennas":[-0.093416,-0.006187],"body_yaw":0.0,"check_collision":false},{"head":[[0.991423,-0.089735,-0.095014,-0.009805],[0.091419,0.995721,0.013517,-0.00516],[0.093395,-0.022087,0.995384,0.00762],[0.0,0.0,0.0,1.0]],"antennas":[-0.093416,-0.006187],"body_yaw":0.0,"check_collision":false},{"head":[[0.991232,-0.090253,-0.096505,-0.009747],[0.092078,0.995644,0.014621,-0.005226],[0.094765,-0.023379,0.995225,0.007727],[0.0,0.0,0.0,1.0]],"antennas":[-0.093416,-0.006187],"body_yaw":0.0,"check_collision":false},{"head":[[0.991056,-0.09041,-0.098158,-0.009581],[0.092451,0.995582,0.016438,-0.005613],[0.096238,-0.025366,0.995035,0.007972],[0.0,0.0,0.0,1.0]],"antennas":[-0.093416,-0.006187],"body_yaw":0.0,"check_collision":false},{"head":[[0.990837,-0.090409,-0.100338,-0.009546],[0.092732,0.995515,0.018725,-0.005735],[0.098195,-0.027858,0.994777,0.00805],[0.0,0.0,0.0,1.0]],"antennas":[-0.093416,-0.006187],"body_yaw":0.0,"check_collision":false},{"head":[[0.99065,-0.090868,-0.101766,-0.009432],[0.093464,0.995401,0.021024,-0.005829],[0.099387,-0.030339,0.994586,0.008242],[0.0,0.0,0.0,1.0]],"antennas":[-0.093416,-0.006187],"body_yaw":0.0,"check_collision":false},{"head":[[0.990475,-0.091295,-0.103077,-0.009294],[0.094136,0.995293,0.023029,-0.005514],[0.10049,-0.032513,0.994407,0.00813],[0.0,0.0,0.0,1.0]],"antennas":[-0.093416,-0.006187],"body_yaw":0.0,"check_collision":false},{"head":[[0.990341,-0.091742,-0.103965,-0.009154],[0.094763,0.995199,0.024492,-0.005329],[0.101219,-0.034107,0.994279,0.008101],[0.0,0.0,0.0,1.0]],"antennas":[-0.093416,-0.006187],"body_yaw":0.0,"check_collision":false},{"head":[[0.990223,-0.092098,-0.10477,-0.009071],[0.09531,0.995106,0.026064,-0.005471],[0.101857,-0.035794,0.994155,0.008323],[0.0,0.0,0.0,1.0]],"antennas":[-0.093416,-0.006187],"body_yaw":0.0,"check_collision":false},{"head":[[0.990062,-0.092503,-0.105922,-0.008963],[0.095877,0.995021,0.027203,-0.005323],[0.102879,-0.037088,0.994002,0.008316],[0.0,0.0,0.0,1.0]],"antennas":[-0.093416,-0.006187],"body_yaw":0.0,"check_collision":false},{"head":[[0.989794,-0.092887,-0.108077,-0.008943],[0.096533,0.994907,0.028999,-0.005404],[0.104833,-0.039136,0.993719,0.008557],[0.0,0.0,0.0,1.0]],"antennas":[-0.093416,-0.006187],"body_yaw":0.0,"check_collision":false},{"head":[[0.989336,-0.093292,-0.111851,-0.00883],[0.09735,0.994756,0.031372,-0.005091],[0.108337,-0.041927,0.99323,0.008654],[0.0,0.0,0.0,1.0]],"antennas":[-0.093416,-0.006187],"body_yaw":0.0,"check_collision":false},{"head":[[0.988735,-0.093453,-0.116915,-0.008775],[0.09807,0.994586,0.034364,-0.004998],[0.11307,-0.045442,0.992547,0.008962],[0.0,0.0,0.0,1.0]],"antennas":[-0.093416,-0.006187],"body_yaw":0.0,"check_collision":false},{"head":[[0.988078,-0.094148,-0.121813,-0.008649],[0.099221,0.994404,0.036262,-0.004885],[0.117717,-0.047916,0.991891,0.009269],[0.0,0.0,0.0,1.0]],"antennas":[-0.093416,-0.006187],"body_yaw":0.0,"check_collision":false},{"head":[[0.987426,-0.095193,-0.126203,-0.008699],[0.100542,0.994256,0.036697,-0.005237],[0.121985,-0.048924,0.991325,0.00945],[0.0,0.0,0.0,1.0]],"antennas":[-0.093416,-0.006187],"body_yaw":0.0,"check_collision":false},{"head":[[0.986698,-0.096457,-0.130856,-0.008517],[0.102133,0.994069,0.037362,-0.004773],[0.126476,-0.05023,0.990697,0.009347],[0.0,0.0,0.0,1.0]],"antennas":[-0.093416,-0.006187],"body_yaw":0.0,"check_collision":false},{"head":[[0.985838,-0.097746,-0.136267,-0.008489],[0.103842,0.993854,0.038352,-0.004639],[0.13168,-0.051959,0.98993,0.009701],[0.0,0.0,0.0,1.0]],"antennas":[-0.093416,-0.006187],"body_yaw":0.0,"check_collision":false},{"head":[[0.984934,-0.099049,-0.141754,-0.008432],[0.10557,0.993638,0.03923,-0.004895],[0.136967,-0.053604,0.989124,0.010385],[0.0,0.0,0.0,1.0]],"antennas":[-0.093416,-0.006187],"body_yaw":0.0,"check_collision":false},{"head":[[0.984214,-0.099843,-0.146128,-0.008296],[0.106845,0.993436,0.040856,-0.004734],[0.14109,-0.055824,0.988422,0.010669],[0.0,0.0,0.0,1.0]],"antennas":[-0.093416,-0.006187],"body_yaw":0.0,"check_collision":false},{"head":[[0.983506,-0.100379,-0.150464,-0.007997],[0.107894,0.993248,0.042625,-0.004484],[0.14517,-0.058156,0.987696,0.010825],[0.0,0.0,0.0,1.0]],"antennas":[-0.093416,-0.006187],"body_yaw":0.0,"check_collision":false},{"head":[[0.982435,-0.100321,-0.157344,-0.007704],[0.108537,0.993096,0.044506,-0.004602],[0.151792,-0.060802,0.98654,0.011055],[0.0,0.0,0.0,1.0]],"antennas":[-0.093416,-0.006187],"body_yaw":0.0,"check_collision":false},{"head":[[0.981014,-0.100317,-0.165976,-0.007316],[0.109202,0.992988,0.045279,-0.004893],[0.16027,-0.062544,0.98509,0.011443],[0.0,0.0,0.0,1.0]],"antennas":[-0.093416,-0.006187],"body_yaw":0.0,"check_collision":false},{"head":[[0.979423,-0.100788,-0.174847,-0.006997],[0.110406,0.992814,0.046157,-0.004933],[0.168939,-0.064512,0.983513,0.01173],[0.0,0.0,0.0,1.0]],"antennas":[-0.093416,-0.006187],"body_yaw":0.0,"check_collision":false},{"head":[[0.977239,-0.102058,-0.185976,-0.006664],[0.11277,0.992465,0.047929,-0.004692],[0.179683,-0.067811,0.981385,0.011795],[0.0,0.0,0.0,1.0]],"antennas":[-0.093416,-0.006187],"body_yaw":0.0,"check_collision":false},{"head":[[0.975231,-0.103565,-0.195443,-0.00632],[0.115647,0.991958,0.051422,-0.004793],[0.188546,-0.072751,0.979366,0.012068],[0.0,0.0,0.0,1.0]],"antennas":[-0.093416,-0.006187],"body_yaw":0.0,"check_collision":false},{"head":[[0.973419,-0.104401,-0.203853,-0.005883],[0.117589,0.991612,0.053659,-0.004372],[0.196541,-0.076204,0.97753,0.012259],[0.0,0.0,0.0,1.0]],"antennas":[-0.093416,-0.006187],"body_yaw":0.0,"check_collision":false},{"head":[[0.971368,-0.105707,-0.212769,-0.0054],[0.120087,0.991194,0.055803,-0.00414],[0.204997,-0.079756,0.975508,0.012334],[0.0,0.0,0.0,1.0]],"antennas":[-0.093416,-0.006187],"body_yaw":0.0,"check_collision":false},{"head":[[0.969268,-0.107525,-0.221263,-0.00498],[0.123337,0.990616,0.058893,-0.003818],[0.212854,-0.084373,0.973434,0.012346],[0.0,0.0,0.0,1.0]],"antennas":[-0.093416,-0.006187],"body_yaw":0.0,"check_collision":false},{"head":[[0.966636,-0.109234,-0.231694,-0.004809],[0.126809,0.989967,0.062324,-0.004308],[0.222562,-0.089625,0.97079,0.012689],[0.0,0.0,0.0,1.0]],"antennas":[-0.093416,-0.006187],"body_yaw":0.0,"check_collision":false},{"head":[[0.962732,-0.11346,-0.245509,-0.004289],[0.133141,0.98896,0.065055,-0.004004],[0.235417,-0.095318,0.967209,0.012692],[0.0,0.0,0.0,1.0]],"antennas":[-0.093416,-0.006187],"body_yaw":0.0,"check_collision":false},{"head":[[0.959306,-0.117428,-0.256793,-0.003878],[0.139127,0.987939,0.067967,-0.004014],[0.245714,-0.100928,0.964074,0.012865],[0.0,0.0,0.0,1.0]],"antennas":[-0.093416,-0.006187],"body_yaw":0.0,"check_collision":false},{"head":[[0.956576,-0.119883,-0.265689,-0.003639],[0.143373,0.987134,0.070784,-0.004624],[0.253785,-0.105803,0.961457,0.013257],[0.0,0.0,0.0,1.0]],"antennas":[-0.093416,-0.006187],"body_yaw":0.0,"check_collision":false},{"head":[[0.953487,-0.121943,-0.275667,-0.003333],[0.148048,0.986065,0.075883,-0.004659],[0.262572,-0.113166,0.958253,0.013423],[0.0,0.0,0.0,1.0]],"antennas":[-0.093416,-0.006187],"body_yaw":0.0,"check_collision":false},{"head":[[0.950336,-0.123604,-0.285628,-0.003085],[0.152586,0.984927,0.081459,-0.004705],[0.271255,-0.120997,0.954872,0.013685],[0.0,0.0,0.0,1.0]],"antennas":[-0.093416,-0.006187],"body_yaw":0.0,"check_collision":false},{"head":[[0.94754,-0.125293,-0.294058,-0.002803],[0.156757,0.983895,0.085896,-0.004721],[0.27856,-0.127486,0.95192,0.01396],[0.0,0.0,0.0,1.0]],"antennas":[-0.093416,-0.006187],"body_yaw":0.0,"check_collision":false},{"head":[[0.944894,-0.127107,-0.301694,-0.002353],[0.161099,0.98278,0.090501,-0.004718],[0.284995,-0.134117,0.9491,0.014089],[0.0,0.0,0.0,1.0]],"antennas":[-0.093416,-0.006187],"body_yaw":0.0,"check_collision":false},{"head":[[0.943081,-0.128173,-0.30687,-0.001938],[0.164352,0.981816,0.095005,-0.004712],[0.289113,-0.140032,0.946998,0.014378],[0.0,0.0,0.0,1.0]],"antennas":[-0.093416,-0.006187],"body_yaw":0.0,"check_collision":false},{"head":[[0.942021,-0.129339,-0.309627,-0.001503],[0.166644,0.981222,0.097124,-0.004369],[0.291251,-0.14309,0.945885,0.014496],[0.0,0.0,0.0,1.0]],"antennas":[-0.093416,-0.006187],"body_yaw":0.0,"check_collision":false},{"head":[[0.941711,-0.13041,-0.310118,-0.001077],[0.168482,0.980699,0.099216,-0.004159],[0.291194,-0.145682,0.945507,0.014784],[0.0,0.0,0.0,1.0]],"antennas":[-0.093416,-0.006187],"body_yaw":0.0,"check_collision":false},{"head":[[0.941716,-0.130306,-0.310147,-0.000804],[0.168805,0.980502,0.100602,-0.004038],[0.290991,-0.147093,0.945351,0.015006],[0.0,0.0,0.0,1.0]],"antennas":[-0.093416,-0.006187],"body_yaw":0.0,"check_collision":false},{"head":[[0.941657,-0.131125,-0.30998,-0.000398],[0.169112,0.980621,0.098914,-0.003382],[0.291003,-0.145564,0.945584,0.015074],[0.0,0.0,0.0,1.0]],"antennas":[-0.093416,-0.006187],"body_yaw":0.0,"check_collision":false},{"head":[[0.942502,-0.132315,-0.306893,-0.000206],[0.169129,0.980856,0.096523,-0.002929],[0.288247,-0.142878,0.946837,0.01501],[0.0,0.0,0.0,1.0]],"antennas":[-0.093416,-0.006187],"body_yaw":0.0,"check_collision":false},{"head":[[0.943789,-0.131192,-0.3034,-0.000125],[0.167182,0.981266,0.09575,-0.002758],[0.285154,-0.141091,0.94804,0.015005],[0.0,0.0,0.0,1.0]],"antennas":[-0.093416,-0.006187],"body_yaw":0.0,"check_collision":false},{"head":[[0.944947,-0.130809,-0.299941,-0.000171],[0.165695,0.981699,0.093877,-0.002772],[0.282172,-0.138407,0.949327,0.015032],[0.0,0.0,0.0,1.0]],"antennas":[-0.093416,-0.006187],"body_yaw":0.0,"check_collision":false},{"head":[[0.946385,-0.129864,-0.295788,-0.000275],[0.163375,0.982317,0.091444,-0.002742],[0.278683,-0.134865,0.950867,0.014847],[0.0,0.0,0.0,1.0]],"antennas":[-0.093416,-0.006187],"body_yaw":0.0,"check_collision":false},{"head":[[0.947661,-0.129494,-0.29184,-0.00039],[0.161599,0.982868,0.08863,-0.002388],[0.275363,-0.131153,0.952352,0.014599],[0.0,0.0,0.0,1.0]],"antennas":[-0.093416,-0.006187],"body_yaw":0.0,"check_collision":false},{"head":[[0.949282,-0.128051,-0.287169,-0.000625],[0.158822,0.983515,0.086455,-0.00266],[0.271364,-0.127679,0.95397,0.014315],[0.0,0.0,0.0,1.0]],"antennas":[-0.093416,-0.006187],"body_yaw":0.0,"check_collision":false},{"head":[[0.950783,-0.125845,-0.283151,-0.000845],[0.155966,0.983977,0.08639,-0.002923],[0.267742,-0.1263,0.955177,0.014036],[0.0,0.0,0.0,1.0]],"antennas":[-0.093416,-0.006187],"body_yaw":0.0,"check_collision":false},{"head":[[0.951789,-0.123417,-0.280832,-0.001029],[0.153519,0.984241,0.087759,-0.003224],[0.265575,-0.126641,0.955736,0.013832],[0.0,0.0,0.0,1.0]],"antennas":[-0.093416,-0.006187],"body_yaw":0.0,"check_collision":false},{"head":[[0.951991,-0.12259,-0.280507,-0.001143],[0.152609,0.984386,0.087721,-0.003284],[0.265374,-0.126317,0.955835,0.01374],[0.0,0.0,0.0,1.0]],"antennas":[-0.093416,-0.006187],"body_yaw":0.0,"check_collision":false},{"head":[[0.95221,-0.121847,-0.280088,-0.001214],[0.151615,0.984593,0.087116,-0.003524],[0.265158,-0.125418,0.956013,0.013584],[0.0,0.0,0.0,1.0]],"antennas":[-0.093416,-0.006187],"body_yaw":0.0,"check_collision":false},{"head":[[0.953466,-0.120083,-0.276554,-0.001247],[0.149167,0.985015,0.086571,-0.00373],[0.262014,-0.123795,0.957091,0.013458],[0.0,0.0,0.0,1.0]],"antennas":[-0.093416,-0.006187],"body_yaw":0.0,"check_collision":false},{"head":[[0.955066,-0.118468,-0.271686,-0.001203],[0.146677,0.985446,0.085919,-0.003839],[0.257553,-0.121908,0.958543,0.013325],[0.0,0.0,0.0,1.0]],"antennas":[-0.093416,-0.006187],"body_yaw":0.0,"check_collision":false},{"head":[[0.956566,-0.117857,-0.266631,-0.001217],[0.145025,0.985809,0.084542,-0.003874],[0.252883,-0.119538,0.960084,0.013038],[0.0,0.0,0.0,1.0]],"antennas":[-0.093416,-0.006187],"body_yaw":0.0,"check_collision":false},{"head":[[0.958885,-0.117132,-0.258496,-0.001333],[0.142794,0.986285,0.082773,-0.003777],[0.245255,-0.116282,0.96246,0.012729],[0.0,0.0,0.0,1.0]],"antennas":[-0.093416,-0.006187],"body_yaw":0.0,"check_collision":false},{"head":[[0.96204,-0.117973,-0.246093,-0.001509],[0.141214,0.986824,0.078976,-0.003568],[0.233534,-0.11073,0.966023,0.012378],[0.0,0.0,0.0,1.0]],"antennas":[-0.093416,-0.006187],"body_yaw":0.0,"check_collision":false},{"head":[[0.965041,-0.119457,-0.233293,-0.001707],[0.140219,0.987315,0.074478,-0.003327],[0.221437,-0.104587,0.96955,0.011905],[0.0,0.0,0.0,1.0]],"antennas":[-0.093416,-0.006187],"body_yaw":0.0,"check_collision":false},{"head":[[0.967515,-0.119647,-0.222709,-0.001973],[0.138526,0.987802,0.071117,-0.003352],[0.211483,-0.099658,0.972288,0.011594],[0.0,0.0,0.0,1.0]],"antennas":[-0.093416,-0.006187],"body_yaw":0.0,"check_collision":false},{"head":[[0.970063,-0.119823,-0.211236,-0.002152],[0.13661,0.988376,0.066705,-0.003379],[0.200788,-0.093565,0.975156,0.011308],[0.0,0.0,0.0,1.0]],"antennas":[-0.093416,-0.006187],"body_yaw":0.0,"check_collision":false},{"head":[[0.972577,-0.119806,-0.199349,-0.002421],[0.134725,0.988879,0.062989,-0.00325],[0.189586,-0.088119,0.977902,0.010784],[0.0,0.0,0.0,1.0]],"antennas":[-0.093416,-0.006187],"body_yaw":0.0,"check_collision":false},{"head":[[0.974946,-0.119608,-0.187547,-0.00282],[0.133036,0.989252,0.060677,-0.003124],[0.178274,-0.084108,0.98038,0.010294],[0.0,0.0,0.0,1.0]],"antennas":[-0.093416,-0.006187],"body_yaw":0.0,"check_collision":false},{"head":[[0.977074,-0.119529,-0.17618,-0.002836],[0.131704,0.989527,0.059073,-0.002924],[0.167274,-0.080923,0.982584,0.009902],[0.0,0.0,0.0,1.0]],"antennas":[-0.093416,-0.006187],"body_yaw":0.0,"check_collision":false},{"head":[[0.978574,-0.119002,-0.168022,-0.003323],[0.130095,0.989885,0.056595,-0.003319],[0.159588,-0.077241,0.984157,0.009838],[0.0,0.0,0.0,1.0]],"antennas":[-0.096346,-0.006187],"body_yaw":0.0,"check_collision":false},{"head":[[0.979473,-0.118297,-0.163211,-0.003481],[0.128694,0.990178,0.054639,-0.003116],[0.155145,-0.074522,0.985077,0.009478],[0.0,0.0,0.0,1.0]],"antennas":[-0.10907,-0.006187],"body_yaw":0.0,"check_collision":false},{"head":[[0.980163,-0.117628,-0.159511,-0.003588],[0.127477,0.990427,0.052951,-0.002829],[0.151755,-0.072235,0.985775,0.009298],[0.0,0.0,0.0,1.0]],"antennas":[-0.123993,-0.006187],"body_yaw":0.0,"check_collision":false},{"head":[[0.980742,-0.116564,-0.156711,-0.003738],[0.125955,0.990705,0.051363,-0.002784],[0.149267,-0.070113,0.986308,0.008995],[0.0,0.0,0.0,1.0]],"antennas":[-0.139091,-0.006187],"body_yaw":0.0,"check_collision":false},{"head":[[0.981346,-0.115092,-0.153995,-0.00397],[0.124159,0.990972,0.05058,-0.003102],[0.146783,-0.068756,0.986776,0.008949],[0.0,0.0,0.0,1.0]],"antennas":[-0.154185,-0.006187],"body_yaw":0.0,"check_collision":false},{"head":[[0.981949,-0.113642,-0.151199,-0.004282],[0.122347,0.99125,0.049545,-0.00346],[0.144246,-0.067149,0.987261,0.008957],[0.0,0.0,0.0,1.0]],"antennas":[-0.169289,-0.003569],"body_yaw":0.0,"check_collision":false},{"head":[[0.982676,-0.112397,-0.147357,-0.004497],[0.120589,0.991548,0.047858,-0.003715],[0.140732,-0.064799,0.987925,0.008867],[0.0,0.0,0.0,1.0]],"antennas":[-0.184775,0.007831],"body_yaw":0.0,"check_collision":false},{"head":[[0.983559,-0.111297,-0.142212,-0.00465],[0.118873,0.991847,0.045912,-0.004018],[0.135942,-0.062062,0.988771,0.008749],[0.0,0.0,0.0,1.0]],"antennas":[-0.20167,0.023571],"body_yaw":0.0,"check_collision":false},{"head":[[0.984415,-0.110087,-0.137139,-0.004811],[0.117036,0.992167,0.043662,-0.004102],[0.131258,-0.059032,0.989589,0.00866],[0.0,0.0,0.0,1.0]],"antennas":[-0.219843,0.045095],"body_yaw":0.0,"check_collision":false},{"head":[[0.985176,-0.108514,-0.132864,-0.004994],[0.114945,0.992496,0.041704,-0.004448],[0.127341,-0.056357,0.990257,0.008788],[0.0,0.0,0.0,1.0]],"antennas":[-0.238232,0.070723],"body_yaw":0.0,"check_collision":false},{"head":[[0.985948,-0.106685,-0.128545,-0.005225],[0.112669,0.99282,0.040189,-0.004631],[0.123335,-0.054108,0.990889,0.00878],[0.0,0.0,0.0,1.0]],"antennas":[-0.256608,0.099413],"body_yaw":0.0,"check_collision":false},{"head":[[0.986851,-0.104972,-0.122904,-0.005522],[0.110506,0.993106,0.039091,-0.004886],[0.117954,-0.052158,0.991648,0.008758],[0.0,0.0,0.0,1.0]],"antennas":[-0.275307,0.129206],"body_yaw":0.0,"check_collision":false},{"head":[[0.987721,-0.103554,-0.11698,-0.005531],[0.108585,0.993381,0.037469,-0.004673],[0.112326,-0.049711,0.992427,0.008406],[0.0,0.0,0.0,1.0]],"antennas":[-0.297329,0.159552],"body_yaw":0.0,"check_collision":false},{"head":[[0.988418,-0.102451,-0.111956,-0.005659],[0.106965,0.993644,0.035073,-0.00478],[0.107651,-0.046642,0.993094,0.008264],[0.0,0.0,0.0,1.0]],"antennas":[-0.321425,0.189577],"body_yaw":0.0,"check_collision":false},{"head":[[0.989071,-0.101113,-0.107303,-0.005847],[0.105191,0.993903,0.033035,-0.005056],[0.103309,-0.043962,0.993677,0.008262],[0.0,0.0,0.0,1.0]],"antennas":[-0.346381,0.220257],"body_yaw":0.0,"check_collision":false},{"head":[[0.989749,-0.099505,-0.102452,-0.006064],[0.10321,0.99416,0.031507,-0.005415],[0.098719,-0.041758,0.994239,0.008335],[0.0,0.0,0.0,1.0]],"antennas":[-0.371383,0.250821],"body_yaw":0.0,"check_collision":false},{"head":[[0.990366,-0.09816,-0.097676,-0.006131],[0.101504,0.994387,0.029863,-0.005416],[0.094197,-0.03949,0.99477,0.00813],[0.0,0.0,0.0,1.0]],"antennas":[-0.397996,0.282065],"body_yaw":0.0,"check_collision":false},{"head":[[0.990823,-0.097725,-0.093384,-0.006269],[0.100714,0.994526,0.027842,-0.005224],[0.090152,-0.036991,0.995241,0.00779],[0.0,0.0,0.0,1.0]],"antennas":[-0.426781,0.313575],"body_yaw":0.0,"check_collision":false},{"head":[[0.991191,-0.097315,-0.089835,-0.006342],[0.100017,0.994644,0.026074,-0.004681],[0.086816,-0.034829,0.995615,0.007273],[0.0,0.0,0.0,1.0]],"antennas":[-0.455693,0.344927],"body_yaw":0.0,"check_collision":false},{"head":[[0.991567,-0.096156,-0.086885,-0.006457],[0.098617,0.994824,0.024479,-0.004827],[0.084081,-0.032841,0.995918,0.007128],[0.0,0.0,0.0,1.0]],"antennas":[-0.484728,0.376413],"body_yaw":0.0,"check_collision":false},{"head":[[0.991941,-0.094964,-0.083873,-0.006583],[0.097204,0.994998,0.023037,-0.005133],[0.081265,-0.031004,0.99621,0.007025],[0.0,0.0,0.0,1.0]],"antennas":[-0.513622,0.407744],"body_yaw":0.0,"check_collision":false},{"head":[[0.992314,-0.094249,-0.080193,-0.006769],[0.096291,0.995111,0.021975,-0.005197],[0.077729,-0.029528,0.996537,0.006849],[0.0,0.0,0.0,1.0]],"antennas":[-0.542514,0.439075],"body_yaw":0.0,"check_collision":false},{"head":[[0.992729,-0.09517,-0.073706,-0.006951],[0.096868,0.9951,0.019801,-0.004273],[0.07146,-0.026797,0.997083,0.006199],[0.0,0.0,0.0,1.0]],"antennas":[-0.571528,0.470538],"body_yaw":0.0,"check_collision":false},{"head":[[0.993088,-0.095916,-0.067646,-0.007153],[0.097291,0.995105,0.017332,-0.004214],[0.065652,-0.023793,0.997559,0.005931],[0.0,0.0,0.0,1.0]],"antennas":[-0.600323,0.501763],"body_yaw":0.0,"check_collision":false},{"head":[[0.993388,-0.096149,-0.062736,-0.007275],[0.097265,0.995146,0.014982,-0.00416],[0.060991,-0.020985,0.997918,0.00567],[0.0,0.0,0.0,1.0]],"antennas":[-0.629533,0.533437],"body_yaw":0.0,"check_collision":false},{"head":[[0.993633,-0.095891,-0.059154,-0.007493],[0.096817,0.995218,0.012977,-0.004921],[0.057627,-0.018621,0.998165,0.005674],[0.0,0.0,0.0,1.0]],"antennas":[-0.658504,0.564854],"body_yaw":0.0,"check_collision":false},{"head":[[0.993865,-0.095645,-0.055534,-0.007635],[0.096403,0.99528,0.011129,-0.004963],[0.054208,-0.016414,0.998395,0.005448],[0.0,0.0,0.0,1.0]],"antennas":[-0.687332,0.596115],"body_yaw":0.0,"check_collision":false},{"head":[[0.994141,-0.095382,-0.050851,-0.007878],[0.095963,0.995343,0.009109,-0.004668],[0.049746,-0.013936,0.998665,0.00487],[0.0,0.0,0.0,1.0]],"antennas":[-0.716475,0.627717],"body_yaw":0.0,"check_collision":false},{"head":[[0.994376,-0.095062,-0.04668,-0.008113],[0.095521,0.995398,0.007697,-0.00468],[0.045734,-0.012113,0.99888,0.004613],[0.0,0.0,0.0,1.0]],"antennas":[-0.745114,0.658773],"body_yaw":0.0,"check_collision":false},{"head":[[0.994601,-0.094964,-0.041837,-0.008406],[0.095314,0.995426,0.006437,-0.004643],[0.041035,-0.01039,0.999104,0.004382],[0.0,0.0,0.0,1.0]],"antennas":[-0.77424,0.690357],"body_yaw":0.0,"check_collision":false},{"head":[[0.994754,-0.094768,-0.038518,-0.008611],[0.095044,0.995458,0.005412,-0.004634],[0.03783,-0.009045,0.999243,0.004214],[0.0,0.0,0.0,1.0]],"antennas":[-0.802402,0.720895],"body_yaw":0.0,"check_collision":false},{"head":[[0.99489,-0.094357,-0.035928,-0.008696],[0.094592,0.995504,0.004893,-0.004565],[0.035305,-0.008266,0.999342,0.004015],[0.0,0.0,0.0,1.0]],"antennas":[-0.832123,0.753125],"body_yaw":0.0,"check_collision":false},{"head":[[0.995001,-0.09432,-0.0328,-0.008371],[0.094499,0.995517,0.003957,-0.003834],[0.03228,-0.007037,0.999454,0.003711],[0.0,0.0,0.0,1.0]],"antennas":[-0.861108,0.784556],"body_yaw":0.0,"check_collision":false},{"head":[[0.995146,-0.093576,-0.030469,-0.008432],[0.093708,0.995596,0.002911,-0.003865],[0.030062,-0.005752,0.999531,0.003417],[0.0,0.0,0.0,1.0]],"antennas":[-0.889825,0.815696],"body_yaw":0.0,"check_collision":false},{"head":[[0.99527,-0.092918,-0.028363,-0.008424],[0.093045,0.995657,0.003171,-0.00411],[0.027945,-0.005795,0.999593,0.003399],[0.0,0.0,0.0,1.0]],"antennas":[-0.918898,0.847223],"body_yaw":0.0,"check_collision":false},{"head":[[0.995386,-0.092324,-0.026117,-0.008501],[0.092435,0.995714,0.00306,-0.004147],[0.025722,-0.00546,0.999654,0.003207],[0.0,0.0,0.0,1.0]],"antennas":[-0.948028,0.878811],"body_yaw":0.0,"check_collision":false},{"head":[[0.995464,-0.092059,-0.023997,-0.008557],[0.092134,0.995744,0.002054,-0.004179],[0.023705,-0.004256,0.99971,0.00301],[0.0,0.0,0.0,1.0]],"antennas":[-0.977252,0.910501],"body_yaw":0.0,"check_collision":false},{"head":[[0.995547,-0.091769,-0.02157,-0.008578],[0.091795,0.995778,0.000192,-0.004212],[0.021461,-0.002172,0.999767,0.002754],[0.0,0.0,0.0,1.0]],"antennas":[-1.006209,0.941902],"body_yaw":0.0,"check_collision":false},{"head":[[0.995651,-0.091346,-0.018281,-0.008595],[0.091339,0.995819,-0.001234,-0.004247],[0.018318,-0.000441,0.999832,0.002412],[0.0,0.0,0.0,1.0]],"antennas":[-1.035166,0.973303],"body_yaw":0.0,"check_collision":false},{"head":[[0.995738,-0.090936,-0.015347,-0.008875],[0.090908,0.995856,-0.002485,-0.00381],[0.015509,0.001079,0.999879,0.001917],[0.0,0.0,0.0,1.0]],"antennas":[-1.064103,1.004683],"body_yaw":0.0,"check_collision":false},{"head":[[0.995845,-0.090128,-0.013032,-0.00901],[0.090097,0.995929,-0.002979,-0.003863],[0.013248,0.001792,0.999911,0.001565],[0.0,0.0,0.0,1.0]],"antennas":[-1.093088,1.036114],"body_yaw":0.0,"check_collision":false},{"head":[[0.995948,-0.089363,-0.010071,-0.00916],[0.089326,0.995994,-0.004082,-0.003917],[0.010396,0.003166,0.999941,0.001216],[0.0,0.0,0.0,1.0]],"antennas":[-1.122136,1.067613],"body_yaw":0.0,"check_collision":false},{"head":[[0.99604,-0.088597,-0.007358,-0.009259],[0.088564,0.996059,-0.004711,-0.003959],[0.007747,0.004041,0.999962,0.000857],[0.0,0.0,0.0,1.0]],"antennas":[-1.151071,1.09899],"body_yaw":0.0,"check_collision":false},{"head":[[0.996058,-0.088585,-0.004579,-0.009141],[0.088562,0.996057,-0.00516,-0.003699],[0.005018,0.004734,0.999976,0.000142],[0.0,0.0,0.0,1.0]],"antennas":[-1.180153,1.130526],"body_yaw":0.0,"check_collision":false},{"head":[[0.996115,-0.088037,-0.001885,-0.009261],[0.088023,0.996097,-0.006586,-0.003858],[0.002457,0.006394,0.999977,-0.000167],[0.0,0.0,0.0,1.0]],"antennas":[-1.208962,1.161766],"body_yaw":0.0,"check_collision":false},{"head":[[0.996149,-0.087677,0.000372,-0.00913],[0.087677,0.996116,-0.008096,-0.003392],[0.000339,0.008098,0.999967,-0.000827],[0.0,0.0,0.0,1.0]],"antennas":[-1.237999,1.193253],"body_yaw":0.0,"check_collision":false},{"head":[[0.996147,-0.087642,0.003142,-0.00925],[0.08767,0.996099,-0.010007,-0.003325],[-0.002253,0.010244,0.999945,-0.00118],[0.0,0.0,0.0,1.0]],"antennas":[-1.266652,1.224325],"body_yaw":0.0,"check_collision":false},{"head":[[0.996142,-0.08751,0.006589,-