{"description":"A calm movement showing you don\u2019t really have an opinion, or what\u2019s offered doesn\u2019t suit you.","time":[0.0,0.02,0.04,0.06,0.08,0.1,0.12,0.14,0.16,0.18,0.2,0.22,0.24,0.26,0.28,0.3,0.32,0.34,0.36,0.38,0.4,0.42,0.44,0.46,0.48,0.5,0.52,0.54,0.56,0.58,0.6,0.62,0.64,0.66,0.68,0.7,0.72,0.74,0.76,0.78,0.8,0.82,0.84,0.86,0.88,0.9,0.92,0.94,0.96,0.98,1.0,1.02,1.04,1.06,1.08,1.1,1.12,1.14,1.16,1.18,1.2,1.22,1.24,1.26,1.28,1.3,1.32,1.34,1.36,1.38,1.4,1.42,1.44,1.46,1.48,1.5,1.52,1.54,1.56,1.58,1.6,1.62,1.64,1.66,1.68,1.7,1.72,1.74,1.76,1.78,1.8,1.82,1.84,1.86,1.88,1.9,1.92,1.94,1.96,1.98,2.0,2.02,2.04,2.06,2.08,2.1,2.12,2.14,2.16,2.18,2.2,2.22,2.24,2.26,2.28,2.3,2.32,2.34,2.36,2.38,2.4,2.42,2.44,2.46,2.48,2.5,2.52,2.54,2.56,2.58,2.6,2.62,2.64,2.66,2.68,2.7,2.72,2.74,2.76,2.78,2.8,2.82,2.84,2.86,2.88,2.9,2.92,2.94,2.96,2.98,3.0,3.02,3.04,3.06,3.08,3.1,3.12,3.14,3.16,3.18,3.2,3.22,3.24,3.26,3.28,3.3,3.32,3.34,3.36,3.38,3.4,3.42,3.44,3.46,3.48,3.5,3.52,3.54,3.56,3.58,3.6,3.62,3.64,3.66,3.68,3.7,3.72,3.74,3.76,3.78,3.8,3.82,3.84,3.86,3.88,3.9,3.92,3.94,3.96,3.98,4.0,4.02,4.04,4.06,4.08,4.1,4.12,4.14,4.16,4.18,4.2,4.22,4.24,4.26,4.28,4.3,4.32,4.34,4.36,4.38,4.4,4.42,4.44,4.46,4.48,4.5,4.52,4.54,4.56,4.58,4.6,4.62,4.64,4.66,4.68,4.7,4.72,4.74,4.76,4.78,4.8,4.82,4.84,4.86,4.88,4.9,4.92,4.94,4.96,4.98,5.0,5.02,5.04,5.06,5.08,5.1,5.12,5.14,5.16,5.18,5.2,5.22,5.24,5.26,5.28,5.3,5.32,5.34,5.36,5.38,5.4,5.42,5.44,5.46,5.48,5.5,5.52,5.54,5.56,5.58,5.6,5.62,5.64,5.66,5.68,5.7,5.72,5.74,5.76,5.78,5.8,5.82,5.84,5.86,5.88,5.9,5.92,5.94,5.96,5.98,6.0,6.02,6.04,6.06,6.08,6.1,6.12,6.14],"set_target_data":[{"head":[[0.999583,0.000152,-0.028884,-0.003304],[-0.000909,0.999656,-0.026209,0.000871],[0.02887,0.026224,0.999239,0.011522],[0.0,0.0,0.0,1.0]],"antennas":[-0.075659,0.129909],"body_yaw":0.0,"check_collision":false},{"head":[[0.999601,0.000292,-0.028231,-0.003184],[-0.001049,0.99964,-0.02681,0.001126],[0.028213,0.026829,0.999242,0.011345],[0.0,0.0,0.0,1.0]],"antennas":[-0.075659,0.129909],"body_yaw":0.0,"check_collision":false},{"head":[[0.999593,0.001415,-0.028486,-0.003318],[-0.002162,0.999654,-0.026212,0.001067],[0.028439,0.026263,0.99925,0.011441],[0.0,0.0,0.0,1.0]],"antennas":[-0.075659,0.129909],"body_yaw":0.0,"check_collision":false},{"head":[[0.999592,0.000517,-0.028575,-0.003268],[-0.0013,0.999624,-0.027399,0.00125],[0.02855,0.027425,0.999216,0.011373],[0.0,0.0,0.0,1.0]],"antennas":[-0.075659,0.129909],"body_yaw":0.0,"check_collision":false},{"head":[[0.999582,0.001004,-0.028902,-0.003423],[-0.001812,0.999608,-0.027934,0.001299],[0.028863,0.027975,0.999192,0.011222],[0.0,0.0,0.0,1.0]],"antennas":[-0.075659,0.129909],"body_yaw":0.0,"check_collision":false},{"head":[[0.99958,0.000976,-0.028969,-0.003461],[-0.001786,0.999608,-0.027939,0.001375],[0.028931,0.027979,0.99919,0.011197],[0.0,0.0,0.0,1.0]],"antennas":[-0.075659,0.129909],"body_yaw":0.0,"check_collision":false},{"head":[[0.999584,0.001476,-0.028808,-0.003226],[-0.002267,0.999621,-0.02744,0.001674],[0.028757,0.027494,0.999208,0.011021],[0.0,0.0,0.0,1.0]],"antennas":[-0.075659,0.129909],"body_yaw":0.0,"check_collision":false},{"head":[[0.999594,0.001634,-0.028445,-0.003203],[-0.002415,0.999621,-0.027423,0.001776],[0.02839,0.02748,0.999219,0.011003],[0.0,0.0,0.0,1.0]],"antennas":[-0.075659,0.129909],"body_yaw":0.0,"check_collision":false},{"head":[[0.999597,0.001601,-0.028355,-0.00324],[-0.002385,0.999615,-0.027657,0.001688],[0.0283,0.027714,0.999215,0.011001],[0.0,0.0,0.0,1.0]],"antennas":[-0.075659,0.129909],"body_yaw":0.0,"check_collision":false},{"head":[[0.999597,0.001482,-0.028337,-0.003224],[-0.002279,0.999602,-0.028106,0.001783],[0.028284,0.028159,0.999203,0.010973],[0.0,0.0,0.0,1.0]],"antennas":[-0.075659,0.129909],"body_yaw":0.0,"check_collision":false},{"head":[[0.999602,0.001643,-0.028151,-0.003197],[-0.002437,0.9996,-0.02818,0.001879],[0.028094,0.028238,0.999206,0.010923],[0.0,0.0,0.0,1.0]],"antennas":[-0.075659,0.129909],"body_yaw":0.0,"check_collision":false},{"head":[[0.999609,0.002079,-0.02789,-0.003432],[-0.002861,0.999603,-0.028027,0.001162],[0.027821,0.028096,0.999218,0.011226],[0.0,0.0,0.0,1.0]],"antennas":[-0.075659,0.129909],"body_yaw":0.0,"check_collision":false},{"head":[[0.999611,0.002222,-0.027786,-0.003305],[-0.003001,0.999603,-0.028018,0.001183],[0.027713,0.02809,0.999221,0.011214],[0.0,0.0,0.0,1.0]],"antennas":[-0.075659,0.129909],"body_yaw":0.0,"check_collision":false},{"head":[[0.999613,0.002334,-0.027737,-0.003296],[-0.003115,0.999598,-0.028165,0.001071],[0.02766,0.028241,0.999218,0.011288],[0.0,0.0,0.0,1.0]],"antennas":[-0.075659,0.129909],"body_yaw":0.0,"check_collision":false},{"head":[[0.999621,0.002346,-0.027435,-0.003463],[-0.003131,0.999586,-0.028611,0.000663],[0.027357,0.028686,0.999214,0.011413],[0.0,0.0,0.0,1.0]],"antennas":[-0.075659,0.129909],"body_yaw":0.0,"check_collision":false},{"head":[[0.999623,0.002351,-0.027355,-0.003322],[-0.003138,0.999582,-0.028756,0.000842],[0.027276,0.028831,0.999212,0.011367],[0.0,0.0,0.0,1.0]],"antennas":[-0.075659,0.129909],"body_yaw":0.0,"check_collision":false},{"head":[[0.999628,0.002411,-0.027164,-0.003258],[-0.003195,0.999579,-0.028841,0.00086],[0.027083,0.028917,0.999215,0.011407],[0.0,0.0,0.0,1.0]],"antennas":[-0.075659,0.129909],"body_yaw":0.0,"check_collision":false},{"head":[[0.999643,0.002395,-0.026614,-0.003087],[-0.003164,0.999577,-0.028895,0.001091],[0.026534,0.028969,0.999228,0.011328],[0.0,0.0,0.0,1.0]],"antennas":[-0.075659,0.129909],"body_yaw":0.0,"check_collision":false},{"head":[[0.999646,0.002137,-0.026516,-0.003137],[-0.002902,0.99958,-0.028835,0.001153],[0.026443,0.028902,0.999232,0.011361],[0.0,0.0,0.0,1.0]],"antennas":[-0.075659,0.129909],"body_yaw":0.0,"check_collision":false},{"head":[[0.999652,0.002129,-0.026304,-0.002995],[-0.002892,0.999575,-0.028994,0.001553],[0.026231,0.02906,0.999233,0.011181],[0.0,0.0,0.0,1.0]],"antennas":[-0.075659,0.129909],"body_yaw":0.0,"check_collision":false},{"head":[[0.99967,0.001693,-0.025631,-0.002951],[-0.002443,0.999569,-0.029245,0.001562],[0.025571,0.029298,0.999244,0.011168],[0.0,0.0,0.0,1.0]],"antennas":[-0.075659,0.129909],"body_yaw":0.0,"check_collision":false},{"head":[[0.999675,0.000847,-0.025496,-0.003049],[-0.001606,0.999556,-0.029742,0.001488],[0.02546,0.029774,0.999232,0.011097],[0.0,0.0,0.0,1.0]],"antennas":[-0.075659,0.129909],"body_yaw":0.0,"check_collision":false},{"head":[[0.999678,-0.000803,-0.025354,-0.002994],[3.6e-05,0.999543,-0.030235,0.001576],[0.025367,0.030224,0.999221,0.011062],[0.0,0.0,0.0,1.0]],"antennas":[-0.075659,0.129909],"body_yaw":0.0,"check_collision":false},{"head":[[0.999668,-0.002585,-0.025623,-0.002988],[0.001783,0.99951,-0.031239,0.001643],[0.025691,0.031183,0.999183,0.010981],[0.0,0.0,0.0,1.0]],"antennas":[-0.075659,0.129909],"body_yaw":0.0,"check_collision":false},{"head":[[0.999662,-0.004093,-0.025658,-0.002943],[0.003258,0.999467,-0.032474,0.001625],[0.025777,0.032379,0.999143,0.010969],[0.0,0.0,0.0,1.0]],"antennas":[-0.075659,0.129909],"body_yaw":0.0,"check_collision":false},{"head":[[0.999651,-0.00585,-0.025746,-0.002898],[0.004979,0.999417,-0.033767,0.001675],[0.025928,0.033627,0.999098,0.010903],[0.0,0.0,0.0,1.0]],"antennas":[-0.075659,0.129909],"body_yaw":0.0,"check_collision":false},{"head":[[0.999637,-0.007378,-0.025915,-0.00287],[0.006475,0.999375,-0.034753,0.001737],[0.026155,0.034572,0.99906,0.010848],[0.0,0.0,0.0,1.0]],"antennas":[-0.075659,0.129909],"body_yaw":0.0,"check_collision":false},{"head":[[0.99961,-0.008702,-0.026528,-0.002843],[0.007759,0.999341,-0.035471,0.001643],[0.026819,0.035252,0.999019,0.011075],[0.0,0.0,0.0,1.0]],"antennas":[-0.075659,0.129909],"body_yaw":0.0,"check_collision":false},{"head":[[0.999601,-0.008992,-0.026774,-0.002808],[0.008028,0.999323,-0.0359,0.001694],[0.027079,0.035671,0.998997,0.011056],[0.0,0.0,0.0,1.0]],"antennas":[-0.075659,0.129909],"body_yaw":0.0,"check_collision":false},{"head":[[0.999613,-0.008196,-0.02658,-0.002794],[0.00725,0.999344,-0.035475,0.001671],[0.026854,0.035269,0.999017,0.010953],[0.0,0.0,0.0,1.0]],"antennas":[-0.075659,0.129909],"body_yaw":0.0,"check_collision":false},{"head":[[0.999616,-0.00746,-0.026686,-0.002775],[0.006531,0.999375,-0.034755,0.001707],[0.026928,0.034567,0.99904,0.010906],[0.0,0.0,0.0,1.0]],"antennas":[-0.075659,0.129909],"body_yaw":0.0,"check_collision":false},{"head":[[0.999614,-0.006785,-0.026956,-0.002759],[0.005853,0.999387,-0.034502,0.001684],[0.027173,0.034331,0.999041,0.01095],[0.0,0.0,0.0,1.0]],"antennas":[-0.075659,0.129909],"body_yaw":0.0,"check_collision":false},{"head":[[0.999605,-0.006344,-0.027378,-0.002991],[0.005394,0.999386,-0.034633,0.001314],[0.027581,0.034472,0.999025,0.011148],[0.0,0.0,0.0,1.0]],"antennas":[-0.075659,0.129909],"body_yaw":0.0,"check_collision":false},{"head":[[0.9996,-0.005844,-0.027687,-0.003165],[0.004881,0.999385,-0.034726,0.000995],[0.027873,0.034577,0.999013,0.011308],[0.0,0.0,0.0,1.0]],"antennas":[-0.075659,0.129909],"body_yaw":0.0,"check_collision":false},{"head":[[0.999605,-0.005549,-0.027549,-0.003127],[0.004587,0.999382,-0.03486,0.001016],[0.027726,0.03472,0.999012,0.011233],[0.0,0.0,0.0,1.0]],"antennas":[-0.075659,0.129909],"body_yaw":0.0,"check_collision":false},{"head":[[0.999616,-0.005256,-0.027195,-0.003152],[0.004307,0.999383,-0.034855,0.000988],[0.027361,0.034725,0.999022,0.011219],[0.0,0.0,0.0,1.0]],"antennas":[-0.075659,0.129909],"body_yaw":0.0,"check_collision":false},{"head":[[0.999623,-0.005091,-0.026971,-0.002939],[0.00415,0.999384,-0.034856,0.001396],[0.027131,0.034731,0.999028,0.010969],[0.0,0.0,0.0,1.0]],"antennas":[-0.075659,0.129909],"body_yaw":0.0,"check_collision":false},{"head":[[0.999623,-0.00489,-0.027032,-0.002886],[0.003952,0.999392,-0.034632,0.001672],[0.027185,0.034512,0.999034,0.010883],[0.0,0.0,0.0,1.0]],"antennas":[-0.075659,0.129909],"body_yaw":0.0,"check_collision":false},{"head":[[0.999626,-0.005101,-0.02688,-0.002859],[0.004164,0.999385,-0.034808,0.001767],[0.027041,0.034684,0.999032,0.010868],[0.0,0.0,0.0,1.0]],"antennas":[-0.075659,0.129909],"body_yaw":0.0,"check_collision":false},{"head":[[0.999628,-0.005403,-0.026741,-0.002865],[0.00447,0.999384,-0.034808,0.001765],[0.026913,0.034676,0.999036,0.010824],[0.0,0.0,0.0,1.0]],"antennas":[-0.075659,0.129909],"body_yaw":0.0,"check_collision":false},{"head":[[0.999635,-0.005584,-0.026422,-0.002863],[0.004654,0.999372,-0.035124,0.001682],[0.026601,0.034989,0.999034,0.010899],[0.0,0.0,0.0,1.0]],"antennas":[-0.075659,0.129909],"body_yaw":0.0,"check_collision":false},{"head":[[0.999643,-0.00601,-0.02604,-0.002777],[0.005087,0.999361,-0.035386,0.001803],[0.026237,0.035241,0.999034,0.01068],[0.0,0.0,0.0,1.0]],"antennas":[-0.075659,0.129909],"body_yaw":0.0,"check_collision":false},{"head":[[0.999653,-0.006505,-0.025515,-0.002724],[0.005602,0.999361,-0.035314,0.001854],[0.025729,0.035158,0.999051,0.010634],[0.0,0.0,0.0,1.0]],"antennas":[-0.075659,0.129909],"body_yaw":0.0,"check_collision":false},{"head":[[0.99966,-0.006779,-0.025178,-0.00271],[0.005891,0.999363,-0.035208,0.001795],[0.0254,0.035048,0.999063,0.010697],[0.0,0.0,0.0,1.0]],"antennas":[-0.075659,0.129909],"body_yaw":0.0,"check_collision":false},{"head":[[0.999663,-0.007013,-0.024981,-0.002685],[0.006128,0.999357,-0.035318,0.001828],[0.025213,0.035153,0.999064,0.010663],[0.0,0.0,0.0,1.0]],"antennas":[-0.075659,0.129909],"body_yaw":0.0,"check_collision":false},{"head":[[0.999663,-0.007291,-0.024897,-0.002652],[0.006397,0.999338,-0.035804,0.001856],[0.025141,0.035632,0.999049,0.010615],[0.0,0.0,0.0,1.0]],"antennas":[-0.075659,0.129909],"body_yaw":0.0,"check_collision":false},{"head":[[0.999668,-0.007541,-0.024657,-0.002663],[0.006646,0.999322,-0.036206,0.001509],[0.024914,0.03603,0.99904,0.010944],[0.0,0.0,0.0,1.0]],"antennas":[-0.075659,0.129909],"body_yaw":0.0,"check_collision":false},{"head":[[0.999666,-0.007538,-0.024727,-0.002792],[0.006641,0.999324,-0.036163,0.001284],[0.024983,0.035986,0.99904,0.010989],[0.0,0.0,0.0,1.0]],"antennas":[-0.075659,0.129909],"body_yaw":0.0,"check_collision":false},{"head":[[0.999664,-0.007271,-0.024891,-0.002828],[0.006377,0.999339,-0.035803,0.001245],[0.025134,0.035632,0.999049,0.010995],[0.0,0.0,0.0,1.0]],"antennas":[-0.075659,0.129909],"body_yaw":0.0,"check_collision":false},{"head":[[0.999658,-0.006925,-0.025207,-0.003076],[0.006022,0.999343,-0.035753,0.000866],[0.025438,0.035589,0.999043,0.011242],[0.0,0.0,0.0,1.0]],"antennas":[-0.075659,0.129909],"body_yaw":0.0,"check_collision":false},{"head":[[0.999654,-0.006982,-0.025358,-0.00307],[0.006063,0.999328,-0.036163,0.000956],[0.025593,0.035997,0.999024,0.011197],[0.0,0.0,0.0,1.0]],"antennas":[-0.075659,0.129909],"body_yaw":0.0,"check_collision":false},{"head":[[0.999657,-0.00705,-0.025211,-0.00296],[0.006122,0.999307,-0.036717,0.001181],[0.025453,0.03655,0.999008,0.011111],[0.0,0.0,0.0,1.0]],"antennas":[-0.075659,0.129909],"body_yaw":0.0,"check_collision":false},{"head":[[0.999655,-0.006907,-0.025337,-0.00299],[0.005965,0.999294,-0.037086,0.00117],[0.025575,0.036922,0.998991,0.011177],[0.0,0.0,0.0,1.0]],"antennas":[-0.075659,0.129909],"body_yaw":0.0,"check_collision":false},{"head":[[0.999645,-0.006798,-0.025772,-0.003125],[0.00583,0.999281,-0.037459,0.001017],[0.026008,0.037296,0.998966,0.011277],[0.0,0.0,0.0,1.0]],"antennas":[-0.075659,0.129909],"body_yaw":0.0,"check_collision":false},{"head":[[0.999633,-0.006859,-0.026214,-0.003203],[0.005863,0.999265,-0.037871,0.00095],[0.026455,0.037704,0.998939,0.011255],[0.0,0.0,0.0,1.0]],"antennas":[-0.075659,0.129909],"body_yaw":0.0,"check_collision":false},{"head":[[0.999626,-0.007052,-0.02641,-0.00317],[0.006031,0.99924,-0.038523,0.001035],[0.026661,0.038349,0.998909,0.011192],[0.0,0.0,0.0,1.0]],"antennas":[-0.075659,0.129909],"body_yaw":0.0,"check_collision":false},{"head":[[0.99962,-0.007549,-0.026496,-0.003093],[0.006501,0.999201,-0.039443,0.001169],[0.026772,0.039256,0.99887,0.011101],[0.0,0.0,0.0,1.0]],"antennas":[-0.075659,0.129909],"body_yaw":0.0,"check_collision":false},{"head":[[0.999614,-0.008316,-0.026517,-0.002961],[0.007236,0.99915,-0.040574,0.001343],[0.026832,0.040366,0.998825,0.010956],[0.0,0.0,0.0,1.0]],"antennas":[-0.075659,0.129909],"body_yaw":0.0,"check_collision":false},{"head":[[0.9996,-0.009437,-0.026655,-0.002888],[0.008325,0.999104,-0.041507,0.00138],[0.027023,0.041268,0.998783,0.010944],[0.0,0.0,0.0,1.0]],"antennas":[-0.075659,0.129909],"body_yaw":0.0,"check_collision":false},{"head":[[0.999576,-0.010763,-0.027053,-0.002827],[0.009612,0.999058,-0.042319,0.00139],[0.027483,0.042041,0.998738,0.010979],[0.0,0.0,0.0,1.0]],"antennas":[-0.075659,0.129909],"body_yaw":0.0,"check_collision":false},{"head":[[0.999564,-0.012063,-0.026936,-0.002744],[0.010901,0.999021,-0.042869,0.001436],[0.027427,0.042557,0.998718,0.011003],[0.0,0.0,0.0,1.0]],"antennas":[-0.075659,0.129909],"body_yaw":0.0,"check_collision":false},{"head":[[0.999556,-0.013109,-0.026773,-0.002651],[0.011964,0.999026,-0.042473,0.001506],[0.027304,0.042133,0.998739,0.010995],[0.0,0.0,0.0,1.0]],"antennas":[-0.075659,0.129909],"body_yaw":0.0,"check_collision":false},{"head":[[0.999538,-0.01429,-0.026835,-0.002565],[0.01316,0.999038,-0.04182,0.001583],[0.027406,0.041448,0.998765,0.011012],[0.0,0.0,0.0,1.0]],"antennas":[-0.075659,0.138959],"body_yaw":0.0,"check_collision":false},{"head":[[0.999518,-0.015622,-0.026813,-0.002503],[0.014503,0.999036,-0.041437,0.001622],[0.027434,0.041028,0.998781,0.011078],[0.0,0.0,0.0,1.0]],"antennas":[-0.075659,0.16583],"body_yaw":0.0,"check_collision":false},{"head":[[0.999506,-0.016782,-0.026562,-0.00247],[0.015663,0.999004,-0.04177,0.001594],[0.027237,0.041334,0.998774,0.011057],[0.0,0.0,0.0,1.0]],"antennas":[-0.075659,0.203911],"body_yaw":0.0,"check_collision":false},{"head":[[0.999501,-0.017508,-0.026281,-0.002419],[0.01639,0.998976,-0.04218,0.001677],[0.026993,0.041728,0.998764,0.010955],[0.0,0.0,0.0,1.0]],"antennas":[-0.075659,0.249618],"body_yaw":0.0,"check_collision":false},{"head":[[0.999487,-0.018163,-0.02637,-0.002434],[0.017024,0.99894,-0.042774,0.001532],[0.027119,0.042303,0.998737,0.010954],[0.0,0.0,0.0,1.0]],"antennas":[-0.075659,0.300882],"body_yaw":0.0,"check_collision":false},{"head":[[0.999473,-0.018808,-0.026455,-0.002453],[0.01764,0.99889,-0.043684,0.001574],[0.027247,0.043194,0.998695,0.010858],[0.0,0.0,0.0,1.0]],"antennas":[-0.075659,0.35374],"body_yaw":0.0,"check_collision":false},{"head":[[0.999479,-0.019108,-0.026,-0.002448],[0.017932,0.998837,-0.044752,0.001543],[0.026825,0.044263,0.99866,0.010861],[0.0,0.0,0.0,1.0]],"antennas":[-0.075659,0.411404],"body_yaw":0.0,"check_collision":false},{"head":[[0.999502,-0.018377,-0.025646,-0.002403],[0.017198,0.998819,-0.045443,0.001496],[0.026451,0.04498,0.998638,0.01083],[0.0,0.0,0.0,1.0]],"antennas":[-0.075659,0.471302],"body_yaw":0.0,"check_collision":false},{"head":[[0.999538,-0.01706,-0.02517,-0.00234],[0.015873,0.998787,-0.046616,0.001514],[0.025935,0.046195,0.998596,0.010693],[0.0,0.0,0.0,1.0]],"antennas":[-0.075659,0.531382],"body_yaw":0.0,"check_collision":false},{"head":[[0.999578,-0.015979,-0.024259,-0.0023],[0.014801,0.998739,-0.047977,0.001552],[0.024995,0.047597,0.998554,0.010544],[0.0,0.0,0.0,1.0]],"antennas":[-0.075659,0.590774],"body_yaw":0.0,"check_collision":false},{"head":[[0.999638,-0.013815,-0.023102,-0.002274],[0.012684,0.998747,-0.048414,0.001614],[0.023742,0.048103,0.99856,0.01041],[0.0,0.0,0.0,1.0]],"antennas":[-0.075659,0.650675],"body_yaw":0.0,"check_collision":false},{"head":[[0.999745,-0.006575,-0.02159,-0.002129],[0.005567,0.998907,-0.046408,0.001764],[0.021871,0.046276,0.998689,0.010316],[0.0,0.0,0.0,1.0]],"antennas":[-0.075659,0.711663],"body_yaw":0.0,"check_collision":false},{"head":[[0.999802,0.005653,-0.019072,-0.002027],[-0.006451,0.999094,-0.042056,0.001848],[0.018817,0.042171,0.998933,0.010263],[0.0,0.0,0.0,1.0]],"antennas":[-0.075659,0.7717],"body_yaw":0.0,"check_collision":false},{"head":[[0.999622,0.021973,-0.016546,-0.001866],[-0.022574,0.999059,-0.037037,0.001941],[0.015717,0.037396,0.999177,0.010202],[0.0,0.0,0.0,1.0]],"antennas":[-0.075659,0.831537],"body_yaw":0.0,"check_collision":false},{"head":[[0.999074,0.04012,-0.015517,-0.001617],[-0.040625,0.998606,-0.033707,0.001994],[0.014143,0.034307,0.999311,0.010148],[0.0,0.0,0.0,1.0]],"antennas":[-0.075659,0.889927],"body_yaw":0.0,"check_collision":false},{"head":[[0.997959,0.061907,-0.015695,-0.00124],[-0.062378,0.997553,-0.031577,0.002051],[0.013702,0.032492,0.999378,0.010078],[0.0,0.0,0.0,1.0]],"antennas":[-0.075659,0.944646],"body_yaw":0.0,"check_collision":false},{"head":[[0.995999,0.087765,-0.016814,-0.000591],[-0.088209,0.995714,-0.0278,0.002951],[0.014302,0.029172,0.999472,0.009446],[0.0,0.0,0.0,1.0]],"antennas":[-0.075659,0.99608],"body_yaw":0.0,"check_collision":false},{"head":[[0.993394,0.113289,-0.018302,-0.000312],[-0.113708,0.993229,-0.023804,0.002743],[0.015481,0.025728,0.999549,0.009284],[0.0,0.0,0.0,1.0]],"antennas":[-0.075659,1.039997],"body_yaw":0.0,"check_collision":false},{"head":[[0.990669,0.134558,-0.02167,8.7e-05],[-0.134987,0.990651,-0.019749,0.002896],[0.01881,0.02249,0.99957,0.008978],[0.0,0.0,0.0,1.0]],"antennas":[-0.075659,1.080082],"body_yaw":0.0,"check_collision":false},{"head":[[0.988641,0.148435,-0.023593,0.000334],[-0.148866,0.988699,-0.017691,0.003024],[0.0207,0.021003,0.999565,0.008739],[0.0,0.0,0.0,1.0]],"antennas":[-0.075659,1.119589],"body_yaw":0.0,"check_collision":false},{"head":[[0.987179,0.157858,-0.023621,0.000501],[-0.158287,0.987237,-0.017552,0.003133],[0.020549,0.021066,0.999567,0.008563],[0.0,0.0,0.0,1.0]],"antennas":[-0.075659,1.159081],"body_yaw":0.0,"check_collision":false},{"head":[[0.985854,0.165907,-0.023789,0.000807],[-0.166327,0.985926,-0.016903,0.003493],[0.020649,0.020621,0.999574,0.008256],[0.0,0.0,0.0,1.0]],"antennas":[-0.075659,1.198689],"body_yaw":0.0,"check_collision":false},{"head":[[0.98548,0.168051,-0.024257,0.000867],[-0.168494,0.985546,-0.017558,0.00334],[0.020956,0.021391,0.999552,0.008369],[0.0,0.0,0.0,1.0]],"antennas":[-0.075659,1.234153],"body_yaw":0.0,"check_collision":false},{"head":[[0.986092,0.164316,-0.024942,0.001221],[-0.164804,0.986144,-0.018959,0.003853],[0.021481,0.022805,0.999509,0.00809],[0.0,0.0,0.0,1.0]],"antennas":[-0.075659,1.234342],"body_yaw":0.0,"check_collision":false},{"head":[[0.98823,0.150306,-0.028465,0.00145],[-0.150917,0.988331,-0.020657,0.003927],[0.025028,0.024709,0.999381,0.008053],[0.0,0.0,0.0,1.0]],"antennas":[-0.075659,1.234342],"body_yaw":0.0,"check_collision":false},{"head":[[0.991239,0.127847,-0.033168,0.001701],[-0.128674,0.991393,-0.024139,0.003777],[0.029797,0.028196,0.999158,0.008093],[0.0,0.0,0.0,1.0]],"antennas":[-0.075659,1.234342],"body_yaw":0.0,"check_collision":false},{"head":[[0.9941,0.101268,-0.03887,0.001802],[-0.102436,0.994307,-0.029325,0.003754],[0.035679,0.033134,0.998814,0.007782],[0.0,0.0,0.0,1.0]],"antennas":[-0.075659,1.234342],"body_yaw":0.0,"check_collision":false},{"head":[[0.996353,0.074109,-0.042301,0.001961],[-0.075614,0.996517,-0.03515,0.003789],[0.039549,0.03822,0.998486,0.007562],[0.0,0.0,0.0,1.0]],"antennas":[-0.075659,1.234342],"body_yaw":0.0,"check_collision":false},{"head":[[0.998005,0.045048,-0.044246,0.002018],[-0.046971,0.997952,-0.043428,0.003748],[0.042199,0.04542,0.998076,0.007192],[0.0,0.0,0.0,1.0]],"antennas":[-0.075659,1.234342],"body_yaw":0.0,"check_collision":false},{"head":[[0.998862,0.015721,-0.045018,0.001716],[-0.018108,0.998424,-0.053124,0.003299],[0.044112,0.053879,0.997573,0.007395],[0.0,0.0,0.0,1.0]],"antennas":[-0.075659,1.234342],"body_yaw":0.0,"check_collision":false},{"head":[[0.998834,-0.010693,-0.04708,0.001531],[0.007767,0.998051,-0.061913,0.002967],[0.04765,0.061475,0.996971,0.007365],[0.0,0.0,0.0,1.0]],"antennas":[-0.075659,1.234342],"body_yaw":0.0,"check_collision":false},{"head":[[0.998233,-0.03344,-0.049125,0.001616],[0.029938,0.997071,-0.070379,0.003041],[0.051334,0.068784,0.99631,0.007135],[0.0,0.0,0.0,1.0]],"antennas":[-0.075659,1.234342],"body_yaw":0.0,"check_collision":false},{"head":[[0.997499,-0.049053,-0.05088,0.001463],[0.045102,0.99608,-0.076099,0.00254],[0.054414,0.073614,0.995801,0.00731],[0.0,0.0,0.0,1.0]],"antennas":[-0.075659,1.234342],"body_yaw":0.0,"check_collision":false},{"head":[[0.996733,-0.061066,-0.052861,0.001407],[0.056775,0.995241,-0.079191,0.002351],[0.057446,0.075931,0.995457,0.007347],[0.0,0.0,0.0,1.0]],"antennas":[-0.075659,1.234342],"body_yaw":0.0,"check_collision":false},{"head":[[0.996298,-0.068444,-0.052009,0.001312],[0.064055,0.994586,-0.081824,0.002026],[0.057328,0.078189,0.995289,0.007231],[0.0,0.0,0.0,1.0]],"antennas":[-0.075659,1.234342],"body_yaw":0.0,"check_collision":false},{"head":[[0.996432,-0.069007,-0.048604,0.00121],[0.064893,0.994546,-0.081659,0.002104],[0.053974,0.078213,0.995475,0.007124],[0.0,0.0,0.0,1.0]],"antennas":[-0.075659,1.234342],"body_yaw":0.0,"check_collision":false},{"head":[[0.997195,-0.058384,-0.046835,0.001146],[0.054664,0.995523,-0.077104,0.001843],[0.051127,0.074328,0.995922,0.007211],[0.0,0.0,0.0,1.0]],"antennas":[-0.075659,1.234342],"body_yaw":0.0,"check_collision":false},{"head":[[0.998251,-0.039408,-0.044065,0.001183],[0.03624,0.996852,-0.070512,0.001824],[0.046705,0.068791,0.996537,0.00729],[0.0,0.0,0.0,1.0]],"antennas":[-0.075659,1.234342],"body_yaw":0.0,"check_collision":false},{"head":[[0.999115,-0.012643,-0.040126,0.001201],[0.01011,0.99798,-0.062714,0.002174],[0.040838,0.062253,0.997225,0.007362],[0.0,0.0,0.0,1.0]],"antennas":[-0.075659,1.234342],"body_yaw":0.0,"check_collision":false},{"head":[[0.999105,0.023847,-0.034937,0.001294],[-0.025738,0.99817,-0.054719,0.002488],[0.033569,0.055569,0.99789,0.007634],[0.0,0.0,0.0,1.0]],"antennas":[-0.075659,1.234342],"body_yaw":0.0,"check_collision":false},{"head":[[0.997691,0.060774,-0.030318,0.001274],[-0.062147,0.996978,-0.046611,0.002831],[0.027394,0.048388,0.998453,0.007818],[0.0,0.0,0.0,1.0]],"antennas":[-0.075659,1.234342],"body_yaw":0.0,"check_collision":false},{"head":[[0.995556,0.090386,-0.026427,0.001332],[-0.09138,0.995044,-0.039208,0.002572],[0.022752,0.041448,0.998882,0.008134],[0.0,0.0,0.0,1.0]],"antennas":[-0.075659,1.234342],"body_yaw":0.0,"check_collision":false},{"head":[[0.993472,0.111459,-0.024297,0.001306],[-0.112264,0.993071,-0.034746,0.002464],[0.020256,0.037247,0.999101,0.008302],[0.0,0.0,0.0,1.0]],"antennas":[-0.075659,1.234342],"body_yaw":0.0,"check_collision":false},{"head":[[0.99169,0.126608,-0.022831,0.001771],[-0.127302,0.991346,-0.032053,0.003427],[0.018575,0.034693,0.999225,0.007693],[0.0,0.0,0.0,1.0]],"antennas":[-0.075659,1.234342],"body_yaw":0.0,"check_collision":false},{"head":[[0.990469,0.136067,-0.021379,0.001728],[-0.13669,0.990127,-0.031063,0.003725],[0.016942,0.033689,0.999289,0.007433],[0.0,0.0,0.0,1.0]],"antennas":[-0.075659,1.234342],"body_yaw":0.0,"check_collision":false},{"head":[[0.989773,0.141332,-0.019349,0.001578],[-0.141887,0.989391,-0.031197,0.003747],[0.014735,0.033623,0.999326,0.007327],[0.0,0.0,0.0,1.0]],"antennas":[-0.075659,1.234342],"body_yaw":0.0,"check_collision":false},{"head":[[0.989334,0.144561,-0.017922,0.001612],[-0.145056,0.988956,-0.030395,0.004203],[0.01333,0.03267,0.999377,0.007053],[0.0,0.0,0.0,1.0]],"antennas":[-0.075659,1.234342],"body_yaw":0.0,"check_collision":false},{"head":[[0.989398,0.144207,-0.017195,0.001657],[-0.144672,0.989029,-0.029869,0.004503],[0.012699,0.03204,0.999406,0.006807],[0.0,0.0,0.0,1.0]],"antennas":[-0.075659,1.234342],"body_yaw":0.0,"check_collision":false},{"head":[[0.990797,0.134081,-0.01854,0.001806],[-0.134591,0.990456,-0.029686,0.004503],[0.014382,0.031908,0.999387,0.006712],[0.0,0.0,0.0,1.0]],"antennas":[-0.075659,1.234342],"body_yaw":0.0,"check_collision":false},{"head":[[0.992884,0.116887,-0.022775,0.002035],[-0.117532,0.992633,-0.029414,0.004337],[0.019169,0.031882,0.999308,0.006655],[0.0,0.0,0.0,1.0]],"antennas":[-0.075659,1.234342],"body_yaw":0.0,"check_collision":false},{"head":[[0.995434,0.091269,-0.02794,0.002149],[-0.092133,0.995252,-0.031392,0.004069],[0.024942,0.033823,0.999117,0.006559],[0.0,0.0,0.0,1.0]],"antennas":[-0.075659,1.234342],"body_yaw":0.0,"check_collision":false},{"head":[[0.99774,0.058016,-0.033888,0.002199],[-0.059265,0.997553,-0.037086,0.003641],[0.031653,0.039011,0.998737,0.006403],[0.0,0.0,0.0,1.0]],"antennas":[-0.075659,1.234342],"body_yaw":0.0,"check_collision":false},{"head":[[0.99898,0.020498,-0.040226,0.002093],[-0.022431,0.998586,-0.048206,0.002946],[0.039181,0.049059,0.998027,0.006434],[0.0,0.0,0.0,1.0]],"antennas":[-0.075659,1.234342],"body_yaw":0.0,"check_collision":false},{"head":[[0.998908,-0.017437,-0.043347,0.001909],[0.014765,0.998016,-0.061209,0.002576],[0.044328,0.060502,0.997183,0.006328],[0.0,0.0,0.0,1.0]],"antennas":[-0.075659,1.234342],"body_yaw":0.0,"check_collision":false},{"head":[[0.997788,-0.050564,-0.043163,0.001681],[0.047417,0.996346,-0.07104,0.002587],[0.046597,0.068836,0.996539,0.006055],[0.0,0.0,0.0,1.0]],"antennas":[-0.075659,1.234342],"body_yaw":0.0,"check_collision":false},{"head":[[0.996394,-0.074379,-0.040832,0.001305],[0.070996,0.994355,-0.078847,0.002031],[0.046466,0.075663,0.99605,0.006165],[0.0,0.0,0.0,1.0]],"antennas":[-0.075659,1.234342],"body_yaw":0.0,"check_collision":false},{"head":[[0.995484,-0.087284,-0.037337,0.00124],[0.084054,0.993184,-0.080754,0.002049],[0.044131,0.077251,0.996035,0.005817],[0.0,0.0,0.0,1.0]],"antennas":[-0.075659,1.234342],"body_yaw":0.0,"check_collision":false},{"head":[[0.995291,-0.091076,-0.033179,0.001142],[0.088274,0.993046,-0.077888,0.00195],[0.040042,0.074593,0.99641,0.005867],[0.0,0.0,0.0,1.0]],"antennas":[-0.075659,1.234342],"body_yaw":0.0,"check_collision":false},{"head":[[0.995912,-0.085708,-0.028539,0.000929],[0.083449,0.993859,-0.072666,0.001747],[0.034592,0.069987,0.996948,0.006046],[0.0,0.0,0.0,1.0]],"antennas":[-0.075659,1.234342],"body_yaw":0.0,"check_collision":false},{"head":[[0.997216,-0.070874,-0.023198,0.000754],[0.069211,0.995418,-0.065975,0.001779],[0.027768,0.064185,0.997552,0.006377],[0.0,0.0,0.0,1.0]],"antennas":[-0.075659,1.234342],"body_yaw":0.0,"check_collision":false},{"head":[[0.999019,-0.041797,-0.014645,0.000514],[0.040889,0.9975,-0.057641,0.001977],[0.017017,0.056985,0.99823,0.006847],[0.0,0.0,0.0,1.0]],"antennas":[-0.075659,1.234342],"body_yaw":0.0,"check_collision":false},{"head":[[0.99996,0.003548,-0.008164,0.000487],[-0.003968,0.998638,-0.052028,0.002365],[0.007968,0.052058,0.998612,0.007343],[0.0,0.0,0.0,1.0]],"antennas":[-0.075659,1.234342],"body_yaw":0.0,"check_collision":false},{"head":[[0.998964,0.045323,-0.004097,0.000163],[-0.04546,0.997992,-0.044113,0.00201],[0.00209,0.044254,0.999018,0.007815],[0.0,0.0,0.0,1.0]],"antennas":[-0.075659,1.234342],"body_yaw":0.0,"check_collision":false},{"head":[[0.996705,0.081116,0.000525,3e-05],[-0.081046,0.996069,-0.035744,0.001956],[-0.003422,0.035584,0.999361,0.007932],[0.0,0.0,0.0,1.0]],"antennas":[-0.075659,1.234342],"body_yaw":0.0,"check_collision":false},{"head":[[0.993974,0.109614,0.000752,0.000286],[-0.109531,0.993444,-0.032729,0.002285],[-0.004335,0.032449,0.999464,0.007743],[0.0,0.0,0.0,1.0]],"antennas":[-0.075659,1.234342],"body_yaw":0.0,"check_collision":false},{"head":[[0.991776,0.127969,-0.001847,0.000567],[-0.127959,0.991217,-0.0334,0.002564],[-0.002443,0.033362,0.99944,0.00759],[0.0,0.0,0.0,1.0]],"antennas":[-0.075659,1.234342],"body_yaw":0.0,"check_collision":false},{"head":[[0.990245,0.139234,-0.005364,0.001055],[-0.139337,0.989597,-0.035822,0.003166],[0.00032,0.03622,0.999344,0.007277],[0.0,0.0,0.0,1.0]],"antennas":[-0.075659,1.234342],"body_yaw":0.0,"check_collision":false},{"head":[[0.990126,0.139774,-0.010618,0.001508],[-0.140085,0.989374,-0.038914,0.003391],[0.005066,0.040017,0.999186,0.007117],[0.0,0.0,0.0,1.0]],"antennas":[-0.075659,1.234342],"body_yaw":0.0,"check_collision":false},{"head":[[0.991577,0.12817,-0.018634,0.001876],[-0.128868,0.990732,-0.042942,0.003346],[0.012958,0.044982,0.998904,0.006852],[0.0,0.0,0.0,1.0]],"antennas":[-0.075659,1.234342],"body_yaw":0.0,"check_collision":false},{"head":[[0.994166,0.103245,-0.031231,0.00249],[-0.104689,0.993305,-0.048839,0.00321],[0.025979,0.051824,0.998318,0.006589],[0.0,0.0,0.0,1.0]],"antennas":[-0.075659,1.234342],"body_yaw":0.0,"check_collision":false},{"head":[[0.99644,0.072186,-0.043539,0.003113],[-0.074695,0.995456,-0.059057,0.003155],[0.039078,0.062099,0.997305,0.006445],[0.0,0.0,0.0,1.0]],"antennas":[-0.075659,1.234342],"body_yaw":0.0,"check_collision":false},{"head":[[0.997913,0.040254,-0.050481,0.00333],[-0.043821,0.996466,-0.071656,0.003046],[0.047418,0.073718,0.996151,0.006404],[0.0,0.0,0.0,1.0]],"antennas":[-0.075659,1.234342],"body_yaw":0.0,"check_collision":false},{"head":[[0.998576,0.011257,-0.052148,0.003423],[-0.015324,0.996816,-0.078245,0.002882],[0.051101,0.078932,0.995569,0.006452],[0.0,0.0,0.0,1.0]],"antennas":[-0.075659,1.234342],"body_yaw":0.0,"check_collision":false},{"head":[[0.998647,-0.012547,-0.050462,0.003392],[0.008379,0.996599,-0.08198,0.002669],[0.051319,0.081446,0.995356,0.006494],[0.0,0.0,0.0,1.0]],"antennas":[-0.075659,1.234342],"body_yaw":0.0,"check_collision":false},{"head":[[0.998453,-0.032735,-0.044934,0.003275],[0.028904,0.996096,-0.083412,0.002661],[0.047489,0.081984,0.995502,0.006268],[0.0,0.0,0.0,1.0]],"antennas":[-0.075659,1.234342],"body_yaw":0.0,"check_collision":false},{"head":[[0.998252,-0.044603,-0.038767,0.002971],[0.041302,0.995764,-0.082142,0.002569],[0.042267,0.080397,0.995866,0.006173],[0.0,0.0,0.0,1.0]],"antennas":[-0.075659,1.234342],"body_yaw":0.0,"check_collision":false},{"head":[[0.998239,-0.049392,-0.032854,0.002701],[0.046689,0.995821,-0.078494,0.002592],[0.036594,0.076822,0.996373,0.006076],[0.0,0.0,0.0,1.0]],"antennas":[-0.075659,1.234342],"body_yaw":0.0,"check_collision":false},{"head":[[0.998618,-0.046631,-0.024229,0.001933],[0.044768,0.996369,-0.072426,0.002123],[0.027518,0.071241,0.997079,0.006292],[0.0,0.0,0.0,1.0]],"antennas":[-0.075659,1.234342],"body_yaw":0.0,"check_collision":false},{"head":[[0.999443,-0.031365,-0.011367,0.001101],[0.030606,0.997622,-0.06176,0.002142],[0.013277,0.061377,0.998026,0.006557],[0.0,0.0,0.0,1.0]],"antennas":[-0.075659,1.234342],"body_yaw":0.0,"check_collision":false},{"head":[[0.999973,-0.006254,0.003909,0.000225],[0.006437,0.998796,-0.04864,0.00244],[-0.0036,0.048664,0.998809,0.006797],[0.0,0.0,0.0,1.0]],"antennas":[-0.075659,1.234342],"body_yaw":0.0,"check_collision":false},{"head":[[0.999591,0.024923,0.014016,-0.000154],[-0.024372,0.998973,-0.038191,0.002801],[-0.014954,0.037833,0.999172,0.007031],[0.0,0.0,0.0,1.0]],"antennas":[-0.075659,1.234342],"body_yaw":0.0,"check_collision":false},{"head":[[0.997943,0.062494,0.014326,-0.000325],[-0.062028,0.997595,-0.030943,0.002736],[-0.016226,0.029991,0.999418,0.007406],[0.0,0.0,0.0,1.0]],"antennas":[-0.075659,1.234342],"body_yaw":0.0,"check_collision":false},{"head":[[0.995529,0.093599,0.012691,-0.000425],[-0.093269,0.99534,-0.024463,0.002625],[-0.014921,0.02317,0.99962,0.007753],[0.0,0.0,0.0,1.0]],"antennas":[-0.075659,1.234342],"body_yaw":0.0,"check_collision":false},{"head":[[0.993207,0.115813,0.01128,-0.000444],[-0.115562,0.993082,-0.020831,0.002768],[-0.013614,0.019386,0.999719,0.007629],[0.0,0.0,0.0,1.0]],"antennas":[-0.075659,1.234342],"body_yaw":0.0,"check_collision":false},{"head":[[0.991349,0.130958,0.008727,-0.000303],[-0.13076,0.991206,-0.020324,0.003481],[-0.011312,0.019007,0.999755,0.007014],[0.0,0.0,0.0,1.0]],"antennas":[-0.075659,1.234342],"body_yaw":0.0,"check_collision":false},{"head":[[0.989834,0.142069,0.006692,7.3e-05],[-0.141907,0.989668,-0.020466,0.004432],[-0.009531,0.019308,0.999768,0.006565],[0.0,0.0,0.0,1.0]],"antennas":[-0.075659,1.234342],"body_yaw":0.0,"check_collision":false},{"head":[[0.988116,0.153647,0.004503,0.000198],[-0.153523,0.987927,-0.020781,0.004764],[-0.007642,0.019843,0.999774,0.006552],[0.0,0.0,0.0,1.0]],"antennas":[-0.075659,1.234342],"body_yaw":0.0,"check_collision":false},{"head":[[0.986794,0.16195,0.003065,0.0005],[-0.161859,0.986613,-0.019914,0.005515],[-0.006249,0.019155,0.999797,0.006249],[0.0,0.0,0.0,1.0]],"antennas":[-0.075659,1.234342],"body_yaw":0.0,"check_collision":false},{"head":[[0.986199,0.165534,0.003041,0.000508],[-0.165443,0.98602,-0.019815,0.005567],[-0.006279,0.019038,0.999799,0.006157],[0.0,0.0,0.0,1.0]],"antennas":[-0.075659,1.234342],"body_yaw":0.0,"check_collision":false},{"head":[[0.985929,0.167144,0.002494,0.000418],[-0.167066,0.985757,-0.019298,0.005661],[-0.005684,0.018609,0.999811,0.006051],[0.0,0.0,0.0,1.0]],"antennas":[-0.075659,1.234342],"body_yaw":0.0,"check_collision":false},{"head":[[0.986137,0.165919,0.002301,0.000352],[-0.165849,0.985978,-0.018495,0.005723],[-0.005338,0.017857,0.999826,0.006071],[0.0,0.0,0.0,1.0]],"antennas":[-0.075659,1.234342],"body_yaw":0.0,"check_collision":false},{"head":[[0.987773,0.155892,0.001249,0.000521],[-0.155841,0.987599,-0.019045,0.006034],[-0.004203,0.018618,0.999818,0.005933],[0.0,0.0,0.0,1.0]],"antennas":[-0.075659,1.234342],"body_yaw":0.0,"check_collision":false},{"head":[[0.991588,0.129322,-0.005329,0.000683],[-0.1294,0.991414,-0.018799,0.005779],[0.002852,0.01933,0.999809,0.005821],[0.0,0.0,0.0,1.0]],"antennas":[-0.075659,1.234342],"body_yaw":0.0,"check_collision":false},{"head":[[0.995571,0.093454,-0.010194,0.000558],[-0.09367,0.995332,-0.023249,0.005489],[0.007973,0.024101,0.999678,0.00563],[0.0,0.0,0.0,1.0]],"antennas":[-0.075659,1.234342],"body_yaw":0.0,"check_collision":false},{"head":[[0.998561,0.05173,-0.014123,0.000139],[-0.05218,0.998074,-0.033553,0.005085],[0.01236,0.034241,0.999337,0.005465],[0.0,0.0,0.0,1.0]],"antennas":[-0.075659,1.234342],"body_yaw":0.0,"check_collision":false},{"head":[[0.999765,0.004526,-0.021204,-0.000131],[-0.005529,0.998858,-0.047449,0.004522],[0.020965,0.047556,0.998649,0.005354],[0.0,0.0,0.0,1.0]],"antennas":[-0.075659,1.234342],"body_yaw":0.0,"check_collision":false},{"head":[[0.998764,-0.040593,-0.028697,-0.000446],[0.038702,0.997222,-0.063647,0.003898],[0.031201,0.062458,0.99756,0.005462],[0.0,0.0,0.0,1.0]],"antennas":[-0.075659,1.234342],"body_yaw":0.0,"check_collision":false},{"head":[[0.996312,-0.07861,-0.034392,-0.000616],[0.075819,0.994216,-0.07607,0.003516],[0.040173,0.073182,0.996509,0.005424],[0.0,0.0,0.0,1.0]],"antennas":[-0.075659,1.234342],"body_yaw":0.0,"check_collision":false},{"head":[[0.993599,-0.106445,-0.037818,-0.00074],[0.102999,0.991157,-0.083657,0.003323],[0.046389,0.079226,0.995777,0.005392],[0.0,0.0,0.0,1.0]],"antennas":[-0.075659,1.234342],"body_yaw":0.0,"check_collision":false},{"head":[[0.991463,-0.124294,-0.039407,-0.001],[0.120496,0.988864,-0.087345,0.002761],[0.049825,0.081851,0.995398,0.005446],[0.0,0.0,0.0,1.0]],"antennas":[-0.075659,1.234342],"body_yaw":0.0,"check_collision":false},{"head":[[0.990265,-0.133423,-0.039663,-0.001082],[0.129596,0.987739,-0.087042,0.002644],[0.05079,0.081055,0.995415,0.005244],[0.0,0.0,0.0,1.0]],"antennas":[-0.075659,1.234342],"body_yaw":0.0,"check_collision":false},{"head":[[0.990537,-0.1318,-0.038268,-0.001242],[0.128205,0.98812,-0.084745,0.002666],[0.048983,0.079037,0.995668,0.005186],[0.0,0.0,0.0,1.0]],"antennas":[-0.075659,1.234342],"body_yaw":0.0,"check_collision":false},{"head":[[0.992843,-0.11416,-0.035086,-0.001426],[0.111116,0.990659,-0.079044,0.002933],[0.043782,0.07458,0.996253,0.005307],[0.0,0.0,0.0,1.0]],"antennas":[-0.075659,1.234342],"body_yaw":0.0,"check_collision":false},{"head":[[0.996102,-0.084172,-0.026371,-0.001727],[0.082057,0.99395,-0.073007,0.002692],[0.032356,0.070558,0.996983,0.005806],[0.0,0.0,0.0,1.0]],"antennas":[-0.075659,1.234342],"body_yaw":0.0,"check_collision":false},{"head":[[0.999012,-0.040607,-0.01804,-0.001904],[0.039308,0.996956,-0.067334,0.003087],[0.020719,0.066558,0.997567,0.006318],[0.0,0.0,0.0,1.0]],"antennas":[-0.075659,1.234342],"body_yaw":0.0,"check_collision":false},{"head":[[0.999923,0.001492,-0.012332,-0.00208],[-0.002213,0.998276,-0.058657,0.003071],[0.012223,0.05868,0.998202,0.006808],[0.0,0.0,0.0,1.0]],"antennas":[-0.075659,1.234342],"body_yaw":0.0,"check_collision":false},{"head":[[0.999349,0.035472,-0.006588,-0.002353],[-0.035762,0.998066,-0.050845,0.003059],[0.004771,0.051048,0.998685,0.007024],[0.0,0.0,0.0,1.0]],"antennas":[-0.075659,1.234342],"body_yaw":0.0,"check_collision":false},{"head":[[0.998082,0.061842,-0.00292,-0.002529],[-0.061911,0.997054,-0.045279,0.002953],[0.000111,0.045373,0.99897,0.007171],[0.0,0.0,0.0,1.0]],"antennas":[-0.075659,1.234342],"body_yaw":0.0,"check_collision":false},{"head":[[0.996935,0.07821,-0.001695,-0.002595],[-0.078208,0.995958,-0.044179,0.002908],[-0.001767,0.044176,0.999022,0.007235],[0.0,0.0,0.0,1.0]],"antennas":[-0.075659,1.234342],"body_yaw":0.0,"check_collision":false},{"head":[[0.996601,0.082344,-0.002561,-0.002581],[-0.082375,0.995566,-0.045422,0.002802],[-0.001191,0.045479,0.998965,0.007276],[0.0,0.0,0.0,1.0]],"antennas":[-0.075659,1.234342],"body_yaw":0.0,"check_collision":false},{"head":[[0.997056,0.076474,-0.0056,-0.002463],[-0.076655,0.995909,-0.04784,0.002627],[0.001919,0.048128,0.998839,0.007294],[0.0,0.0,0.0,1.0]],"antennas":[-0.075659,1.234342],"body_yaw":0.0,"check_collision":false},{"head":[[0.998175,0.058532,-0.014883,-0.001391],[-0.059211,0.996976,-0.050318,0.002797],[0.011892,0.051107,0.998622,0.007017],[0.0,0.0,0.0,1.0]],"antennas":[-0.075659,1.234342],"body_yaw":0.0,"check_collision":false},{"head":[[0.999224,0.029991,-0.02553,-0.000615],[-0.031367,0.997977,-0.055301,0.003045],[0.023819,0.056059,0.998143,0.006672],[0.0,0.0,0.0,1.0]],"antennas":[-0.075659,1.234342],"body_yaw":0.0,"check_collision":false},{"head":[[0.999335,-0.003994,-0.036245,0.000192],[0.00164,0.997901,-0.064741,0.003918],[0.036428,0.064638,0.997244,0.005758],[0.0,0.0,0.0,1.0]],"antennas":[-0.075659,1.234342],"body_yaw":0.0,"check_collision":false},{"head":[[0.99834,-0.037533,-0.043685,0.000355],[0.034105,0.996468,-0.076737,0.003397],[0.046411,0.07512,0.996094,0.005705],[0.0,0.0,0.0,1.0]],"antennas":[-0.075659,1.234342],"body_yaw":0.0,"check_collision":false},{"head":[[0.996887,-0.062987,-0.047428,0.000395],[0.058705,0.994493,-0.086819,0.002