{"description":"Often used when you're embarrassed or don\u2019t want to answer, like when asked for your opinion about someone.","time":[0.0,0.02,0.04,0.06,0.08,0.1,0.12,0.14,0.16,0.18,0.2,0.22,0.24,0.26,0.28,0.3,0.32,0.34,0.36,0.38,0.4,0.42,0.44,0.46,0.48,0.5,0.52,0.54,0.56,0.58,0.6,0.62,0.64,0.66,0.68,0.7,0.72,0.74,0.76,0.78,0.8,0.82,0.84,0.86,0.88,0.9,0.92,0.94,0.96,0.98,1.0,1.02,1.04,1.06,1.08,1.1,1.12,1.14,1.16,1.18,1.2,1.22,1.24,1.26,1.28,1.3,1.32,1.34,1.36,1.38,1.4,1.42,1.44,1.46,1.48,1.5,1.52,1.54,1.56,1.58,1.6,1.62,1.64,1.66,1.68,1.7,1.72,1.74,1.76,1.78,1.8,1.82,1.84,1.86,1.88,1.9,1.92,1.94,1.96,1.98,2.0,2.02,2.04,2.06,2.08,2.1,2.12,2.14,2.16,2.18,2.2,2.22,2.24,2.26,2.28,2.3,2.32,2.34,2.36,2.38,2.4,2.42,2.44,2.46,2.48,2.5,2.52,2.54,2.56,2.58,2.6,2.62,2.64,2.66,2.68,2.7,2.72,2.74,2.76,2.78,2.8,2.82,2.84,2.86,2.88,2.9,2.92,2.94,2.96,2.98,3.0,3.02,3.04,3.06,3.08,3.1,3.12,3.14,3.16,3.18,3.2,3.22,3.24,3.26,3.28,3.3,3.32,3.34,3.36,3.38,3.4,3.42,3.44,3.46,3.48,3.5,3.52,3.54,3.56,3.58,3.6,3.62,3.64,3.66,3.68,3.7,3.72,3.74,3.76,3.78,3.8,3.82,3.84,3.86,3.88,3.9,3.92,3.94,3.96,3.98,4.0,4.02,4.04,4.06,4.08,4.1,4.12,4.14,4.16,4.18,4.2,4.22,4.24,4.26,4.28,4.3,4.32,4.34,4.36,4.38,4.4,4.42,4.44,4.46,4.48,4.5,4.52,4.54,4.56,4.58,4.6,4.62,4.64,4.66,4.68,4.7,4.72,4.74,4.76,4.78,4.8,4.82,4.84,4.86,4.88,4.9,4.92,4.94,4.96,4.98,5.0,5.02,5.04,5.06,5.08,5.1,5.12,5.14,5.16,5.18,5.2,5.22,5.24,5.26,5.28,5.3,5.32,5.34,5.36,5.38,5.4,5.42,5.44,5.46,5.48,5.5,5.52,5.54,5.56,5.58,5.6,5.62,5.64,5.66,5.68,5.7,5.72,5.74,5.76,5.78,5.8,5.82,5.84,5.86,5.88,5.9,5.92,5.94,5.96,5.98,6.0,6.02],"set_target_data":[{"head":[[0.991317,0.130362,-0.017205,-0.005632],[-0.130844,0.990927,-0.030715,-8.2e-05],[0.013045,0.0327,0.99938,0.012734],[0.0,0.0,0.0,1.0]],"antennas":[-0.069098,0.334154],"body_yaw":-0.018288,"check_collision":false},{"head":[[0.991251,0.130504,-0.019746,-0.005418],[-0.131051,0.990936,-0.029526,0.000129],[0.015714,0.031855,0.999369,0.01245],[0.0,0.0,0.0,1.0]],"antennas":[-0.069098,0.334154],"body_yaw":-0.018288,"check_collision":false},{"head":[[0.991195,0.13063,-0.021655,-0.005279],[-0.131228,0.990929,-0.028977,0.000379],[0.017674,0.031564,0.999345,0.012261],[0.0,0.0,0.0,1.0]],"antennas":[-0.069098,0.334154],"body_yaw":-0.018288,"check_collision":false},{"head":[[0.991156,0.13075,-0.022669,-0.005181],[-0.131384,0.990902,-0.029167,0.000611],[0.018649,0.031887,0.999317,0.012281],[0.0,0.0,0.0,1.0]],"antennas":[-0.069098,0.334154],"body_yaw":-0.018288,"check_collision":false},{"head":[[0.991144,0.13067,-0.023626,-0.005091],[-0.131339,0.990902,-0.029381,0.000815],[0.019572,0.032224,0.999289,0.012356],[0.0,0.0,0.0,1.0]],"antennas":[-0.069098,0.334154],"body_yaw":-0.018288,"check_collision":false},{"head":[[0.991199,0.130121,-0.024348,-0.004984],[-0.130818,0.990963,-0.029632,0.000971],[0.020272,0.032556,0.999264,0.012306],[0.0,0.0,0.0,1.0]],"antennas":[-0.069098,0.334154],"body_yaw":-0.018288,"check_collision":false},{"head":[[0.99129,0.12942,-0.024366,-0.004902],[-0.130131,0.991034,-0.03028,0.001014],[0.020229,0.033187,0.999244,0.012236],[0.0,0.0,0.0,1.0]],"antennas":[-0.069098,0.334154],"body_yaw":-0.018288,"check_collision":false},{"head":[[0.991401,0.128622,-0.024098,-0.004734],[-0.129338,0.991117,-0.030971,0.001247],[0.0199,0.033821,0.99923,0.012039],[0.0,0.0,0.0,1.0]],"antennas":[-0.069098,0.334154],"body_yaw":-0.018288,"check_collision":false},{"head":[[0.99143,0.128265,-0.024799,-0.004678],[-0.12901,0.991152,-0.031226,0.001201],[0.020574,0.034158,0.999205,0.011816],[0.0,0.0,0.0,1.0]],"antennas":[-0.069098,0.334154],"body_yaw":-0.018288,"check_collision":false},{"head":[[0.991472,0.127843,-0.025283,-0.004557],[-0.128608,0.991199,-0.031366,0.001309],[0.021051,0.03435,0.999188,0.011655],[0.0,0.0,0.0,1.0]],"antennas":[-0.069098,0.334154],"body_yaw":-0.018288,"check_collision":false},{"head":[[0.991509,0.127509,-0.025535,-0.004596],[-0.128293,0.991225,-0.031855,0.001254],[0.021249,0.034861,0.999166,0.01167],[0.0,0.0,0.0,1.0]],"antennas":[-0.069098,0.334154],"body_yaw":-0.018288,"check_collision":false},{"head":[[0.991562,0.127152,-0.025242,-0.004499],[-0.127937,0.991253,-0.032399,0.001507],[0.020902,0.035355,0.999156,0.01165],[0.0,0.0,0.0,1.0]],"antennas":[-0.069098,0.334154],"body_yaw":-0.018288,"check_collision":false},{"head":[[0.99162,0.126841,-0.024536,-0.004343],[-0.127613,0.991275,-0.033003,0.00195],[0.020136,0.035858,0.999154,0.011503],[0.0,0.0,0.0,1.0]],"antennas":[-0.069098,0.334154],"body_yaw":-0.018288,"check_collision":false},{"head":[[0.991663,0.126592,-0.024051,-0.004322],[-0.127356,0.991293,-0.033448,0.002101],[0.019607,0.036232,0.999151,0.011513],[0.0,0.0,0.0,1.0]],"antennas":[-0.069098,0.334154],"body_yaw":-0.018288,"check_collision":false},{"head":[[0.991989,0.12433,-0.022359,-0.00493],[-0.125056,0.991542,-0.034713,0.000486],[0.017854,0.037231,0.999147,0.012616],[0.0,0.0,0.0,1.0]],"antennas":[-0.069098,0.334154],"body_yaw":-0.018288,"check_collision":false},{"head":[[0.992093,0.123574,-0.02193,-0.005063],[-0.124295,0.991617,-0.035301,0.000213],[0.017384,0.037748,0.999136,0.012883],[0.0,0.0,0.0,1.0]],"antennas":[-0.069098,0.334154],"body_yaw":-0.018288,"check_collision":false},{"head":[[0.992329,0.121885,-0.020667,-0.005553],[-0.122576,0.991793,-0.036345,-0.00103],[0.016068,0.0386,0.999126,0.013593],[0.0,0.0,0.0,1.0]],"antennas":[-0.069098,0.334154],"body_yaw":-0.018288,"check_collision":false},{"head":[[0.992444,0.121093,-0.019799,-0.005533],[-0.121757,0.991881,-0.036695,-0.00122],[0.015195,0.038828,0.99913,0.013656],[0.0,0.0,0.0,1.0]],"antennas":[-0.069098,0.334154],"body_yaw":-0.018288,"check_collision":false},{"head":[[0.992529,0.120477,-0.019271,-0.005517],[-0.121128,0.991941,-0.037175,-0.001167],[0.014637,0.039232,0.999123,0.013543],[0.0,0.0,0.0,1.0]],"antennas":[-0.069098,0.334154],"body_yaw":-0.018288,"check_collision":false},{"head":[[0.992595,0.119967,-0.019071,-0.005415],[-0.120618,0.991982,-0.037731,-0.00072],[0.014392,0.039752,0.999106,0.01335],[0.0,0.0,0.0,1.0]],"antennas":[-0.069098,0.334154],"body_yaw":-0.018288,"check_collision":false},{"head":[[0.992684,0.119274,-0.018789,-0.00533],[-0.119919,0.992052,-0.038101,-0.000548],[0.014095,0.040075,0.999097,0.013414],[0.0,0.0,0.0,1.0]],"antennas":[-0.069098,0.334154],"body_yaw":-0.018288,"check_collision":false},{"head":[[0.992753,0.1188,-0.018128,-0.005175],[-0.119425,0.992094,-0.038567,-0.000241],[0.013403,0.040452,0.999092,0.013475],[0.0,0.0,0.0,1.0]],"antennas":[-0.069098,0.334154],"body_yaw":-0.018288,"check_collision":false},{"head":[[0.992839,0.118169,-0.017525,-0.005095],[-0.118777,0.992151,-0.039094,-0.000125],[0.012768,0.040896,0.999082,0.013473],[0.0,0.0,0.0,1.0]],"antennas":[-0.069098,0.334154],"body_yaw":-0.018288,"check_collision":false},{"head":[[0.99293,0.11749,-0.016942,-0.005022],[-0.11808,0.992217,-0.039537,1.5e-05],[0.012164,0.041258,0.999074,0.013362],[0.0,0.0,0.0,1.0]],"antennas":[-0.069098,0.334154],"body_yaw":-0.018288,"check_collision":false},{"head":[[0.99302,0.116816,-0.016291,-0.004939],[-0.117388,0.992272,-0.040211,0.000141],[0.011467,0.041843,0.999058,0.01321],[0.0,0.0,0.0,1.0]],"antennas":[-0.069098,0.334154],"body_yaw":-0.018288,"check_collision":false},{"head":[[0.993096,0.116246,-0.015735,-0.00482],[-0.116804,0.992304,-0.04111,0.000219],[0.010835,0.042664,0.999031,0.01303],[0.0,0.0,0.0,1.0]],"antennas":[-0.069098,0.334154],"body_yaw":-0.018288,"check_collision":false},{"head":[[0.993169,0.115685,-0.01525,-0.004753],[-0.116231,0.99234,-0.041863,0.000268],[0.01029,0.04335,0.999007,0.012935],[0.0,0.0,0.0,1.0]],"antennas":[-0.069098,0.334154],"body_yaw":-0.018288,"check_collision":false},{"head":[[0.993249,0.115064,-0.014692,-0.004822],[-0.115593,0.992387,-0.0425,0.000209],[0.00969,0.043911,0.998988,0.012979],[0.0,0.0,0.0,1.0]],"antennas":[-0.069098,0.334154],"body_yaw":-0.018288,"check_collision":false},{"head":[[0.993333,0.114471,-0.013655,-0.004768],[-0.114963,0.992419,-0.043444,0.000384],[0.008578,0.044724,0.998963,0.012926],[0.0,0.0,0.0,1.0]],"antennas":[-0.069098,0.334154],"body_yaw":-0.018288,"check_collision":false},{"head":[[0.993395,0.114053,-0.012589,-0.004731],[-0.114505,0.992426,-0.04449,0.000562],[0.00742,0.045638,0.998931,0.01293],[0.0,0.0,0.0,1.0]],"antennas":[-0.069098,0.334154],"body_yaw":-0.018288,"check_collision":false},{"head":[[0.993765,0.111005,-0.010422,-0.005767],[-0.111372,0.99269,-0.046516,-0.001959],[0.005182,0.047387,0.998863,0.014548],[0.0,0.0,0.0,1.0]],"antennas":[-0.069098,0.334154],"body_yaw":-0.018288,"check_collision":false},{"head":[[0.993848,0.110299,-0.009981,-0.005766],[-0.110648,0.992753,-0.04688,-0.001743],[0.004738,0.047696,0.998851,0.014365],[0.0,0.0,0.0,1.0]],"antennas":[-0.069098,0.334154],"body_yaw":-0.018288,"check_collision":false},{"head":[[0.993848,0.110356,-0.009314,-0.005952],[-0.110674,0.992742,-0.047061,-0.00176],[0.004053,0.047803,0.998849,0.014365],[0.0,0.0,0.0,1.0]],"antennas":[-0.069098,0.334154],"body_yaw":-0.018288,"check_collision":false},{"head":[[0.993851,0.110393,-0.008549,-0.00594],[-0.110675,0.992738,-0.047142,-0.00166],[0.003282,0.047798,0.998852,0.014203],[0.0,0.0,0.0,1.0]],"antennas":[-0.069098,0.334154],"body_yaw":-0.018288,"check_collision":false},{"head":[[0.993844,0.110526,-0.007567,-0.005954],[-0.110761,0.992715,-0.047416,-0.001462],[0.002272,0.047962,0.998847,0.014005],[0.0,0.0,0.0,1.0]],"antennas":[-0.069098,0.334154],"body_yaw":-0.018288,"check_collision":false},{"head":[[0.993872,0.110338,-0.006639,-0.005865],[-0.11053,0.99272,-0.04786,-0.001216],[0.00131,0.0483,0.998832,0.013866],[0.0,0.0,0.0,1.0]],"antennas":[-0.069098,0.334154],"body_yaw":-0.018288,"check_collision":false},{"head":[[0.994106,0.108343,-0.003921,-0.006509],[-0.108404,0.992882,-0.049333,-0.002854],[-0.001452,0.049467,0.998775,0.014911],[0.0,0.0,0.0,1.0]],"antennas":[-0.069098,0.334154],"body_yaw":-0.018288,"check_collision":false},{"head":[[0.994106,0.108357,-0.003487,-0.00654],[-0.108397,0.99288,-0.049389,-0.002819],[-0.001889,0.049475,0.998774,0.014792],[0.0,0.0,0.0,1.0]],"antennas":[-0.069098,0.334154],"body_yaw":-0.018288,"check_collision":false},{"head":[[0.994069,0.108705,-0.003096,-0.006463],[-0.108726,0.992853,-0.049206,-0.002522],[-0.002275,0.049251,0.998784,0.014592],[0.0,0.0,0.0,1.0]],"antennas":[-0.069098,0.334154],"body_yaw":-0.018288,"check_collision":false},{"head":[[0.994049,0.108902,-0.002682,-0.00638],[-0.108902,0.992837,-0.049147,-0.002268],[-0.00269,0.049147,0.998788,0.014512],[0.0,0.0,0.0,1.0]],"antennas":[-0.069098,0.334154],"body_yaw":-0.018288,"check_collision":false},{"head":[[0.99403,0.109077,-0.002445,-0.006308],[-0.109065,0.992823,-0.049059,-0.001968],[-0.002924,0.049032,0.998793,0.014358],[0.0,0.0,0.0,1.0]],"antennas":[-0.069098,0.334154],"body_yaw":-0.018288,"check_collision":false},{"head":[[0.994017,0.109203,-0.002299,-0.006262],[-0.109183,0.992808,-0.049099,-0.001753],[-0.00308,0.049056,0.998791,0.01418],[0.0,0.0,0.0,1.0]],"antennas":[-0.069098,0.334154],"body_yaw":-0.018288,"check_collision":false},{"head":[[0.993989,0.109457,-0.002124,-0.006204],[-0.109428,0.992776,-0.049216,-0.0016],[-0.003279,0.049153,0.998786,0.014085],[0.0,0.0,0.0,1.0]],"antennas":[-0.069098,0.334154],"body_yaw":-0.018288,"check_collision":false},{"head":[[0.993978,0.109566,-0.001986,-0.006053],[-0.10953,0.992757,-0.049355,-0.001235],[-0.003436,0.049276,0.998779,0.013755],[0.0,0.0,0.0,1.0]],"antennas":[-0.069098,0.334154],"body_yaw":-0.018288,"check_collision":false},{"head":[[0.993964,0.109695,-0.001649,-0.006002],[-0.109641,0.992725,-0.049759,-0.001092],[-0.003821,0.04964,0.99876,0.013635],[0.0,0.0,0.0,1.0]],"antennas":[-0.069098,0.334154],"body_yaw":-0.018288,"check_collision":false},{"head":[[0.99395,0.109829,-0.001343,-0.005973],[-0.109758,0.992693,-0.050131,-0.000864],[-0.004173,0.049975,0.998742,0.013476],[0.0,0.0,0.0,1.0]],"antennas":[-0.069098,0.334154],"body_yaw":-0.018288,"check_collision":false},{"head":[[0.99395,0.109826,-0.001295,-0.005824],[-0.109751,0.992684,-0.050335,-0.000583],[-0.004242,0.050172,0.998732,0.013423],[0.0,0.0,0.0,1.0]],"antennas":[-0.069098,0.334154],"body_yaw":-0.018288,"check_collision":false},{"head":[[0.993951,0.109812,-0.001327,-0.005691],[-0.109739,0.992675,-0.050541,-0.000227],[-0.004233,0.05038,0.998721,0.013225],[0.0,0.0,0.0,1.0]],"antennas":[-0.069098,0.334154],"body_yaw":-0.018288,"check_collision":false},{"head":[[0.993971,0.109632,-0.001339,-0.005643],[-0.109558,0.992671,-0.051009,-0.000188],[-0.004263,0.050849,0.998697,0.013186],[0.0,0.0,0.0,1.0]],"antennas":[-0.069098,0.334154],"body_yaw":-0.018288,"check_collision":false},{"head":[[0.993998,0.109393,-0.001137,-0.005538],[-0.109307,0.992682,-0.051326,-8.1e-05],[-0.004486,0.051142,0.998681,0.012995],[0.0,0.0,0.0,1.0]],"antennas":[-0.069098,0.334154],"body_yaw":-0.018288,"check_collision":false},{"head":[[0.994015,0.109243,-0.001035,-0.005499],[-0.10915,0.992681,-0.051684,-9.7e-05],[-0.004618,0.051487,0.998663,0.012904],[0.0,0.0,0.0,1.0]],"antennas":[-0.069098,0.334154],"body_yaw":-0.018288,"check_collision":false},{"head":[[0.99403,0.109099,-0.00118,-0.005369],[-0.109013,0.992683,-0.051925,0.00017],[-0.004493,0.051743,0.99865,0.01274],[0.0,0.0,0.0,1.0]],"antennas":[-0.069098,0.334154],"body_yaw":-0.018288,"check_collision":false},{"head":[[0.994063,0.108801,-0.001463,-0.005389],[-0.108729,0.992708,-0.05204,0.000192],[-0.00421,0.05189,0.998644,0.012843],[0.0,0.0,0.0,1.0]],"antennas":[-0.069098,0.334154],"body_yaw":-0.018288,"check_collision":false},{"head":[[0.994064,0.108787,-0.001653,-0.005341],[-0.108725,0.99271,-0.052017,0.000507],[-0.004018,0.051888,0.998645,0.012879],[0.0,0.0,0.0,1.0]],"antennas":[-0.069098,0.334154],"body_yaw":-0.018288,"check_collision":false},{"head":[[0.994072,0.108706,-0.001926,-0.005293],[-0.108659,0.992714,-0.052071,0.000692],[-0.003748,0.051971,0.998642,0.012879],[0.0,0.0,0.0,1.0]],"antennas":[-0.069098,0.334154],"body_yaw":-0.018288,"check_collision":false},{"head":[[0.994084,0.108596,-0.001994,-0.005291],[-0.108552,0.99272,-0.052187,0.000833],[-0.003688,0.052095,0.998635,0.012874],[0.0,0.0,0.0,1.0]],"antennas":[-0.069098,0.334154],"body_yaw":-0.018288,"check_collision":false},{"head":[[0.994074,0.108686,-0.001809,-0.005261],[-0.10863,0.992692,-0.052549,0.000865],[-0.003916,0.052434,0.998617,0.012794],[0.0,0.0,0.0,1.0]],"antennas":[-0.069098,0.334154],"body_yaw":-0.018288,"check_collision":false},{"head":[[0.994059,0.108834,-0.001413,-0.005242],[-0.108755,0.992646,-0.053167,0.000815],[-0.004384,0.053005,0.998585,0.012743],[0.0,0.0,0.0,1.0]],"antennas":[-0.069098,0.334154],"body_yaw":-0.018288,"check_collision":false},{"head":[[0.994017,0.109218,-0.000855,-0.0052],[-0.109107,0.992583,-0.05361,0.000867],[-0.005006,0.053383,0.998562,0.012644],[0.0,0.0,0.0,1.0]],"antennas":[-0.069098,0.334154],"body_yaw":-0.018288,"check_collision":false},{"head":[[0.993981,0.10955,0.000427,-0.005089],[-0.109366,0.992521,-0.054227,0.001014],[-0.006364,0.053854,0.998529,0.012496],[0.0,0.0,0.0,1.0]],"antennas":[-0.07047,0.334154],"body_yaw":-0.018288,"check_collision":false},{"head":[[0.993945,0.109869,0.001672,-0.005113],[-0.109612,0.992456,-0.054926,0.001015],[-0.007694,0.054411,0.998489,0.012512],[0.0,0.0,0.0,1.0]],"antennas":[-0.081491,0.334154],"body_yaw":-0.018288,"check_collision":false},{"head":[[0.993847,0.110698,0.003837,-0.005155],[-0.110309,0.992301,-0.056304,0.001076],[-0.01004,0.055535,0.998406,0.012403],[0.0,0.0,0.0,1.0]],"antennas":[-0.092551,0.340971],"body_yaw":-0.018288,"check_collision":false},{"head":[[0.993752,0.111355,0.007534,-0.005185],[-0.110744,0.992189,-0.057421,0.001233],[-0.01387,0.056228,0.998322,0.012313],[0.0,0.0,0.0,1.0]],"antennas":[-0.103565,0.351981],"body_yaw":-0.018288,"check_collision":false},{"head":[[0.993658,0.111766,0.012345,-0.00522],[-0.110869,0.992122,-0.058334,0.001364],[-0.018767,0.056595,0.998221,0.01221],[0.0,0.0,0.0,1.0]],"antennas":[-0.114571,0.362984],"body_yaw":-0.018288,"check_collision":false},{"head":[[0.993557,0.112153,0.016291,-0.005307],[-0.111004,0.992034,-0.059559,0.001452],[-0.022841,0.057367,0.998092,0.012063],[0.0,0.0,0.0,1.0]],"antennas":[-0.125596,0.374006],"body_yaw":-0.018288,"check_collision":false},{"head":[[0.99347,0.112296,0.020171,-0.005362],[-0.110879,0.991941,-0.061313,0.001497],[-0.026893,0.058676,0.997915,0.011909],[0.0,0.0,0.0,1.0]],"antennas":[-0.136624,0.385031],"body_yaw":-0.018288,"check_collision":false},{"head":[[0.993351,0.112572,0.024129,-0.005468],[-0.110857,0.991811,-0.063421,0.001368],[-0.03107,0.060324,0.997695,0.011777],[0.0,0.0,0.0,1.0]],"antennas":[-0.147676,0.39608],"body_yaw":-0.018288,"check_collision":false},{"head":[[0.993158,0.113308,0.02825,-0.005488],[-0.111282,0.99165,-0.065171,0.001441],[-0.035398,0.061581,0.997474,0.011487],[0.0,0.0,0.0,1.0]],"antennas":[-0.158685,0.407085],"body_yaw":-0.018288,"check_collision":false},{"head":[[0.992933,0.113837,0.033543,-0.00554],[-0.111411,0.991514,-0.066993,0.001448],[-0.040884,0.062783,0.997189,0.011189],[0.0,0.0,0.0,1.0]],"antennas":[-0.169625,0.418023],"body_yaw":-0.018288,"check_collision":false},{"head":[[0.992712,0.114252,0.038346,-0.005546],[-0.111476,0.991434,-0.068061,0.001527],[-0.045794,0.06329,0.996944,0.010973],[0.0,0.0,0.0,1.0]],"antennas":[-0.180722,0.429116],"body_yaw":-0.018288,"check_collision":false},{"head":[[0.992477,0.114626,0.043009,-0.005528],[-0.111509,0.991368,-0.068961,0.001722],[-0.050543,0.063646,0.996692,0.010792],[0.0,0.0,0.0,1.0]],"antennas":[-0.191752,0.440143],"body_yaw":-0.018288,"check_collision":false},{"head":[[0.992527,0.111433,0.049724,-0.006834],[-0.107748,0.991604,-0.0715,-0.001395],[-0.057274,0.065608,0.9962,0.012726],[0.0,0.0,0.0,1.0]],"antennas":[-0.202741,0.451129],"body_yaw":-0.018288,"check_collision":false},{"head":[[0.992287,0.111777,0.053596,-0.006818],[-0.107776,0.991528,-0.072508,-0.001338],[-0.061247,0.066172,0.995927,0.01262],[0.0,0.0,0.0,1.0]],"antennas":[-0.213745,0.46213],"body_yaw":-0.018288,"check_collision":false},{"head":[[0.991984,0.112182,0.058157,-0.006812],[-0.107804,0.991442,-0.07363,-0.001206],[-0.065919,0.066771,0.995588,0.012406],[0.0,0.0,0.0,1.0]],"antennas":[-0.224734,0.473116],"body_yaw":-0.018288,"check_collision":false},{"head":[[0.991609,0.112193,0.064218,-0.006887],[-0.107352,0.99143,-0.074445,-0.001226],[-0.07202,0.066926,0.995155,0.012123],[0.0,0.0,0.0,1.0]],"antennas":[-0.235791,0.484169],"body_yaw":-0.018288,"check_collision":false},{"head":[[0.991238,0.112118,0.06983,-0.006911],[-0.106865,0.991448,-0.074907,-0.001193],[-0.077631,0.066788,0.994743,0.011834],[0.0,0.0,0.0,1.0]],"antennas":[-0.246809,0.495184],"body_yaw":-0.018288,"check_collision":false},{"head":[[0.990906,0.112079,0.074456,-0.007004],[-0.106471,0.991449,-0.075445,-0.001301],[-0.082275,0.066831,0.994366,0.011763],[0.0,0.0,0.0,1.0]],"antennas":[-0.257833,0.506205],"body_yaw":-0.018288,"check_collision":false},{"head":[[0.990632,0.112158,0.077906,-0.00691],[-0.10628,0.991436,-0.075892,-0.00115],[-0.08575,0.066901,0.994068,0.011685],[0.0,0.0,0.0,1.0]],"antennas":[-0.268854,0.517223],"body_yaw":-0.018288,"check_collision":false},{"head":[[0.990359,0.11245,0.080898,-0.006873],[-0.106293,0.991366,-0.076776,-0.00114],[-0.088833,0.067437,0.993761,0.011604],[0.0,0.0,0.0,1.0]],"antennas":[-0.279839,0.528204],"body_yaw":-0.018288,"check_collision":false},{"head":[[0.990049,0.113094,0.083739,-0.006781],[-0.106649,0.991247,-0.077817,-0.001057],[-0.091807,0.068112,0.993445,0.011367],[0.0,0.0,0.0,1.0]],"antennas":[-0.2909,0.539263],"body_yaw":-0.018288,"check_collision":false},{"head":[[0.989646,0.113635,0.087681,-0.006755],[-0.106768,0.991108,-0.079406,-0.000986],[-0.095925,0.069222,0.992979,0.011188],[0.0,0.0,0.0,1.0]],"antennas":[-0.301902,0.550261],"body_yaw":-0.018288,"check_collision":false},{"head":[[0.989168,0.114117,0.092325,-0.006693],[-0.106795,0.991,-0.080708,-0.000942],[-0.100705,0.069973,0.992453,0.010978],[0.0,0.0,0.0,1.0]],"antennas":[-0.312769,0.561125],"body_yaw":-0.018288,"check_collision":false},{"head":[[0.988891,0.111945,0.097792,-0.007753],[-0.104063,0.991159,-0.082304,-0.00358],[-0.106141,0.071214,0.991798,0.012388],[0.0,0.0,0.0,1.0]],"antennas":[-0.323811,0.572164],"body_yaw":-0.018288,"check_collision":false},{"head":[[0.988664,0.111925,0.100078,-0.008],[-0.103791,0.991122,-0.083096,-0.003736],[-0.10849,0.071767,0.991504,0.012355],[0.0,0.0,0.0,1.0]],"antennas":[-0.334881,0.583231],"body_yaw":-0.018288,"check_collision":false},{"head":[[0.988474,0.111772,0.102109,-0.008145],[-0.103353,0.991063,-0.084338,-0.003901],[-0.110623,0.072812,0.991192,0.012347],[0.0,0.0,0.0,1.0]],"antennas":[-0.345932,0.594278],"body_yaw":-0.018288,"check_collision":false},{"head":[[0.988118,0.112352,0.104883,-0.008204],[-0.103585,0.99093,-0.085604,-0.003723],[-0.11355,0.073722,0.990793,0.012241],[0.0,0.0,0.0,1.0]],"antennas":[-0.356952,0.605296],"body_yaw":-0.018288,"check_collision":false},{"head":[[0.987489,0.115253,0.107624,-0.007014],[-0.106146,0.990552,-0.086835,-0.000472],[-0.116615,0.074324,0.990392,0.01036],[0.0,0.0,0.0,1.0]],"antennas":[-0.368317,0.616289],"body_yaw":-0.018288,"check_collision":false},{"head":[[0.986856,0.117386,0.111066,-0.005997],[-0.107828,0.990224,-0.088487,0.001941],[-0.120368,0.075348,0.989866,0.008693],[0.0,0.0,0.0,1.0]],"antennas":[-0.380161,0.627313],"body_yaw":-0.018288,"check_collision":false},{"head":[[0.986303,0.118801,0.114426,-0.005151],[-0.108868,0.990021,-0.089481,0.003797],[-0.123915,0.075798,0.989394,0.007275],[0.0,0.0,0.0,1.0]],"antennas":[-0.392703,0.638319],"body_yaw":-0.018288,"check_collision":false},{"head":[[0.986079,0.116309,0.118832,-0.005885],[-0.1058,0.990194,-0.09123,0.001309],[-0.128278,0.077388,0.988714,0.00839],[0.0,0.0,0.0,1.0]],"antennas":[-0.40802,0.649352],"body_yaw":-0.018288,"check_collision":false},{"head":[[0.985608,0.117556,0.121481,-0.005736],[-0.106536,0.989898,-0.093554,0.002338],[-0.131251,0.079266,0.988175,0.007372],[0.0,0.0,0.0,1.0]],"antennas":[-0.425079,0.660354],"body_yaw":-0.018288,"check_collision":false},{"head":[[0.984992,0.118569,0.125427,-0.005215],[-0.107021,0.989695,-0.095132,0.003823],[-0.135414,0.080281,0.987531,0.006421],[0.0,0.0,0.0,1.0]],"antennas":[-0.443031,0.671407],"body_yaw":-0.018288,"check_collision":false},{"head":[[0.984401,0.118985,0.129607,-0.004674],[-0.10694,0.989596,-0.096252,0.00497],[-0.139711,0.080891,0.986883,0.005619],[0.0,0.0,0.0,1.0]],"antennas":[-0.461454,0.682458],"body_yaw":-0.018288,"check_collision":false},{"head":[[0.983773,0.119901,0.133473,-0.00436],[-0.107324,0.989406,-0.097765,0.005911],[-0.143781,0.081853,0.986219,0.004757],[0.0,0.0,0.0,1.0]],"antennas":[-0.479775,0.693448],"body_yaw":-0.018288,"check_collision":false},{"head":[[0.983214,0.120391,0.137101,-0.003966],[-0.107405,0.989325,-0.098491,0.006701],[-0.147494,0.082112,0.985648,0.004159],[0.0,0.0,0.0,1.0]],"antennas":[-0.498105,0.704444],"body_yaw":-0.018288,"check_collision":false},{"head":[[0.982687,0.120682,0.140575,-0.003618],[-0.107301,0.989266,-0.099193,0.007375],[-0.151037,0.082392,0.985089,0.003736],[0.0,0.0,0.0,1.0]],"antennas":[-0.516468,0.715459],"body_yaw":-0.018288,"check_collision":false},{"head":[[0.982169,0.120993,0.143891,-0.003415],[-0.107124,0.98915,-0.100534,0.007693],[-0.154493,0.083327,0.984474,0.003226],[0.0,0.0,0.0,1.0]],"antennas":[-0.534837,0.726478],"body_yaw":-0.018288,"check_collision":false},{"head":[[0.981699,0.120973,0.147082,-0.003374],[-0.106534,0.989022,-0.102401,0.007721],[-0.157855,0.084857,0.983809,0.002614],[0.0,0.0,0.0,1.0]],"antennas":[-0.553234,0.737514],"body_yaw":-0.018288,"check_collision":false},{"head":[[0.981184,0.119342,0.151774,-0.004192],[-0.104086,0.989032,-0.104794,0.005566],[-0.162616,0.087025,0.982844,0.003434],[0.0,0.0,0.0,1.0]],"antennas":[-0.57154,0.748802],"body_yaw":-0.018288,"check_collision":false},{"head":[[0.98075,0.118528,0.15518,-0.00471],[-0.102904,0.989119,-0.10514,0.00485],[-0.165953,0.087147,0.982275,0.004095],[0.0,0.0,0.0,1.0]],"antennas":[-0.589866,0.760609],"body_yaw":-0.018288,"check_collision":false},{"head":[[0.980192,0.118531,0.158665,-0.004836],[-0.102455,0.989079,-0.105949,0.005234],[-0.169491,0.087594,0.981631,0.004166],[0.0,0.0,0.0,1.0]],"antennas":[-0.608392,0.775183],"body_yaw":-0.018288,"check_collision":false},{"head":[[0.979501,0.118888,0.162614,-0.004814],[-0.102215,0.988954,-0.107341,0.005442],[-0.17358,0.088519,0.980834,0.004097],[0.0,0.0,0.0,1.0]],"antennas":[-0.626713,0.79358],"body_yaw":-0.018288,"check_collision":false},{"head":[[0.978804,0.119345,0.166434,-0.00467],[-0.102038,0.988797,-0.108948,0.00567],[-0.177572,0.089656,0.980015,0.003873],[0.0,0.0,0.0,1.0]],"antennas":[-0.645134,0.813109],"body_yaw":-0.018288,"check_collision":false},{"head":[[0.97821,0.1198,0.16957,-0.004479],[-0.101916,0.988633,-0.110533,0.005889],[-0.180884,0.090843,0.9793,0.003475],[0.0,0.0,0.0,1.0]],"antennas":[-0.663517,0.833123],"body_yaw":-0.018288,"check_collision":false},{"head":[[0.977699,0.12013,0.172259,-0.004399],[-0.101751,0.988502,-0.111851,0.00589],[-0.183715,0.091829,0.978681,0.003096],[0.0,0.0,0.0,1.0]],"antennas":[-0.681882,0.853117],"body_yaw":-0.018288,"check_collision":false},{"head":[[0.977252,0.120271,0.17468,-0.004359],[-0.10156,0.98846,-0.112396,0.005744],[-0.186182,0.092099,0.978189,0.002793],[0.0,0.0,0.0,1.0]],"antennas":[-0.700218,0.87308],"body_yaw":-0.018288,"check_collision":false},{"head":[[0.976609,0.12024,0.178263,-0.004368],[-0.101079,0.988445,-0.11296,0.005838],[-0.189785,0.092299,0.977478,0.002694],[0.0,0.0,0.0,1.0]],"antennas":[-0.718575,0.893066],"body_yaw":-0.018288,"check_collision":false},{"head":[[0.975706,0.120326,0.183084,-0.004608],[-0.100449,0.988361,-0.114247,0.005766],[-0.1947,0.093081,0.976436,0.002786],[0.0,0.0,0.0,1.0]],"antennas":[-0.736968,0.91309],"body_yaw":-0.018288,"check_collision":false},{"head":[[0.974773,0.120545,0.187847,-0.004795],[-0.099965,0.98827,-0.115455,0.005582],[-0.199561,0.093765,0.975389,0.002962],[0.0,0.0,0.0,1.0]],"antennas":[-0.75529,0.933037],"body_yaw":-0.018288,"check_collision":false},{"head":[[0.973778,0.120617,0.192895,-0.004827],[-0.099398,0.988244,-0.116163,0.005339],[-0.204638,0.093943,0.974319,0.003065],[0.0,0.0,0.0,1.0]],"antennas":[-0.773765,0.953151],"body_yaw":-0.018288,"check_collision":false},{"head":[[0.972741,0.120586,0.198077,-0.004924],[-0.098719,0.988234,-0.116823,0.004948],[-0.209833,0.094084,0.9732,0.002991],[0.0,0.0,0.0,1.0]],"antennas":[-0.792114,0.973793],"body_yaw":-0.018288,"check_collision":false},{"head":[[0.971701,0.120245,0.20332,-0.005226],[-0.097853,0.988318,-0.116841,0.004482],[-0.214995,0.093639,0.972116,0.002922],[0.0,0.0,0.0,1.0]],"antennas":[-0.8105,0.994626],"body_yaw":-0.018288,"check_collision":false},{"head":[[0.970809,0.119613,0.2079,-0.005705],[-0.096849,0.988463,-0.116454,0.003999],[-0.219431,0.09292,0.971193,0.003049],[0.0,0.0,0.0,1.0]],"antennas":[-0.830047,1.016458],"body_yaw":-0.018288,"check_collision":false},{"head":[[0.969758,0.117435,0.213957,-0.006604],[-0.093942,0.988693,-0.116878,0.001593],[-0.225263,0.093244,0.969826,0.004396],[0.0,0.0,0.0,1.0]],"antennas":[-0.852722,1.04084],"body_yaw":-0.018288,"check_collision":false},{"head":[[0.968656,0.117024,0.219112,-0.006833],[-0.092921,0.988742,-0.11728,0.001484],[-0.23037,0.093244,0.968625,0.004368],[0.0,0.0,0.0,1.0]],"antennas":[-0.87707,1.066654],"body_yaw":-0.018288,"check_collision":false},{"head":[[0.967193,0.116542,0.225735,-0.007458],[-0.091331,0.988672,-0.11911,0.000399],[-0.23706,0.094586,0.96688,0.005039],[0.0,0.0,0.0,1.0]],"antennas":[-0.901139,1.092351],"body_yaw":-0.018288,"check_collision":false},{"head":[[0.965874,0.1159,0.231635,-0.008044],[-0.089974,0.988743,-0.119547,-0.000575],[-0.242883,0.094626,0.965429,0.005797],[0.0,0.0,0.0,1.0]],"antennas":[-0.925096,1.11793],"body_yaw":-0.018288,"check_collision":false},{"head":[[0.964647,0.116418,0.23644,-0.008172],[-0.08988,0.988684,-0.12011,-0.000436],[-0.247747,0.094612,0.964194,0.005601],[0.0,0.0,0.0,1.0]],"antennas":[-0.949416,1.143894],"body_yaw":-0.018288,"check_collision":false},{"head":[[0.963509,0.117158,0.240674,-0.008038],[-0.09017,0.988637,-0.120276,0.000152],[-0.252031,0.094185,0.963125,0.005062],[0.0,0.0,0.0,1.0]],"antennas":[-0.973361,1.16946],"body_yaw":-0.018288,"check_collision":false},{"head":[[0.962235,0.117979,0.245325,-0.007854],[-0.090542,0.9886,-0.120297,0.000634],[-0.256721,0.093542,0.961948,0.00465],[0.0,0.0,0.0,1.0]],"antennas":[-0.997481,1.195212],"body_yaw":-0.018288,"check_collision":false},{"head":[[0.960326,0.118893,0.252268,-0.00751],[-0.090608,0.988514,-0.120958,0.001407],[-0.263751,0.093302,0.960068,0.004095],[0.0,0.0,0.0,1.0]],"antennas":[-1.021595,1.220957],"body_yaw":-0.018288,"check_collision":false},{"head":[[0.958199,0.120066,0.259691,-0.007467],[-0.090775,0.988367,-0.122026,0.001606],[-0.271321,0.093351,0.957951,0.003801],[0.0,0.0,0.0,1.0]],"antennas":[-1.045533,1.246515],"body_yaw":-0.018288,"check_collision":false},{"head":[[0.956321,0.121141,0.266034,-0.007374],[-0.090988,0.988236,-0.122925,0.001858],[-0.277795,0.09335,0.956094,0.003228],[0.0,0.0,0.0,1.0]],"antennas":[-1.069731,1.272351],"body_yaw":-0.018288,"check_collision":false},{"head":[[0.954615,0.121397,0.271978,-0.007869],[-0.090068,0.988073,-0.124896,2.8e-05],[-0.283896,0.094731,0.954164,0.003753],[0.0,0.0,0.0,1.0]],"antennas":[-1.093443,1.297667],"body_yaw":-0.018288,"check_collision":false},{"head":[[0.953074,0.12289,0.276672,-0.007964],[-0.090805,0.987868,-0.12598,0.000376],[-0.288797,0.094945,0.952671,0.003373],[0.0,0.0,0.0,1.0]],"antennas":[-1.117881,1.323758],"body_yaw":-0.018288,"check_collision":false},{"head":[[0.950937,0.123272,0.283767,-0.007948],[-0.090701,0.987972,-0.125239,0.000675],[-0.295792,0.093356,0.95068,0.003135],[0.0,0.0,0.0,1.0]],"antennas":[-1.142001,1.34951],"body_yaw":-0.018288,"check_collision":false},{"head":[[0.948607,0.12303,0.291561,-0.008176],[-0.089988,0.988169,-0.124197,0.000766],[-0.303392,0.091578,0.948455,0.0029],[0.0,0.0,0.0,1.0]],"antennas":[-1.165773,1.374891],"body_yaw":-0.018288,"check_collision":false},{"head":[[0.946465,0.121441,0.299092,-0.009271],[-0.087627,0.988402,-0.124031,-0.002117],[-0.310686,0.091183,0.946129,0.00476],[0.0,0.0,0.0,1.0]],"antennas":[-1.190142,1.400908],"body_yaw":-0.018288,"check_collision":false},{"head":[[0.94507,0.121556,0.303425,-0.009081],[-0.087187,0.988394,-0.124405,-0.001065],[-0.315026,0.091117,0.944699,0.004205],[0.0,0.0,0.0,1.0]],"antennas":[-1.214099,1.426486],"body_yaw":-0.018288,"check_collision":false},{"head":[[0.943879,0.122445,0.306755,-0.008753],[-0.087368,0.988222,-0.125631,-0.000176],[-0.318525,0.09178,0.943461,0.00353],[0.0,0.0,0.0,1.0]],"antennas":[-1.23838,1.452411],"body_yaw":-0.018288,"check_collision":false},{"head":[[0.942645,0.123369,0.310161,-0.008374],[-0.08759,0.988053,-0.1268,0.00028],[-0.322099,0.09236,0.94219,0.002905],[0.0,0.0,0.0,1.0]],"antennas":[-1.262427,1.478085],"body_yaw":-0.018288,"check_collision":false},{"head":[[0.941506,0.124404,0.313194,-0.008084],[-0.088078,0.987903,-0.127631,0.000757],[-0.325283,0.09258,0.941074,0.002216],[0.0,0.0,0.0,1.0]],"antennas":[-1.286568,1.503858],"body_yaw":-0.018288,"check_collision":false},{"head":[[0.94061,0.125315,0.315514,-0.007785],[-0.088463,0.987745,-0.128583,0.001571],[-0.327761,0.093035,0.940169,0.001592],[0.0,0.0,0.0,1.0]],"antennas":[-1.310678,1.5296],"body_yaw":-0.018288,"check_collision":false},{"head":[[0.940136,0.125674,0.316781,-0.007561],[-0.088476,0.987657,-0.129247,0.002208],[-0.329114,0.093482,0.939652,0.001253],[0.0,0.0,0.0,1.0]],"antennas":[-1.334735,1.555285],"body_yaw":-0.018288,"check_collision":false},{"head":[[0.939671,0.125287,0.31831,-0.00739],[-0.087865,0.987695,-0.129374,0.002731],[-0.330602,0.093601,0.939117,0.000903],[0.0,0.0,0.0,1.0]],"antennas":[-1.358846,1.581027],"body_yaw":-0.018288,"check_collision":false},{"head":[[0.939014,0.124507,0.320547,-0.007393],[-0.086945,0.987826,-0.128996,0.002902],[-0.332706,0.093259,0.938408,0.000617],[0.0,0.0,0.0,1.0]],"antennas":[-1.382903,1.606711],"body_yaw":-0.018288,"check_collision":false},{"head":[[0.938074,0.123337,0.323738,-0.007417],[-0.085835,0.988089,-0.127723,0.003069],[-0.335634,0.092026,0.937486,0.000316],[0.0,0.0,0.0,1.0]],"antennas":[-1.407001,1.63244],"body_yaw":-0.018288,"check_collision":false},{"head":[[0.936972,0.121215,0.327704,-0.008409],[-0.083192,0.988317,-0.127708,0.000475],[-0.339355,0.092397,0.936109,0.001635],[0.0,0.0,0.0,1.0]],"antennas":[-1.431137,1.658209],"body_yaw":-0.018288,"check_collision":false},{"head":[[0.935994,0.120727,0.330668,-0.008532],[-0.082373,0.988387,-0.127695,0.00106],[-0.342244,0.092283,0.935068,0.001355],[0.0,0.0,0.0,1.0]],"antennas":[-1.455127,1.683822],"body_yaw":-0.018288,"check_collision":false},{"head":[[0.935049,0.12039,0.333451,-0.008717],[-0.081794,0.988459,-0.127512,0.001198],[-0.344953,0.091955,0.934105,0.001221],[0.0,0.0,0.0,1.0]],"antennas":[-1.479177,1.709499],"body_yaw":-0.018288,"check_collision":false},{"head":[[0.934078,0.119285,0.336554,-0.009356],[-0.080233,0.988563,-0.127696,-0.000791],[-0.347937,0.092275,0.932966,0.002493],[0.0,0.0,0.0,1.0]],"antennas":[-1.503329,1.735286],"body_yaw":-0.018288,"check_collision":false},{"head":[[0.933786,0.118875,0.337508,-0.009579],[-0.07996,0.988675,-0.126996,-0.000559],[-0.348783,0.0916,0.932717,0.0025],[0.0,0.0,0.0,1.0]],"antennas":[-1.527455,1.761044],"body_yaw":-0.018288,"check_collision":false},{"head":[[0.933707,0.118619,0.337817,-0.009194],[-0.07978,0.988732,-0.126669,0.000333],[-0.349035,0.091321,0.932649,0.002021],[0.0,0.0,0.0,1.0]],"antennas":[-1.551573,1.786794],"body_yaw":-0.018288,"check_collision":false},{"head":[[0.933792,0.118427,0.33765,-0.008902],[-0.079604,0.988749,-0.126642,0.00096],[-0.348849,0.091379,0.932714,0.001591],[0.0,0.0,0.0,1.0]],"antennas":[-1.575628,1.812477],"body_yaw":-0.018288,"check_collision":false},{"head":[[0.934055,0.117729,0.337165,-0.009491],[-0.078593,0.988719,-0.127509,-0.001138],[-0.348373,0.092602,0.932771,0.002489],[0.0,0.0,0.0,1.0]],"antennas":[-1.599696,1.838172],"body_yaw":-0.018288,"check_collision":false},{"head":[[0.935396,0.117476,0.333517,-0.009185],[-0.078909,0.988763,-0.126965,-0.000219],[-0.344685,0.092445,0.934155,0.001965],[0.0,0.0,0.0,1.0]],"antennas":[-1.623744,1.863848],"body_yaw":-0.018288,"check_collision":false},{"head":[[0.936898,0.116425,0.329647,-0.009158],[-0.078527,0.988907,-0.12608,-2.4e-05],[-0.34067,0.092238,0.935648,0.001868],[0.0,0.0,0.0,1.0]],"antennas":[-1.647835,1.889569],"body_yaw":-0.018288,"check_collision":false},{"head":[[0.93847,0.112878,0.326394,-0.009579],[-0.075586,0.989298,-0.124802,-0.001971],[-0.336988,0.092452,0.936959,0.003218],[0.0,0.0,0.0,1.0]],"antennas":[-1.671918,1.915282],"body_yaw":-0.018288,"check_collision":false},{"head":[[0.940258,0.10996,0.322217,-0.009099],[-0.073821,0.989739,-0.122343,-0.000728],[-0.332363,0.091248,0.938727,0.002772],[0.0,0.0,0.0,1.0]],"antennas":[-1.695968,1.940959],"body_yaw":-0.018288,"check_collision":false},{"head":[[0.941542,0.107921,0.319144,-0.008569],[-0.072754,0.990084,-0.120166,0.000156],[-0.328947,0.089922,0.940057,0.002197],[0.0,0.0,0.0,1.0]],"antennas":[-1.720125,1.96675],"body_yaw":-0.018288,"check_collision":false},{"head":[[0.942275,0.107078,0.317258,-0.008174],[-0.072399,0.990229,-0.119185,0.000693],[-0.32692,0.089335,0.94082,0.00159],[0.0,0.0,0.0,1.0]],"antennas":[-1.74424,1.992497],"body_yaw":-0.018288,"check_collision":false},{"head":[[0.942192,0.107442,0.317381,-0.007943],[-0.072872,0.99023,-0.118886,0.001077],[-0.327053,0.088885,0.940816,0.001148],[0.0,0.0,0.0,1.0]],"antennas":[-1.768332,2.018219],"body_yaw":-0.018288,"check_collision":false},{"head":[[0.941505,0.108943,0.318904,-0.007764],[-0.074236,0.990107,-0.119069,0.001539],[-0.32872,0.08843,0.940278,0.000713],[0.0,0.0,0.0,1.0]],"antennas":[-1.792463,2.043983],"body_yaw":-0.018288,"check_collision":false},{"head":[[0.940726,0.112205,0.320071,-0.007882],[-0.077419,0.989817,-0.119452,0.001518],[-0.330215,0.087592,0.939833,0.000516],[0.0,0.0,0.0,1.0]],"antennas":[-1.816434,2.069575],"body_yaw":-0.018288,"check_collision":false},{"head":[[0.940499,0.117467,0.318848,-0.007421],[-0.083211,0.989394,-0.119058,0.002291],[-0.329452,0.085443,0.940298,-2.5e-05],[0.0,0.0,0.0,1.0]],"antennas":[-1.84049,2.095259],"body_yaw":-0.018288,"check_collision":false},{"head":[[0.940246,0.123702,0.31723,-0.007157],[-0.089879,0.988796,-0.119183,0.002692],[-0.328419,0.083549,0.94083,-0.000399],[0.0,0.0,0.0,1.0]],"antennas":[-1.864696,2.121103],"body_yaw":-0.018288,"check_collision":false},{"head":[[0.939802,0.130234,0.31593,-0.007923],[-0.095951,0.987905,-0.12181,0.000237],[-0.327972,0.084163,0.940931,0.000859],[0.0,0.0,0.0,1.0]],"antennas":[-1.888713,2.146745],"body_yaw":-0.018288,"check_collision":false},{"head":[[0.939001,0.137938,0.315041,-0.008768],[-0.10302,0.986793,-0.125003,-0.001593],[-0.328123,0.084923,0.94081,0.001719],[0.0,0.0,0.0,1.0]],"antennas":[-1.912751,2.17241],"body_yaw":-0.018288,"check_collision":false},{"head":[[0.938706,0.145367,0.312569,-0.009411],[-0.110401,0.985754,-0.126889,-0.002999],[-0.326562,0.084603,0.941382,0.002526],[0.0,0.0,0.0,1.0]],"antennas":[-1.936911,2.198204],"body_yaw":-0.018288,"check_collision":false},{"head":[[0.938495,0.151609,0.310227,-0.009313],[-0.116922,0.984908,-0.127617,-0.002385],[-0.324893,0.083495,0.942058,0.002295],[0.0,0.0,0.0,1.0]],"antennas":[-1.961081,2.224009],"body_yaw":-0.018288,"check_collision":false},{"head":[[0.938831,0.156394,0.306817,-0.009217],[-0.122215,0.984249,-0.127736,-0.002013],[-0.321961,0.082425,0.943158,0.002189],[0.0,0.0,0.0,1.0]],"antennas":[-1.98514,2.249696],"body_yaw":-0.018288,"check_collision":false},{"head":[[0.93911,0.161645,0.30322,-0.008959],[-0.127841,0.983456,-0.128336,-0.001647],[-0.318949,0.081758,0.944239,0.00198],[0.0,0.0,0.0,1.0]],"antennas":[-2.00921,2.275395],"body_yaw":-0.018288,"check_collision":false},{"head":[[0.939416,0.164752,0.30059,-0.008231],[-0.131363,0.983005,-0.128238,-0.000663],[-0.316609,0.080982,0.945093,0.001325],[0.0,0.0,0.0,1.0]],"antennas":[-2.033331,2.301148],"body_yaw":-0.018288,"check_collision":false},{"head":[[0.939835,0.166732,0.298179,-0.007846],[-0.133485,0.982654,-0.128736,-0.000134],[-0.314471,0.081188,0.945789,0.000808],[0.0,0.0,0.0,1.0]],"antennas":[-2.057105,2.32653],"body_yaw":-0.018288,"check_collision":false},{"head":[[0.940615,0.166627,0.295769,-0.007367],[-0.133625,0.982648,-0.128634,0.000496],[-0.312071,0.081473,0.946559,0.00017],[0.0,0.0,0.0,1.0]],"antennas":[-2.081446,2.352519],"body_yaw":-0.018288,"check_collision":false},{"head":[[0.941357,0.164213,0.294755,-0.00697],[-0.131628,0.983089,-0.127316,0.001243],[-0.310678,0.081051,0.947053,-0.000381],[0.0,0.0,0.0,1.0]],"antennas":[-2.105377,2.378069],"body_yaw":-0.018288,"check_collision":false},{"head":[[0.942094,0.158467,0.295545,-0.007465],[-0.12615,0.98404,-0.125505,-0.000456],[-0.310716,0.080954,0.947049,0.000661],[0.0,0.0,0.0,1.0]],"antennas":[-2.129588,2.403918],"body_yaw":-0.018288,"check_collision":false},{"head":[[0.94342,0.149894,0.295788,-0.007291],[-0.118425,0.985479,-0.121684,-0.000218],[-0.309732,0.07977,0.947472,0.000588],[0.0,0.0,0.0,1.0]],"antennas":[-2.153777,2.429743],"body_yaw":-0.018288,"check_collision":false},{"head":[[0.944801,0.138075,0.297131,-0.006952],[-0.107098,0.987198,-0.118199,0.000144],[-0.309647,0.079852,0.947493,0.000495],[0.0,0.0,0.0,1.0]],"antennas":[-2.177833,2.455427],"body_yaw":-0.018288,"check_collision":false},{"head":[[0.946499,0.125075,0.297483,-0.00656],[-0.094684,0.988898,-0.114523,0.000924],[-0.308504,0.080229,0.947834,0.000172],[0.0,0.0,0.0,1.0]],"antennas":[-2.19855,2.481207],"body_yaw":-0.018288,"check_collision":false},{"head":[[0.948411,0.109778,0.297432,-0.006243],[-0.07984,0.990604,-0.111036,0.001165],[-0.306827,0.081561,0.948264,-8e-05],[0.0,0.0,0.0,1.0]],"antennas":[-2.205524,2.493844],"body_yaw":-0.018288,"check_collision":false},{"head":[[0.950442,0.094476,0.296199,-0.005785],[-0.065057,0.992056,-0.107673,0.001319],[-0.304019,0.083067,0.949038,-0.000196],[0.0,0.0,0.0,1.0]],"antennas":[-2.205524,2.493844],"body_yaw":-0.018288,"check_collision":false},{"head":[[0.951717,0.077173,0.297118,-0.005505],[-0.