{"description":"You nod to show you\u2019ve understood and agree. Can also be used to say yes.","time":[0.0,0.02,0.04,0.06,0.08,0.1,0.12,0.14,0.16,0.18,0.2,0.22,0.24,0.26,0.28,0.3,0.32,0.34,0.36,0.38,0.4,0.42,0.44,0.46,0.48,0.5,0.52,0.54,0.56,0.58,0.6,0.62,0.64,0.66,0.68,0.7,0.72,0.74,0.76,0.78,0.8,0.82,0.84,0.86,0.88,0.9,0.92,0.94,0.96,0.98,1.0,1.02,1.04,1.06,1.08,1.1,1.12,1.14,1.16,1.18,1.2,1.22,1.24,1.26,1.28,1.3,1.32,1.34,1.36,1.38,1.4,1.42,1.44,1.46,1.48,1.5,1.52,1.54,1.56,1.58,1.6,1.62,1.64,1.66,1.68,1.7,1.72,1.74,1.76,1.78,1.8,1.82,1.84,1.86,1.88,1.9,1.92,1.94,1.96,1.98,2.0,2.02,2.04,2.06,2.08,2.1,2.12,2.14,2.16,2.18,2.2,2.22,2.24,2.26,2.28,2.3,2.32,2.34,2.36,2.38,2.4,2.42,2.44,2.46,2.48,2.5,2.52,2.54,2.56,2.58,2.6,2.62],"set_target_data":[{"head":[[0.999192,-0.029108,0.027717,-0.012167],[0.030766,0.997639,-0.061393,-0.010647],[-0.025864,0.062196,0.997729,0.016028],[0.0,0.0,0.0,1.0]],"antennas":[-0.140909,0.219222],"body_yaw":0.0,"check_collision":false},{"head":[[0.999209,-0.028849,0.027359,-0.012261],[0.030481,0.997658,-0.061236,-0.010513],[-0.025529,0.062021,0.997748,0.016103],[0.0,0.0,0.0,1.0]],"antennas":[-0.140909,0.219222],"body_yaw":0.0,"check_collision":false},{"head":[[0.999221,-0.028764,0.02701,-0.012368],[0.030372,0.997668,-0.061119,-0.010172],[-0.025189,0.061891,0.997765,0.016043],[0.0,0.0,0.0,1.0]],"antennas":[-0.140909,0.219222],"body_yaw":0.0,"check_collision":false},{"head":[[0.999098,-0.031405,0.028583,-0.012257],[0.033118,0.997552,-0.061585,-0.012189],[-0.026579,0.062476,0.997692,0.01685],[0.0,0.0,0.0,1.0]],"antennas":[-0.140909,0.219222],"body_yaw":0.0,"check_collision":false},{"head":[[0.999087,-0.031464,0.028909,-0.012328],[0.033195,0.997555,-0.061492,-0.011991],[-0.026904,0.062396,0.997689,0.016884],[0.0,0.0,0.0,1.0]],"antennas":[-0.140909,0.219222],"body_yaw":0.0,"check_collision":false},{"head":[[0.999106,-0.030841,0.028919,-0.012393],[0.032573,0.997576,-0.061485,-0.012034],[-0.026952,0.062372,0.997689,0.01699],[0.0,0.0,0.0,1.0]],"antennas":[-0.140909,0.219222],"body_yaw":0.0,"check_collision":false},{"head":[[0.999108,-0.031043,0.028618,-0.012377],[0.032752,0.99758,-0.061335,-0.011667],[-0.026644,0.062217,0.997707,0.016894],[0.0,0.0,0.0,1.0]],"antennas":[-0.140909,0.219222],"body_yaw":0.0,"check_collision":false},{"head":[[0.999104,-0.031083,0.028708,-0.012389],[0.032805,0.997563,-0.061585,-0.011437],[-0.026723,0.062472,0.997689,0.016824],[0.0,0.0,0.0,1.0]],"antennas":[-0.140909,0.219222],"body_yaw":0.0,"check_collision":false},{"head":[[0.999121,-0.030635,0.028605,-0.012381],[0.032349,0.997582,-0.061504,-0.011012],[-0.026652,0.062375,0.997697,0.016628],[0.0,0.0,0.0,1.0]],"antennas":[-0.140909,0.219222],"body_yaw":0.0,"check_collision":false},{"head":[[0.999138,-0.030124,0.028551,-0.012433],[0.031838,0.997591,-0.06164,-0.010912],[-0.026626,0.062496,0.99769,0.016612],[0.0,0.0,0.0,1.0]],"antennas":[-0.140909,0.219222],"body_yaw":0.0,"check_collision":false},{"head":[[0.999149,-0.029959,0.028367,-0.01241],[0.03166,0.997604,-0.061516,-0.010554],[-0.026456,0.062361,0.997703,0.016436],[0.0,0.0,0.0,1.0]],"antennas":[-0.140909,0.219222],"body_yaw":0.0,"check_collision":false},{"head":[[0.999155,-0.029938,0.028153,-0.012424],[0.031623,0.997608,-0.061461,-0.010169],[-0.026246,0.062299,0.997712,0.01627],[0.0,0.0,0.0,1.0]],"antennas":[-0.140909,0.219222],"body_yaw":0.0,"check_collision":false},{"head":[[0.999178,-0.029529,0.027766,-0.012545],[0.031193,0.997618,-0.061529,-0.010014],[-0.025883,0.062345,0.997719,0.016169],[0.0,0.0,0.0,1.0]],"antennas":[-0.140909,0.219222],"body_yaw":0.0,"check_collision":false},{"head":[[0.999167,-0.029707,0.027984,-0.012583],[0.031385,0.997609,-0.061578,-0.010021],[-0.026088,0.062405,0.99771,0.016235],[0.0,0.0,0.0,1.0]],"antennas":[-0.140909,0.219222],"body_yaw":0.0,"check_collision":false},{"head":[[0.999173,-0.029551,0.027916,-0.012624],[0.031224,0.997616,-0.061542,-0.00953],[-0.026031,0.062363,0.997714,0.016093],[0.0,0.0,0.0,1.0]],"antennas":[-0.140909,0.219222],"body_yaw":0.0,"check_collision":false},{"head":[[0.999178,-0.029566,0.027723,-0.01265],[0.031225,0.997621,-0.061462,-0.009449],[-0.02584,0.062278,0.997724,0.016013],[0.0,0.0,0.0,1.0]],"antennas":[-0.140909,0.219222],"body_yaw":0.0,"check_collision":false},{"head":[[0.999175,-0.029811,0.027595,-0.012682],[0.031465,0.997605,-0.061595,-0.00929],[-0.025693,0.062413,0.99772,0.015901],[0.0,0.0,0.0,1.0]],"antennas":[-0.140909,0.219222],"body_yaw":0.0,"check_collision":false},{"head":[[0.999159,-0.030234,0.0277,-0.012698],[0.031895,0.99759,-0.061625,-0.008801],[-0.02577,0.062457,0.997715,0.015647],[0.0,0.0,0.0,1.0]],"antennas":[-0.140909,0.219222],"body_yaw":0.0,"check_collision":false},{"head":[[0.999006,-0.033473,0.029424,-0.012574],[0.035259,0.997426,-0.062443,-0.011418],[-0.027258,0.063418,0.997615,0.016541],[0.0,0.0,0.0,1.0]],"antennas":[-0.140909,0.219222],"body_yaw":0.0,"check_collision":false},{"head":[[0.999038,-0.033194,0.028664,-0.012618],[0.034913,0.997483,-0.061715,-0.011053],[-0.026543,0.062656,0.997682,0.01631],[0.0,0.0,0.0,1.0]],"antennas":[-0.140909,0.219222],"body_yaw":0.0,"check_collision":false},{"head":[[0.999021,-0.033674,0.02869,-0.012662],[0.035387,0.997484,-0.061425,-0.011006],[-0.026549,0.062381,0.997699,0.016408],[0.0,0.0,0.0,1.0]],"antennas":[-0.140909,0.219222],"body_yaw":0.0,"check_collision":false},{"head":[[0.99899,-0.034476,0.028833,-0.01274],[0.036208,0.997427,-0.061871,-0.010681],[-0.026625,0.062853,0.997668,0.016375],[0.0,0.0,0.0,1.0]],"antennas":[-0.140909,0.219222],"body_yaw":0.0,"check_collision":false},{"head":[[0.998839,-0.037483,0.030269,-0.012782],[0.039339,0.997223,-0.063239,-0.012626],[-0.027815,0.064357,0.997539,0.01725],[0.0,0.0,0.0,1.0]],"antennas":[-0.140909,0.219222],"body_yaw":0.0,"check_collision":false},{"head":[[0.998807,-0.038776,0.029685,-0.012867],[0.040595,0.997166,-0.063345,-0.012401],[-0.027145,0.064474,0.99755,0.017296],[0.0,0.0,0.0,1.0]],"antennas":[-0.140909,0.219222],"body_yaw":0.0,"check_collision":false},{"head":[[0.998805,-0.038902,0.029599,-0.012855],[0.040717,0.997157,-0.06341,-0.011908],[-0.027048,0.064539,0.997549,0.017113],[0.0,0.0,0.0,1.0]],"antennas":[-0.140909,0.219222],"body_yaw":0.0,"check_collision":false},{"head":[[0.99885,-0.038243,0.028907,-0.012788],[0.040007,0.997203,-0.063136,-0.01175],[-0.026412,0.06422,0.997586,0.016962],[0.0,0.0,0.0,1.0]],"antennas":[-0.140909,0.219222],"body_yaw":0.0,"check_collision":false},{"head":[[0.998837,-0.038537,0.028988,-0.012824],[0.040303,0.997198,-0.063015,-0.011591],[-0.026478,0.06411,0.997591,0.016843],[0.0,0.0,0.0,1.0]],"antennas":[-0.140909,0.219222],"body_yaw":0.0,"check_collision":false},{"head":[[0.998806,-0.039193,0.029148,-0.012942],[0.041,0.997093,-0.064217,-0.011373],[-0.026546,0.065336,0.99751,0.016823],[0.0,0.0,0.0,1.0]],"antennas":[-0.140909,0.219222],"body_yaw":0.0,"check_collision":false},{"head":[[0.998811,-0.039522,0.028531,-0.012962],[0.041305,0.997037,-0.064894,-0.01107],[-0.025882,0.065995,0.997484,0.016769],[0.0,0.0,0.0,1.0]],"antennas":[-0.140909,0.219222],"body_yaw":0.0,"check_collision":false},{"head":[[0.998822,-0.03967,0.027939,-0.012926],[0.041412,0.997039,-0.064788,-0.01063],[-0.025286,0.065868,0.997508,0.016623],[0.0,0.0,0.0,1.0]],"antennas":[-0.140909,0.219222],"body_yaw":0.0,"check_collision":false},{"head":[[0.998834,-0.03995,0.027114,-0.012944],[0.04165,0.996994,-0.065331,-0.010782],[-0.024423,0.066384,0.997495,0.016579],[0.0,0.0,0.0,1.0]],"antennas":[-0.140909,0.219222],"body_yaw":0.0,"check_collision":false},{"head":[[0.998849,-0.03999,0.026481,-0.012966],[0.041645,0.997004,-0.065189,-0.010545],[-0.023794,0.066217,0.997521,0.01646],[0.0,0.0,0.0,1.0]],"antennas":[-0.140909,0.219222],"body_yaw":0.0,"check_collision":false},{"head":[[0.99872,-0.042425,0.027522,-0.012932],[0.044154,0.996869,-0.065591,-0.012422],[-0.024653,0.066722,0.997467,0.017184],[0.0,0.0,0.0,1.0]],"antennas":[-0.140909,0.219222],"body_yaw":0.0,"check_collision":false},{"head":[[0.99874,-0.042707,0.026364,-0.01293],[0.044356,0.996868,-0.065479,-0.012176],[-0.023485,0.066566,0.997506,0.017005],[0.0,0.0,0.0,1.0]],"antennas":[-0.140909,0.219222],"body_yaw":0.0,"check_collision":false},{"head":[[0.998769,-0.042661,0.025299,-0.012907],[0.044236,0.996882,-0.065338,-0.011831],[-0.022432,0.066377,0.997542,0.016843],[0.0,0.0,0.0,1.0]],"antennas":[-0.140909,0.219222],"body_yaw":0.0,"check_collision":false},{"head":[[0.998782,-0.042566,0.02494,-0.012887],[0.044116,0.996892,-0.065269,-0.011679],[-0.022085,0.06629,0.997556,0.016768],[0.0,0.0,0.0,1.0]],"antennas":[-0.140909,0.219222],"body_yaw":0.0,"check_collision":false},{"head":[[0.99882,-0.042121,0.02417,-0.012838],[0.043616,0.996927,-0.065064,-0.011293],[-0.021356,0.066041,0.997588,0.016499],[0.0,0.0,0.0,1.0]],"antennas":[-0.140909,0.219222],"body_yaw":0.0,"check_collision":false},{"head":[[0.998835,-0.041878,0.023976,-0.012786],[0.043357,0.996948,-0.064919,-0.011059],[-0.021184,0.065883,0.997602,0.016319],[0.0,0.0,0.0,1.0]],"antennas":[-0.140909,0.219222],"body_yaw":0.0,"check_collision":false},{"head":[[0.998849,-0.041055,0.024803,-0.012751],[0.042596,0.996965,-0.065163,-0.011199],[-0.022053,0.066145,0.997566,0.016287],[0.0,0.0,0.0,1.0]],"antennas":[-0.140909,0.219222],"body_yaw":0.0,"check_collision":false},{"head":[[0.998809,-0.040803,0.026741,-0.012696],[0.042477,0.996959,-0.065337,-0.011263],[-0.023993,0.066395,0.997505,0.01625],[0.0,0.0,0.0,1.0]],"antennas":[-0.140909,0.219222],"body_yaw":0.0,"check_collision":false},{"head":[[0.998594,-0.0433,0.030591,-0.012434],[0.045241,0.996801,-0.065884,-0.012648],[-0.02764,0.067175,0.997358,0.016768],[0.0,0.0,0.0,1.0]],"antennas":[-0.140909,0.219222],"body_yaw":0.0,"check_collision":false},{"head":[[0.998493,-0.043624,0.03329,-0.012566],[0.045759,0.996747,-0.06635,-0.012674],[-0.030287,0.067773,0.997241,0.016925],[0.0,0.0,0.0,1.0]],"antennas":[-0.140909,0.219222],"body_yaw":0.0,"check_collision":false},{"head":[[0.998332,-0.043951,0.037428,-0.012621],[0.04637,0.996714,-0.066415,-0.012049],[-0.034386,0.068039,0.99709,0.016663],[0.0,0.0,0.0,1.0]],"antennas":[-0.140909,0.219222],"body_yaw":0.0,"check_collision":false},{"head":[[0.998126,-0.044029,0.042487,-0.012711],[0.046845,0.996603,-0.067739,-0.012251],[-0.03936,0.069602,0.996798,0.016455],[0.0,0.0,0.0,1.0]],"antennas":[-0.140909,0.219222],"body_yaw":0.0,"check_collision":false},{"head":[[0.997919,-0.043724,0.047383,-0.012591],[0.046949,0.996495,-0.069233,-0.012465],[-0.044189,0.071313,0.996475,0.016298],[0.0,0.0,0.0,1.0]],"antennas":[-0.140909,0.219222],"body_yaw":0.0,"check_collision":false},{"head":[[0.997701,-0.043686,0.051802,-0.012573],[0.047302,0.99637,-0.070778,-0.012793],[-0.048522,0.073065,0.996146,0.01631],[0.0,0.0,0.0,1.0]],"antennas":[-0.140909,0.219222],"body_yaw":0.0,"check_collision":false},{"head":[[0.997567,-0.042932,0.054923,-0.012594],[0.046837,0.996311,-0.071903,-0.012234],[-0.051634,0.0743,0.995898,0.01619],[0.0,0.0,0.0,1.0]],"antennas":[-0.140909,0.219222],"body_yaw":0.0,"check_collision":false},{"head":[[0.997499,-0.04181,0.056992,-0.012643],[0.04593,0.996273,-0.073013,-0.012365],[-0.053727,0.075448,0.995701,0.016097],[0.0,0.0,0.0,1.0]],"antennas":[-0.140909,0.219222],"body_yaw":0.0,"check_collision":false},{"head":[[0.997488,-0.041226,0.05761,-0.012623],[0.045408,0.996277,-0.073286,-0.012121],[-0.054374,0.075718,0.995646,0.01606],[0.0,0.0,0.0,1.0]],"antennas":[-0.140909,0.219222],"body_yaw":0.0,"check_collision":false},{"head":[[0.99751,-0.040672,0.057616,-0.012652],[0.044903,0.996235,-0.074161,-0.01178],[-0.054383,0.076563,0.995581,0.015995],[0.0,0.0,0.0,1.0]],"antennas":[-0.140909,0.219222],"body_yaw":0.0,"check_collision":false},{"head":[[0.997517,-0.040308,0.057743,-0.012711],[0.044604,0.996175,-0.075145,-0.011831],[-0.054493,0.077534,0.995499,0.016022],[0.0,0.0,0.0,1.0]],"antennas":[-0.140909,0.219222],"body_yaw":0.0,"check_collision":false},{"head":[[0.99752,-0.040296,0.057702,-0.0126],[0.044615,0.996137,-0.075635,-0.011338],[-0.054431,0.078022,0.995465,0.015945],[0.0,0.0,0.0,1.0]],"antennas":[-0.140909,0.219222],"body_yaw":0.0,"check_collision":false},{"head":[[0.997553,-0.039866,0.057427,-0.012591],[0.04417,0.996149,-0.075735,-0.011459],[-0.054187,0.078087,0.995473,0.016021],[0.0,0.0,0.0,1.0]],"antennas":[-0.140909,0.219222],"body_yaw":0.0,"check_collision":false},{"head":[[0.997644,-0.038509,0.056777,-0.0126],[0.042776,0.996193,-0.075964,-0.011882],[-0.053636,0.078214,0.995493,0.016122],[0.0,0.0,0.0,1.0]],"antennas":[-0.140909,0.219222],"body_yaw":0.0,"check_collision":false},{"head":[[0.997742,-0.036829,0.056169,-0.012429],[0.041073,0.996233,-0.076374,-0.012041],[-0.053145,0.078508,0.995496,0.016186],[0.0,0.0,0.0,1.0]],"antennas":[-0.140909,0.219222],"body_yaw":0.0,"check_collision":false},{"head":[[0.997831,-0.03461,0.055999,-0.0122],[0.038842,0.996325,-0.076337,-0.011747],[-0.053151,0.078347,0.995508,0.016101],[0.0,0.0,0.0,1.0]],"antennas":[-0.140909,0.219222],"body_yaw":0.0,"check_collision":false},{"head":[[0.997755,-0.032209,0.058717,-0.012107],[0.036651,0.996418,-0.076214,-0.011795],[-0.056052,0.078195,0.995361,0.015889],[0.0,0.0,0.0,1.0]],"antennas":[-0.140909,0.219222],"body_yaw":0.0,"check_collision":false},{"head":[[0.997423,-0.028439,0.065873,-0.01188],[0.033365,0.996631,-0.074922,-0.011081],[-0.063521,0.076927,0.995011,0.015407],[0.0,0.0,0.0,1.0]],"antennas":[-0.140909,0.219222],"body_yaw":0.0,"check_collision":false},{"head":[[0.996364,-0.021693,0.082396,-0.011572],[0.027758,0.996931,-0.073202,-0.010635],[-0.080555,0.075223,0.993908,0.01468],[0.0,0.0,0.0,1.0]],"antennas":[-0.140909,0.219222],"body_yaw":0.0,"check_collision":false},{"head":[[0.993318,-0.011457,0.114841,-0.011146],[0.019929,0.99714,-0.072895,-0.010372],[-0.113678,0.074697,0.990706,0.013889],[0.0,0.0,0.0,1.0]],"antennas":[-0.140909,0.219222],"body_yaw":0.0,"check_collision":false},{"head":[[0.98707,-0.000295,0.160289,-0.010541],[0.012572,0.99706,-0.075583,-0.010338],[-0.159796,0.076621,0.984172,0.013221],[0.0,0.0,0.0,1.0]],"antennas":[-0.140909,0.219222],"body_yaw":0.0,"check_collision":false},{"head":[[0.978929,0.00882,0.20401,-0.009799],[0.007419,0.996871,-0.078698,-0.0106],[-0.204066,0.078553,0.9758,0.012558],[0.0,0.0,0.0,1.0]],"antennas":[-0.140909,0.219222],"body_yaw":0.0,"check_collision":false},{"head":[[0.970223,0.01675,0.241634,-0.009123],[0.002895,0.996733,-0.080719,-0.010688],[-0.242197,0.079015,0.967004,0.011859],[0.0,0.0,0.0,1.0]],"antennas":[-0.140909,0.219222],"body_yaw":0.0,"check_collision":false},{"head":[[0.962177,0.025711,0.271211,-0.008995],[-0.002222,0.996244,-0.086562,-0.010565],[-0.272418,0.082685,0.95862,0.010971],[0.0,0.0,0.0,1.0]],"antennas":[-0.140909,0.219222],"body_yaw":0.0,"check_collision":false},{"head":[[0.956571,0.031087,0.289838,-0.009418],[-0.002749,0.995215,-0.097671,-0.009061],[-0.291487,0.092633,0.952079,0.009621],[0.0,0.0,0.0,1.0]],"antennas":[-0.140909,0.219222],"body_yaw":0.0,"check_collision":false},{"head":[[0.953884,0.031438,0.298524,-0.010118],[0.001089,0.994132,-0.108172,-0.008978],[-0.300173,0.103508,0.948252,0.009497],[0.0,0.0,0.0,1.0]],"antennas":[-0.140909,0.219222],"body_yaw":0.0,"check_collision":false},{"head":[[0.954304,0.031168,0.297208,-0.00951],[0.002641,0.993628,-0.112681,-0.009949],[-0.298826,0.108317,0.94814,0.010072],[0.0,0.0,0.0,1.0]],"antennas":[-0.140909,0.219222],"body_yaw":0.0,"check_collision":false},{"head":[[0.959774,0.028172,0.279357,-0.009785],[0.004926,0.993111,-0.117074,-0.009656],[-0.280731,0.113741,0.953023,0.010092],[0.0,0.0,0.0,1.0]],"antennas":[-0.140909,0.219222],"body_yaw":0.0,"check_collision":false},{"head":[[0.966988,0.027112,0.253375,-0.010077],[0.004018,0.992578,-0.121543,-0.009364],[-0.254789,0.118549,0.959702,0.010167],[0.0,0.0,0.0,1.0]],"antennas":[-0.140909,0.219222],"body_yaw":0.0,"check_collision":false},{"head":[[0.975882,0.023609,0.217017,-0.010076],[0.003619,0.992249,-0.124216,-0.008868],[-0.218268,0.122005,0.968232,0.010108],[0.0,0.0,0.0,1.0]],"antennas":[-0.140909,0.219222],"body_yaw":0.0,"check_collision":false},{"head":[[0.983389,0.018924,0.18052,-0.00994],[0.003469,0.99241,-0.122928,-0.008819],[-0.181476,0.121512,0.975859,0.010323],[0.0,0.0,0.0,1.0]],"antennas":[-0.140909,0.219222],"body_yaw":0.0,"check_collision":false},{"head":[[0.986686,0.013305,0.162091,-0.009652],[0.006522,0.992609,-0.121179,-0.011365],[-0.162505,0.120623,0.979307,0.011548],[0.0,0.0,0.0,1.0]],"antennas":[-0.140909,0.219222],"body_yaw":0.0,"check_collision":false},{"head":[[0.98665,0.009549,0.162576,-0.009614],[0.010425,0.992529,-0.121563,-0.013343],[-0.162523,0.121635,0.979179,0.01222],[0.0,0.0,0.0,1.0]],"antennas":[-0.140909,0.219222],"body_yaw":0.0,"check_collision":false},{"head":[[0.981774,0.003785,0.190012,-0.009666],[0.019397,0.992585,-0.119996,-0.013727],[-0.189057,0.121495,0.974421,0.011998],[0.0,0.0,0.0,1.0]],"antennas":[-0.140909,0.219222],"body_yaw":0.0,"check_collision":false},{"head":[[0.975228,-0.000725,0.221203,-0.010131],[0.028297,0.992187,-0.121505,-0.013053],[-0.219387,0.124754,0.967629,0.011777],[0.0,0.0,0.0,1.0]],"antennas":[-0.140909,0.219222],"body_yaw":0.0,"check_collision":false},{"head":[[0.964456,-0.00107,0.264243,-0.010507],[0.034631,0.991879,-0.122382,-0.013348],[-0.261966,0.127183,0.95666,0.011928],[0.0,0.0,0.0,1.0]],"antennas":[-0.140909,0.219222],"body_yaw":0.0,"check_collision":false},{"head":[[0.949984,0.002714,0.312287,-0.010981],[0.037834,0.991597,-0.12371,-0.013824],[-0.309999,0.129338,0.941898,0.012394],[0.0,0.0,0.0,1.0]],"antennas":[-0.140909,0.219222],"body_yaw":0.0,"check_collision":false},{"head":[[0.93777,0.00167,0.347253,-0.01145],[0.043895,0.991397,-0.123309,-0.014456],[-0.344472,0.130878,0.929629,0.012596],[0.0,0.0,0.0,1.0]],"antennas":[-0.140909,0.219222],"body_yaw":0.0,"check_collision":false},{"head":[[0.931803,-0.003535,0.362948,-0.011445],[0.051378,0.991169,-0.122249,-0.015195],[-0.35931,0.13256,0.923755,0.012932],[0.0,0.0,0.0,1.0]],"antennas":[-0.140909,0.219222],"body_yaw":0.0,"check_collision":false},{"head":[[0.931689,-0.003489,0.36324,-0.011484],[0.05222,0.990854,-0.124425,-0.015146],[-0.359483,0.134894,0.92335,0.012977],[0.0,0.0,0.0,1.0]],"antennas":[-0.140909,0.219222],"body_yaw":0.0,"check_collision":false},{"head":[[0.934579,0.000162,0.355756,-0.011545],[0.047639,0.990936,-0.125602,-0.014736],[-0.352552,0.134333,0.9261,0.012857],[0.0,0.0,0.0,1.0]],"antennas":[-0.140909,0.219222],"body_yaw":0.0,"check_collision":false},{"head":[[0.93811,0.003676,0.346318,-0.011534],[0.043296,0.990855,-0.127799,-0.014228],[-0.343621,0.134884,0.929371,0.012652],[0.0,0.0,0.0,1.0]],"antennas":[-0.140909,0.219222],"body_yaw":0.0,"check_collision":false},{"head":[[0.942914,0.004665,0.333003,-0.011474],[0.041687,0.990384,-0.131914,-0.016643],[-0.330417,0.138265,0.933653,0.0138],[0.0,0.0,0.0,1.0]],"antennas":[-0.140909,0.219222],"body_yaw":0.0,"check_collision":false},{"head":[[0.947676,0.005899,0.319179,-0.01182],[0.039104,0.990155,-0.134403,-0.015089],[-0.316829,0.139851,0.938116,0.013515],[0.0,0.0,0.0,1.0]],"antennas":[-0.140909,0.219222],"body_yaw":0.0,"check_collision":false},{"head":[[0.948439,0.003528,0.31694,-0.011644],[0.041461,0.989966,-0.135089,-0.016753],[-0.314237,0.141265,0.938776,0.014077],[0.0,0.0,0.0,1.0]],"antennas":[-0.140909,0.219222],"body_yaw":0.0,"check_collision":false},{"head":[[0.947817,0.000264,0.318815,-0.011867],[0.045194,0.98979,-0.135178,-0.016551],[-0.315596,0.142533,0.938128,0.014109],[0.0,0.0,0.0,1.0]],"antennas":[-0.140909,0.219222],"body_yaw":0.0,"check_collision":false},{"head":[[0.947838,-0.001319,0.31875,-0.011876],[0.04714,0.989576,-0.13608,-0.018522],[-0.315248,0.144007,0.93802,0.015087],[0.0,0.0,0.0,1.0]],"antennas":[-0.140909,0.219222],"body_yaw":0.0,"check_collision":false},{"head":[[0.954565,-0.000397,0.298002,-0.012089],[0.043497,0.989475,-0.138014,-0.01811],[-0.29481,0.144706,0.944535,0.015244],[0.0,0.0,0.0,1.0]],"antennas":[-0.140909,0.219222],"body_yaw":0.0,"check_collision":false},{"head":[[0.96368,-0.000233,0.26706,-0.012022],[0.038087,0.989898,-0.136572,-0.015921],[-0.26433,0.141783,0.953954,0.014968],[0.0,0.0,0.0,1.0]],"antennas":[-0.140909,0.219222],"body_yaw":0.0,"check_collision":false},{"head":[[0.970959,-0.002858,0.239231,-0.01219],[0.036193,0.990175,-0.135066,-0.015032],[-0.236494,0.139802,0.961523,0.014721],[0.0,0.0,0.0,1.0]],"antennas":[-0.140909,0.219222],"body_yaw":0.0,"check_collision":false},{"head":[[0.97685,-0.005504,0.213857,-0.01226],[0.035414,0.990037,-0.136283,-0.014038],[-0.210976,0.140702,0.967312,0.014546],[0.0,0.0,0.0,1.0]],"antennas":[-0.140909,0.219222],"body_yaw":0.0,"check_collision":false},{"head":[[0.981087,-0.010201,0.193297,-0.012573],[0.037385,0.989794,-0.137517,-0.013523],[-0.189921,0.142142,0.971455,0.014766],[0.0,0.0,0.0,1.0]],"antennas":[-0.140909,0.219222],"body_yaw":0.0,"check_collision":false},{"head":[[0.985243,-0.015825,0.170428,-0.012884],[0.03973,0.989665,-0.137785,-0.012433],[-0.166486,0.142523,0.975689,0.014223],[0.0,0.0,0.0,1.0]],"antennas":[-0.140909,0.219222],"body_yaw":0.0,"check_collision":false},{"head":[[0.988667,-0.019538,0.148848,-0.013133],[0.040333,0.989611,-0.138001,-0.011836],[-0.144605,0.14244,0.979183,0.014116],[0.0,0.0,0.0,1.0]],"antennas":[-0.140909,0.219222],"body_yaw":0.0,"check_collision":false},{"head":[[0.991146,-0.022164,0.130917,-0.013404],[0.040211,0.989774,-0.13686,-0.01164],[-0.126545,0.140913,0.981901,0.014147],[0.0,0.0,0.0,1.0]],"antennas":[-0.140909,0.219222],"body_yaw":0.0,"check_collision":false},{"head":[[0.992874,-0.025357,0.116441,-0.013669],[0.04111,0.99,-0.134947,-0.011629],[-0.111855,0.138772,0.983987,0.014204],[0.0,0.0,0.0,1.0]],"antennas":[-0.140909,0.219222],"body_yaw":0.0,"check_collision":false},{"head":[[0.993803,-0.02774,0.107634,-0.013884],[0.042118,0.990126,-0.1337,-0.011635],[-0.102863,0.137405,0.985159,0.014223],[0.0,0.0,0.0,1.0]],"antennas":[-0.140909,0.219222],"body_yaw":0.0,"check_collision":false},{"head":[[0.994733,-0.027366,0.098784,-0.014411],[0.040425,0.990327,-0.132731,-0.009142],[-0.094196,0.136025,0.986217,0.013696],[0.0,0.0,0.0,1.0]],"antennas":[-0.140909,0.219222],"body_yaw":0.0,"check_collision":false},{"head":[[0.995463,-0.027674,0.091039,-0.014479],[0.039503,0.99062,-0.130814,-0.007688],[-0.086565,0.133816,0.987218,0.013028],[0.0,0.0,0.0,1.0]],"antennas":[-0.140909,0.219222],"body_yaw":0.0,"check_collision":false},{"head":[[0.996054,-0.026765,0.084618,-0.0146],[0.037642,0.990841,-0.129684,-0.006314],[-0.080372,0.132358,0.987938,0.012397],[0.0,0.0,0.0,1.0]],"antennas":[-0.140909,0.219222],"body_yaw":0.0,"check_collision":false},{"head":[[0.996733,-0.026815,0.076186,-0.014715],[0.036504,0.991002,-0.128775,-0.004893],[-0.072047,0.131135,0.988743,0.011653],[0.0,0.0,0.0,1.0]],"antennas":[-0.140909,0.219222],"body_yaw":0.0,"check_collision":false},{"head":[[0.997346,-0.027763,0.067308,-0.014845],[0.036126,0.991322,-0.126397,-0.003664],[-0.063214,0.128493,0.989694,0.011068],[0.0,0.0,0.0,1.0]],"antennas":[-0.140909,0.219222],"body_yaw":0.0,"check_collision":false},{"head":[[0.997796,-0.028847,0.059761,-0.014846],[0.03608,0.99166,-0.123726,-0.002582],[-0.055693,0.125609,0.990515,0.010741],[0.0,0.0,0.0,1.0]],"antennas":[-0.140909,0.219222],"body_yaw":0.0,"check_collision":false},{"head":[[0.998104,-0.029405,0.054063,-0.014787],[0.035798,0.991962,-0.121364,-0.002711],[-0.050059,0.123069,0.991135,0.0109],[0.0,0.0,0.0,1.0]],"antennas":[-0.140909,0.219222],"body_yaw":0.0,"check_collision":false},{"head":[[0.998273,-0.034372,0.047631,-0.014302],[0.039872,0.991997,-0.119804,-0.006188],[-0.043132,0.121497,0.991654,0.011947],[0.0,0.0,0.0,1.0]],"antennas":[-0.140909,0.219222],"body_yaw":0.0,"check_collision":false},{"head":[[0.998638,-0.035968,0.037783,-0.014738],[0.040103,0.992545,-0.115089,-0.006994],[-0.033361,0.116448,0.992636,0.012481],[0.0,0.0,0.0,1.0]],"antennas":[-0.140909,0.219222],"body_yaw":0.0,"check_collision":false},{"head":[[0.998786,-0.03826,0.031042,-0.014999],[0.041511,0.992851,-0.111911,-0.006939],[-0.026539,0.113064,0.993233,0.01265],[0.0,0.0,0.0,1.0]],"antennas":[-0.140909,0.219222],"body_yaw":0.0,"check_collision":false},{"head":[[0.998881,-0.041008,0.023547,-0.015147],[0.043349,0.993046,-0.109459,-0.006982],[-0.018894,0.110357,0.993712,0.012654],[0.0,0.0,0.0,1.0]],"antennas":[-0.140909,0.219222],"body_yaw":0.0,"check_collision":false},{"head":[[0.998927,-0.043412,0.01613,-0.015215],[0.044889,0.993284,-0.10664,-0.007203],[-0.011392,0.10725,0.994167,0.012655],[0.0,0.0,0.0,1.0]],"antennas":[-0.140909,0.219222],"body_yaw":0.0,"check_collision":false},{"head":[[0.998978,-0.044226,0.00931,-0.015348],[0.044955,0.993561,-0.103999,-0.007334],[-0.004651,0.104312,0.994534,0.012686],[0.0,0.0,0.0,1.0]],"antennas":[-0.140909,0.219222],"body_yaw":0.0,"check_collision":false},{"head":[[0.998965,-0.045405,0.002603,-0.015409],[0.045435,0.993795,-0.101529,-0.007356],[0.002023,0.101542,0.994829,0.012719],[0.0,0.0,0.0,1.0]],"antennas":[-0.140909,0.219222],"body_yaw":0.0,"check_collision":false},{"head":[[0.998893,-0.046948,-0.003003,-0.015456],[0.046419,0.993987,-0.099175,-0.007282],[0.007641,0.098926,0.995065,0.012684],[0.0,0.0,0.0,1.0]],"antennas":[-0.140909,0.219222],"body_yaw":0.0,"check_collision":false},{"head":[[0.998655,-0.051717,-0.003777,-0.01531],[0.051087,0.993743,-0.099323,-0.011108],[0.00889,0.098996,0.995048,0.014232],[0.0,0.0,0.0,1.0]],"antennas":[-0.140909,0.219222],"body_yaw":0.0,"check_collision":false},{"head":[[0.99857,-0.052851,-0.007986,-0.015578],[0.05182,0.99386,-0.09776,-0.01105],[0.013103,0.097206,0.995178,0.014356],[0.0,0.0,0.0,1.0]],"antennas":[-0.140909,0.219222],"body_yaw":0.0,"check_collision":false},{"head":[[0.998419,-0.054775,-0.012638,-0.015792],[0.053315,0.993953,-0.095993,-0.010557],[0.01782,0.095168,0.995302,0.014268],[0.0,0.0,0.0,1.0]],"antennas":[-0.140909,0.219222],"body_yaw":0.0,"check_collision":false},{"head":[[0.998273,-0.056208,-0.017079,-0.016043],[0.054359,0.994065,-0.094234,-0.010107],[0.022275,0.093143,0.995404,0.01414],[0.0,0.0,0.0,1.0]],"antennas":[-0.140909,0.219222],"body_yaw":0.0,"check_collision":false},{"head":[[0.998053,-0.059214,-0.019579,-0.016121],[0.057124,0.993929,-0.094034,-0.012086],[0.025028,0.092733,0.995376,0.014921],[0.0,0.0,0.0,1.0]],"antennas":[-0.140909,0.219222],"body_yaw":0.0,"check_collision":false},{"head":[[0.997902,-0.06073,-0.022447,-0.016043],[0.058373,0.993872,-0.093869,-0.01415],[0.02801,0.092362,0.995331,0.015604],[0.0,0.0,0.0,1.0]],"antennas":[-0.140909,0.219222],"body_yaw":0.0,"check_collision":false},{"head":[[0.997845,-0.060245,-0.025992,-0.016246],[0.057578,0.993962,-0.0934,-0.014465],[0.031462,0.091702,0.995289,0.01567],[0.0,0.0,0.0,1.0]],"antennas":[-0.140909,0.219222],"body_yaw":0.0,"check_collision":false},{"head":[[0.997729,-0.060737,-0.029119,-0.016251],[0.057814,0.994038,-0.09244,-0.014533],[0.03456,0.090547,0.995292,0.01564],[0.0,0.0,0.0,1.0]],"antennas":[-0.140909,0.219222],"body_yaw":0.0,"check_collision":false},{"head":[[0.997567,-0.06167,-0.032504,-0.016382],[0.058484,0.994112,-0.091225,-0.014302],[0.037938,0.089102,0.9953,0.015558],[0.0,0.0,0.0,1.0]],"antennas":[-0.140909,0.219222],"body_yaw":0.0,"check_collision":false},{"head":[[0.997471,-0.061869,-0.034977,-0.016508],[0.058469,0.994127,-0.091067,-0.014494],[0.040406,0.088791,0.99523,0.015641],[0.0,0.0,0.0,1.0]],"antennas":[-0.140909,0.219222],"body_yaw":0.0,"check_collision":false},{"head":[[0.99744,-0.060588,-0.037993,-0.01649],[0.056919,0.994208,-0.091163,-0.014605],[0.043296,0.088767,0.995111,0.015715],[0.0,0.0,0.0,1.0]],"antennas":[-0.140909,0.219222],"body_yaw":0.0,"check_collision":false},{"head":[[0.997391,-0.059328,-0.041133,-0.01645],[0.055416,0.994356,-0.090469,-0.014325],[0.046268,0.087954,0.995049,0.015625],[0.0,0.0,0.0,1.0]],"antennas":[-0.140909,0.219222],"body_yaw":0.0,"check_collision":false},{"head":[[0.997376,-0.05835,-0.04286,-0.016366],[0.054313,0.994462,-0.089978,-0.013696],[0.047873,0.087414,0.995021,0.015245],[0.0,0.0,0.0,1.0]],"antennas":[-0.140909,0.219222],"body_yaw":0.0,"check_collision":false},{"head":[[0.997366,-0.058133,-0.043379,-0.01639],[0.054046,0.994466,-0.090091,-0.01311],[0.048376,0.08751,0.994988,0.014694],[0.0,0.0,0.0,1.0]],"antennas":[-0.140909,0.219222],"body_yaw":0.0,"check_collision":false},{"head":[[0.997396,-0.057606,-0.043386,-0.016422],[0.053513,0.994483,-0.090218,-0.012592],[0.048344,0.087661,0.994977,0.01447],[0.0,0.0,0.0,1.0]],"antennas":[-0.140909,0.219222],"body_yaw":0.0,"check_collision":false},{"head":[[0.997504,-0.056306,-0.042597,-0.016438],[0.052285,0.994546,-0.090245,-0.012142],[0.047446,0.087792,0.995008,0.014392],[0.0,0.0,0.0,1.0]],"antennas":[-0.140909,0.219222],"body_yaw":0.0,"check_collision":false},{"head":[[0.997595,-0.054828,-0.042416,-0.016454],[0.050837,0.994639,-0.090052,-0.011723],[0.047126,0.087679,0.995033,0.01431],[0.0,0.0,0.0,1.0]],"antennas":[-0.140909,0.219222],"body_yaw":0.0,"check_collision":false},{"head":[[0.997618,-0.053434,-0.043622,-0.016451],[0.049372,0.994771,-0.089408,-0.011417],[0.048171,0.087042,0.995039,0.014204],[0.0,0.0,0.0,1.0]],"antennas":[-0.140909,0.219222],"body_yaw":0.0,"check_collision":false},{"head":[[0.997618,-0.053268,-0.043819,-0.016402],[0.049197,0.994794,-0.089245,-0.012166],[0.048345,0.086876,0.995045,0.014533],[0.0,0.0,0.0,1.0]],"antennas":[-0.140909,0.219222],"body_yaw":0.0,"check_collision":false},{"head":[[0.997582,-0.054392,-0.043256,-0.016304],[0.050342,0.994691,-0.089754,-0.01387],[0.047908,0.087359,0.995024,0.015194],[0.0,0.0,0.0,1.0]],"antennas":[-0.140909,0.219222],"body_yaw":0.0,"check_collision":false}]}