{"description":"You nod to show you\u2019ve understood what your interlocutor said.","time":[0.0,0.02,0.04,0.06,0.08,0.1,0.12,0.14,0.16,0.18,0.2,0.22,0.24,0.26,0.28,0.3,0.32,0.34,0.36,0.38,0.4,0.42,0.44,0.46,0.48,0.5,0.52,0.54,0.56,0.58,0.6,0.62,0.64,0.66,0.68,0.7,0.72,0.74,0.76,0.78,0.8,0.82,0.84,0.86,0.88,0.9,0.92,0.94,0.96,0.98,1.0,1.02,1.04,1.06,1.08,1.1,1.12,1.14,1.16,1.18,1.2,1.22,1.24,1.26,1.28,1.3,1.32,1.34,1.36,1.38,1.4,1.42,1.44,1.46,1.48,1.5,1.52,1.54,1.56,1.58,1.6,1.62,1.64,1.66,1.68,1.7,1.72,1.74,1.76,1.78,1.8,1.82,1.84,1.86,1.88,1.9,1.92,1.94,1.96,1.98,2.0,2.02,2.04,2.06,2.08,2.1,2.12,2.14,2.16,2.18,2.2,2.22,2.24,2.26,2.28,2.3,2.32,2.34,2.36,2.38,2.4,2.42,2.44,2.46,2.48,2.5,2.52,2.54,2.56,2.58,2.6,2.62,2.64,2.66,2.68,2.7,2.72,2.74,2.76,2.78,2.8,2.82,2.84,2.86,2.88,2.9,2.92,2.94,2.96,2.98,3.0,3.02,3.04,3.06,3.08,3.1,3.12,3.14,3.16,3.18,3.2,3.22,3.24,3.26,3.28,3.3,3.32,3.34,3.36,3.38,3.4,3.42,3.44,3.46,3.48,3.5,3.52,3.54,3.56,3.58,3.6,3.62,3.64,3.66,3.68,3.7,3.72,3.74,3.76,3.78,3.8,3.82,3.84,3.86,3.88,3.9,3.92,3.94],"set_target_data":[{"head":[[0.99829,-0.008684,-0.057805,-0.001213],[0.002944,0.995117,-0.098658,-0.017816],[0.058379,0.09832,0.993441,0.02],[0.0,0.0,0.0,1.0]],"antennas":[-0.120389,0.125138],"body_yaw":-0.018288,"check_collision":false},{"head":[[0.998331,-0.009536,-0.05696,-0.001337],[0.003958,0.995252,-0.097254,-0.016859],[0.057617,0.096867,0.993628,0.02],[0.0,0.0,0.0,1.0]],"antennas":[-0.120389,0.125138],"body_yaw":-0.018288,"check_collision":false},{"head":[[0.998332,-0.010433,-0.056786,-0.001371],[0.004939,0.995365,-0.096043,-0.016136],[0.057525,0.095602,0.993756,0.02],[0.0,0.0,0.0,1.0]],"antennas":[-0.120389,0.125138],"body_yaw":-0.018288,"check_collision":false},{"head":[[0.998319,-0.010841,-0.056943,-0.001219],[0.005424,0.995516,-0.094436,-0.015832],[0.057712,0.093968,0.993901,0.02],[0.0,0.0,0.0,1.0]],"antennas":[-0.120389,0.125138],"body_yaw":-0.018288,"check_collision":false},{"head":[[0.998342,-0.010542,-0.056588,-0.001188],[0.005194,0.995573,-0.093843,-0.016053],[0.057327,0.093393,0.993978,0.02],[0.0,0.0,0.0,1.0]],"antennas":[-0.120389,0.125138],"body_yaw":-0.018288,"check_collision":false},{"head":[[0.998297,-0.008959,-0.057647,-0.000973],[0.003569,0.995667,-0.092921,-0.014903],[0.05823,0.092557,0.994003,0.02],[0.0,0.0,0.0,1.0]],"antennas":[-0.120389,0.125138],"body_yaw":-0.018288,"check_collision":false},{"head":[[0.998216,-0.007573,-0.059217,-0.000842],[0.002029,0.995652,-0.09313,-0.014449],[0.059665,0.092844,0.993891,0.02],[0.0,0.0,0.0,1.0]],"antennas":[-0.120389,0.125138],"body_yaw":-0.018288,"check_collision":false},{"head":[[0.99822,-0.007876,-0.059123,-0.000866],[0.002323,0.995625,-0.093407,-0.01448],[0.0596,0.093103,0.993871,0.02],[0.0,0.0,0.0,1.0]],"antennas":[-0.120389,0.125138],"body_yaw":-0.018288,"check_collision":false},{"head":[[0.998223,-0.007413,-0.059121,-0.000647],[0.001884,0.995661,-0.093035,-0.013605],[0.059554,0.092759,0.993906,0.02],[0.0,0.0,0.0,1.0]],"antennas":[-0.120389,0.125138],"body_yaw":-0.018288,"check_collision":false},{"head":[[0.998203,-0.006879,-0.05953,-0.000477],[0.001351,0.99572,-0.092409,-0.012805],[0.059911,0.092163,0.99394,0.02],[0.0,0.0,0.0,1.0]],"antennas":[-0.120389,0.125138],"body_yaw":-0.018288,"check_collision":false},{"head":[[0.998223,-0.007935,-0.059059,-0.000484],[0.002432,0.995695,-0.092659,-0.013026],[0.05954,0.092351,0.993945,0.02],[0.0,0.0,0.0,1.0]],"antennas":[-0.120389,0.125138],"body_yaw":-0.018288,"check_collision":false},{"head":[[0.998212,-0.010346,-0.058866,-0.000551],[0.004831,0.995647,-0.09308,-0.013012],[0.059573,0.092629,0.993917,0.02],[0.0,0.0,0.0,1.0]],"antennas":[-0.120389,0.125138],"body_yaw":-0.018288,"check_collision":false},{"head":[[0.998133,-0.011788,-0.059923,-0.000659],[0.006192,0.995673,-0.092722,-0.012454],[0.060757,0.092178,0.993887,0.02],[0.0,0.0,0.0,1.0]],"antennas":[-0.120389,0.125138],"body_yaw":-0.018288,"check_collision":false},{"head":[[0.998027,-0.012328,-0.06157,-0.000705],[0.006613,0.995722,-0.092165,-0.012138],[0.062442,0.091576,0.993838,0.02],[0.0,0.0,0.0,1.0]],"antennas":[-0.120389,0.125138],"body_yaw":-0.018288,"check_collision":false},{"head":[[0.998129,-0.015443,-0.05916,-0.001012],[0.009839,0.995536,-0.093866,-0.015492],[0.060345,0.093108,0.993826,0.02],[0.0,0.0,0.0,1.0]],"antennas":[-0.120389,0.125138],"body_yaw":-0.018288,"check_collision":false},{"head":[[0.998069,-0.016099,-0.059996,-0.00119],[0.010445,0.995575,-0.093389,-0.014587],[0.061234,0.092582,0.99382,0.02],[0.0,0.0,0.0,1.0]],"antennas":[-0.120389,0.125138],"body_yaw":-0.018288,"check_collision":false},{"head":[[0.998087,-0.018496,-0.059001,-0.001447],[0.012901,0.995503,-0.093847,-0.015964],[0.060472,0.092906,0.993837,0.02],[0.0,0.0,0.0,1.0]],"antennas":[-0.120389,0.125138],"body_yaw":-0.018288,"check_collision":false},{"head":[[0.997947,-0.021948,-0.060172,-0.001471],[0.016188,0.995384,-0.094601,-0.016739],[0.061971,0.093433,0.993695,0.02],[0.0,0.0,0.0,1.0]],"antennas":[-0.120389,0.125138],"body_yaw":-0.018288,"check_collision":false},{"head":[[0.997742,-0.025929,-0.061957,-0.001823],[0.019901,0.995182,-0.096008,-0.017371],[0.064148,0.094558,0.99345,0.02],[0.0,0.0,0.0,1.0]],"antennas":[-0.120389,0.125138],"body_yaw":-0.018288,"check_collision":false},{"head":[[0.997492,-0.029124,-0.064507,-0.001781],[0.022774,0.995016,-0.097075,-0.018171],[0.067013,0.095363,0.993184,0.02],[0.0,0.0,0.0,1.0]],"antennas":[-0.120389,0.125138],"body_yaw":-0.018288,"check_collision":false},{"head":[[0.997234,-0.030654,-0.067715,-0.001609],[0.024025,0.995031,-0.096621,-0.016785],[0.07034,0.094727,0.993015,0.02],[0.0,0.0,0.0,1.0]],"antennas":[-0.120389,0.125138],"body_yaw":-0.018288,"check_collision":false},{"head":[[0.997049,-0.032278,-0.069653,-0.001457],[0.025473,0.99501,-0.096472,-0.016479],[0.072419,0.094413,0.992896,0.02],[0.0,0.0,0.0,1.0]],"antennas":[-0.120389,0.125138],"body_yaw":-0.018288,"check_collision":false},{"head":[[0.996976,-0.036184,-0.068778,-0.001567],[0.029362,0.994779,-0.097737,-0.020023],[0.071955,0.095422,0.992833,0.02],[0.0,0.0,0.0,1.0]],"antennas":[-0.120389,0.125138],"body_yaw":-0.018288,"check_collision":false},{"head":[[0.996873,-0.038429,-0.069051,-0.001348],[0.031552,0.99468,-0.098058,-0.019981],[0.072452,0.095573,0.992782,0.02],[0.0,0.0,0.0,1.0]],"antennas":[-0.120389,0.125138],"body_yaw":-0.018288,"check_collision":false},{"head":[[0.996678,-0.040924,-0.070409,-0.001507],[0.033922,0.994616,-0.097924,-0.021068],[0.074037,0.09521,0.9927,0.02],[0.0,0.0,0.0,1.0]],"antennas":[-0.120389,0.125138],"body_yaw":-0.018288,"check_collision":false},{"head":[[0.996448,-0.041486,-0.07328,-0.001189],[0.034326,0.99475,-0.096406,-0.019311],[0.076895,0.093548,0.992641,0.02],[0.0,0.0,0.0,1.0]],"antennas":[-0.120389,0.125138],"body_yaw":-0.018288,"check_collision":false},{"head":[[0.996278,-0.041504,-0.075542,-0.00094],[0.034246,0.994892,-0.094956,-0.018224],[0.079098,0.092016,0.992611,0.02],[0.0,0.0,0.0,1.0]],"antennas":[-0.120389,0.125138],"body_yaw":-0.018288,"check_collision":false},{"head":[[0.996087,-0.041416,-0.078067,-0.000308],[0.034038,0.99503,-0.09358,-0.016771],[0.081555,0.090557,0.992546,0.02],[0.0,0.0,0.0,1.0]],"antennas":[-0.120389,0.125138],"body_yaw":-0.018288,"check_collision":false},{"head":[[0.995981,-0.042525,-0.078826,1.4e-05],[0.035066,0.994981,-0.093718,-0.016648],[0.082415,0.090578,0.992473,0.02],[0.0,0.0,0.0,1.0]],"antennas":[-0.120389,0.125138],"body_yaw":-0.018288,"check_collision":false},{"head":[[0.995909,-0.041936,-0.080039,0.000187],[0.034407,0.995051,-0.093223,-0.015587],[0.083553,0.090088,0.992423,0.02],[0.0,0.0,0.0,1.0]],"antennas":[-0.120389,0.125138],"body_yaw":-0.018288,"check_collision":false},{"head":[[0.995898,-0.041695,-0.080302,0.000294],[0.034149,0.995066,-0.093157,-0.015251],[0.08379,0.090032,0.992408,0.02],[0.0,0.0,0.0,1.0]],"antennas":[-0.120389,0.125138],"body_yaw":-0.018288,"check_collision":false},{"head":[[0.995921,-0.041794,-0.079963,0.000615],[0.034233,0.995013,-0.09369,-0.014644],[0.083479,0.090571,0.992385,0.02],[0.0,0.0,0.0,1.0]],"antennas":[-0.120389,0.125138],"body_yaw":-0.018288,"check_collision":false},{"head":[[0.995974,-0.041876,-0.079257,0.000584],[0.034309,0.994929,-0.094542,-0.014637],[0.082814,0.091442,0.992361,0.02],[0.0,0.0,0.0,1.0]],"antennas":[-0.120389,0.125138],"body_yaw":-0.018288,"check_collision":false},{"head":[[0.995975,-0.041329,-0.079529,0.000552],[0.033717,0.994927,-0.094784,-0.013948],[0.083043,0.091721,0.992316,0.02],[0.0,0.0,0.0,1.0]],"antennas":[-0.120389,0.125138],"body_yaw":-0.018288,"check_collision":false},{"head":[[0.996001,-0.041214,-0.079266,0.000522],[0.033577,0.994875,-0.095376,-0.013873],[0.08279,0.092334,0.99228,0.02],[0.0,0.0,0.0,1.0]],"antennas":[-0.120389,0.125138],"body_yaw":-0.018288,"check_collision":false},{"head":[[0.996114,-0.042317,-0.077237,0.000528],[0.034717,0.994657,-0.097225,-0.014977],[0.080938,0.094166,0.992261,0.02],[0.0,0.0,0.0,1.0]],"antennas":[-0.120389,0.125138],"body_yaw":-0.018288,"check_collision":false},{"head":[[0.996146,-0.04199,-0.077007,0.000576],[0.034385,0.994636,-0.097553,-0.014481],[0.08069,0.094529,0.992247,0.02],[0.0,0.0,0.0,1.0]],"antennas":[-0.120389,0.125138],"body_yaw":-0.018288,"check_collision":false},{"head":[[0.996163,-0.041092,-0.077274,0.000678],[0.033478,0.994685,-0.097372,-0.013346],[0.080865,0.094411,0.992244,0.02],[0.0,0.0,0.0,1.0]],"antennas":[-0.120389,0.125138],"body_yaw":-0.018288,"check_collision":false},{"head":[[0.996194,-0.040326,-0.077279,0.000934],[0.032716,0.994714,-0.097328,-0.012363],[0.080796,0.09443,0.992247,0.02],[0.0,0.0,0.0,1.0]],"antennas":[-0.120389,0.125138],"body_yaw":-0.018288,"check_collision":false},{"head":[[0.996231,-0.039482,-0.077236,0.000997],[0.031869,0.994732,-0.09743,-0.012051],[0.080676,0.094602,0.992241,0.02],[0.0,0.0,0.0,1.0]],"antennas":[-0.120389,0.125138],"body_yaw":-0.018288,"check_collision":false},{"head":[[0.996299,-0.039177,-0.076508,0.001107],[0.031593,0.994691,-0.097936,-0.011666],[0.079938,0.095156,0.992248,0.02],[0.0,0.0,0.0,1.0]],"antennas":[-0.120389,0.125138],"body_yaw":-0.018288,"check_collision":false},{"head":[[0.996408,-0.038768,-0.075281,0.00126],[0.031211,0.994589,-0.099085,-0.010799],[0.078715,0.09638,0.992227,0.02],[0.0,0.0,0.0,1.0]],"antennas":[-0.120389,0.125138],"body_yaw":-0.018288,"check_collision":false},{"head":[[0.996546,-0.038744,-0.073447,0.001391],[0.031213,0.994393,-0.101036,-0.010165],[0.07695,0.098395,0.992168,0.02],[0.0,0.0,0.0,1.0]],"antennas":[-0.120389,0.125138],"body_yaw":-0.018288,"check_collision":false},{"head":[[0.996704,-0.038831,-0.071225,0.001468],[0.031385,0.994204,-0.102829,-0.009805],[0.074805,0.100254,0.992146,0.02],[0.0,0.0,0.0,1.0]],"antennas":[-0.120389,0.125138],"body_yaw":-0.018288,"check_collision":false},{"head":[[0.996895,-0.041002,-0.067225,0.001194],[0.033747,0.993823,-0.105725,-0.012272],[0.071145,0.103128,0.99212,0.02],[0.0,0.0,0.0,1.0]],"antennas":[-0.120389,0.125138],"body_yaw":-0.018288,"check_collision":false},{"head":[[0.996971,-0.04169,-0.065662,0.001014],[0.034513,0.993674,-0.106873,-0.012661],[0.069702,0.104283,0.992102,0.02],[0.0,0.0,0.0,1.0]],"antennas":[-0.120389,0.125138],"body_yaw":-0.018288,"check_collision":false},{"head":[[0.997009,-0.042566,-0.0645,0.000774],[0.035437,0.99353,-0.107896,-0.013527],[0.068676,0.105288,0.992068,0.02],[0.0,0.0,0.0,1.0]],"antennas":[-0.120389,0.125138],"body_yaw":-0.018288,"check_collision":false},{"head":[[0.997005,-0.042395,-0.064687,0.000632],[0.035247,0.993536,-0.107906,-0.013202],[0.068843,0.105303,0.992054,0.02],[0.0,0.0,0.0,1.0]],"antennas":[-0.120389,0.125138],"body_yaw":-0.018288,"check_collision":false},{"head":[[0.99703,-0.043091,-0.063836,0.000596],[0.035963,0.993404,-0.10888,-0.013708],[0.068106,0.10626,0.992003,0.02],[0.0,0.0,0.0,1.0]],"antennas":[-0.120389,0.125138],"body_yaw":-0.018288,"check_collision":false},{"head":[[0.997041,-0.04491,-0.06239,0.000478],[0.037819,0.993154,-0.110518,-0.015144],[0.066927,0.107832,0.991914,0.02],[0.0,0.0,0.0,1.0]],"antennas":[-0.120389,0.125138],"body_yaw":-0.018288,"check_collision":false},{"head":[[0.996994,-0.045821,-0.06248,8.2e-05],[0.038682,0.993064,-0.111027,-0.016091],[0.067134,0.108277,0.991851,0.02],[0.0,0.0,0.0,1.0]],"antennas":[-0.120389,0.125138],"body_yaw":-0.018288,"check_collision":false},{"head":[[0.996911,-0.045867,-0.063755,-0.000177],[0.038604,0.99309,-0.110821,-0.016096],[0.068398,0.108017,0.991793,0.02],[0.0,0.0,0.0,1.0]],"antennas":[-0.120389,0.125138],"body_yaw":-0.018288,"check_collision":false},{"head":[[0.996822,-0.045989,-0.065044,-0.000158],[0.038602,0.993117,-0.110584,-0.015706],[0.069682,0.107722,0.991736,0.02],[0.0,0.0,0.0,1.0]],"antennas":[-0.120389,0.125138],"body_yaw":-0.018288,"check_collision":false},{"head":[[0.996733,-0.046261,-0.066199,-2.7e-05],[0.038778,0.993157,-0.110158,-0.015091],[0.070842,0.107231,0.991707,0.02],[0.0,0.0,0.0,1.0]],"antennas":[-0.120389,0.125138],"body_yaw":-0.018288,"check_collision":false},{"head":[[0.996661,-0.046672,-0.066992,3.6e-05],[0.039132,0.993189,-0.109747,-0.014826],[0.071658,0.106759,0.991699,0.02],[0.0,0.0,0.0,1.0]],"antennas":[-0.120389,0.125138],"body_yaw":-0.018288,"check_collision":false},{"head":[[0.996569,-0.047489,-0.067785,-6.8e-05],[0.039833,0.993118,-0.11014,-0.015133],[0.072549,0.107063,0.991602,0.02],[0.0,0.0,0.0,1.0]],"antennas":[-0.120389,0.125138],"body_yaw":-0.018288,"check_collision":false},{"head":[[0.996448,-0.049989,-0.067769,-0.000261],[0.042241,0.99289,-0.111291,-0.016569],[0.072851,0.108033,0.991474,0.02],[0.0,0.0,0.0,1.0]],"antennas":[-0.120389,0.125138],"body_yaw":-0.018288,"check_collision":false},{"head":[[0.996322,-0.052672,-0.067594,-0.000688],[0.044863,0.992666,-0.112257,-0.017858],[0.073011,0.108812,0.991378,0.02],[0.0,0.0,0.0,1.0]],"antennas":[-0.120389,0.125138],"body_yaw":-0.018288,"check_collision":false},{"head":[[0.996259,-0.054371,-0.067166,-0.001096],[0.046546,0.992501,-0.113026,-0.018693],[0.072808,0.109477,0.991319,0.02],[0.0,0.0,0.0,1.0]],"antennas":[-0.120389,0.125138],"body_yaw":-0.018288,"check_collision":false},{"head":[[0.996194,-0.054705,-0.067864,-0.001293],[0.046814,0.992507,-0.112862,-0.018062],[0.07353,0.109255,0.99129,0.02],[0.0,0.0,0.0,1.0]],"antennas":[-0.120389,0.125138],"body_yaw":-0.018288,"check_collision":false},{"head":[[0.996135,-0.054856,-0.068597,-0.00147],[0.046873,0.992487,-0.113018,-0.017546],[0.074281,0.109366,0.991222,0.02],[0.0,0.0,0.0,1.0]],"antennas":[-0.120389,0.125138],"body_yaw":-0.018288,"check_collision":false},{"head":[[0.996172,-0.055115,-0.067846,-0.001489],[0.047165,0.992399,-0.113666,-0.01682],[0.073595,0.110031,0.9912,0.02],[0.0,0.0,0.0,1.0]],"antennas":[-0.120389,0.125138],"body_yaw":-0.018288,"check_collision":false},{"head":[[0.996407,-0.054992,-0.064418,-0.001446],[0.047289,0.992177,-0.115538,-0.016712],[0.070268,0.112077,0.991212,0.02],[0.0,0.0,0.0,1.0]],"antennas":[-0.120389,0.125138],"body_yaw":-0.018288,"check_collision":false},{"head":[[0.996771,-0.054589,-0.058885,-0.001651],[0.047359,0.991899,-0.117868,-0.018724],[0.064843,0.114699,0.991282,0.02],[0.0,0.0,0.0,1.0]],"antennas":[-0.121913,0.125138],"body_yaw":-0.018288,"check_collision":false},{"head":[[0.997143,-0.052133,-0.054663,-0.001997],[0.045343,0.991878,-0.118837,-0.018738],[0.060415,0.116019,0.991408,0.02],[0.0,0.0,0.0,1.0]],"antennas":[-0.134542,0.125138],"body_yaw":-0.018288,"check_collision":false},{"head":[[0.997366,-0.052372,-0.050178,-0.002214],[0.045983,0.991592,-0.12096,-0.020233],[0.056091,0.118334,0.991388,0.02],[0.0,0.0,0.0,1.0]],"antennas":[-0.147196,0.125138],"body_yaw":-0.018288,"check_collision":false},{"head":[[0.996824,-0.05705,-0.055568,-0.002536],[0.049914,0.99124,-0.122277,-0.022224],[0.062057,0.119115,0.990939,0.02],[0.0,0.0,0.0,1.0]],"antennas":[-0.159849,0.125138],"body_yaw":-0.018288,"check_collision":false},{"head":[[0.995913,-0.064128,-0.063598,-0.002773],[0.056102,0.991089,-0.120812,-0.02179],[0.070778,0.116751,0.990636,0.02],[0.0,0.0,0.0,1.0]],"antennas":[-0.172522,0.125138],"body_yaw":-0.018288,"check_collision":false},{"head":[[0.996459,-0.05924,-0.05967,-0.002768],[0.051754,0.991422,-0.120013,-0.021038],[0.066268,0.1165,0.990977,0.02],[0.0,0.0,0.0,1.0]],"antennas":[-0.185121,0.125138],"body_yaw":-0.018288,"check_collision":false},{"head":[[0.99677,-0.056463,-0.057116,-0.002481],[0.04942,0.991786,-0.117973,-0.020094],[0.063307,0.11477,0.991373,0.02],[0.0,0.0,0.0,1.0]],"antennas":[-0.197774,0.125138],"body_yaw":-0.018288,"check_collision":false},{"head":[[0.997107,-0.054321,-0.053174,-0.002278],[0.047684,0.991751,-0.118982,-0.020189],[0.059199,0.116102,0.991472,0.02],[0.0,0.0,0.0,1.0]],"antennas":[-0.210454,0.125138],"body_yaw":-0.018288,"check_collision":false},{"head":[[0.997388,-0.052072,-0.050057,-0.00202],[0.045783,0.991781,-0.119474,-0.019474],[0.055867,0.11687,0.991575,0.02],[0.0,0.0,0.0,1.0]],"antennas":[-0.223157,0.125138],"body_yaw":-0.018288,"check_collision":false},{"head":[[0.997657,-0.049562,-0.047155,-0.001737],[0.043625,0.991871,-0.119534,-0.018705],[0.052696,0.117196,0.99171,0.02],[0.0,0.0,0.0,1.0]],"antennas":[-0.235793,0.125138],"body_yaw":-0.018288,"check_collision":false},{"head":[[0.997948,-0.046862,-0.043631,-0.001352],[0.041323,0.991891,-0.120186,-0.017945],[0.04891,0.118137,0.991792,0.02],[0.0,0.0,0.0,1.0]],"antennas":[-0.249143,0.137588],"body_yaw":-0.018288,"check_collision":false},{"head":[[0.998211,-0.044078,-0.040408,-0.000777],[0.038942,0.991997,-0.12011,-0.016723],[0.045379,0.118321,0.991938,0.02],[0.0,0.0,0.0,1.0]],"antennas":[-0.273872,0.178887],"body_yaw":-0.018288,"check_collision":false},{"head":[[0.998535,-0.041077,-0.035222,-0.00034],[0.036559,0.99204,-0.1205,-0.015956],[0.039892,0.119036,0.992088,0.02],[0.0,0.0,0.0,1.0]],"antennas":[-0.31564,0.241612],"body_yaw":-0.018288,"check_collision":false},{"head":[[0.998886,-0.039882,-0.025222,-0.000334],[0.036453,0.991583,-0.124232,-0.018082],[0.029965,0.123174,0.991933,0.02],[0.0,0.0,0.0,1.0]],"antennas":[-0.365531,0.316855],"body_yaw":-0.018288,"check_collision":false},{"head":[[0.999116,-0.037957,-0.018085,-1.9e-05],[0.035387,0.991424,-0.125802,-0.018153],[0.022704,0.125051,0.991891,0.02],[0.0,0.0,0.0,1.0]],"antennas":[-0.417364,0.395241],"body_yaw":-0.018288,"check_collision":false},{"head":[[0.999308,-0.036381,-0.007707,-3e-05],[0.035082,0.991,-0.129185,-0.020064],[0.012338,0.128825,0.991591,0.02],[0.0,0.0,0.0,1.0]],"antennas":[-0.46897,0.47369],"body_yaw":-0.018288,"check_collision":false},{"head":[[0.999466,-0.031651,0.008114,0.000355],[0.032457,0.990313,-0.135009,-0.020421],[-0.003763,0.135201,0.990811,0.02],[0.0,0.0,0.0,1.0]],"antennas":[-0.517945,0.552779],"body_yaw":-0.018288,"check_collision":false},{"head":[[0.999206,-0.028667,0.027669,0.000518],[0.032282,0.989545,-0.140563,-0.021572],[-0.02335,0.141344,0.989685,0.02],[0.0,0.0,0.0,1.0]],"antennas":[-0.556673,0.631659],"body_yaw":-0.018288,"check_collision":false},{"head":[[0.998543,-0.025161,0.047747,0.000428],[0.031887,0.988803,-0.145781,-0.023208],[-0.043544,0.147091,0.988164,0.02],[0.0,0.0,0.0,1.0]],"antennas":[-0.586516,0.705613],"body_yaw":-0.018288,"check_collision":false},{"head":[[0.997337,-0.021125,0.069807,0.000652],[0.031418,0.988215,-0.149812,-0.023831],[-0.06582,0.151607,0.986247,0.02],[0.0,0.0,0.0,1.0]],"antennas":[-0.586516,0.729614],"body_yaw":-0.018288,"check_collision":false},{"head":[[0.995417,-0.015499,0.094361,0.001431],[0.029836,0.987856,-0.152483,-0.02072],[-0.090851,0.1546,0.983791,0.02],[0.0,0.0,0.0,1.0]],"antennas":[-0.586516,0.729614],"body_yaw":-0.018288,"check_collision":false},{"head":[[0.993275,-0.010385,0.11531,0.001818],[0.0284,0.987394,-0.155713,-0.019893],[-0.112239,0.15794,0.981049,0.02],[0.0,0.0,0.0,1.0]],"antennas":[-0.586516,0.729614],"body_yaw":-0.018288,"check_collision":false},{"head":[[0.992171,-0.010518,0.124443,0.002138],[0.030044,0.987285,-0.156094,-0.019117],[-0.121218,0.158611,0.979872,0.02],[0.0,0.0,0.0,1.0]],"antennas":[-0.586516,0.729614],"body_yaw":-0.018288,"check_collision":false},{"head":[[0.992998,-0.013421,0.117369,0.002044],[0.031769,0.987264,-0.155887,-0.01916],[-0.113782,0.158524,0.980777,0.02],[0.0,0.0,0.0,1.0]],"antennas":[-0.586516,0.729614],"body_yaw":-0.018288,"check_collision":false},{"head":[[0.99434,-0.017067,0.104867,0.001874],[0.033341,0.987279,-0.15546,-0.018222],[-0.10088,0.158077,0.98226,0.02],[0.0,0.0,0.0,1.0]],"antennas":[-0.586516,0.729614],"body_yaw":-0.018288,"check_collision":false},{"head":[[0.996022,-0.021492,0.08648,0.001991],[0.034455,0.987885,-0.151313,-0.017049],[-0.08218,0.153691,0.984696,0.02],[0.0,0.0,0.0,1.0]],"antennas":[-0.586516,0.729614],"body_yaw":-0.018288,"check_collision":false},{"head":[[0.997746,-0.03207,0.058944,0.001894],[0.040267,0.988813,-0.14362,-0.017147],[-0.053678,0.14567,0.987876,0.02],[0.0,0.0,0.0,1.0]],"antennas":[-0.586516,0.729614],"body_yaw":-0.018288,"check_collision":false},{"head":[[0.998582,-0.043011,0.031362,0.001183],[0.046922,0.989452,-0.137054,-0.020524],[-0.025136,0.138331,0.990067,0.02],[0.0,0.0,0.0,1.0]],"antennas":[-0.586516,0.723019],"body_yaw":-0.018288,"check_collision":false},{"head":[[0.998896,-0.045615,0.011251,0.001327],[0.046695,0.990356,-0.130443,-0.019454],[-0.005193,0.130825,0.991392,0.02],[0.0,0.0,0.0,1.0]],"antennas":[-0.586516,0.694633],"body_yaw":-0.018288,"check_collision":false},{"head":[[0.998976,-0.044461,0.008326,0.001607],[0.045163,0.990689,-0.128439,-0.019707],[-0.002538,0.128684,0.991682,0.02],[0.0,0.0,0.0,1.0]],"antennas":[-0.5815,0.640403],"body_yaw":-0.018288,"check_collision":false},{"head":[[0.998857,-0.041986,0.022825,0.001594],[0.04464,0.990245,-0.13199,-0.02155],[-0.017061,0.132858,0.990988,0.02],[0.0,0.0,0.0,1.0]],"antennas":[-0.562088,0.568631],"body_yaw":-0.018288,"check_collision":false},{"head":[[0.998393,-0.036794,0.043094,0.001801],[0.042439,0.989467,-0.138395,-0.022145],[-0.037548,0.140001,0.989439,0.02],[0.0,0.0,0.0,1.0]],"antennas":[-0.530194,0.486941],"body_yaw":-0.018288,"check_collision":false},{"head":[[0.997427,-0.029279,0.065443,0.001937],[0.038586,0.98856,-0.145812,-0.022357],[-0.060425,0.147962,0.987145,0.02],[0.0,0.0,0.0,1.0]],"antennas":[-0.484949,0.402596],"body_yaw":-0.018288,"check_collision":false},{"head":[[0.995748,-0.018329,0.090278,0.002536],[0.032077,0.987662,-0.15328,-0.019503],[-0.086354,0.155524,0.98405,0.02],[0.0,0.0,0.0,1.0]],"antennas":[-0.433281,0.318008],"body_yaw":-0.018288,"check_collision":false},{"head":[[0.993428,-0.00933,0.114082,0.003002],[0.02777,0.98654,-0.161144,-0.018424],[-0.111043,0.163253,0.980315,0.02],[0.0,0.0,0.0,1.0]],"antennas":[-0.381408,0.236914],"body_yaw":-0.018288,"check_collision":false},{"head":[[0.992249,-0.007988,0.124012,0.003445],[0.028302,0.986233,-0.16292,-0.017403],[-0.121004,0.165167,0.978815,0.02],[0.0,0.0,0.0,1.0]],"antennas":[-0.33266,0.206832],"body_yaw":-0.018288,"check_collision":false},{"head":[[0.99233,-0.009175,0.123275,0.00332],[0.029226,0.986383,-0.161847,-0.016741],[-0.120112,0.164208,0.979086,0.02],[0.0,0.0,0.0,1.0]],"antennas":[-0.313028,0.206832],"body_yaw":-0.018288,"check_collision":false},{"head":[[0.993453,-0.012353,0.113574,0.002905],[0.030623,0.98655,-0.160567,-0.016016],[-0.110063,0.162994,0.980469,0.02],[0.0,0.0,0.0,1.0]],"antennas":[-0.313028,0.206832],"body_yaw":-0.018288,"check_collision":false},{"head":[[0.994866,-0.014522,0.100159,0.002511],[0.030329,0.986948,-0.158157,-0.015382],[-0.096555,0.160382,0.982321,0.02],[0.0,0.0,0.0,1.0]],"antennas":[-0.313028,0.206832],"body_yaw":-0.018288,"check_collision":false},{"head":[[0.996251,-0.014994,0.085205,0.002374],[0.028068,0.987611,-0.15439,-0.014945],[-0.081835,0.156203,0.984329,0.02],[0.0,0.0,0.0,1.0]],"antennas":[-0.313028,0.206832],"body_yaw":-0.018288,"check_collision":false},{"head":[[0.996789,-0.013023,0.079005,0.002561],[0.025037,0.987903,-0.15304,-0.014691],[-0.076056,0.154527,0.985057,0.02],[0.0,0.0,0.0,1.0]],"antennas":[-0.313028,0.206832],"body_yaw":-0.018288,"check_collision":false},{"head":[[0.995077,-0.008341,0.098754,0.003069],[0.02423,0.986688,-0.16081,-0.014405],[-0.096098,0.162411,0.982032,0.02],[0.0,0.0,0.0,1.0]],"antennas":[-0.313028,0.206832],"body_yaw":-0.018288,"check_collision":false},{"head":[[0.990429,-0.001893,0.138014,0.003821],[0.02623,0.984266,-0.174735,-0.013767],[-0.135511,0.176682,0.974895,0.02],[0.0,0.0,0.0,1.0]],"antennas":[-0.313028,0.206832],"body_yaw":-0.018288,"check_collision":false},{"head":[[0.983666,0.006104,0.179902,0.004656],[0.027056,0.983057,-0.181294,-0.013673],[-0.177961,0.183201,0.966834,0.02],[0.0,0.0,0.0,1.0]],"antennas":[-0.313028,0.206832],"body_yaw":-0.018288,"check_collision":false},{"head":[[0.978515,0.0124,0.205804,0.00518],[0.026646,0.982212,-0.185873,-0.013258],[-0.204448,0.187364,0.960779,0.02],[0.0,0.0,0.0,1.0]],"antennas":[-0.313028,0.206832],"body_yaw":-0.018288,"check_collision":false},{"head":[[0.975113,0.015199,0.221188,0.005116],[0.027142,0.98196,-0.18713,-0.012476],[-0.220042,0.188477,0.957109,0.02],[0.0,0.0,0.0,1.0]],"antennas":[-0.313028,0.206832],"body_yaw":-0.018288,"check_collision":false},{"head":[[0.974687,0.013439,0.223169,0.004564],[0.028842,0.982293,-0.185116,-0.011705],[-0.221705,0.186867,0.957041,0.02],[0.0,0.0,0.0,1.0]],"antennas":[-0.313028,0.206832],"body_yaw":-0.018288,"check_collision":false},{"head":[[0.977491,0.008292,0.210814,0.004118],[0.03139,0.98239,-0.184188,-0.011844],[-0.208629,0.186659,0.960017,0.02],[0.0,0.0,0.0,1.0]],"antennas":[-0.313028,0.206832],"body_yaw":-0.018288,"check_collision":false},{"head":[[0.982364,0.005302,0.186905,0.003989],[0.029908,0.982272,-0.185058,-0.011505],[-0.184573,0.187385,0.96479,0.02],[0.0,0.0,0.0,1.0]],"antennas":[-0.313028,0.220812],"body_yaw":-0.018288,"check_collision":false},{"head":[[0.986531,0.000961,0.163574,0.003716],[0.029031,0.98308,-0.180862,-0.011336],[-0.16098,0.183175,0.969811,0.02],[0.0,0.0,0.0,1.0]],"antennas":[-0.326806,0.247101],"body_yaw":-0.018288,"check_collision":false},{"head":[[0.989334,-0.002999,0.145635,0.00345],[0.028841,0.984029,-0.175657,-0.011688],[-0.142782,0.177983,0.97362,0.02],[0.0,0.0,0.0,1.0]],"antennas":[-0.364326,0.280939],"body_yaw":-0.018288,"check_collision":false},{"head":[[0.990509,-0.007066,0.137265,0.003871],[0.031096,0.984305,-0.173715,-0.011859],[-0.133883,0.176335,0.975183,0.02],[0.0,0.0,0.0,1.0]],"antennas":[-0.409962,0.316705],"body_yaw":-0.018288,"check_collision":false},{"head":[[0.991088,-0.009684,0.132857,0.004182],[0.033105,0.98397,-0.175235,-0.011995],[-0.12903,0.178072,0.975521,0.02],[0.0,0.0,0.0,1.0]],"antennas":[-0.454751,0.351999],"body_yaw":-0.018288,"check_collision":false},{"head":[[0.990212,-0.011161,0.139124,0.004227],[0.036363,0.983004,-0.179949,-0.01189],[-0.134751,0.183246,0.973788,0.02],[0.0,0.0,0.0,1.0]],"antennas":[-0.477094,0.371292],"body_yaw":-0.018288,"check_collision":false},{"head":[[0.98976,-0.012692,0.142176,0.003829],[0.03881,0.982445,-0.182471,-0.012004],[-0.137364,0.186121,0.972877,0.02],[0.0,0.0,0.0,1.0]],"antennas":[-0.477094,0.371292],"body_yaw":-0.018288,"check_collision":false},{"head":[[0.99037,-0.016077,0.137506,0.003025],[0.041413,0.982158,-0.18344,-0.014347],[-0.132104,0.187368,0.973366,0.02],[0.0,0.0,0.0,1.0]],"antennas":[-0.477094,0.371292],"body_yaw":-0.018288,"check_collision":false},{"head":[[0.991951,-0.020109,0.125015,0.00229],[0.042861,0.98235,-0.182073,-0.016218],[-0.119147,0.185966,0.975305,0.02],[0.0,0.0,0.0,1.0]],"antennas":[-0.477094,0.371292],"body_yaw":-0.018288,"check_collision":false},{"head":[[0.993613,-0.022945,0.110486,0.00188],[0.042591,0.982945,-0.1789,-0.016016],[-0.104497,0.182464,0.977644,0.02],[0.0,0.0,0.0,1.0]],"antennas":[-0.477094,0.371292],"body_yaw":-0.018288,"check_collision":false},{"head":[[0.994708,-0.024442,0.09979,0.001753],[0.041809,0.983528,-0.175855,-0.015867],[-0.093848,0.179097,0.979345,0.02],[0.0,0.0,0.0,1.0]],"antennas":[-0.477094,0.371292],"body_yaw":-0.018288,"check_collision":false},{"head":[[0.995947,-0.026217,0.086033,0.001795],[0.040655,0.984495,-0.170635,-0.015876],[-0.080226,0.173441,0.981571,0.02],[0.0,0.0,0.0,1.0]],"antennas":[-0.477094,0.371292],"body_yaw":-0.018288,"check_collision":false},{"head":[[0.997593,-0.03094,0.062063,0.001149],[0.0406,0.98612,-0.160991,-0.017589],[-0.056221,0.163124,0.985003,0.02],[0.0,0.0,0.0,1.0]],"antennas":[-0.477094,0.371292],"body_yaw":-0.018288,"check_collision":false},{"head":[[0.998931,-0.033824,0.031494,-0.000296],[0.038173,0.987995,-0.149693,-0.018862],[-0.026053,0.150736,0.988231,0.02],[0.0,0.0,0.0,1.0]],"antennas":[-0.477094,0.371292],"body_yaw":-0.018288,"check_collision":false},{"head":[[0.99929,-0.036649,0.00871,-0.001673],[0.037518,0.98906,-0.142662,-0.018161],[-0.003387,0.142888,0.989733,0.02],[0.0,0.0,0.0,1.0]],"antennas":[-0.477094,0.371292],"body_yaw":-0.018288,"check_collision":false},{"head":[[0.999223,-0.039041,-0.005399,-0.002185],[0.03791,0.98954,-0.139192,-0.017695],[0.010777,0.138879,0.990251,0.02],[0.0,0.0,0.0,1.0]],"antennas":[-0.477094,0.371292],"body_yaw":-0.018288,"check_collision":false},{"head":[[0.999196,-0.036223,-0.017194,-0.001671],[0.033516,0.989903,-0.137728,-0.017569],[0.02201,0.137041,0.990321,0.02],[0.0,0.0,0.0,1.0]],"antennas":[-0.473778,0.360284],"body_yaw":-0.018288,"check_collision":false},{"head":[[0.998921,-0.033481,-0.032193,-0.000954],[0.028799,0.990251,-0.136286,-0.017798],[0.036443,0.135212,0.990146,0.02],[0.0,0.0,0.0,1.0]],"antennas":[-0.453612,0.329652],"body_yaw":-0.018288,"check_collision":false},{"head":[[0.998086,-0.034282,-0.051471,-0.001079],[0.027293,0.99103,-0.13082,-0.017883],[0.055494,0.129165,0.990069,0.02],[0.0,0.0,0.0,1.0]],"antennas":[-0.418567,0.272067],"body_yaw":-0.018288,"check_collision":false},{"head":[[0.996869,-0.037446,-0.069641,-0.001605],[0.028503,0.991717,-0.125243,-0.01773],[0.073754,0.122866,0.989679,0.02],[0.0,0.0,0.0,1.0]],"antennas":[-0.361552,0.195147],"body_yaw":-0.018288,"check_collision":false},{"head":[[0.995452,-0.042598,-0.085211,-0.001873],[0.031967,0.991961,-0.12244,-0.017252],[0.089742,0.11916,0.988811,0.02],[0.0,0.0,0.0,1.0]],"antennas":[-0.290229,0.111448],"body_yaw":-0.018288,"check_collision":false},{"head":[[0.99367,-0.044701,-0.103058,-0.001429],[0.032092,0.992144,-0.120918,-0.016626],[0.107653,0.116846,0.987298,0.02],[0.0,0.0,0.0,1.0]],"antennas":[-0.219234,0.029522],"body_yaw":-0.018288,"check_collision":false},{"head":[[0.991634,-0.042369,-0.121928,-0.000764],[0.027752,0.992485,-0.119182,-0.016298],[0.126061,0.114801,0.985357,0.02],[0.0,0.0,0.0,1.0]],"antennas":[-0.201345,-0.005088],"body_yaw":-0.018288,"check_collision":false},{"head":[[0.989968,-0.042194,-0.134845,-0.000489],[0.026124,0.992575,-0.118795,-0.017093],[0.138856,0.11408,0.98372,0.02],[0.0,0.0,0.0,1.0]],"antennas":[-0.201345,-0.005088],"body_yaw":-0.018288,"check_collision":false},{"head":[[0.988486,-0.045108,-0.144434,-0.00053],[0.027814,0.992433,-0.119594,-0.01852],[0.148736,0.1142,0.982261,0.02],[0.0,0.0,0.0,1.0]],"antennas":[-0.201345,-0.005088],"body_yaw":-0.018288,"check_collision":false},{"head":[[0.986898,-0.048991,-0.153729,-0.000808],[0.030652,0.992364,-0.119473,-0.019249],[0.158408,0.113196,0.980864,0.02],[0.0,0.0,0.0,1.0]],"antennas":[-0.201345,-0.005088],"body_yaw":-0.018288,"check_collision":false},{"head":[[0.98566,-0.053085,-0.160178,-0.00118],[0.034233,0.992395,-0.118235,-0.020677],[0.165237,0.111056,0.979981,0.02],[0.0,0.0,0.0,1.0]],"antennas":[-0.201345,-0.005088],"body_yaw":-0.018288,"check_collision":false},{"head":[[0.984655,-0.054493,-0.165787,-0.000986],[0.035685,0.992795,-0.114385,-0.020048],[0.170826,0.106714,0.979505,0.02],[0.0,0.0,0.0,1.0]],"antennas":[-0.201345,-0.005088],"body_yaw":-0.018288,"check_collision":false},{"head":[[0.983038,-0.054879,-0.174999,-0.000381],[0.036076,0.9934,-0.108878,-0.017843],[0.179819,0.100719,0.97853,0.02],[0.0,0.0,0.0,1.0]],"antennas":[-0.201345,-0.005088],"body_yaw":-0.018288,"check_collision":false},{"head":[[0.980076,-0.053711,-0.191224,9.5e-05],[0.035015,0.994387,-0.099839,-0.016071],[0.195513,0.091154,0.976456,0.02],[0.0,0.0,0.0,1.0]],"antennas":[-0.201345,-0.005088],"body_yaw":-0.018288,"check_collision":false},{"head":[[0.976475,-0.052317,-0.209187,4.1e-05],[0.034406,0.995494,-0.088364,-0.014368],[0.212868,0.079088,0.973875,0.02],[0.0,0.0,0.0,1.0]],"antennas":[-0.201345,-0.005088],"body_yaw":-0.018288,"check_collision":false},{"head":[[0.971303,-0.056065,-0.231144,-0.000402],[0.038541,0.996078,-0.079646,-0.013096],[0.234703,0.068452,0.969654,0.02],[0.0,0.0,0.0,1.0]],"antennas":[-0.201345,-0.005088],"body_yaw":-0.018288,"check_collision":false},{"head":[[0.96705,-0.062206,-0.246868,-0.000857],[0.04503,0.996194,-0.074629,-0.013337],[0.250571,0.061053,0.966171,0.02],[0.0,0.0,0.0,1.0]],"antennas":[-0.201345,-0.005088],"body_yaw":-0.018288,"check_collision":false},{"head":[[0.964941,-0.066568,-0.253886,-0.000926],[0.049788,0.996164,-0.071963,-0.013749],[0.257702,0.0568,0.964553,0.02],[0.0,0.0,0.0,1.0]],"antennas":[-0.201345,-0.005088],"body_yaw":-0.018288,"check_collision":false},{"head":[[0.966214,-0.06841,-0.248497,-0.000846],[0.051755,0.995991,-0.072959,-0.015837],[0.252492,0.057633,0.965881,0.02],[0.0,0.0,0.0,1.0]],"antennas":[-0.201345,-0.005088],"body_yaw":-0.018288,"check_collision":false},{"head":[[0.967088,-0.067541,-0.245315,-0.000783],[0.051463,0.996121,-0.071377,-0.016259],[0.249185,0.056403,0.966812,0.02],[0.0,0.0,0.0,1.0]],"antennas":[-0.201345,-0.005088],"body_yaw":-0.018288,"check_collision":false},{"head":[[0.967852,-0.066243,-0.24264,-0.001049],[0.05067,0.996268,-0.069875,-0.016887],[0.246363,0.055334,0.967597,0.02],[0.0,0.0,0.0,1.0]],"antennas":[-0.201345,-0.005088],"body_yaw":-0.018288,"check_collision":false},{"head":[[0.970864,-0.069432,-0.229353,-0.001637],[0.053307,0.995699,-0.075773,-0.018593],[0.233627,0.061339,0.97039,0.02],[0.0,0.0,0.0,1.0]],"antennas":[-0.201345,-0.005088],"body_yaw":-0.018288,"check_collision":false},{"head":[[0.975382,-0.073999,-0.207737,-0.002008],[0.056667,0.994491,-0.088186,-0.018046],[0.213119,0.074243,0.974201,0.02],[0.0,0.0,0.0,1.0]],"antennas":[-0.201345,-0.005088],"body_yaw":-0.018288,"check_collision":false},{"head":[[0.982542,-0.07292,-0.171153,-0.002088],[0.055965,0.993221,-0.101884,-0.01733],[0.177422,0.090527,0.979962,0.02],[0.0,0.0,0.0,1.0]],"antennas":[-0.201345,-0.005088],"body_yaw":-0.018288,"check_collision":false},{"head":[[0.98666,-0.069433,-0.147248,-0.001773],[0.053488,0.992535,-0.109608,-0.014413],[0.15376,0.10027,0.983008,0.02],[0.0,0.0,0.0,1.0]],"antennas":[-0.201345,-0.005088],"body_yaw":-0.018288,"check_collision":false},{"head":[[0.987645,-0.072057,-0.139155,-0.001132],[0.056204,0.991812,-0.114671,-0.015128],[0.146279,0.105433,0.983609,0.02],[0.0,0.0,0.0,1.0]],"antennas":[-0.201345,-0.005088],"body_yaw":-0.018288,"check_collision":false},{"head":[[0.985796,-0.074782,-0.15038,-0.001313],[0.05829,0.992083,-0.111237,-0.014947],[0.157508,0.100892,0.98235,0.02],[0.0,0.0,0.0,1.0]],"antennas":[-0.201345,-0.005088],"body_yaw":-0.018288,"check_collision":false},{"head":[[0.983433,-0.075425,-0.164837,-0.001491],[0.058671,0.992819,-0.104251,-0.014219],[0.171516,0.092853,0.980796,0.02],[0.0,0.0,0.0,1.0]],"antennas":[-0.201345,-0.005088],"body_yaw":-0.018288,"check_collision":false},{"head":[[0.981931,-0.075139,-0.173683,-0.001596],[0.058867,0.99354,-0.097016,-0.015333],[0.17985,0.085039,0.980011,0.02],[0.0,0.0,0.0,1.0]],"antennas":[-0.201345,-0.005088],"body_yaw":-0.018288,"check_collision":false},{"head":[[0.981057,-0.071289,-0.180123,-0.001788],[0.055471,0.994269,-0.091386,-0.014812],[0.185606,0.079663,0.97939,0.02],[0.0,0.0,0.0,1.0]],"antennas":[-0.201345,-0.005088],"body_yaw":-0.018288,"check_collision":false},{"head":[[0.980386,-0.069845,-0.184296,-0.001846],[0.054333,0.994644,-0.087922,-0.014947],[0.18945,0.076184,0.97893,0.02],[0.0,0.0,0.0,1.0]],"antennas":[-0.201345,-0.005088],"body_yaw":-0.018288,"check_collision":false},{"head":[[0.977831,-0.06923,-0.197619,-0.001878],[0.053596,0.995074,-0.083399,-0.013183],[0.20242,0.070958,0.976725,0.02],[0.0,0.0,0.0,1.0]],"antennas":[-0.201345,-0.005088],"body_yaw":-0.018288,"check_collision":false},{"head":[[0.973311,-0.071306,-0.218131,-0.002588],[0.055598,0.995454,-0.077328,-0.013072],[0.222653,0.063137,0.972851,0.02],[0.0,0.0,0.0,1.0]],"antennas":[-0.201345,-0.005088],"body_yaw":-0.018288,"check_collision":false},{"head":[[0.9702,-0.073057,-0.231029,-0.002737],[0.057691,0.995692,-0.07259,-0.013479],[0.235337,0.057099,0.970235,0.02],[0.0,0.0,0.0,1.0]],"antennas":[-0.201345,-0.005088],"body_yaw":-0.018288,"check_collision":false},{"head":[[0.968863,-0.072564,-0.236725,-0.003319],[0.057754,0.995949,-0.068919,-0.016915],[0.240767,0.053102,0.969129,0.02],[0.0,0.0,0.0,1.0]],"antennas":[-0.201345,-0.005088],"body_yaw":-0.018288,"check_collision":false},{"head":[[0.969927,-0.068607,-0.233525,-0.002673],[0.054604,0.99633,-0.065918,-0.017609],[0.23719,0.051184,0.970114,0.02],[0.0,0.0,0.0,1.0]],"antennas":[-0.201345,-0.005088],"body_yaw":-0.018288,"check_collision":false},{"head":[[0.97083,-0.070879,-0.229053,-0.003645],[0.056874,0.996118,-0.067185,-0.021052],[0.232926,0.052198,0.971093,0.02],[0.0,0.0,0.0,1.0]],"antennas":[-0.201345,-0.005088],"body_yaw":-0.018288,"check_collision":false},{"head":[[0.971484,-0.072227,-0.225836,-0.004274],[0.05803,0.995935,-0.068893,-0.020738],[0.229894,0.053824,0.971726,0.02],[0.0,0.0,0.0,1.0]],"antennas":[-0.201345,-0.005088],"body_yaw":-0.018288,"check_collision":false},{"head":[[0.970983,-0.078504,-0.225897,-0.005315],[0.063237,0.995247,-0.074056,-0.021096],[0.230637,0.057622,0.971332,0.02],[0.0,0.0,0.0,1.0]],"antennas":[-0.201345,-0.005088],"body_yaw":-0.018288,"check_collision":false},{"head":[[0.970442,-0.084341,-0.226119,-0.006035],[0.067985,0.994539,-0.079183,-0.022937],[0.231562,0.06147,0.970876,0.02],[0.0,0.0,0.0,1.0]],"antennas":[-0.201345,-0.005088],"body_yaw":-0.018288,"check_collision":false},{"head":[[0.970966,-0.082542,-0.224528,-0.005372],[0.066387,0.994695,-0.078583,-0.023802],[0.229823,0.061395,0.971294,0.02],[0.0,0.0,0.0,1.0]],"antennas":[-0.201345,-0.005088],"body_yaw":-0.018288,"check_collision":false},{"head":[[0.972155,-0.078573,-0.220774,-0.004798],[0.063628,0.995225,-0.074017,-0.02482],[0.225535,0.057909,0.972512,0.02],[0.0,0.0,0.0,1.0]],"antennas":[-0.201345,-0.005088],"body_yaw":-0.018288,"check_collision":false},{"head":[[0.971903,-0.079076,-0.221703,-0.004333],[0.065036,0.995429,-0.069942,-0.025376],[0.22622,0.053558,0.972603,0.02],[0.0,0.0,0.0,1.0]],"antennas":[-0.201345,-0.005088],"body_yaw":-0.018288,"check_collision":false},{"head":[[0.969368,-0.083017,-0.231157,-0.004816],[0.069187,0.99533,-0.06732,-0.025103],[0.235666,0.049265,0.970585,0.02],[0.0,0.0,0.0,1.0]],"antennas":[-0.201345,-0.005088],"body_yaw":-0.018288,"check_collision":false},{"head":[[0.965219,-0.092172,-0.244655,-0.006256],[0.077593,0.994622,-0.068597,-0.025608],[0.249662,0.047228,0.967181,0.02],[0.0,0.0,0.0,1.0]],"antennas":[-0.201345,-0.005088],"body_yaw":-0.018288,"check_collision":false},{"head":[[0.962435,-0.100741,-0.252133,-0.006834],[0.085562,0.993836,-0.070488,-0.025065],[0.25768,0.046267,0.965122,0.02],[0.0,0.0,0.0,1.0]],"antennas":[-0.201345,-0.005088],"body_yaw":-0.018288,"check_collision":false},{"head":[[0.962693,-0.102363,-0.250486,-0.006982],[0.086625,0.993556,-0.073098,-0.024405],[0.256355,0.048673,0.965357,0.02],[0.0,0.0,0.0,1.0]],"antennas":[-0.201345,-0.005088],"body_yaw":-0.018288,"check_collision":false},{"head":[[0.966136,-0.095696,-0.239631,-0.005933],[0.080004,0.994014,-0.074399,-0.024937],[0.245316,0.052708,0.968009,0.02],[0.0,0.0,0.0,1.0]],"antennas":[-0.201345,-0.005088],"body_yaw":-0.018288,"check_collision":false},{"head":[[0.969925,-0.089068,-0.226524,-0.005565],[0.074114,0.994523,-0.0737,-0.025119],[0.231848,0.054695,0.971213,0.02],[0.0,0.0,0.0,1.0]],"antennas":[-0.201345,-0.005088],"body_yaw":-0.018288,"check_collision":false},{"head":[[0.971894,-0.085299,-0.21942,-0.004854],[0.071105,0.994881,-0.071806,-0.025484],[0.224422,0.054186,0.972984,0.02],[0.0,0.0,0.0,1.0]],"antennas":[-0.201345,-0.005088],"body_yaw":-0.018288,"check_collision":false},{"head":[[0.970996,-0.086966,-0.222717,-0.005336],[0.072888,0.994832,-0.070683,-0.0