{"description":"A welcoming gesture to greet someone.","time":[0.0,0.02,0.04,0.06,0.08,0.1,0.12,0.14,0.16,0.18,0.2,0.22,0.24,0.26,0.28,0.3,0.32,0.34,0.36,0.38,0.4,0.42,0.44,0.46,0.48,0.5,0.52,0.54,0.56,0.58,0.6,0.62,0.64,0.66,0.68,0.7,0.72,0.74,0.76,0.78,0.8,0.82,0.84,0.86,0.88,0.9,0.92,0.94,0.96,0.98,1.0,1.02,1.04,1.06,1.08,1.1,1.12,1.14,1.16,1.18,1.2,1.22,1.24,1.26,1.28,1.3,1.32,1.34,1.36,1.38,1.4,1.42,1.44,1.46,1.48,1.5,1.52,1.54,1.56,1.58,1.6,1.62,1.64,1.66,1.68,1.7,1.72,1.74,1.76,1.78,1.8,1.82,1.84,1.86,1.88,1.9,1.92,1.94,1.96,1.98,2.0,2.02,2.04,2.06,2.08,2.1,2.12,2.14,2.16,2.18,2.2,2.22,2.24,2.26,2.28,2.3,2.32,2.34,2.36,2.38,2.4,2.42,2.44,2.46,2.48,2.5,2.52,2.54,2.56,2.58,2.6,2.62,2.64,2.66,2.68,2.7,2.72,2.74,2.76,2.78,2.8,2.82,2.84,2.86,2.88,2.9,2.92,2.94,2.96,2.98,3.0,3.02,3.04,3.06,3.08,3.1,3.12,3.14,3.16,3.18,3.2,3.22,3.24,3.26,3.28,3.3,3.32,3.34,3.36,3.38,3.4,3.42,3.44,3.46],"set_target_data":[{"head":[[0.995353,0.013931,-0.09528,-0.006606],[-0.018473,0.998726,-0.046962,-0.010792],[0.094505,0.048504,0.994342,0.01004],[0.0,0.0,0.0,1.0]],"antennas":[-0.137066,0.079356],"body_yaw":0.0,"check_collision":false},{"head":[[0.995389,0.013983,-0.094892,-0.006569],[-0.018537,0.99871,-0.047276,-0.010997],[0.094108,0.048818,0.994364,0.009993],[0.0,0.0,0.0,1.0]],"antennas":[-0.137066,0.079356],"body_yaw":0.0,"check_collision":false},{"head":[[0.995388,0.014434,-0.094837,-0.006545],[-0.019034,0.998676,-0.047783,-0.011148],[0.094021,0.049368,0.994345,0.010106],[0.0,0.0,0.0,1.0]],"antennas":[-0.137066,0.079356],"body_yaw":0.0,"check_collision":false},{"head":[[0.995386,0.015159,-0.094752,-0.006546],[-0.01978,0.99865,-0.04802,-0.011146],[0.093896,0.049673,0.994342,0.010268],[0.0,0.0,0.0,1.0]],"antennas":[-0.137066,0.079356],"body_yaw":0.0,"check_collision":false},{"head":[[0.995397,0.015936,-0.094503,-0.006381],[-0.020589,0.998613,-0.048462,-0.010717],[0.093599,0.050185,0.994344,0.010039],[0.0,0.0,0.0,1.0]],"antennas":[-0.137066,0.079356],"body_yaw":0.0,"check_collision":false},{"head":[[0.995391,0.01648,-0.094477,-0.00633],[-0.021127,0.998605,-0.048397,-0.010458],[0.093547,0.05017,0.99435,0.01006],[0.0,0.0,0.0,1.0]],"antennas":[-0.137066,0.079356],"body_yaw":0.0,"check_collision":false},{"head":[[0.995401,0.01645,-0.094368,-0.006311],[-0.021056,0.998624,-0.048025,-0.010426],[0.093448,0.049791,0.994378,0.009974],[0.0,0.0,0.0,1.0]],"antennas":[-0.137066,0.079356],"body_yaw":0.0,"check_collision":false},{"head":[[0.995416,0.016398,-0.094222,-0.006331],[-0.020977,0.998636,-0.04782,-0.010305],[0.093309,0.049577,0.994402,0.010014],[0.0,0.0,0.0,1.0]],"antennas":[-0.137066,0.079356],"body_yaw":0.0,"check_collision":false},{"head":[[0.995471,0.016126,-0.093689,-0.006184],[-0.020661,0.998651,-0.047647,-0.010233],[0.092794,0.049367,0.994461,0.010064],[0.0,0.0,0.0,1.0]],"antennas":[-0.137066,0.079356],"body_yaw":0.0,"check_collision":false},{"head":[[0.99552,0.015853,-0.093212,-0.006182],[-0.020379,0.998649,-0.047807,-0.010472],[0.092328,0.049492,0.994498,0.010076],[0.0,0.0,0.0,1.0]],"antennas":[-0.137066,0.079356],"body_yaw":0.0,"check_collision":false},{"head":[[0.995529,0.015448,-0.093188,-0.005995],[-0.019977,0.998654,-0.047865,-0.01026],[0.092323,0.049512,0.994497,0.010114],[0.0,0.0,0.0,1.0]],"antennas":[-0.137066,0.079356],"body_yaw":0.0,"check_collision":false},{"head":[[0.995516,0.015257,-0.093352,-0.006081],[-0.01979,0.99866,-0.047822,-0.010118],[0.092498,0.049455,0.994484,0.009938],[0.0,0.0,0.0,1.0]],"antennas":[-0.137066,0.079356],"body_yaw":0.0,"check_collision":false},{"head":[[0.995532,0.014854,-0.093247,-0.005991],[-0.019362,0.998678,-0.047625,-0.010272],[0.092416,0.049218,0.994503,0.010175],[0.0,0.0,0.0,1.0]],"antennas":[-0.137066,0.079356],"body_yaw":0.0,"check_collision":false},{"head":[[0.995545,0.014272,-0.0932,-0.005943],[-0.018751,0.998701,-0.047369,-0.010234],[0.092403,0.048906,0.99452,0.01011],[0.0,0.0,0.0,1.0]],"antennas":[-0.137066,0.079356],"body_yaw":0.0,"check_collision":false},{"head":[[0.995585,0.013741,-0.092851,-0.005881],[-0.01819,0.998718,-0.047243,-0.010114],[0.092083,0.048723,0.994559,0.010014],[0.0,0.0,0.0,1.0]],"antennas":[-0.137066,0.079356],"body_yaw":0.0,"check_collision":false},{"head":[[0.995611,0.013276,-0.092636,-0.005888],[-0.017725,0.99872,-0.047368,-0.010288],[0.091889,0.048802,0.994573,0.010135],[0.0,0.0,0.0,1.0]],"antennas":[-0.137066,0.079356],"body_yaw":0.0,"check_collision":false},{"head":[[0.995671,0.012646,-0.092085,-0.005839],[-0.017083,0.998722,-0.047556,-0.010663],[0.091366,0.048924,0.994615,0.010377],[0.0,0.0,0.0,1.0]],"antennas":[-0.137066,0.079356],"body_yaw":0.0,"check_collision":false},{"head":[[0.99572,0.011774,-0.091664,-0.005758],[-0.016164,0.99875,-0.047293,-0.010133],[0.090993,0.048572,0.994666,0.010216],[0.0,0.0,0.0,1.0]],"antennas":[-0.137066,0.079356],"body_yaw":0.0,"check_collision":false},{"head":[[0.995759,0.010893,-0.091357,-0.005724],[-0.015218,0.998789,-0.04679,-0.010179],[0.090737,0.047982,0.994718,0.010364],[0.0,0.0,0.0,1.0]],"antennas":[-0.137066,0.079356],"body_yaw":0.0,"check_collision":false},{"head":[[0.99578,0.010169,-0.091204,-0.005716],[-0.014452,0.998818,-0.046414,-0.010206],[0.090624,0.047536,0.99475,0.010317],[0.0,0.0,0.0,1.0]],"antennas":[-0.137066,0.079356],"body_yaw":0.0,"check_collision":false},{"head":[[0.995806,0.00951,-0.090991,-0.005682],[-0.013751,0.998842,-0.046093,-0.009858],[0.090448,0.047151,0.994784,0.010063],[0.0,0.0,0.0,1.0]],"antennas":[-0.137066,0.079356],"body_yaw":0.0,"check_collision":false},{"head":[[0.995819,0.008904,-0.090909,-0.005688],[-0.013137,0.998852,-0.046066,-0.009811],[0.090394,0.047068,0.994793,0.009996],[0.0,0.0,0.0,1.0]],"antennas":[-0.137066,0.079356],"body_yaw":0.0,"check_collision":false},{"head":[[0.995847,0.008548,-0.090642,-0.005699],[-0.01274,0.99887,-0.045778,-0.009752],[0.090149,0.046742,0.994831,0.010008],[0.0,0.0,0.0,1.0]],"antennas":[-0.137066,0.079356],"body_yaw":0.0,"check_collision":false},{"head":[[0.995877,0.008213,-0.090343,-0.005699],[-0.012363,0.998889,-0.045473,-0.0099],[0.08987,0.046403,0.994872,0.010117],[0.0,0.0,0.0,1.0]],"antennas":[-0.137066,0.079356],"body_yaw":0.0,"check_collision":false},{"head":[[0.995933,0.007681,-0.089767,-0.005719],[-0.01177,0.998913,-0.045109,-0.01028],[0.089323,0.045982,0.994941,0.010268],[0.0,0.0,0.0,1.0]],"antennas":[-0.137066,0.079356],"body_yaw":0.0,"check_collision":false},{"head":[[0.996,0.007309,-0.089057,-0.005729],[-0.011339,0.998931,-0.044823,-0.010172],[0.088635,0.045654,0.995017,0.010143],[0.0,0.0,0.0,1.0]],"antennas":[-0.137066,0.079356],"body_yaw":0.0,"check_collision":false},{"head":[[0.99606,0.006941,-0.088405,-0.005711],[-0.010924,0.998943,-0.044652,-0.00985],[0.088001,0.045442,0.995083,0.009904],[0.0,0.0,0.0,1.0]],"antennas":[-0.137066,0.079356],"body_yaw":0.0,"check_collision":false},{"head":[[0.996113,0.006874,-0.087813,-0.005692],[-0.010804,0.998957,-0.044364,-0.009596],[0.087416,0.045141,0.995149,0.009682],[0.0,0.0,0.0,1.0]],"antennas":[-0.137066,0.079356],"body_yaw":0.0,"check_collision":false},{"head":[[0.99612,0.007301,-0.087706,-0.005711],[-0.01118,0.998977,-0.043826,-0.009477],[0.087296,0.044637,0.995182,0.009546],[0.0,0.0,0.0,1.0]],"antennas":[-0.137066,0.079356],"body_yaw":0.0,"check_collision":false},{"head":[[0.996118,0.007286,-0.08773,-0.005791],[-0.011136,0.998992,-0.043474,-0.009516],[0.087324,0.044282,0.995195,0.009484],[0.0,0.0,0.0,1.0]],"antennas":[-0.137066,0.079356],"body_yaw":0.0,"check_collision":false},{"head":[[0.996142,0.007093,-0.087472,-0.005872],[-0.010922,0.998999,-0.043379,-0.009474],[0.087077,0.044167,0.995222,0.009392],[0.0,0.0,0.0,1.0]],"antennas":[-0.137066,0.079356],"body_yaw":0.0,"check_collision":false},{"head":[[0.996148,0.007338,-0.087382,-0.005973],[-0.011119,0.999019,-0.04286,-0.009393],[0.086982,0.043667,0.995252,0.009301],[0.0,0.0,0.0,1.0]],"antennas":[-0.137066,0.079356],"body_yaw":0.0,"check_collision":false},{"head":[[0.996148,0.007553,-0.08736,-0.006091],[-0.011309,0.999029,-0.042581,-0.009592],[0.086954,0.043405,0.995266,0.009377],[0.0,0.0,0.0,1.0]],"antennas":[-0.137066,0.079356],"body_yaw":0.0,"check_collision":false},{"head":[[0.996156,0.007486,-0.087274,-0.006195],[-0.011242,0.999028,-0.042623,-0.009839],[0.08687,0.04344,0.995272,0.009387],[0.0,0.0,0.0,1.0]],"antennas":[-0.137066,0.079356],"body_yaw":0.0,"check_collision":false},{"head":[[0.996179,0.00736,-0.087021,-0.006259],[-0.011117,0.999023,-0.042768,-0.009908],[0.086621,0.043572,0.995288,0.009302],[0.0,0.0,0.0,1.0]],"antennas":[-0.137066,0.079356],"body_yaw":0.0,"check_collision":false},{"head":[[0.996206,0.007242,-0.086728,-0.006305],[-0.01101,0.999013,-0.043043,-0.010025],[0.08633,0.043835,0.995302,0.009305],[0.0,0.0,0.0,1.0]],"antennas":[-0.137066,0.079356],"body_yaw":0.0,"check_collision":false},{"head":[[0.996231,0.007196,-0.086446,-0.006399],[-0.010953,0.999012,-0.043066,-0.010265],[0.086051,0.04385,0.995325,0.009422],[0.0,0.0,0.0,1.0]],"antennas":[-0.137066,0.079356],"body_yaw":0.0,"check_collision":false},{"head":[[0.996256,0.006964,-0.086176,-0.006494],[-0.010707,0.999016,-0.04305,-0.01059],[0.085791,0.043811,0.995349,0.00962],[0.0,0.0,0.0,1.0]],"antennas":[-0.137066,0.079356],"body_yaw":0.0,"check_collision":false},{"head":[[0.996295,0.006526,-0.085751,-0.006609],[-0.010242,0.999024,-0.042965,-0.010934],[0.085387,0.043684,0.99539,0.009707],[0.0,0.0,0.0,1.0]],"antennas":[-0.137066,0.079356],"body_yaw":0.0,"check_collision":false},{"head":[[0.996371,0.006013,-0.084905,-0.006738],[-0.009677,0.999037,-0.042805,-0.011165],[0.084566,0.043471,0.995469,0.009723],[0.0,0.0,0.0,1.0]],"antennas":[-0.137066,0.079356],"body_yaw":0.0,"check_collision":false},{"head":[[0.99646,0.005584,-0.083888,-0.006803],[-0.009168,0.999058,-0.042404,-0.011269],[0.083572,0.043023,0.995573,0.009795],[0.0,0.0,0.0,1.0]],"antennas":[-0.137066,0.079356],"body_yaw":0.0,"check_collision":false},{"head":[[0.996517,0.005517,-0.083203,-0.006755],[-0.00904,0.999075,-0.042031,-0.010915],[0.082894,0.042637,0.995646,0.00967],[0.0,0.0,0.0,1.0]],"antennas":[-0.137066,0.079356],"body_yaw":0.0,"check_collision":false},{"head":[[0.99654,0.005741,-0.08292,-0.006677],[-0.009223,0.999089,-0.041664,-0.010398],[0.082605,0.042285,0.995685,0.009467],[0.0,0.0,0.0,1.0]],"antennas":[-0.137066,0.079356],"body_yaw":0.0,"check_collision":false},{"head":[[0.996441,0.007219,-0.083988,-0.006609],[-0.010713,0.999092,-0.041225,-0.010171],[0.083614,0.041978,0.995614,0.00935],[0.0,0.0,0.0,1.0]],"antennas":[-0.137066,0.079356],"body_yaw":0.0,"check_collision":false},{"head":[[0.996291,0.008755,-0.0856,-0.006501],[-0.012306,0.999082,-0.041039,-0.010018],[0.085162,0.041941,0.995484,0.009202],[0.0,0.0,0.0,1.0]],"antennas":[-0.137066,0.079356],"body_yaw":0.0,"check_collision":false},{"head":[[0.996277,0.008744,-0.085764,-0.006483],[-0.012299,0.999083,-0.041008,-0.009974],[0.085327,0.04191,0.995471,0.009118],[0.0,0.0,0.0,1.0]],"antennas":[-0.137066,0.079356],"body_yaw":0.0,"check_collision":false},{"head":[[0.996213,0.009079,-0.086468,-0.006478],[-0.012707,0.999058,-0.041495,-0.009953],[0.086009,0.042436,0.99539,0.009105],[0.0,0.0,0.0,1.0]],"antennas":[-0.137066,0.079356],"body_yaw":0.0,"check_collision":false},{"head":[[0.996147,0.00912,-0.087228,-0.006493],[-0.0128,0.999047,-0.041729,-0.009989],[0.086764,0.042685,0.995314,0.009139],[0.0,0.0,0.0,1.0]],"antennas":[-0.137066,0.079356],"body_yaw":0.0,"check_collision":false},{"head":[[0.995987,0.010202,-0.088917,-0.006437],[-0.013944,0.999038,-0.041566,-0.010079],[0.088407,0.042639,0.995171,0.009231],[0.0,0.0,0.0,1.0]],"antennas":[-0.137066,0.079356],"body_yaw":0.0,"check_collision":false},{"head":[[0.995832,0.010884,-0.090554,-0.006443],[-0.014746,0.999005,-0.042092,-0.010354],[0.090006,0.043252,0.995002,0.009389],[0.0,0.0,0.0,1.0]],"antennas":[-0.137066,0.079356],"body_yaw":0.0,"check_collision":false},{"head":[[0.995753,0.01082,-0.091428,-0.006469],[-0.014801,0.998966,-0.04298,-0.010282],[0.090869,0.044151,0.994884,0.009506],[0.0,0.0,0.0,1.0]],"antennas":[-0.137066,0.079356],"body_yaw":0.0,"check_collision":false},{"head":[[0.995633,0.011377,-0.092654,-0.00647],[-0.015488,0.998921,-0.043775,-0.010477],[0.092056,0.045019,0.994736,0.009693],[0.0,0.0,0.0,1.0]],"antennas":[-0.137066,0.079356],"body_yaw":0.0,"check_collision":false},{"head":[[0.995564,0.011471,-0.093383,-0.006394],[-0.015649,0.998903,-0.044125,-0.010325],[0.092774,0.04539,0.994652,0.009665],[0.0,0.0,0.0,1.0]],"antennas":[-0.137066,0.079356],"body_yaw":0.0,"check_collision":false},{"head":[[0.995582,0.011019,-0.09325,-0.006302],[-0.015173,0.998918,-0.043957,-0.010281],[0.092665,0.045178,0.994672,0.00964],[0.0,0.0,0.0,1.0]],"antennas":[-0.137066,0.079356],"body_yaw":0.0,"check_collision":false},{"head":[[0.995541,0.011301,-0.093653,-0.006311],[-0.015433,0.998933,-0.04352,-0.010445],[0.093061,0.044771,0.994653,0.009733],[0.0,0.0,0.0,1.0]],"antennas":[-0.137066,0.079356],"body_yaw":0.0,"check_collision":false},{"head":[[0.99552,0.011606,-0.093834,-0.006292],[-0.015724,0.99894,-0.043269,-0.010706],[0.093232,0.044551,0.994647,0.009846],[0.0,0.0,0.0,1.0]],"antennas":[-0.137066,0.079356],"body_yaw":0.0,"check_collision":false},{"head":[[0.995527,0.011359,-0.093795,-0.006189],[-0.015435,0.998963,-0.042837,-0.010509],[0.093211,0.044093,0.99467,0.009999],[0.0,0.0,0.0,1.0]],"antennas":[-0.137066,0.079356],"body_yaw":0.0,"check_collision":false},{"head":[[0.995472,0.011414,-0.094368,-0.006221],[-0.015565,0.998938,-0.04337,-0.010851],[0.093773,0.044643,0.994592,0.010281],[0.0,0.0,0.0,1.0]],"antennas":[-0.137066,0.079356],"body_yaw":0.0,"check_collision":false},{"head":[[0.995367,0.011645,-0.095442,-0.006189],[-0.015896,0.998909,-0.043906,-0.011057],[0.094827,0.045219,0.994466,0.010557],[0.0,0.0,0.0,1.0]],"antennas":[-0.137066,0.079356],"body_yaw":0.0,"check_collision":false},{"head":[[0.995339,0.01166,-0.095728,-0.006152],[-0.015965,0.99889,-0.044322,-0.011571],[0.095105,0.045644,0.99442,0.010809],[0.0,0.0,0.0,1.0]],"antennas":[-0.137066,0.079356],"body_yaw":0.0,"check_collision":false},{"head":[[0.995331,0.011701,-0.095812,-0.006146],[-0.016088,0.998851,-0.045141,-0.011663],[0.095174,0.046472,0.994375,0.010809],[0.0,0.0,0.0,1.0]],"antennas":[-0.137066,0.079356],"body_yaw":0.0,"check_collision":false},{"head":[[0.995297,0.011556,-0.096179,-0.006159],[-0.016101,0.998784,-0.046607,-0.011906],[0.095524,0.047936,0.994272,0.010996],[0.0,0.0,0.0,1.0]],"antennas":[-0.137066,0.079356],"body_yaw":0.0,"check_collision":false},{"head":[[0.995272,0.01112,-0.09649,-0.006098],[-0.015923,0.998664,-0.049153,-0.011625],[0.095814,0.050457,0.99412,0.010972],[0.0,0.0,0.0,1.0]],"antennas":[-0.137066,0.079356],"body_yaw":0.0,"check_collision":false},{"head":[[0.995182,0.011073,-0.097416,-0.00606],[-0.016309,0.998455,-0.053121,-0.011767],[0.096677,0.054454,0.993825,0.011109],[0.0,0.0,0.0,1.0]],"antennas":[-0.137066,0.079356],"body_yaw":0.0,"check_collision":false},{"head":[[0.995125,0.01066,-0.098046,-0.005957],[-0.016423,0.998172,-0.058158,-0.011355],[0.097247,0.059484,0.993481,0.010991],[0.0,0.0,0.0,1.0]],"antennas":[-0.137066,0.079356],"body_yaw":0.0,"check_collision":false},{"head":[[0.995107,0.009472,-0.098347,-0.00581],[-0.01592,0.997759,-0.064988,-0.011638],[0.097512,0.066236,0.993028,0.011101],[0.0,0.0,0.0,1.0]],"antennas":[-0.137066,0.079356],"body_yaw":0.0,"check_collision":false},{"head":[[0.995124,0.007712,-0.098329,-0.005701],[-0.015181,0.997035,-0.075438,-0.011576],[0.097455,0.076563,0.992291,0.0109],[0.0,0.0,0.0,1.0]],"antennas":[-0.137066,0.079356],"body_yaw":0.0,"check_collision":false},{"head":[[0.995079,0.006535,-0.098873,-0.005542],[-0.0152,0.996081,-0.087134,-0.011771],[0.097916,0.088208,0.991278,0.010876],[0.0,0.0,0.0,1.0]],"antennas":[-0.137066,0.079356],"body_yaw":0.0,"check_collision":false},{"head":[[0.99498,0.006412,-0.099871,-0.005468],[-0.016302,0.995001,-0.098528,-0.012],[0.09874,0.099662,0.99011,0.010804],[0.0,0.0,0.0,1.0]],"antennas":[-0.137066,0.079356],"body_yaw":0.0,"check_collision":false},{"head":[[0.994858,0.006456,-0.101075,-0.005401],[-0.017523,0.993889,-0.108988,-0.01227],[0.099754,0.110199,0.988891,0.010942],[0.0,0.0,0.0,1.0]],"antennas":[-0.137066,0.079356],"body_yaw":0.0,"check_collision":false},{"head":[[0.994769,0.006583,-0.101935,-0.00536],[-0.01877,0.992709,-0.119068,-0.012344],[0.100408,0.120359,0.98764,0.010893],[0.0,0.0,0.0,1.0]],"antennas":[-0.137066,0.079356],"body_yaw":0.0,"check_collision":false},{"head":[[0.994741,0.006374,-0.102227,-0.005172],[-0.019649,0.9914,-0.129381,-0.011877],[0.100523,0.130709,0.986311,0.010614],[0.0,0.0,0.0,1.0]],"antennas":[-0.137459,0.08588],"body_yaw":0.0,"check_collision":false},{"head":[[0.994812,0.00569,-0.101571,-0.004994],[-0.020081,0.989773,-0.141228,-0.011782],[0.099729,0.142535,0.984753,0.010468],[0.0,0.0,0.0,1.0]],"antennas":[-0.152553,0.106591],"body_yaw":0.0,"check_collision":false},{"head":[[0.994845,0.004374,-0.101315,-0.004758],[-0.019995,0.987918,-0.153685,-0.011698],[0.099419,0.154918,0.982912,0.010243],[0.0,0.0,0.0,1.0]],"antennas":[-0.179355,0.136349],"body_yaw":0.0,"check_collision":false},{"head":[[0.99482,0.0024,-0.101624,-0.004573],[-0.019555,0.985567,-0.168151,-0.011412],[0.099754,0.169267,0.980509,0.010031],[0.0,0.0,0.0,1.0]],"antennas":[-0.216366,0.18386],"body_yaw":0.0,"check_collision":false},{"head":[[0.994816,0.000375,-0.101694,-0.004293],[-0.019235,0.982637,-0.184537,-0.010814],[0.099859,0.185537,0.97755,0.009632],[0.0,0.0,0.0,1.0]],"antennas":[-0.262563,0.253369],"body_yaw":0.0,"check_collision":false},{"head":[[0.994865,-0.004089,-0.101127,-0.003975],[-0.016779,0.978693,-0.204642,-0.010417],[0.099809,0.205288,0.973599,0.009217],[0.0,0.0,0.0,1.0]],"antennas":[-0.324029,0.341397],"body_yaw":0.0,"check_collision":false},{"head":[[0.994925,-0.009166,-0.100205,-0.003497],[-0.013978,0.973596,-0.227849,-0.009821],[0.099648,0.228093,0.968527,0.008616],[0.0,0.0,0.0,1.0]],"antennas":[-0.401967,0.442063],"body_yaw":0.0,"check_collision":false},{"head":[[0.994896,-0.015423,-0.099718,-0.00299],[-0.010504,0.967052,-0.254364,-0.009274],[0.100355,0.254113,0.961954,0.007919],[0.0,0.0,0.0,1.0]],"antennas":[-0.491073,0.546368],"body_yaw":0.0,"check_collision":false},{"head":[[0.994952,-0.019199,-0.098498,-0.002567],[-0.008791,0.961079,-0.276135,-0.008766],[0.099966,0.275607,0.956058,0.007398],[0.0,0.0,0.0,1.0]],"antennas":[-0.5888,0.650699],"body_yaw":0.0,"check_collision":false},{"head":[[0.995001,-0.020857,-0.09766,-0.002276],[-0.008504,0.956698,-0.290959,-0.008195],[0.0995,0.290335,0.951738,0.006907],[0.0,0.0,0.0,1.0]],"antennas":[-0.688626,0.754618],"body_yaw":0.0,"check_collision":false},{"head":[[0.995104,-0.021899,-0.096372,-0.002022],[-0.008253,0.953321,-0.301847,-0.008079],[0.098484,0.301164,0.948473,0.006705],[0.0,0.0,0.0,1.0]],"antennas":[-0.788716,0.85879],"body_yaw":0.0,"check_collision":false},{"head":[[0.995185,-0.022122,-0.095481,-0.001846],[-0.008389,0.951391,-0.307872,-0.007876],[0.09765,0.307191,0.946625,0.006529],[0.0,0.0,0.0,1.0]],"antennas":[-0.888682,0.962833],"body_yaw":0.0,"check_collision":false},{"head":[[0.995334,-0.021656,-0.09403,-0.001653],[-0.008668,0.950481,-0.31066,-0.007743],[0.096102,0.310026,0.945859,0.006254],[0.0,0.0,0.0,1.0]],"antennas":[-0.988752,1.066984],"body_yaw":0.0,"check_collision":false},{"head":[[0.99553,-0.021082,-0.092066,-0.001549],[-0.008725,0.950074,-0.311903,-0.007738],[0.094045,0.311312,0.945643,0.005963],[0.0,0.0,0.0,1.0]],"antennas":[-1.08897,1.149158],"body_yaw":0.0,"check_collision":false},{"head":[[0.995711,-0.020871,-0.090136,-0.001499],[-0.008432,0.9497,-0.313049,-0.008024],[0.092136,0.312466,0.94545,0.005943],[0.0,0.0,0.0,1.0]],"antennas":[-1.173478,1.165939],"body_yaw":0.0,"check_collision":false},{"head":[[0.995836,-0.020582,-0.088813,-0.001441],[-0.008398,0.949331,-0.314165,-0.008224],[0.090779,0.313603,0.945205,0.006048],[0.0,0.0,0.0,1.0]],"antennas":[-1.176878,1.165939],"body_yaw":0.0,"check_collision":false},{"head":[[0.995838,-0.01988,-0.088943,-0.001376],[-0.009213,0.948963,-0.315253,-0.008386],[0.090671,0.31476,0.944831,0.006242],[0.0,0.0,0.0,1.0]],"antennas":[-1.176878,1.165939],"body_yaw":0.0,"check_collision":false},{"head":[[0.995777,-0.019132,-0.08979,-0.001369],[-0.010089,0.949316,-0.314161,-0.008457],[0.09125,0.31374,0.945114,0.006389],[0.0,0.0,0.0,1.0]],"antennas":[-1.176878,1.165939],"body_yaw":0.0,"check_collision":false},{"head":[[0.995646,-0.018046,-0.09145,-0.001338],[-0.011194,0.950832,-0.309505,-0.0083],[0.092539,0.309181,0.94649,0.006347],[0.0,0.0,0.0,1.0]],"antennas":[-1.176878,1.165939],"body_yaw":0.0,"check_collision":false},{"head":[[0.995558,-0.016835,-0.092632,-0.001265],[-0.011881,0.953552,-0.300995,-0.008681],[0.093397,0.300759,0.949116,0.006432],[0.0,0.0,0.0,1.0]],"antennas":[-1.176878,1.165939],"body_yaw":0.0,"check_collision":false},{"head":[[0.995521,-0.015891,-0.093198,-0.001191],[-0.011589,0.957825,-0.287117,-0.009123],[0.09383,0.286911,0.953351,0.006718],[0.0,0.0,0.0,1.0]],"antennas":[-1.176878,1.165939],"body_yaw":0.0,"check_collision":false},{"head":[[0.995363,-0.01393,-0.095174,-0.001142],[-0.012142,0.963347,-0.267984,-0.009542],[0.095418,0.267897,0.958711,0.00718],[0.0,0.0,0.0,1.0]],"antennas":[-1.176878,1.165939],"body_yaw":0.0,"check_collision":false},{"head":[[0.995022,-0.009552,-0.099195,-0.001054],[-0.014914,0.969912,-0.242999,-0.010099],[0.098532,0.243269,0.964941,0.007603],[0.0,0.0,0.0,1.0]],"antennas":[-1.176878,1.165939],"body_yaw":0.0,"check_collision":false},{"head":[[0.994442,-0.000962,-0.105285,-0.0009],[-0.021079,0.977894,-0.208038,-0.01095],[0.103158,0.209101,0.972438,0.007898],[0.0,0.0,0.0,1.0]],"antennas":[-1.176878,1.165939],"body_yaw":0.0,"check_collision":false},{"head":[[0.994019,0.008421,-0.108885,-0.000814],[-0.026724,0.985467,-0.167749,-0.01172],[0.10589,0.169656,0.979798,0.008354],[0.0,0.0,0.0,1.0]],"antennas":[-1.176878,1.165939],"body_yaw":0.0,"check_collision":false},{"head":[[0.994029,0.01687,-0.107802,-0.000853],[-0.030714,0.991288,-0.128084,-0.012122],[0.104702,0.13063,0.985887,0.008548],[0.0,0.0,0.0,1.0]],"antennas":[-1.176878,1.165939],"body_yaw":0.0,"check_collision":false},{"head":[[0.994226,0.024025,-0.104579,-0.000838],[-0.0337,0.995211,-0.091753,-0.012844],[0.101874,0.094747,0.990275,0.00873],[0.0,0.0,0.0,1.0]],"antennas":[-1.176878,1.165939],"body_yaw":0.0,"check_collision":false},{"head":[[0.994559,0.029448,-0.099929,-0.000763],[-0.035506,0.997603,-0.059394,-0.013245],[0.09794,0.062619,0.99322,0.008905],[0.0,0.0,0.0,1.0]],"antennas":[-1.176878,1.165939],"body_yaw":0.0,"check_collision":false},{"head":[[0.994856,0.034508,-0.095243,-0.000629],[-0.037409,0.998883,-0.028851,-0.013409],[0.094141,0.032266,0.995036,0.008858],[0.0,0.0,0.0,1.0]],"antennas":[-1.176878,1.165939],"body_yaw":0.0,"check_collision":false},{"head":[[0.99486,0.039692,-0.093153,-0.000541],[-0.039827,0.999207,0.000411,-0.013758],[0.093095,0.003301,0.995652,0.008933],[0.0,0.0,0.0,1.0]],"antennas":[-1.176878,1.159911],"body_yaw":0.0,"check_collision":false},{"head":[[0.994763,0.044321,-0.092096,-0.000493],[-0.041835,0.998711,0.028757,-0.014061],[0.093252,-0.024753,0.995335,0.009156],[0.0,0.0,0.0,1.0]],"antennas":[-1.152277,1.114428],"body_yaw":0.0,"check_collision":false},{"head":[[0.99479,0.048871,-0.089471,-0.000435],[-0.043991,0.997477,0.055726,-0.01417],[0.091969,-0.0515,0.994429,0.009398],[0.0,0.0,0.0,1.0]],"antennas":[-1.076832,1.018371],"body_yaw":0.0,"check_collision":false},{"head":[[0.995016,0.051934,-0.085128,-0.000347],[-0.045028,0.995686,0.08113,-0.014455],[0.088974,-0.076893,0.993061,0.00956],[0.0,0.0,0.0,1.0]],"antennas":[-0.973679,0.914477],"body_yaw":0.0,"check_collision":false},{"head":[[0.995355,0.053052,-0.080331,-0.000314],[-0.044577,0.993594,0.103845,-0.014795],[0.085325,-0.099782,0.991344,0.009593],[0.0,0.0,0.0,1.0]],"antennas":[-0.869174,0.809969],"body_yaw":0.0,"check_collision":false},{"head":[[0.995636,0.053735,-0.076303,-0.000228],[-0.043947,0.991232,0.124612,-0.015113],[0.08233,-0.120715,0.989267,0.009682],[0.0,0.0,0.0,1.0]],"antennas":[-0.76591,0.706702],"body_yaw":0.0,"check_collision":false},{"head":[[0.995679,0.056046,-0.074041,-5.4e-05],[-0.044786,0.988295,0.145834,-0.0155],[0.081348,-0.141888,0.986535,0.00973],[0.0,0.0,0.0,1.0]],"antennas":[-0.664341,0.60513],"body_yaw":0.0,"check_collision":false},{"head":[[0.995645,0.059762,-0.071549,0.000111],[-0.047064,0.984734,0.167583,-0.015905],[0.080472,-0.163486,0.983258,0.009614],[0.0,0.0,0.0,1.0]],"antennas":[-0.568072,0.519434],"body_yaw":0.0,"check_collision":false},{"head":[[0.995601,0.062813,-0.069526,0.000225],[-0.048785,0.981013,0.187706,-0.016221],[0.079996,-0.183489,0.979761,0.009482],[0.0,0.0,0.0,1.0]],"antennas":[-0.498483,0.51072],"body_yaw":0.0,"check_collision":false},{"head":[[0.995534,0.065316,-0.068165,0.000339],[-0.050045,0.977355,0.205604,-0.016417],[0.08005,-0.201274,0.976258,0.009473],[0.0,0.0,0.0,1.0]],"antennas":[-0.441142,0.51072],"body_yaw":0.0,"check_collision":false},{"head":[[0.995282,0.067947,-0.069253,0.000466],[-0.051148,0.974026,0.220583,-0.016584],[0.082443,-0.216001,0.972906,0.009544],[0.0,0.0,0.0,1.0]],"antennas":[-0.384395,0.51072],"body_yaw":0.0,"check_collision":false},{"head":[[0.995067,0.070034,-0.070267,0.000565],[-0.051867,0.971021,0.233298,-0.016869],[0.08457,-0.228502,0.969863,0.009507],[0.0,0.0,0.0,1.0]],"antennas":[-0.327605,0.51072],"body_yaw":0.0,"check_collision":false},{"head":[[0.994973,0.07095,-0.070681,0.000688],[-0.051727,0.96841,0.243939,-0.01716],[0.085756,-0.239057,0.967211,0.009439],[0.0,0.0,0.0,1.0]],"antennas":[-0.315743,0.51072],"body_yaw":0.0,"check_collision":false},{"head":[[0.994857,0.072258,-0.070977,0.00077],[-0.052205,0.966314,0.252016,-0.017446],[0.086796,-0.247015,0.965117,0.00945],[0.0,0.0,0.0,1.0]],"antennas":[-0.315743,0.51072],"body_yaw":0.0,"check_collision":false},{"head":[[0.994591,0.074332,-0.072549,0.000884],[-0.053142,0.964292,0.259454,-0.017705],[0.089244,-0.254195,0.963027,0.009407],[0.0,0.0,0.0,1.0]],"antennas":[-0.315743,0.51072],"body_yaw":0.0,"check_collision":false},{"head":[[0.99422,0.076199,-0.075637,0.001062],[-0.053486,0.962362,0.266455,-0.017901],[0.093094,-0.26087,0.960875,0.009314],[0.0,0.0,0.0,1.0]],"antennas":[-0.315743,0.51072],"body_yaw":0.0,"check_collision":false},{"head":[[0.993894,0.077207,-0.078822,0.001245],[-0.053054,0.960797,0.272129,-0.018146],[0.096742,-0.266286,0.959027,0.009337],[0.0,0.0,0.0,1.0]],"antennas":[-0.315743,0.51072],"body_yaw":0.0,"check_collision":false},{"head":[[0.993663,0.07766,-0.081262,0.001432],[-0.052336,0.959454,0.276963,-0.018475],[0.099476,-0.270955,0.957438,0.009326],[0.0,0.0,0.0,1.0]],"antennas":[-0.315743,0.51072],"body_yaw":0.0,"check_collision":false},{"head":[[0.993491,0.078693,-0.082354,0.001542],[-0.05236,0.957585,0.283355,-0.018747],[0.101159,-0.277199,0.955472,0.009174],[0.0,0.0,0.0,1.0]],"antennas":[-0.315743,0.51072],"body_yaw":0.0,"check_collision":false},{"head":[[0.993286,0.080616,-0.082972,0.001637],[-0.053324,0.955529,0.290035,-0.01876],[0.102664,-0.283664,0.953412,0.009133],[0.0,0.0,0.0,1.0]],"antennas":[-0.315743,0.51072],"body_yaw":0.0,"check_collision":false},{"head":[[0.993137,0.082066,-0.083332,0.00171],[-0.05405,0.953892,0.295244,-0.018637],[0.103719,-0.288714,0.951781,0.009145],[0.0,0.0,0.0,1.0]],"antennas":[-0.315743,0.51072],"body_yaw":0.0,"check_collision":false},{"head":[[0.993064,0.082967,-0.083304,0.00181],[-0.054504,0.952671,0.299077,-0.018673],[0.104175,-0.292463,0.950586,0.009037],[0.0,0.0,0.0,1.0]],"antennas":[-0.315743,0.51072],"body_yaw":0.0,"check_collision":false},{"head":[[0.993113,0.082971,-0.08272,0.001903],[-0.054423,0.951935,0.301426,-0.018972],[0.103754,-0.294848,0.949895,0.009017],[0.0,0.0,0.0,1.0]],"antennas":[-0.315743,0.51072],"body_yaw":0.0,"check_collision":false},{"head":[[0.993174,0.082418,-0.082534,0.001917],[-0.053878,0.951757,0.302086,-0.019027],[0.10345,-0.295577,0.949701,0.009092],[0.0,0.0,0.0,1.0]],"antennas":[-0.315743,0.51072],"body_yaw":0.0,"check_collision":false},{"head":[[0.993217,0.082104,-0.082331,0.00198],[-0.053674,0.951876,0.301747,-0.018988],[0.103143,-0.295281,0.949826,0.009087],[0.0,0.0,0.0,1.0]],"antennas":[-0.315743,0.51072],"body_yaw":0.0,"check_collision":false},{"head":[[0.993254,0.082036,-0.081951,0.001981],[-0.053734,0.951906,0.301641,-0.019335],[0.102755,-0.295203,0.949893,0.009052],[0.0,0.0,0.0,1.0]],"antennas":[-0.315743,0.51072],"body_yaw":0.0,"check_collision":false},{"head":[[0.993254,0.082472,-0.08152,0.0019],[-0.054163,0.95154,0.302719,-0.019635],[0.102535,-0.296261,0.949587,0.009049],[0.0,0.0,0.0,1.0]],"antennas":[-0.315743,0.51072],"body_yaw":0.0,"check_collision":false},{"head":[[0.993251,0.083161,-0.080852,0.001775],[-0.054804,0.950853,0.304753,-0.019764],[0.102222,-0.298266,0.948993,0.009156],[0.0,0.0,0.0,1.0]],"antennas":[-0.315743,0.51072],"body_yaw":0.0,"check_collision":false},{"head":[[0.993329,0.083287,-0.079753,0.001734],[-0.055103,0.950379,0.306176,-0.019886],[0.101296,-0.299739,0.948628,0.009181],[0.0,0.0,0.0,1.0]],"antennas":[-0.315743,0.51072],"body_yaw":0.0,"check_collision":false},{"head":[[0.993333,0.083579,-0.079398,0.001811],[-0.055398,0.950084,0.307036,-0.019901],[0.101096,-0.30059,0.94838,0.009141],[0.0,0.0,0.0,1.0]],"antennas":[-0.315743,0.51072],"body_yaw":0.0,"check_collision":false},{"head":[[0.993277,0.084199,-0.079447,0.001904],[-0.055819,0.949584,0.308505,-0.019766],[0.101417,-0.301996,0.947899,0.009085],[0.0,0.0,0.0,1.0]],"antennas":[-0.315743,0.51072],"body_yaw":0.0,"check_collision":false},{"head":[[0.993291,0.084643,-0.078794,0.001935],[-0.056224,0.948893,0.31055,-0.019835],[0.101053,-0.304036,0.947286,0.009091],[0.0,0.0,0.0,1.0]],"antennas":[-0.315743,0.51072],"body_yaw":0.0,"check_collision":false},{"head":[[0.993373,0.084566,-0.077838,0.001986],[-0.056277,0.948368,0.31214,-0.019805],[0.100215,-0.305691,0.946842,0.008863],[0.0,0.0,0.0,1.0]],"antennas":[-0.315743,0.51072],"body_yaw":0.0,"check_collision":false},{"head":[[0.99348,0.084122,-0.076942,0.001976],[-0.056001,0.947984,0.313353,-0.019828],[0.0993,-0.307001,0.946515,0.008666],[0.0,0.0,0.0,1.0]],"antennas":[-0.315743,0.51072],"body_yaw":0.0,"check_collision":false},{"head":[[0.993568,0.083878,-0.076069,0.001968],[-0.056,0.947859,0.313731,-0.019664],[0.098418,-0.307454,0.94646,0.008747],[0.0,0.0,0.0,1.0]],"antennas":[-0.315743,0.51072],"body_yaw":0.0,"check_collision":false},{"head":[[0.993551,0.084028,-0.076123,0.001987],[-0.056321,0.948458,0.311857,-0.019418],[0.098405,-0.305559,0.947075,0.008813],[0.0,0.0,0.0,1.0]],"antennas":[-0.315743,0.51072],"body_yaw":0.0,"check_collision":false},{"head":[[0.993639,0.083475,-0.075588,0.002058],[-0.056248,0.949384,0.309041,-0.019265],[0.097559,-0.302824,0.94804,0.008732],[0.0,0.0,0.0,1.0]],"antennas":[-0.315743,0.51072],"body_yaw":0.0,"check_collision":false},{"head":[[0.993746,0.082216,-0.075562,0.002153],[-0.055619,0.951205,0.303506,-0.018992],[0.096828,-0.297405,0.949829,0.008438],[0.0,0.0,0.0,1.0]],"antennas":[-0.315743,0.51072],"body_yaw":0.0,"check_collision":false},{"head":[[0.99391,0.07981,-0.075987,0.002365],[-0.054125,0.954196,0.294247,-0.018526],[0.095991,-0.288342,0.952704,0.008054],[0.0,0.0,0.0,1.0]],"antennas":[-0.315743,0.51072],"body_yaw":0.0,"check_collision":false},{"head":[[0.994109,0.076229,-0.077052,0.002375],[-0.051905,0.958891,0.278987,-0.018333],[0.095151,-0.273344,0.957199,0.007659],[0.0,0.0,0.0,1.0]],"antennas":[-0.315743,0.51072],"body_yaw":0.0,"check_collision":false},{"head":[[0.994171,0.072127,-0.080131,0.002406],[-0.049428,0.965468,0.25579,-0.018121],[0.095813,-0.250339,0.963406,0.007587],[0.0,0.0,0.0,1.0]],"antennas":[-0.315743,0.51072],"body_yaw":0.0,"check_collision":false},{"head":[[0.994053,0.067227,-0.085672,0.002408],[-0.046515,0.973445,0.224145,-0.017488],[0.098465,-0.218827,0.970783,0.007673],[0.0,0.0,0.0,1.0]],"antennas":[-0.315743,0.51072],"body_yaw":0.0,"check_collision":false},{"head":[[0.993854,0.062155,-0.091598,0.002653],[-0.043774,0.980708,0.190513,-0.016362],[0.101672,-0.185333,0.977402,0.007861],[0.0,0.0,0.0,1.0]],"antennas":[-0.315743,0.51072],"body_yaw":0.0,"check_collision":false},{"head":[[0.993797,0.058897,-0.094336,0.002874],[-0.042979,0.985744,0.16267,-0.015878],[0.102572,-0.157607,0.98216,0.007712],[0.0,0.0,0.0,1.0]],"antennas":[-0.315743,0.51072],"body_yaw":0.0,"check_collision":false},{"head":[[0.993753,0.057066,-0.095911,0.00305],[-0.043424,0.989376,0.13874,-0.015515],[0.102809,-0.133709,0.985674,0.007349],[0.0,0.0,0.0,1.0]],"antennas":[-0.315743,0.51072],"body_yaw":0.0,"check_collision":false},{"head":[[0.993763,0.056098,-0.096379,0.003125],[-0.044639,0.992106,0.117187,-0.015314],[0.102192,-0.112154,0.988422,0.007342],[0.0,0.0,0.0,1.0]],"antennas":[-0.315743,0.51072],"body_yaw":0.0,"check_collision":false},{"head":[[0.993637,0.054923,-0.098333,0.003026],[-0.04525,0.994154,0.098028,-0.015333],[0.103142,-0.092955,0.990314,0.007077],[0.0,0.0,0.0,1.0]],"antennas":[-0.315743,0.51072],"body_yaw":0.0,"check_collision":false},{"head":[[0.993549,0.053463,-0.100012,0.003081],[-0.045386,0.995651,0.081364,-0.015435],[0.103927,-0.0763,0.991654,0.007266],[0.0,0.0,0.0,1.0]],"antennas":[-0.315743,0.51072],"body_yaw":0.0,"check_collision":false},{"head":[[0.993517,0.052914,-0.100617,0.003169],[-0.046157,0.996594,0.068339,-0.015095],[0.103891,-0.063252,0.992575,0.00743],[0.0,0.0,0.0,1.0]],"antennas":[-0.315743,0.51072],"body_yaw":0.0,"check_collision":false},{"head":[[0.993561,0.05186,-0.100734,0.003066],[-0.046452,0.997388,0.055317,-0.01492],[0.10334,-0.050281,0.993374,0.007802],[0.0,0.0,0.0,1.0]],"antennas":[-0.315743,0.51072],"body_yaw":0.0,"check_collision":false},{"head":[[0.993508,0.050162,-0.102101,0.003025],[-0.046098,0.998062,0.041789,-0.015355],[0.104,-0.036811,0.993896,0.007939],[0.0,0.0,0.0,1.0]],"antennas":[-0.315743,0.51072],"body_yaw":0.0,"check_collision":false},{"head":[[0.993506,0.048796,-0.102782,0.003063],[-0.045758,0.998449,0.031707,-0.015248],[0.10417,-0.026797,0.994198,0.007612],[0.0,0.0,0.0,1.0]],"antennas":[-0.315743,0.51072],"body_yaw":0.0,"check_collision":false},{"head":[[0.993564,0.047697,-0.102744,0.003079],[-0.045431,0.998672,0.024278,-0.015337],[0.103766,-0.019454,0.994411,0.007531],[0.0,0.0,0.0,1.0]],"antennas":[-0.315743,0.51072],"body_yaw":0.0,"check_collision":false},{"head":[[0.99366,0.046906,-0.102174,0.002965],[-0.045301,0.998812,0.017975,-0.015715],[0.102896,-0.013233,0.994604,0.007837],[0.0,0.0,0.0,1.0]],"antennas":[-0.315743,0.51072],"body_yaw":0.0,"check_collision":false},{"head":[[0.993747,0.046312,-0.101595,0.002911],[-0.045327,0.9989,0.011989,-0.015691],[0.102038,-0.007309,0.994754,0.007862],[0.0,0.0,0.0,1.0]],"antennas":[-0.315743,0.51072],"body_yaw":0.0,"check_collision":false},{"head":[[0.993768,0.045971,-0.101543,0.00279],[-0.045459,0.998939,0.007347,-0.01546],[0.101773,-0.002686,0.994804,0.008281],[0.0,0.0,0.0,1.0]],"antennas":[-0.315743,0.51072],"body_yaw":0.0,"check_collision":false},{"head":[[0.993836,0.0456,-0.101049,0.002723],[-0.045532,0.998958,0.00298,-0.015221],[0.10108,0.00164,0.994877,0.008435],[0.0,0.0,0.0,1.0]],"antennas":[-0.315743,0.51072],"body_yaw":0.0,"check_collision":false},{"head":[[0.993966,0.044854,-0.100102,0.002692],[-0.045173,0.998979,-0.000931,-0.015281],[0.099958,0.005447,0.994977,0.008729],[0.0,0.0,0.0,1.0]],"antennas":[-0.315743,0.51072],"body_yaw":0.0,"check_collision":false},{"head":[[0.994064,0.044556,-0.099253,0.002672],[-0.045187,0.99897,-0.00412,-0.015393],[0.098967,0.00858,0.995054,0.00838],[0.0,0.0,0.0,1.0]],"antennas":[-0.315743,0.51072],"body_yaw":0.0,"check_collision":false},{"head":[[0.994176,0.044123,-0.098321,0.002742],[-0.04514,0.998947,-0.008141,-0.015163],[0.097858,0.012531,0.995121,0.008118],[0.0,0.0,0.0,1.0]],"antennas":[-0.315743,0.51072],"body_yaw":0.0,"check_collision":false},{"head":[[0.994313,0.042809,-0.09751,0.002425],[-0.044379,0.998917,-0.013988,-0.015678],[0.096806,0.018236,0.995136,0.008306],[0.0,0.0,0.0,1.0]],"antennas":[-0.315743,0.51072],"body_yaw":0.0,"check_collision":false},{"head":[[0.994444,0.040685,-0.09709,0.002189],[-0.042941,0.998851,-0.021267,-0.015598],[0.096113,0.025318,0.995048,0.008406],[0.0,0.0,0.0,1.0]],"antennas":[-0.315743,0.51072],"body_yaw":0.0,"check_collision":false},{"head":[[0.994585,0.038876,-0.096379,0.002085],[-0.041747,0.998737,-0.02795,-0.015109],[0.095171,0.031823,0.994952,0.008564],[0.0,0.0,0.0,1.0]],"antennas":[-0.315743,0.51072],"body_yaw":0.0,"check_collision":false},{"head":[[0.994758,0.037509,-0.095131,0.001931],[-0.040986,0.998552,-0.034853,-0.015053],[0.093686,0.038569,0.994854,0.00912],[0.0,0.0,0.0,1.0]],"antennas":[-0.315743,0.51072],"body_yaw":0.0,"check_collision":false},{"head":[[0.994988,0.035636,-0.093429,0.001718],[-0.039629,0.998363,-0.041235,-0.014642],[0.091806,0.044731,0.994772,0.008961],[0.0,0.0,0.0,1.0]],"antennas":[-0.315743,0.51072],"body_yaw":0.0,"check_collision":false},{"head":[[0.995112,0.033726,-0.092811,0.001679],[-0.038156,0.998195,-0.046381,-0.014627],[0.09108,0.049695,0.994603,0.008845],[0.0,0.0,0.0,1.0]],"antennas":[-0.315743,0.51072],"body_yaw":0.0,"check_collision":false},{"head":[[0.995218,0.032572,-0.092086,0.001582],[-0.037309,0.998043,-0.050187,-0.014663],[0.090271,0.053382,0.994486,0.008554],[0.0,0.0,0.0,1.0]],"antennas":[-0.315743,0.51072],"body_yaw":0.0,"check_collision":false},{"head":[[0.995351,0.031241,-0.091109,0.001461],[-0.036199,0.997923,-0.053288,-0.014397],[0.089255,0.056339,0.994414,0.008462],[0.0,0.0,0.0,1.0]],"antennas":[-0.315743,0.51072],"body_yaw":0.0,"check_collision":false},{"head":[[0.995501,0.029525,-0.090039,0.001097],[-0.034692,0.997807,-0.05637,-0.014551],[0.088177,0.05924,0.994342,0.008711],[0.0,0.0,0.0,1.0]],"antennas":[-0.315743,0.51072],"body_yaw":0.0,"check_collision":false},{"head":[[0.995567,0.028051,-0.089774,0.000864],[-0.033477,0.997666,-0.059516,-0.014119],[0.087895,0.062257,0.994182,0.008669],[0.0,0.0,0.0,1.0]],"antennas":[-0.315743,0.51072],"body_yaw":0.0,"check_collision":false},{"head":[[0.995542,0.02687,-0.090415,0.000831],[-0.032567,0.997536,-0.062141,-0.013601],[0.088523,0.064809,0.993964,0.008727],[0.0,0.0,0.0,1.0]],"antennas":[-0.315743,0.51072],"body_yaw":0.0,"check_collision":false},{"head":[[0.995512,0.025598,-0.091111,0.000615],[-0.031531,0.997433,-0.064295,-0.013842],[0.089231,0.066879,0.993763,0.00877],[0.0,0.0,0.0,1.0]],"antennas":[-0.315743,0.51072],"body_yaw":0.0,"check_collision":false},{"head":[[0.995382,0.023891,-0.092971,0.000319],[-0.029976,0.99746,-0.064616,-0.013901],[0.091191,0.067105,0.99357,0.008831],[0.0,0.0,0.0,1.0]],"antennas":[-0.315743,0.51072],"body_yaw":0.0,"check_collision":false},{"head":[[0.995125,0.022894,-0.095928,-7.8e-05],[-0.029019,0.997595,-0.062948,-0.013755],[0.094256,0.065425,0.993396,0.008942],[0.0,0.0,0.0,1.0]],"antennas":[-0.315743,0.51072],"body_yaw":0.0,"check_collision":false}]}