{"description":"A friendly welcoming gesture, can mean 'welcome' or 'the pleasure is mine.'","time":[0.0,0.02,0.04,0.06,0.08,0.1,0.12,0.14,0.16,0.18,0.2,0.22,0.24,0.26,0.28,0.3,0.32,0.34,0.36,0.38,0.4,0.42,0.44,0.46,0.48,0.5,0.52,0.54,0.56,0.58,0.6,0.62,0.64,0.66,0.68,0.7,0.72,0.74,0.76,0.78,0.8,0.82,0.84,0.86,0.88,0.9,0.92,0.94,0.96,0.98,1.0,1.02,1.04,1.06,1.08,1.1,1.12,1.14,1.16,1.18,1.2,1.22,1.24,1.26,1.28,1.3,1.32,1.34,1.36,1.38,1.4,1.42,1.44,1.46,1.48,1.5,1.52,1.54,1.56,1.58,1.6,1.62,1.64,1.66,1.68,1.7,1.72,1.74,1.76,1.78,1.8,1.82,1.84,1.86,1.88,1.9,1.92,1.94,1.96,1.98,2.0,2.02,2.04,2.06,2.08,2.1,2.12,2.14,2.16,2.18,2.2,2.22,2.24,2.26,2.28,2.3,2.32,2.34,2.36,2.38,2.4,2.42,2.44,2.46,2.48,2.5,2.52,2.54,2.56,2.58,2.6,2.62,2.64,2.66,2.68,2.7,2.72,2.74,2.76,2.78,2.8,2.82,2.84,2.86,2.88,2.9,2.92,2.94,2.96,2.98,3.0,3.02,3.04,3.06,3.08,3.1,3.12,3.14,3.16,3.18,3.2,3.22,3.24,3.26,3.28,3.3,3.32,3.34,3.36,3.38,3.4,3.42,3.44,3.46,3.48,3.5,3.52,3.54,3.56,3.58,3.6,3.62,3.64,3.66,3.68,3.7,3.72,3.74,3.76,3.78,3.8,3.82,3.84,3.86,3.88,3.9,3.92,3.94,3.96,3.98,4.0,4.02,4.04,4.06,4.08,4.1,4.12,4.14,4.16,4.18,4.2,4.22,4.24,4.26,4.28,4.3,4.32],"set_target_data":[{"head":[[0.990746,-0.004316,-0.135659,-0.004535],[-0.001266,0.999157,-0.04103,-0.006446],[0.135722,0.040822,0.989906,0.000349],[0.0,0.0,0.0,1.0]],"antennas":[-0.232522,0.28648],"body_yaw":0.0,"check_collision":false},{"head":[[0.990741,-0.004664,-0.135685,-0.0045],[-0.000848,0.999177,-0.040542,-0.006335],[0.135763,0.040282,0.989922,0.000298],[0.0,0.0,0.0,1.0]],"antennas":[-0.232522,0.28648],"body_yaw":0.0,"check_collision":false},{"head":[[0.990752,-0.004454,-0.135609,-0.004446],[-0.000921,0.999217,-0.039543,-0.006195],[0.135679,0.039302,0.989973,0.00018],[0.0,0.0,0.0,1.0]],"antennas":[-0.232522,0.28648],"body_yaw":0.0,"check_collision":false},{"head":[[0.990784,-0.004265,-0.135384,-0.004372],[-0.001022,0.99924,-0.038958,-0.006114],[0.135447,0.038737,0.990027,9.6e-05],[0.0,0.0,0.0,1.0]],"antennas":[-0.232522,0.28648],"body_yaw":0.0,"check_collision":false},{"head":[[0.990801,-0.004229,-0.135261,-0.004378],[-0.000971,0.999264,-0.03836,-0.006097],[0.135323,0.038138,0.990067,0.00014],[0.0,0.0,0.0,1.0]],"antennas":[-0.232522,0.28648],"body_yaw":0.0,"check_collision":false},{"head":[[0.990821,-0.004594,-0.135105,-0.00443],[-0.000382,0.999323,-0.036778,-0.006095],[0.135183,0.036492,0.990148,0.000183],[0.0,0.0,0.0,1.0]],"antennas":[-0.232522,0.28648],"body_yaw":0.0,"check_collision":false},{"head":[[0.990817,-0.005366,-0.135103,-0.004502],[0.00063,0.999384,-0.035077,-0.006137],[0.135208,0.034669,0.99021,0.000236],[0.0,0.0,0.0,1.0]],"antennas":[-0.232522,0.28648],"body_yaw":0.0,"check_collision":false},{"head":[[0.990797,-0.006327,-0.135206,-0.004541],[0.001654,0.999398,-0.034641,-0.006044],[0.135344,0.034098,0.990212,0.000241],[0.0,0.0,0.0,1.0]],"antennas":[-0.232522,0.28648],"body_yaw":0.0,"check_collision":false},{"head":[[0.990803,-0.007241,-0.135117,-0.004582],[0.002563,0.999392,-0.034761,-0.006176],[0.135287,0.034095,0.99022,0.000343],[0.0,0.0,0.0,1.0]],"antennas":[-0.232522,0.28648],"body_yaw":0.0,"check_collision":false},{"head":[[0.990786,-0.007733,-0.135216,-0.00457],[0.002967,0.999368,-0.035418,-0.006121],[0.135404,0.034691,0.990183,0.000327],[0.0,0.0,0.0,1.0]],"antennas":[-0.232522,0.28648],"body_yaw":0.0,"check_collision":false},{"head":[[0.990756,-0.008268,-0.135406,-0.004594],[0.003414,0.999344,-0.036042,-0.006112],[0.135615,0.035247,0.990134,0.000328],[0.0,0.0,0.0,1.0]],"antennas":[-0.232522,0.28648],"body_yaw":0.0,"check_collision":false},{"head":[[0.990715,-0.009035,-0.135654,-0.004609],[0.00405,0.999308,-0.036985,-0.006073],[0.135894,0.036092,0.990066,0.000293],[0.0,0.0,0.0,1.0]],"antennas":[-0.232522,0.28648],"body_yaw":0.0,"check_collision":false},{"head":[[0.990704,-0.010034,-0.135667,-0.004633],[0.004996,0.999287,-0.037424,-0.006026],[0.135946,0.036398,0.990047,0.000242],[0.0,0.0,0.0,1.0]],"antennas":[-0.232522,0.28648],"body_yaw":0.0,"check_collision":false},{"head":[[0.990709,-0.010604,-0.135583,-0.004626],[0.005562,0.999281,-0.037514,-0.005912],[0.135884,0.036411,0.990056,0.000191],[0.0,0.0,0.0,1.0]],"antennas":[-0.232522,0.28648],"body_yaw":0.0,"check_collision":false},{"head":[[0.99071,-0.011317,-0.135519,-0.004632],[0.006245,0.999266,-0.037798,-0.005877],[0.135847,0.036601,0.990054,0.000143],[0.0,0.0,0.0,1.0]],"antennas":[-0.232522,0.28648],"body_yaw":0.0,"check_collision":false},{"head":[[0.99071,-0.013081,-0.135362,-0.00466],[0.007847,0.999203,-0.039129,-0.00591],[0.135766,0.037704,0.990023,0.000243],[0.0,0.0,0.0,1.0]],"antennas":[-0.232522,0.28648],"body_yaw":0.0,"check_collision":false},{"head":[[0.99071,-0.014784,-0.135186,-0.004707],[0.009288,0.999108,-0.041195,-0.006043],[0.135675,0.039557,0.989963,0.000398],[0.0,0.0,0.0,1.0]],"antennas":[-0.232522,0.28648],"body_yaw":0.0,"check_collision":false},{"head":[[0.990734,-0.016533,-0.134804,-0.004776],[0.010929,0.999049,-0.042202,-0.006228],[0.135374,0.040337,0.989973,0.000519],[0.0,0.0,0.0,1.0]],"antennas":[-0.232522,0.28648],"body_yaw":0.0,"check_collision":false},{"head":[[0.990683,-0.01755,-0.135054,-0.004773],[0.011847,0.999008,-0.042915,-0.006311],[0.135673,0.040915,0.989908,0.000552],[0.0,0.0,0.0,1.0]],"antennas":[-0.232522,0.28648],"body_yaw":0.0,"check_collision":false},{"head":[[0.990653,-0.018617,-0.135127,-0.004739],[0.012763,0.998947,-0.044059,-0.006355],[0.135805,0.041923,0.989848,0.000558],[0.0,0.0,0.0,1.0]],"antennas":[-0.232522,0.28648],"body_yaw":0.0,"check_collision":false},{"head":[[0.990637,-0.020202,-0.135018,-0.004717],[0.01417,0.998864,-0.045489,-0.006508],[0.135784,0.04315,0.989798,0.000568],[0.0,0.0,0.0,1.0]],"antennas":[-0.232522,0.28648],"body_yaw":0.0,"check_collision":false},{"head":[[0.990594,-0.022499,-0.134968,-0.004703],[0.0163,0.998768,-0.046862,-0.006578],[0.135856,0.044221,0.989741,0.000586],[0.0,0.0,0.0,1.0]],"antennas":[-0.232522,0.28648],"body_yaw":0.0,"check_collision":false},{"head":[[0.990508,-0.024877,-0.135182,-0.004809],[0.018444,0.998647,-0.048631,-0.00662],[0.136209,0.045676,0.989627,0.000741],[0.0,0.0,0.0,1.0]],"antennas":[-0.232522,0.28648],"body_yaw":0.0,"check_collision":false},{"head":[[0.990431,-0.026366,-0.135465,-0.004801],[0.019712,0.998543,-0.050231,-0.006639],[0.136592,0.04708,0.989508,0.000779],[0.0,0.0,0.0,1.0]],"antennas":[-0.232522,0.28648],"body_yaw":0.0,"check_collision":false},{"head":[[0.990402,-0.027749,-0.135405,-0.004838],[0.020903,0.998443,-0.051725,-0.006944],[0.13663,0.048398,0.989439,0.000937],[0.0,0.0,0.0,1.0]],"antennas":[-0.232522,0.28648],"body_yaw":0.0,"check_collision":false},{"head":[[0.990397,-0.029319,-0.135108,-0.004859],[0.022331,0.998347,-0.052952,-0.007133],[0.136438,0.049426,0.989415,0.000972],[0.0,0.0,0.0,1.0]],"antennas":[-0.232522,0.28648],"body_yaw":0.0,"check_collision":false},{"head":[[0.990379,-0.029957,-0.135102,-0.00489],[0.022874,0.998296,-0.053677,-0.007205],[0.13648,0.05007,0.989377,0.000939],[0.0,0.0,0.0,1.0]],"antennas":[-0.232522,0.28648],"body_yaw":0.0,"check_collision":false},{"head":[[0.990333,-0.03073,-0.135261,-0.004976],[0.023529,0.998235,-0.054521,-0.007426],[0.136698,0.050812,0.989309,0.001059],[0.0,0.0,0.0,1.0]],"antennas":[-0.232522,0.28648],"body_yaw":0.0,"check_collision":false},{"head":[[0.990244,-0.032247,-0.135564,-0.00506],[0.024878,0.998137,-0.055701,-0.007552],[0.137107,0.051785,0.989202,0.001155],[0.0,0.0,0.0,1.0]],"antennas":[-0.232522,0.28648],"body_yaw":0.0,"check_collision":false},{"head":[[0.990179,-0.033575,-0.135714,-0.005132],[0.026054,0.998045,-0.056814,-0.007716],[0.137356,0.05272,0.989118,0.001331],[0.0,0.0,0.0,1.0]],"antennas":[-0.232522,0.28648],"body_yaw":0.0,"check_collision":false},{"head":[[0.990133,-0.033968,-0.13595,-0.005153],[0.026445,0.998038,-0.056761,-0.007786],[0.137611,0.052605,0.989088,0.00135],[0.0,0.0,0.0,1.0]],"antennas":[-0.232522,0.28648],"body_yaw":0.0,"check_collision":false},{"head":[[0.990103,-0.03395,-0.136178,-0.005153],[0.026416,0.998039,-0.056757,-0.007888],[0.137837,0.052598,0.989057,0.001383],[0.0,0.0,0.0,1.0]],"antennas":[-0.232522,0.28648],"body_yaw":0.0,"check_collision":false},{"head":[[0.990042,-0.034178,-0.13656,-0.005254],[0.026538,0.998,-0.05738,-0.008152],[0.138248,0.053185,0.988969,0.001561],[0.0,0.0,0.0,1.0]],"antennas":[-0.232522,0.28648],"body_yaw":0.0,"check_collision":false},{"head":[[0.989941,-0.034865,-0.137121,-0.005354],[0.02704,0.99792,-0.058518,-0.008324],[0.138876,0.054222,0.988824,0.001721],[0.0,0.0,0.0,1.0]],"antennas":[-0.232522,0.28648],"body_yaw":0.0,"check_collision":false},{"head":[[0.98984,-0.035569,-0.137664,-0.005419],[0.027554,0.997836,-0.059696,-0.008463],[0.139489,0.055296,0.988678,0.001871],[0.0,0.0,0.0,1.0]],"antennas":[-0.232522,0.28648],"body_yaw":0.0,"check_collision":false},{"head":[[0.989727,-0.036192,-0.138313,-0.005461],[0.027999,0.997761,-0.060733,-0.008667],[0.140202,0.056236,0.988525,0.002061],[0.0,0.0,0.0,1.0]],"antennas":[-0.232522,0.28648],"body_yaw":0.0,"check_collision":false},{"head":[[0.989576,-0.036806,-0.139226,-0.005466],[0.028398,0.997678,-0.061901,-0.008813],[0.141181,0.057302,0.988324,0.002266],[0.0,0.0,0.0,1.0]],"antennas":[-0.232522,0.28648],"body_yaw":0.0,"check_collision":false},{"head":[[0.989434,-0.03734,-0.140096,-0.005435],[0.028736,0.997603,-0.062946,-0.00892],[0.14211,0.058255,0.988135,0.002536],[0.0,0.0,0.0,1.0]],"antennas":[-0.232522,0.28648],"body_yaw":0.0,"check_collision":false},{"head":[[0.989309,-0.037512,-0.140926,-0.005293],[0.028796,0.997573,-0.063389,-0.008904],[0.142962,0.058654,0.987989,0.002756],[0.0,0.0,0.0,1.0]],"antennas":[-0.232522,0.28648],"body_yaw":0.0,"check_collision":false},{"head":[[0.989192,-0.037014,-0.141879,-0.005118],[0.028191,0.997571,-0.063701,-0.008901],[0.143892,0.059012,0.987832,0.002942],[0.0,0.0,0.0,1.0]],"antennas":[-0.232522,0.28648],"body_yaw":0.0,"check_collision":false},{"head":[[0.989159,-0.036887,-0.142138,-0.004985],[0.028009,0.997559,-0.063965,-0.008859],[0.14415,0.05929,0.987778,0.003024],[0.0,0.0,0.0,1.0]],"antennas":[-0.232522,0.28648],"body_yaw":0.0,"check_collision":false},{"head":[[0.989164,-0.03636,-0.142243,-0.004927],[0.027503,0.997587,-0.063751,-0.008915],[0.144218,0.059148,0.987777,0.003126],[0.0,0.0,0.0,1.0]],"antennas":[-0.232522,0.28648],"body_yaw":0.0,"check_collision":false},{"head":[[0.989194,-0.035594,-0.142224,-0.004902],[0.026733,0.997609,-0.063734,-0.009101],[0.144153,0.059243,0.98778,0.0033],[0.0,0.0,0.0,1.0]],"antennas":[-0.232522,0.28648],"body_yaw":0.0,"check_collision":false},{"head":[[0.989205,-0.035262,-0.14223,-0.004883],[0.026292,0.997574,-0.064461,-0.009169],[0.144158,0.060026,0.987732,0.003372],[0.0,0.0,0.0,1.0]],"antennas":[-0.232522,0.28648],"body_yaw":0.0,"check_collision":false},{"head":[[0.98921,-0.03539,-0.142168,-0.00494],[0.026318,0.997526,-0.065192,-0.009225],[0.144123,0.060747,0.987693,0.003403],[0.0,0.0,0.0,1.0]],"antennas":[-0.232522,0.28648],"body_yaw":0.0,"check_collision":false},{"head":[[0.989224,-0.035024,-0.142161,-0.004908],[0.02587,0.997502,-0.065734,-0.009205],[0.144108,0.061348,0.987658,0.003349],[0.0,0.0,0.0,1.0]],"antennas":[-0.232522,0.28648],"body_yaw":0.0,"check_collision":false},{"head":[[0.989285,-0.034409,-0.141887,-0.004884],[0.025166,0.997473,-0.066435,-0.009203],[0.143815,0.062153,0.987651,0.003299],[0.0,0.0,0.0,1.0]],"antennas":[-0.232522,0.28648],"body_yaw":0.0,"check_collision":false},{"head":[[0.989392,-0.033958,-0.141246,-0.004908],[0.024676,0.997451,-0.066955,-0.009123],[0.14316,0.062759,0.987708,0.003196],[0.0,0.0,0.0,1.0]],"antennas":[-0.232522,0.28648],"body_yaw":0.0,"check_collision":false},{"head":[[0.989499,-0.03321,-0.14067,-0.004791],[0.024,0.997487,-0.066667,-0.008923],[0.14253,0.062591,0.987809,0.002991],[0.0,0.0,0.0,1.0]],"antennas":[-0.232522,0.28648],"body_yaw":0.0,"check_collision":false},{"head":[[0.989576,-0.03206,-0.140395,-0.004743],[0.022805,0.997489,-0.067045,-0.008848],[0.142192,0.063144,0.987823,0.00286],[0.0,0.0,0.0,1.0]],"antennas":[-0.232522,0.28648],"body_yaw":0.0,"check_collision":false},{"head":[[0.989632,-0.031221,-0.140192,-0.004718],[0.021745,0.997406,-0.068623,-0.008785],[0.141971,0.064863,0.987743,0.002724],[0.0,0.0,0.0,1.0]],"antennas":[-0.232522,0.28648],"body_yaw":0.0,"check_collision":false},{"head":[[0.989679,-0.030573,-0.140003,-0.004672],[0.020886,0.997318,-0.070142,-0.008749],[0.141772,0.066494,0.987663,0.002632],[0.0,0.0,0.0,1.0]],"antennas":[-0.232522,0.28648],"body_yaw":0.0,"check_collision":false},{"head":[[0.989733,-0.030306,-0.139682,-0.004591],[0.020564,0.997288,-0.07067,-0.008666],[0.141445,0.067072,0.987671,0.002464],[0.0,0.0,0.0,1.0]],"antennas":[-0.232522,0.28648],"body_yaw":0.0,"check_collision":false},{"head":[[0.989781,-0.02999,-0.139404,-0.004612],[0.020138,0.997233,-0.071554,-0.008722],[0.141164,0.068016,0.987647,0.002379],[0.0,0.0,0.0,1.0]],"antennas":[-0.232522,0.28648],"body_yaw":0.0,"check_collision":false},{"head":[[0.989767,-0.029674,-0.13957,-0.004516],[0.019584,0.997131,-0.073116,-0.008531],[0.14134,0.069635,0.987509,0.002392],[0.0,0.0,0.0,1.0]],"antennas":[-0.232522,0.28648],"body_yaw":0.0,"check_collision":false},{"head":[[0.989761,-0.029676,-0.139618,-0.004524],[0.019385,0.997033,-0.074495,-0.008467],[0.141415,0.071026,0.987399,0.002373],[0.0,0.0,0.0,1.0]],"antennas":[-0.232522,0.28648],"body_yaw":0.0,"check_collision":false},{"head":[[0.989783,-0.029442,-0.139509,-0.004513],[0.019066,0.996991,-0.075138,-0.008291],[0.141301,0.07171,0.987366,0.002291],[0.0,0.0,0.0,1.0]],"antennas":[-0.232522,0.28648],"body_yaw":0.0,"check_collision":false},{"head":[[0.989838,-0.028805,-0.139249,-0.004498],[0.018319,0.996939,-0.076007,-0.008319],[0.141012,0.072684,0.987336,0.002221],[0.0,0.0,0.0,1.0]],"antennas":[-0.232522,0.28648],"body_yaw":0.0,"check_collision":false},{"head":[[0.989824,-0.028837,-0.139345,-0.0045],[0.018096,0.996809,-0.077742,-0.00846],[0.141142,0.074429,0.987188,0.002106],[0.0,0.0,0.0,1.0]],"antennas":[-0.232522,0.28648],"body_yaw":0.0,"check_collision":false},{"head":[[0.989755,-0.02947,-0.139702,-0.004758],[0.018409,0.996639,-0.079822,-0.008792],[0.141585,0.076433,0.986971,0.002124],[0.0,0.0,0.0,1.0]],"antennas":[-0.232522,0.28648],"body_yaw":0.0,"check_collision":false},{"head":[[0.989653,-0.029885,-0.140337,-0.004967],[0.018532,0.996499,-0.08152,-0.00906],[0.142282,0.078075,0.986742,0.002106],[0.0,0.0,0.0,1.0]],"antennas":[-0.232522,0.28648],"body_yaw":0.0,"check_collision":false},{"head":[[0.98963,-0.029925,-0.140486,-0.004794],[0.018377,0.996398,-0.082785,-0.008722],[0.142458,0.079345,0.986616,0.001781],[0.0,0.0,0.0,1.0]],"antennas":[-0.232522,0.28648],"body_yaw":0.0,"check_collision":false},{"head":[[0.989825,-0.028567,-0.13939,-0.004682],[0.016918,0.996318,-0.084051,-0.008738],[0.141278,0.080838,0.986664,0.001445],[0.0,0.0,0.0,1.0]],"antennas":[-0.232522,0.28897],"body_yaw":0.0,"check_collision":false},{"head":[[0.990056,-0.025104,-0.138414,-0.004505],[0.013487,0.996355,-0.084231,-0.008773],[0.140024,0.081527,0.986786,0.000938],[0.0,0.0,0.0,1.0]],"antennas":[-0.240983,0.323616],"body_yaw":0.0,"check_collision":false},{"head":[[0.990208,-0.02153,-0.137929,-0.004286],[0.010074,0.99648,-0.083223,-0.00879],[0.139235,0.081019,0.986939,0.000345],[0.0,0.0,0.0,1.0]],"antennas":[-0.266924,0.390365],"body_yaw":0.0,"check_collision":false},{"head":[[0.990318,-0.020552,-0.137287,-0.004157],[0.009313,0.996588,-0.08201,-0.008526],[0.138504,0.079938,0.987131,-0.000156],[0.0,0.0,0.0,1.0]],"antennas":[-0.317783,0.483674],"body_yaw":0.0,"check_collision":false},{"head":[[0.99022,-0.020606,-0.137986,-0.004093],[0.009413,0.996646,-0.081285,-0.008703],[0.139198,0.079191,0.987093,-0.00031],[0.0,0.0,0.0,1.0]],"antennas":[-0.390665,0.587263],"body_yaw":0.0,"check_collision":false},{"head":[[0.990083,-0.022243,-0.13871,-0.004159],[0.010932,0.99659,-0.081782,-0.008687],[0.140056,0.079455,0.986951,-0.000461],[0.0,0.0,0.0,1.0]],"antennas":[-0.485172,0.691674],"body_yaw":0.0,"check_collision":false},{"head":[[0.990015,-0.023681,-0.138959,-0.004144],[0.012288,0.996534,-0.082279,-0.008715],[0.140426,0.079749,0.986874,-0.00073],[0.0,0.0,0.0,1.0]],"antennas":[-0.589219,0.795719],"body_yaw":0.0,"check_collision":false},{"head":[[0.989989,-0.023415,-0.139192,-0.004039],[0.012101,0.996594,-0.081577,-0.008762],[0.140628,0.079075,0.9869,-0.001079],[0.0,0.0,0.0,1.0]],"antennas":[-0.693565,0.900061],"body_yaw":0.0,"check_collision":false},{"head":[[0.989977,-0.023246,-0.139304,-0.0039],[0.01212,0.996706,-0.080193,-0.008797],[0.140709,0.077701,0.986997,-0.001499],[0.0,0.0,0.0,1.0]],"antennas":[-0.797438,1.003931],"body_yaw":0.0,"check_collision":false},{"head":[[0.989695,-0.025295,-0.140937,-0.003608],[0.014505,0.996921,-0.077065,-0.008688],[0.142452,0.074227,0.987015,-0.002298],[0.0,0.0,0.0,1.0]],"antennas":[-0.901495,1.107985],"body_yaw":0.0,"check_collision":false},{"head":[[0.988254,-0.028639,-0.150114,-0.002913],[0.018214,0.997355,-0.070369,-0.007628],[0.151732,0.066809,0.986161,-0.004292],[0.0,0.0,0.0,1.0]],"antennas":[-1.005813,1.211645],"body_yaw":0.0,"check_collision":false},{"head":[[0.988152,-0.03255,-0.149989,-0.001937],[0.023755,0.997912,-0.060063,-0.00765],[0.151631,0.055788,0.986862,-0.006392],[0.0,0.0,0.0,1.0]],"antennas":[-1.106661,1.280898],"body_yaw":0.0,"check_collision":false},{"head":[[0.988366,-0.033134,-0.148443,-0.000676],[0.025802,0.998363,-0.05105,-0.00766],[0.149891,0.046626,0.987602,-0.008808],[0.0,0.0,0.0,1.0]],"antennas":[-1.130241,1.271428],"body_yaw":0.0,"check_collision":false},{"head":[[0.988914,-0.034116,-0.144516,0.000534],[0.028021,0.998639,-0.043999,-0.007645],[0.14582,0.039462,0.988524,-0.0113],[0.0,0.0,0.0,1.0]],"antennas":[-1.130241,1.271428],"body_yaw":0.0,"check_collision":false},{"head":[[0.989773,-0.039077,-0.137193,0.001538],[0.0336,0.998552,-0.042011,-0.007356],[0.138636,0.036971,0.989653,-0.013465],[0.0,0.0,0.0,1.0]],"antennas":[-1.130241,1.271428],"body_yaw":0.0,"check_collision":false},{"head":[[0.990816,-0.045565,-0.127306,0.002511],[0.039962,0.998131,-0.046224,-0.005892],[0.129175,0.040713,0.990786,-0.015603],[0.0,0.0,0.0,1.0]],"antennas":[-1.130241,1.271428],"body_yaw":0.0,"check_collision":false},{"head":[[0.991392,-0.052327,-0.120013,0.003206],[0.046852,0.997748,-0.048001,-0.006155],[0.122255,0.041965,0.991611,-0.017295],[0.0,0.0,0.0,1.0]],"antennas":[-1.130241,1.271428],"body_yaw":0.0,"check_collision":false},{"head":[[0.991629,-0.055774,-0.116449,0.003911],[0.051134,0.997789,-0.042464,-0.006242],[0.11856,0.036154,0.992289,-0.01875],[0.0,0.0,0.0,1.0]],"antennas":[-1.130241,1.271428],"body_yaw":0.0,"check_collision":false},{"head":[[0.991461,-0.053775,-0.118799,0.004511],[0.04923,0.997951,-0.040867,-0.006217],[0.120754,0.03467,0.992077,-0.019459],[0.0,0.0,0.0,1.0]],"antennas":[-1.130241,1.271428],"body_yaw":0.0,"check_collision":false},{"head":[[0.990803,-0.054575,-0.123815,0.004379],[0.049228,0.997735,-0.045846,-0.006466],[0.126036,0.039329,0.991246,-0.018933],[0.0,0.0,0.0,1.0]],"antennas":[-1.130241,1.271428],"body_yaw":0.0,"check_collision":false},{"head":[[0.989772,-0.059532,-0.129645,0.003916],[0.052293,0.996914,-0.058546,-0.006536],[0.13273,0.051168,0.989831,-0.017611],[0.0,0.0,0.0,1.0]],"antennas":[-1.130241,1.271428],"body_yaw":0.0,"check_collision":false},{"head":[[0.988527,-0.065832,-0.135942,0.003063],[0.056318,0.995764,-0.072683,-0.006923],[0.140151,0.064193,0.988047,-0.015153],[0.0,0.0,0.0,1.0]],"antennas":[-1.130241,1.271428],"body_yaw":0.0,"check_collision":false},{"head":[[0.987254,-0.069593,-0.143134,0.00212],[0.057517,0.99456,-0.086851,-0.007398],[0.148399,0.077511,0.985885,-0.012614],[0.0,0.0,0.0,1.0]],"antennas":[-1.130241,1.271428],"body_yaw":0.0,"check_collision":false},{"head":[[0.986604,-0.071073,-0.146836,0.001202],[0.057054,0.993591,-0.09758,-0.008055],[0.15283,0.087895,0.984336,-0.010239],[0.0,0.0,0.0,1.0]],"antennas":[-1.130241,1.271428],"body_yaw":0.0,"check_collision":false},{"head":[[0.986281,-0.069632,-0.149668,7.4e-05],[0.054223,0.993026,-0.104683,-0.008991],[0.155914,0.095132,0.983179,-0.00797],[0.0,0.0,0.0,1.0]],"antennas":[-1.130241,1.271428],"body_yaw":0.0,"check_collision":false},{"head":[[0.986276,-0.067371,-0.150733,-0.000603],[0.050866,0.992541,-0.110792,-0.009822],[0.157073,0.101604,0.982347,-0.006373],[0.0,0.0,0.0,1.0]],"antennas":[-1.105907,1.258787],"body_yaw":0.0,"check_collision":false},{"head":[[0.985801,-0.067274,-0.153853,-0.001254],[0.049326,0.991831,-0.117637,-0.010447],[0.16051,0.108377,0.981066,-0.005039],[0.0,0.0,0.0,1.0]],"antennas":[-1.051322,1.236987],"body_yaw":0.0,"check_collision":false},{"head":[[0.985606,-0.069309,-0.154196,-0.001914],[0.05044,0.991114,-0.12308,-0.010814],[0.161356,0.11353,0.980344,-0.004043],[0.0,0.0,0.0,1.0]],"antennas":[-0.973001,1.210295],"body_yaw":0.0,"check_collision":false},{"head":[[0.98647,-0.070471,-0.14802,-0.002481],[0.051927,0.99072,-0.125611,-0.011099],[0.155498,0.116226,0.980975,-0.003188],[0.0,0.0,0.0,1.0]],"antennas":[-0.874151,1.168728],"body_yaw":0.0,"check_collision":false},{"head":[[0.987385,-0.068435,-0.142787,-0.002353],[0.051031,0.991196,-0.122172,-0.011245],[0.149891,0.113344,0.982184,-0.00367],[0.0,0.0,0.0,1.0]],"antennas":[-0.769926,1.103509],"body_yaw":0.0,"check_collision":false},{"head":[[0.98791,-0.066151,-0.140204,-0.001826],[0.050112,0.992102,-0.114991,-0.01117],[0.146703,0.106575,0.983423,-0.004875],[0.0,0.0,0.0,1.0]],"antennas":[-0.66629,1.009226],"body_yaw":0.0,"check_collision":false},{"head":[[0.987987,-0.067291,-0.13912,-0.001302],[0.052675,0.992949,-0.106194,-0.011028],[0.145285,0.09759,0.984565,-0.006666],[0.0,0.0,0.0,1.0]],"antennas":[-0.561371,0.908417],"body_yaw":0.0,"check_collision":false},{"head":[[0.988229,-0.069564,-0.13625,-0.000835],[0.056849,0.993844,-0.095092,-0.010615],[0.142027,0.086227,0.9861,-0.008636],[0.0,0.0,0.0,1.0]],"antennas":[-0.457264,0.80839],"body_yaw":0.0,"check_collision":false},{"head":[[0.988936,-0.072402,-0.129473,-0.000352],[0.061985,0.99464,-0.082759,-0.010063],[0.134771,0.073818,0.988123,-0.01067],[0.0,0.0,0.0,1.0]],"antennas":[-0.352962,0.708176],"body_yaw":0.0,"check_collision":false},{"head":[[0.989844,-0.076578,-0.119767,0.000139],[0.06809,0.994973,-0.073428,-0.009467],[0.124788,0.064528,0.990083,-0.012679],[0.0,0.0,0.0,1.0]],"antennas":[-0.256137,0.620391],"body_yaw":0.0,"check_collision":false},{"head":[[0.989991,-0.082237,-0.114693,0.000949],[0.075327,0.995146,-0.063334,-0.00883],[0.119345,0.05406,0.99138,-0.014729],[0.0,0.0,0.0,1.0]],"antennas":[-0.255759,0.613536],"body_yaw":0.0,"check_collision":false},{"head":[[0.990028,-0.087357,-0.110518,0.001664],[0.081748,0.995172,-0.054314,-0.007957],[0.114729,0.044738,0.992389,-0.016473],[0.0,0.0,0.0,1.0]],"antennas":[-0.255759,0.613536],"body_yaw":0.0,"check_collision":false},{"head":[[0.990043,-0.091674,-0.106824,0.002248],[0.086751,0.994981,-0.049865,-0.007458],[0.110859,0.040102,0.993027,-0.017697],[0.0,0.0,0.0,1.0]],"antennas":[-0.255759,0.613536],"body_yaw":0.0,"check_collision":false},{"head":[[0.989919,-0.097754,-0.102492,0.002787],[0.093286,0.994504,-0.047533,-0.007115],[0.106575,0.037493,0.993598,-0.018923],[0.0,0.0,0.0,1.0]],"antennas":[-0.255759,0.613536],"body_yaw":0.0,"check_collision":false},{"head":[[0.989733,-0.103143,-0.098946,0.003248],[0.098824,0.993965,-0.047611,-0.007104],[0.10326,0.037344,0.993953,-0.019696],[0.0,0.0,0.0,1.0]],"antennas":[-0.255759,0.613536],"body_yaw":0.0,"check_collision":false},{"head":[[0.989595,-0.1051,-0.098261,0.00358],[0.100671,0.993712,-0.049014,-0.007309],[0.102794,0.038612,0.993953,-0.01976],[0.0,0.0,0.0,1.0]],"antennas":[-0.255759,0.613536],"body_yaw":0.0,"check_collision":false},{"head":[[0.989464,-0.106429,-0.098155,0.003722],[0.101747,0.993474,-0.051549,-0.007472],[0.103001,0.041019,0.993835,-0.019299],[0.0,0.0,0.0,1.0]],"antennas":[-0.255745,0.595813],"body_yaw":0.0,"check_collision":false},{"head":[[0.989034,-0.10961,-0.098977,0.003431],[0.104184,0.99284,-0.058438,-0.008138],[0.104674,0.047485,0.993372,-0.017791],[0.0,0.0,0.0,1.0]],"antennas":[-0.215119,0.550823],"body_yaw":0.0,"check_collision":false},{"head":[[0.988063,-0.116862,-0.100377,0.002967],[0.11053,0.991645,-0.066501,-0.008751],[0.10731,0.054612,0.992725,-0.015793],[0.0,0.0,0.0,1.0]],"antennas":[-0.172954,0.512917],"body_yaw":0.0,"check_collision":false},{"head":[[0.987004,-0.124119,-0.102063,0.002422],[0.116829,0.990348,-0.074572,-0.009338],[0.110334,0.061679,0.991979,-0.013605],[0.0,0.0,0.0,1.0]],"antennas":[-0.140411,0.486612],"body_yaw":0.0,"check_collision":false},{"head":[[0.98624,-0.128195,-0.104391,0.00205],[0.119881,0.989365,-0.082379,-0.009787],[0.113841,0.06873,0.991119,-0.011131],[0.0,0.0,0.0,1.0]],"antennas":[-0.120995,0.474811],"body_yaw":0.0,"check_collision":false},{"head":[[0.985708,-0.131509,-0.105286,0.001673],[0.122499,0.988567,-0.087921,-0.010419],[0.115644,0.073767,0.990548,-0.009231],[0.0,0.0,0.0,1.0]],"antennas":[-0.117093,0.478913],"body_yaw":0.0,"check_collision":false},{"head":[[0.985688,-0.132173,-0.104638,0.001374],[0.122952,0.988308,-0.090167,-0.011218],[0.115332,0.076011,0.990415,-0.007638],[0.0,0.0,0.0,1.0]],"antennas":[-0.128974,0.498434],"body_yaw":0.0,"check_collision":false},{"head":[[0.985381,-0.132035,-0.107665,0.001167],[0.122666,0.988408,-0.089456,-0.011687],[0.118228,0.074941,0.990155,-0.006277],[0.0,0.0,0.0,1.0]],"antennas":[-0.155462,0.531057],"body_yaw":0.0,"check_collision":false},{"head":[[0.984874,-0.132289,-0.111908,0.000864],[0.122822,0.988549,-0.087664,-0.012053],[0.122223,0.072593,0.989844,-0.004897],[0.0,0.0,0.0,1.0]],"antennas":[-0.193368,0.573192],"body_yaw":0.0,"check_collision":false},{"head":[[0.984382,-0.133247,-0.115056,0.000434],[0.123581,0.988474,-0.087441,-0.012406],[0.125382,0.071856,0.989503,-0.003435],[0.0,0.0,0.0,1.0]],"antennas":[-0.238252,0.619848],"body_yaw":0.0,"check_collision":false},{"head":[[0.983938,-0.13507,-0.116714,-0.000105],[0.125196,0.988205,-0.088183,-0.012693],[0.127248,0.072155,0.989243,-0.001562],[0.0,0.0,0.0,1.0]],"antennas":[-0.285516,0.665914],"body_yaw":0.0,"check_collision":false},{"head":[[0.983511,-0.136648,-0.118465,-0.000547],[0.1264,0.987878,-0.090111,-0.012947],[0.129342,0.073651,0.988861,0.000158],[0.0,0.0,0.0,1.0]],"antennas":[-0.329115,0.705929],"body_yaw":0.0,"check_collision":false},{"head":[[0.983224,-0.136724,-0.120736,-0.000655],[0.125855,0.987632,-0.093507,-0.012912],[0.132028,0.076743,0.988271,0.001365],[0.0,0.0,0.0,1.0]],"antennas":[-0.364378,0.735352],"body_yaw":0.0,"check_collision":false},{"head":[[0.982978,-0.135781,-0.123768,-0.000731],[0.124506,0.987688,-0.094717,-0.013022],[0.135105,0.077695,0.98778,0.002594],[0.0,0.0,0.0,1.0]],"antennas":[-0.387136,0.750793],"body_yaw":0.0,"check_collision":false},{"head":[[0.982458,-0.135588,-0.128028,-0.000848],[0.123895,0.98771,-0.095287,-0.013283],[0.139374,0.077754,0.987182,0.003721],[0.0,0.0,0.0,1.0]],"antennas":[-0.39489,0.750529],"body_yaw":0.0,"check_collision":false},{"head":[[0.982037,-0.134863,-0.13197,-0.000859],[0.122601,0.987701,-0.097035,-0.013195],[0.143433,0.079112,0.986493,0.004614],[0.0,0.0,0.0,1.0]],"antennas":[-0.38673,0.734606],"body_yaw":0.0,"check_collision":false},{"head":[[0.981589,-0.135416,-0.134708,-0.00099],[0.122783,0.987576,-0.098073,-0.013116],[0.146315,0.079727,0.98602,0.005758],[0.0,0.0,0.0,1.0]],"antennas":[-0.363617,0.704856],"body_yaw":0.0,"check_collision":false},{"head":[[0.980838,-0.138072,-0.137451,-0.001156],[0.125034,0.987161,-0.099393,-0.012958],[0.149409,0.080302,0.985509,0.006972],[0.0,0.0,0.0,1.0]],"antennas":[-0.328008,0.664531],"body_yaw":0.0,"check_collision":false},{"head":[[0.980049,-0.140672,-0.140412,-0.001472],[0.126835,0.986552,-0.103092,-0.013052],[0.153026,0.083226,0.984711,0.00847],[0.0,0.0,0.0,1.0]],"antennas":[-0.284389,0.618574],"body_yaw":0.0,"check_collision":false},{"head":[[0.979535,-0.14149,-0.14315,-0.001811],[0.126707,0.986084,-0.107631,-0.013267],[0.156386,0.08729,0.983831,0.00994],[0.0,0.0,0.0,1.0]],"antennas":[-0.237249,0.571826],"body_yaw":0.0,"check_collision":false},{"head":[[0.979367,-0.137573,-0.148034,-0.002016],[0.122011,0.986464,-0.109552,-0.013531],[0.161102,0.08923,0.982896,0.011256],[0.0,0.0,0.0,1.0]],"antennas":[-0.192313,0.529951],"body_yaw":0.0,"check_collision":false},{"head":[[0.979431,-0.133364,-0.151423,-0.002042],[0.117551,0.987066,-0.109003,-0.013149],[0.164001,0.088961,0.982441,0.012719],[0.0,0.0,0.0,1.0]],"antennas":[-0.15472,0.497675],"body_yaw":0.0,"check_collision":false},{"head":[[0.979064,-0.129844,-0.15676,-0.002193],[0.113342,0.987447,-0.11001,-0.013412],[0.169076,0.08994,0.981491,0.013931],[0.0,0.0,0.0,1.0]],"antennas":[-0.128669,0.478665],"body_yaw":0.0,"check_collision":false},{"head":[[0.977892,-0.127642,-0.165637,-0.002497],[0.109581,0.987422,-0.113974,-0.013676],[0.178102,0.093303,0.979579,0.01508],[0.0,0.0,0.0,1.0]],"antennas":[-0.117028,0.475021],"body_yaw":0.0,"check_collision":false},{"head":[[0.975609,-0.126578,-0.179346,-0.002608],[0.106232,0.987211,-0.118867,-0.013455],[0.192098,0.096916,0.976579,0.015752],[0.0,0.0,0.0,1.0]],"antennas":[-0.121395,0.487274],"body_yaw":0.0,"check_collision":false},{"head":[[0.972895,-0.128686,-0.192135,-0.002976],[0.106618,0.986895,-0.121123,-0.013891],[0.205204,0.097355,0.973865,0.016883],[0.0,0.0,0.0,1.0]],"antennas":[-0.140946,0.513775],"body_yaw":0.0,"check_collision":false},{"head":[[0.96987,-0.129562,-0.206314,-0.003014],[0.10682,0.987271,-0.117832,-0.014129],[0.218954,0.092243,0.971365,0.017632],[0.0,0.0,0.0,1.0]],"antennas":[-0.173836,0.551976],"body_yaw":0.0,"check_collision":false},{"head":[[0.965013,-0.130274,-0.227549,-0.002459],[0.108327,0.988398,-0.106461,-0.013568],[0.238778,0.078087,0.967929,0.017837],[0.0,0.0,0.0,1.0]],"antennas":[-0.216093,0.597058],"body_yaw":0.0,"check_collision":false},{"head":[[0.959547,-0.131372,-0.249019,-0.002085],[0.111356,0.98943,-0.09289,-0.013117],[0.25859,0.061402,0.964034,0.018153],[0.0,0.0,0.0,1.0]],"antennas":[-0.262743,0.644153],"body_yaw":0.0,"check_collision":false},{"head":[[0.953425,-0.131842,-0.271289,-0.001899],[0.113385,0.990104,-0.082693,-0.012994],[0.279506,0.048081,0.958939,0.01864],[0.0,0.0,0.0,1.0]],"antennas":[-0.308901,0.68778],"body_yaw":0.0,"check_collision":false},{"head":[[0.946463,-0.13263,-0.294309,-0.001547],[0.115583,0.990488,-0.074659,-0.012919],[0.301411,0.036644,0.95279,0.01894],[0.0,0.0,0.0,1.0]],"antennas":[-0.348841,0.722783],"body_yaw":0.0,"check_collision":false},{"head":[[0.940253,-0.134204,-0.31291,-0.001209],[0.11947,0.990649,-0.065888,-0.012867],[0.318826,0.024568,0.947495,0.018902],[0.0,0.0,0.0,1.0]],"antennas":[-0.37787,0.745243],"body_yaw":0.0,"check_collision":false},{"head":[[0.934594,-0.134269,-0.329402,-0.00112],[0.12141,0.990823,-0.059405,-0.012769],[0.334356,0.015527,0.942319,0.018716],[0.0,0.0,0.0,1.0]],"antennas":[-0.393172,0.752671],"body_yaw":0.0,"check_collision":false},{"head":[[0.929127,-0.13536,-0.344095,-0.001177],[0.123294,0.990742,-0.05682,-0.012846],[0.348601,0.010368,0.937214,0.018775],[0.0,0.0,0.0,1.0]],"antennas":[-0.392649,0.744169],"body_yaw":0.0,"check_collision":false},{"head":[[0.925179,-0.136823,-0.354011,-0.001156],[0.12599,0.990583,-0.05359,-0.012565],[0.358009,0.004978,0.933705,0.018824],[0.0,0.0,0.0,1.0]],"antennas":[-0.376527,0.720739],"body_yaw":0.0,"check_collision":false},{"head":[[0.922348,-0.137364,-0.361116,-0.001256],[0.12741,0.99052,-0.051357,-0.012725],[0.364747,0.001359,0.931106,0.018966],[0.0,0.0,0.0,1.0]],"antennas":[-0.346455,0.685007],"body_yaw":0.0,"check_collision":false},{"head":[[0.91973,-0.137736,-0.367593,-0.001221],[0.128143,0.990469,-0.050508,-0.012751],[0.371047,-0.000651,0.928614,0.018979],[0.0,0.0,0.0,1.0]],"antennas":[-0.306172,0.648289],"body_yaw":0.0,"check_collision":false},{"head":[[0.917173,-0.136544,-0.374366,-0.001257],[0.127722,0.990628,-0.048405,-0.012741],[0.377467,-0.003419,0.926017,0.019098],[0.0,0.0,0.0,1.0]],"antennas":[-0.290504,0.648289],"body_yaw":0.0,"check_collision":false},{"head":[[0.915628,-0.136678,-0.378081,-0.001405],[0.128409,0.990601,-0.047127,-0.012691],[0.380968,-0.005398,0.924572,0.01935],[0.0,0.0,0.0,1.0]],"antennas":[-0.290504,0.648289],"body_yaw":0.0,"check_collision":false},{"head":[[0.914988,-0.135811,-0.379938,-0.001557],[0.12787,0.990715,-0.046194,-0.012711],[0.382683,-0.006315,0.923858,0.019573],[0.0,0.0,0.0,1.0]],"antennas":[-0.290504,0.648289],"body_yaw":0.0,"check_collision":false},{"head":[[0.915227,-0.133181,-0.380292,-0.001676],[0.126146,0.991058,-0.043487,-0.012965],[0.382683,-0.008171,0.923843,0.019589],[0.0,0.0,0.0,1.0]],"antennas":[-0.290504,0.648289],"body_yaw":0.0,"check_collision":false},{"head":[[0.915622,-0.129259,-0.380696,-0.001644],[0.12325,0.99156,-0.040235,-0.013082],[0.382683,-0.010081,0.923825,0.019826],[0.0,0.0,0.0,1.0]],"antennas":[-0.290504,0.648289],"body_yaw":0.0,"check_collision":false},{"head":[[0.916254,-0.123474,-0.381095,-0.001612],[0.11846,0.992281,-0.036688,-0.013193],[0.382683,-0.011529,0.923808,0.02],[0.0,0.0,0.0,1.0]],"antennas":[-0.290504,0.648289],"body_yaw":0.0,"check_collision":false},{"head":[[0.916586,-0.120766,-0.381164,-0.001625],[0.115862,0.992617,-0.035882,-0.013139],[0.382683,-0.011274,0.923811,0.019958],[0.0,0.0,0.0,1.0]],"antennas":[-0.290504,0.648289],"body_yaw":0.0,"check_collision":false},{"head":[[0.91685,-0.119107,-0.381052,-0.00157],[0.113755,0.992833,-0.036628,-0.013139],[0.382683,-0.009764,0.923828,0.019646],[0.0,0.0,0.0,1.0]],"antennas":[-0.290504,0.648289],"body_yaw":0.0,"check_collision":false},{"head":[[0.917302,-0.118175,-0.380252,-0.001383],[0.112208,0.992961,-0.037908,-0.01329],[0.382056,-0.007895,0.924106,0.019202],[0.0,0.0,0.0,1.0]],"antennas":[-0.290504,0.648289],"body_yaw":0.0,"check_collision":false},{"head":[[0.919579,-0.118123,-0.374728,-0.001045],[0.111238,0.992987,-0.040036,-0.013183],[0.376829,-0.004868,0.92627,0.01845],[0.0,0.0,0.0,1.0]],"antennas":[-0.290504,0.648289],"body_yaw":0.0,"check_collision":false},{"head":[[0.920905,-0.117767,-0.371571,-0.000737],[0.110015,0.993039,-0.042074,-0.013056],[0.373939,-0.002132,0.927451,0.017737],[0.0,0.0,0.0,1.0]],"antennas":[-0.290504,0.648289],"body_yaw":0.0,"check_collision":false},{"head":[[0.921775,-0.117037,-0.369638,-0.000553],[0.108746,0.993128,-0.043267,-0.012897],[0.372162,-0.000314,0.928168,0.017143],[0.0,0.0,0.0,1.0]],"antennas":[-0.290504,0.648289],"body_yaw":0.0,"check_collision":false},{"head":[[0.922353,-0.116949,-0.368221,-0.000588],[0.108102,0.993137,-0.044642,-0.013063],[0.370915,0.00137,0.928666,0.016967],[0.0,0.0,0.0,1.0]],"antennas":[-0.290504,0.648289],"body_yaw":0.0,"check_collision":false},{"head":[[0.922417,-0.115934,-0.368383,-0.000618],[0.107057,0.993256,-0.044521,-0.012928],[0.37106,0.001629,0.928608,0.016922],[0.0,0.0,0.0,1.0]],"antennas":[-0.290504,0.648289],"body_yaw":0.0,"check_collision":false},{"head":[[0.92212,-0.114535,-0.369563,-0.000587],[0.106006,0.993419,-0.043377,-0.012584],[0.372099,0.000823,0.928192,0.01689],[0.0,0.0,0.0,1.0]],"antennas":[-0.290504,0.648289],"body_yaw":0.0,"check_collision":false},{"head":[[0.921831,-0.113563,-0.370582,-0.000526],[0.104973,0.99353,-0.04334,-0.012476],[0.373106,0.001051,0.927788,0.017023],[0.0,0.0,0.0,1.0]],"antennas":[-0.290504,0.648289],"body_yaw":0.0,"check_collision":false},{"head":[[0.921643,-0.112925,-0.371245,-0.000468],[0.104282,0.993603,-0.043347,-0.012424],[0.373765,0.001236,0.927523,0.017068],[0.0,0.0,0.0,1.0]],"antennas":[-0.290504,0.648289],"body_yaw":0.0,"check_collision":false},{"head":[[0.921898,-0.113571,-0.370414,-0.000464],[0.10447,0.993527,-0.044613,-0.012442],[0.373083,0.002432,0.927795,0.017155],[0.0,0.0,0.0,1.0]],"antennas":[-0.290504,0.648289],"body_yaw":0.0,"check_collision":false},{"head":[[0.922611,-0.11667,-0.367665,-0.000621],[0.10594,0.993149,-0.049309,-0.012502],[0.370899,0.006543,0.92865,0.017276],[0.0,0.0,0.0,1.0]],"antennas":[-0.290504,0.648289],"body_yaw":0.0,"check_collision":false},{"head":[[0.923377,-0.118321,-0.365204,-0.000705],[0.106316,0.992925,-0.052885,-0.012544],[0.368878,0.010006,0.929424,0.017089],[0.0,0.0,0.0,1.0]],"antennas":[-0.290504,0.648289],"body_yaw":0.0,"check_collision":false},{"head":[[0.923748,-0.118849,-0.364093,-0.000737],[0.106191,0.992842,-0.054669,-0.012581],[0.367984,0.011837,0.929757,0.017068],[0.0,0.0,0.0,1.0]],"antennas":[-0.290504,0.648289],"body_yaw":0.0,"check_collision":false},{"head":[[0.924391,-0.118881,-0.362448,-0.000673],[0.106112,0.992831,-0.055014,-0.012359],[0.36639,0.012394,0.930379,0.017101],[0.0,0.0,0.0,1.0]],"antennas":[-0.290504,0.648289],"body_yaw":0.0,"check_collision":false},{"head":[[0.925027,-0.119572,-0.360592,-0.00058],[0.106199,0.992724,-0.056754,-0.011998],[0.364755,0.014205,0.930995,0.017122],[0.0,0.0,0.0,1.0]],"antennas":[-0.290504,0.648289],"body_yaw":0.0,"check_collision":false},{"head":[[0.925442,-0.118683,-0.359822,-0.000425],[0.104733,0.992802,-0.058096,-0.011802],[0.364127,0.016079,0.931211,0.016933],[0.0,0.0,0.0,1.0]],"antennas":[-0.290504,0.648289],"body_yaw":0.0,"check_collision":false},{"head":[[0.926096,-0.116508,-0.358849,-0.000226],[0.102957,0.993068,-0.056715,-0.011589],[0.362969,0.015578,0.931671,0.016837],[0.0,0.0,0.0,1.0]],"antennas":[-0.290504,0.648289],"body_yaw":0.0,"check_collision":false},{"head":[[0.926478,-0.115404,-0.358219,-0.000163],[0.101953,0.993196,-0.056283,-0.0118],[0.362277,0.015623,0.931939,0.01655],[0.0,0.0,0.0,1.0]],"antennas":[-0.290504,0.648289],"body_yaw":0.0,"check_collision":false},{"head":[[0.926916,-0.115027,-0.357205,-3.2e-05],[0.10184,0.993247,-0.055577,-0.011605],[0.361186,0.015137,0.932371,0.016291],[0.0,0.0,0.0,1.0]],"antennas":[-0.290504,0.648289],"body_yaw":0.0,"check_collision":false},{"head":[[0.927437,-0.113351,-0.356388,8e-05],[0.100242,0.993436,-0.055106,-0.011941],[0.360295,0.015382,0.932711,0.016004],[0.0,0.0,0.0,1.0]],"antennas":[-0.290504,0.648289],"body_yaw":0.0,"check_collision":false},{"head":[[0.927617,-0.112283,-0.356257,0.000216],[0.099421,0.993564,-0.054276,-0.011842],[0.360059,0.014928,0.93281,0.016062],[0.0,0.0,0.0,1.0]],"antennas":[-0.290504,0.648289],"body_yaw":0.0,"check_collision":false},{"head":[[0.927667,-0.112573,-0.356035,0.000252],[0.099644,0.993529,-0.054512,-0.011723],[0.359867,0.015092,0.932881,0.016265],[0.0,0.0,0.0,1.0]],"antennas":[-0.290504,0.648289],"body_yaw":0.0,"check_collision":false},{"head":[[0.927602,-0.113455,-0.355926,0.000197],[0.100099,0.993412,-0.055784,-0.011677],[0.35991,0.016117,0.932848,0.016506],[0.0,0.0,0.0,1.0]],"antennas":[-0.290504,0.648289],"body_yaw":0.0,"check_collision":false},{"head":[[0.927573,-0.113649,-0.355939,0.000207],[0.09994,0.993375,-0.056735,-0.011777],[0.360029,0.017053,0.932785,0.016582],[0.0,0.0,0.0,1.0]],"antennas":[-0.290504,0.648289],"body_yaw":0.0,"check_collision":false},{"head":[[0.927665,-0.113452,-0.355762,0.000195],[0.099311,0.993375,-0.057828,-0.012008],[0.359965,0.018314,0.932786,0.016499],[0.0,0.0,0.0,1.0]],"antennas":[-0.290504,0.648289],"body_yaw":0.0,"check_collision":false},{"head":[[0.928034,-0.112878,-0.354981,0.000187],[0.098629,0.99343,-0.058045,-0.012116],[0.3592,0.018856,0.93307,0.016303],[0.0,0.0,0.0,1.0]],"antennas":[-0.290504,0.648289],"body_yaw":0.0,"check_collision":false},{"head":[[0.928531,-0.112609,-0.353766,0.00021],[0.098194,0.993446,-0.058498,-0.012214],[0.358035,0.019579,0.933503,0.016174],[0.0,0.0,0.0,1.0]],"antennas":[-0.290504,0.648289],"body_yaw":0.0,"check_collision":false},{"head":[[0.929467,-0.111738,-0.351576,0.0002],[0.096932,0.993511,-0.059498,-0.012211],[0.355943,0.021223,0.934267,0.016378],[0.0,0.0,0.0,1.0]],"antennas":[-0.290504,0.648289],"body_yaw":0.0,"check_collision":false},{"head":[[0.930437,-0.10963,-0.349669,0.000316],[0.094292,0.993696,-0.060647,-0.012141],[0.354114,0.023457,0.934908,0.01646],[0.0,0.0,0.0,1.0]],"antennas":[-0.290504,0.648289],"body_yaw":0.0,"check_collision":false},{"head":[[0.931092,-0.107773,-0.348502,0.000447],[0.092029,0.993857,-0.061471,-0.01202],[0.352986,0.025163,0.93529,0.016352],[0.0,0.0,0.0,1.0]],"antennas":[-0.290504,0.648289],"body_yaw":0.0,"check_collision":false},{"head":[[0.93163,-0.10655,-0.347436,0.000485],[0.090301,0.99394,-0.062681,-0.011981],[0.352009,0.027022,0.935606,0.016105],[0.0,0.