{"description":"A long affirmative response. You nod to confirm what your interlocutor said.","time":[0.0,0.02,0.04,0.06,0.08,0.1,0.12,0.14,0.16,0.18,0.2,0.22,0.24,0.26,0.28,0.3,0.32,0.34,0.36,0.38,0.4,0.42,0.44,0.46,0.48,0.5,0.52,0.54,0.56,0.58,0.6,0.62,0.64,0.66,0.68,0.7,0.72,0.74,0.76,0.78,0.8,0.82,0.84,0.86,0.88,0.9,0.92,0.94,0.96,0.98,1.0,1.02,1.04,1.06,1.08,1.1,1.12,1.14,1.16,1.18,1.2,1.22,1.24,1.26,1.28,1.3,1.32,1.34,1.36,1.38,1.4,1.42,1.44,1.46,1.48,1.5,1.52,1.54,1.56,1.58,1.6,1.62,1.64,1.66,1.68,1.7,1.72,1.74,1.76,1.78,1.8,1.82,1.84,1.86,1.88,1.9,1.92,1.94,1.96,1.98,2.0,2.02,2.04,2.06,2.08,2.1,2.12,2.14,2.16,2.18,2.2,2.22,2.24,2.26,2.28,2.3,2.32,2.34,2.36,2.38,2.4,2.42,2.44,2.46,2.48,2.5,2.52,2.54,2.56,2.58,2.6,2.62,2.64,2.66,2.68,2.7,2.72,2.74,2.76,2.78,2.8,2.82,2.84,2.86,2.88,2.9,2.92,2.94,2.96,2.98,3.0,3.02,3.04,3.06,3.08,3.1,3.12,3.14,3.16,3.18,3.2,3.22,3.24,3.26,3.28,3.3,3.32,3.34,3.36,3.38,3.4],"set_target_data":[{"head":[[0.989823,0.133018,0.050562,-0.001309],[-0.130064,0.989819,-0.057814,-0.006894],[-0.057737,0.05065,0.997046,0.02],[0.0,0.0,0.0,1.0]],"antennas":[-0.169181,0.367685],"body_yaw":0.0,"check_collision":false},{"head":[[0.98986,0.13277,0.050488,-0.001317],[-0.129826,0.989856,-0.057699,-0.007213],[-0.057637,0.05056,0.997057,0.02],[0.0,0.0,0.0,1.0]],"antennas":[-0.169181,0.367685],"body_yaw":0.0,"check_collision":false},{"head":[[0.98989,0.13257,0.050436,-0.001337],[-0.129629,0.989882,-0.057698,-0.007174],[-0.057574,0.050576,0.997059,0.02],[0.0,0.0,0.0,1.0]],"antennas":[-0.169181,0.367685],"body_yaw":0.0,"check_collision":false},{"head":[[0.989897,0.132501,0.050464,-0.001231],[-0.129575,0.989905,-0.057426,-0.006766],[-0.057563,0.050307,0.997074,0.02],[0.0,0.0,0.0,1.0]],"antennas":[-0.169181,0.367685],"body_yaw":0.0,"check_collision":false},{"head":[[0.989884,0.132583,0.050516,-0.001131],[-0.129642,0.989885,-0.057624,-0.006269],[-0.057645,0.050492,0.997059,0.02],[0.0,0.0,0.0,1.0]],"antennas":[-0.169181,0.367685],"body_yaw":0.0,"check_collision":false},{"head":[[0.989899,0.13255,0.050311,-0.001114],[-0.129616,0.989884,-0.057695,-0.006126],[-0.05745,0.050591,0.997066,0.02],[0.0,0.0,0.0,1.0]],"antennas":[-0.169181,0.367685],"body_yaw":0.0,"check_collision":false},{"head":[[0.98991,0.132444,0.050364,-0.001096],[-0.129491,0.989884,-0.057981,-0.006003],[-0.057533,0.050875,0.997046,0.02],[0.0,0.0,0.0,1.0]],"antennas":[-0.169181,0.367685],"body_yaw":0.0,"check_collision":false},{"head":[[0.989879,0.132504,0.05082,-0.000931],[-0.1295,0.989855,-0.058452,-0.005594],[-0.05805,0.05128,0.996996,0.02],[0.0,0.0,0.0,1.0]],"antennas":[-0.169181,0.367685],"body_yaw":0.0,"check_collision":false},{"head":[[0.989914,0.132257,0.050785,-0.000927],[-0.129233,0.989868,-0.058826,-0.006196],[-0.05805,0.051669,0.996976,0.02],[0.0,0.0,0.0,1.0]],"antennas":[-0.169181,0.367685],"body_yaw":0.0,"check_collision":false},{"head":[[0.989952,0.132068,0.05052,-0.000923],[-0.129051,0.989885,-0.058938,-0.006527],[-0.057793,0.051826,0.996982,0.02],[0.0,0.0,0.0,1.0]],"antennas":[-0.169181,0.367685],"body_yaw":0.0,"check_collision":false},{"head":[[0.989966,0.131921,0.050637,-0.000868],[-0.128891,0.989899,-0.059057,-0.006475],[-0.057916,0.051938,0.99697,0.02],[0.0,0.0,0.0,1.0]],"antennas":[-0.169181,0.367685],"body_yaw":0.0,"check_collision":false},{"head":[[0.990017,0.131594,0.050492,-0.000968],[-0.128564,0.989933,-0.059188,-0.006648],[-0.057773,0.052106,0.996969,0.02],[0.0,0.0,0.0,1.0]],"antennas":[-0.169181,0.367685],"body_yaw":0.0,"check_collision":false},{"head":[[0.990081,0.131212,0.050227,-0.001086],[-0.1282,0.989985,-0.059112,-0.007158],[-0.05748,0.052086,0.996987,0.02],[0.0,0.0,0.0,1.0]],"antennas":[-0.169181,0.367685],"body_yaw":0.0,"check_collision":false},{"head":[[0.990118,0.131045,0.049931,-0.001202],[-0.12805,0.990005,-0.059099,-0.007813],[-0.057177,0.052122,0.997003,0.02],[0.0,0.0,0.0,1.0]],"antennas":[-0.169181,0.367685],"body_yaw":0.0,"check_collision":false},{"head":[[0.990158,0.130689,0.050076,-0.001161],[-0.1277,0.990065,-0.058848,-0.007657],[-0.05727,0.051874,0.99701,0.02],[0.0,0.0,0.0,1.0]],"antennas":[-0.169181,0.367685],"body_yaw":0.0,"check_collision":false},{"head":[[0.990159,0.13073,0.049946,-0.00114],[-0.127731,0.990043,-0.059159,-0.007546],[-0.057182,0.052197,0.996998,0.02],[0.0,0.0,0.0,1.0]],"antennas":[-0.169181,0.367685],"body_yaw":0.0,"check_collision":false},{"head":[[0.990178,0.130733,0.049568,-0.00115],[-0.127743,0.990031,-0.059337,-0.00761],[-0.056831,0.052422,0.997007,0.02],[0.0,0.0,0.0,1.0]],"antennas":[-0.169181,0.367685],"body_yaw":0.0,"check_collision":false},{"head":[[0.99019,0.130572,0.049755,-0.000787],[-0.127547,0.990029,-0.05978,-0.007507],[-0.057064,0.052847,0.996971,0.02],[0.0,0.0,0.0,1.0]],"antennas":[-0.169181,0.367685],"body_yaw":0.0,"check_collision":false},{"head":[[0.990195,0.130686,0.049354,-0.0011],[-0.127681,0.990011,-0.059793,-0.007285],[-0.056675,0.052905,0.99699,0.02],[0.0,0.0,0.0,1.0]],"antennas":[-0.169181,0.367685],"body_yaw":0.0,"check_collision":false},{"head":[[0.990224,0.130517,0.049211,-0.001103],[-0.127504,0.990016,-0.060084,-0.007695],[-0.056562,0.053222,0.996979,0.02],[0.0,0.0,0.0,1.0]],"antennas":[-0.169181,0.367685],"body_yaw":0.0,"check_collision":false},{"head":[[0.990239,0.130472,0.049022,-0.001125],[-0.127451,0.990005,-0.060391,-0.007864],[-0.056411,0.053554,0.99697,0.02],[0.0,0.0,0.0,1.0]],"antennas":[-0.169181,0.367685],"body_yaw":0.0,"check_collision":false},{"head":[[0.990273,0.130249,0.048944,-0.001156],[-0.12724,0.99004,-0.060258,-0.008241],[-0.056305,0.053444,0.996982,0.02],[0.0,0.0,0.0,1.0]],"antennas":[-0.169181,0.367685],"body_yaw":0.0,"check_collision":false},{"head":[[0.990278,0.130233,0.048886,-0.001173],[-0.127236,0.99005,-0.060098,-0.008457],[-0.056226,0.053294,0.996995,0.02],[0.0,0.0,0.0,1.0]],"antennas":[-0.169181,0.367685],"body_yaw":0.0,"check_collision":false},{"head":[[0.99028,0.130405,0.048368,-0.001322],[-0.127431,0.99002,-0.060178,-0.008612],[-0.055733,0.05343,0.997015,0.02],[0.0,0.0,0.0,1.0]],"antennas":[-0.169181,0.367685],"body_yaw":0.0,"check_collision":false},{"head":[[0.990274,0.130608,0.047939,-0.00147],[-0.127655,0.989988,-0.060232,-0.008747],[-0.055326,0.053527,0.997033,0.02],[0.0,0.0,0.0,1.0]],"antennas":[-0.169181,0.367685],"body_yaw":0.0,"check_collision":false},{"head":[[0.990198,0.13103,0.048367,-0.001353],[-0.128072,0.989954,-0.059905,-0.007793],[-0.055731,0.053123,0.997032,0.02],[0.0,0.0,0.0,1.0]],"antennas":[-0.169181,0.367685],"body_yaw":0.0,"check_collision":false},{"head":[[0.990172,0.131072,0.048773,-0.001322],[-0.128109,0.989967,-0.059603,-0.00744],[-0.056096,0.052769,0.99703,0.02],[0.0,0.0,0.0,1.0]],"antennas":[-0.169181,0.367685],"body_yaw":0.0,"check_collision":false},{"head":[[0.99012,0.131279,0.049274,-0.001092],[-0.128278,0.989934,-0.0598,-0.006536],[-0.056628,0.052888,0.996994,0.02],[0.0,0.0,0.0,1.0]],"antennas":[-0.169181,0.367685],"body_yaw":0.0,"check_collision":false},{"head":[[0.990116,0.131228,0.049483,-0.001084],[-0.128209,0.989935,-0.059923,-0.006396],[-0.056849,0.052987,0.996976,0.02],[0.0,0.0,0.0,1.0]],"antennas":[-0.169181,0.367685],"body_yaw":0.0,"check_collision":false},{"head":[[0.990077,0.131369,0.049892,-0.000888],[-0.128348,0.989938,-0.059587,-0.006315],[-0.057217,0.052592,0.996976,0.02],[0.0,0.0,0.0,1.0]],"antennas":[-0.169181,0.367685],"body_yaw":0.0,"check_collision":false},{"head":[[0.99004,0.131509,0.050271,-0.000752],[-0.128498,0.989949,-0.059063,-0.005944],[-0.057533,0.052015,0.996988,0.02],[0.0,0.0,0.0,1.0]],"antennas":[-0.169181,0.367685],"body_yaw":0.0,"check_collision":false},{"head":[[0.990036,0.1315,0.050363,-0.000586],[-0.128516,0.989979,-0.058519,-0.005262],[-0.057553,0.051463,0.997015,0.02],[0.0,0.0,0.0,1.0]],"antennas":[-0.169181,0.367685],"body_yaw":0.0,"check_collision":false},{"head":[[0.990038,0.1314,0.05058,-0.000619],[-0.128426,0.990012,-0.058158,-0.005328],[-0.057717,0.051083,0.997025,0.02],[0.0,0.0,0.0,1.0]],"antennas":[-0.169181,0.367685],"body_yaw":0.0,"check_collision":false},{"head":[[0.990077,0.131124,0.05053,-0.000659],[-0.128169,0.990064,-0.057851,-0.006472],[-0.057613,0.0508,0.997046,0.02],[0.0,0.0,0.0,1.0]],"antennas":[-0.169181,0.367685],"body_yaw":0.0,"check_collision":false},{"head":[[0.990073,0.131109,0.050658,-0.000581],[-0.128152,0.990069,-0.057794,-0.006433],[-0.057732,0.050729,0.997042,0.02],[0.0,0.0,0.0,1.0]],"antennas":[-0.169181,0.367685],"body_yaw":0.0,"check_collision":false},{"head":[[0.990025,0.131431,0.05075,-0.000574],[-0.12846,0.990021,-0.057941,-0.005801],[-0.057859,0.050844,0.997029,0.02],[0.0,0.0,0.0,1.0]],"antennas":[-0.169181,0.367685],"body_yaw":0.0,"check_collision":false},{"head":[[0.989984,0.131682,0.05091,-0.000603],[-0.128695,0.989982,-0.058076,-0.005192],[-0.058047,0.050942,0.997013,0.02],[0.0,0.0,0.0,1.0]],"antennas":[-0.169181,0.367685],"body_yaw":0.0,"check_collision":false},{"head":[[0.989976,0.131562,0.051374,-0.000565],[-0.128563,0.990011,-0.057874,-0.004962],[-0.058475,0.050689,0.997001,0.02],[0.0,0.0,0.0,1.0]],"antennas":[-0.169181,0.367685],"body_yaw":0.0,"check_collision":false},{"head":[[0.989901,0.131872,0.052024,-0.000561],[-0.128844,0.989978,-0.057817,-0.004766],[-0.059127,0.05053,0.996971,0.02],[0.0,0.0,0.0,1.0]],"antennas":[-0.169181,0.367685],"body_yaw":0.0,"check_collision":false},{"head":[[0.989843,0.13218,0.05233,-0.000536],[-0.129156,0.989957,-0.057486,-0.004609],[-0.059403,0.050144,0.996974,0.02],[0.0,0.0,0.0,1.0]],"antennas":[-0.169181,0.367685],"body_yaw":0.0,"check_collision":false},{"head":[[0.989854,0.131989,0.05262,-0.000378],[-0.12894,0.989975,-0.057658,-0.005052],[-0.059703,0.050288,0.996949,0.02],[0.0,0.0,0.0,1.0]],"antennas":[-0.169181,0.367685],"body_yaw":0.0,"check_collision":false},{"head":[[0.98994,0.131334,0.052631,-0.000694],[-0.1283,0.990073,-0.05739,-0.006744],[-0.059646,0.05006,0.996964,0.02],[0.0,0.0,0.0,1.0]],"antennas":[-0.169181,0.367685],"body_yaw":0.0,"check_collision":false},{"head":[[0.989971,0.131082,0.052679,-0.000649],[-0.128028,0.990091,-0.057685,-0.006764],[-0.059719,0.050362,0.996944,0.02],[0.0,0.0,0.0,1.0]],"antennas":[-0.169181,0.367685],"body_yaw":0.0,"check_collision":false},{"head":[[0.990002,0.130867,0.052624,-0.000606],[-0.127795,0.990101,-0.058035,-0.006782],[-0.059698,0.05073,0.996927,0.02],[0.0,0.0,0.0,1.0]],"antennas":[-0.169181,0.367685],"body_yaw":0.0,"check_collision":false},{"head":[[0.990009,0.130849,0.052542,-0.0009],[-0.127789,0.990109,-0.05791,-0.006722],[-0.0596,0.050617,0.996938,0.02],[0.0,0.0,0.0,1.0]],"antennas":[-0.169181,0.367685],"body_yaw":0.0,"check_collision":false},{"head":[[0.989995,0.131015,0.052389,-0.000749],[-0.12794,0.990067,-0.0583,-0.006033],[-0.059507,0.051014,0.996923,0.02],[0.0,0.0,0.0,1.0]],"antennas":[-0.169181,0.367685],"body_yaw":0.0,"check_collision":false},{"head":[[0.990037,0.13083,0.052057,-0.000693],[-0.12777,0.990087,-0.058328,-0.005732],[-0.059172,0.051095,0.996939,0.02],[0.0,0.0,0.0,1.0]],"antennas":[-0.169181,0.367685],"body_yaw":0.0,"check_collision":false},{"head":[[0.990077,0.130612,0.051839,-0.000672],[-0.127537,0.990091,-0.058769,-0.006065],[-0.059001,0.051574,0.996925,0.02],[0.0,0.0,0.0,1.0]],"antennas":[-0.169181,0.367685],"body_yaw":0.0,"check_collision":false},{"head":[[0.990105,0.130766,0.050923,-0.000697],[-0.127722,0.990051,-0.059051,-0.005915],[-0.058138,0.051963,0.996955,0.02],[0.0,0.0,0.0,1.0]],"antennas":[-0.169181,0.367685],"body_yaw":0.0,"check_collision":false},{"head":[[0.990178,0.130603,0.049899,-0.000743],[-0.127618,0.99007,-0.058942,-0.005772],[-0.057102,0.051995,0.997013,0.02],[0.0,0.0,0.0,1.0]],"antennas":[-0.169181,0.367685],"body_yaw":0.0,"check_collision":false},{"head":[[0.990317,0.129956,0.048831,-0.000811],[-0.127021,0.990141,-0.059048,-0.00564],[-0.056023,0.052273,0.99706,0.02],[0.0,0.0,0.0,1.0]],"antennas":[-0.169181,0.367678],"body_yaw":0.0,"check_collision":false},{"head":[[0.990496,0.128992,0.047729,-0.000836],[-0.126095,0.990237,-0.059411,-0.005451],[-0.054926,0.052828,0.997092,0.02],[0.0,0.0,0.0,1.0]],"antennas":[-0.15703,0.321935],"body_yaw":0.0,"check_collision":false},{"head":[[0.99069,0.127869,0.046714,-0.001014],[-0.12502,0.990366,-0.059537,-0.006522],[-0.053876,0.053142,0.997132,0.02],[0.0,0.0,0.0,1.0]],"antennas":[-0.092629,0.264751],"body_yaw":0.0,"check_collision":false},{"head":[[0.990837,0.126914,0.046206,-0.001045],[-0.124066,0.990457,-0.06002,-0.00654],[-0.053382,0.053737,0.997127,0.02],[0.0,0.0,0.0,1.0]],"antennas":[-0.046536,0.232825],"body_yaw":0.0,"check_collision":false},{"head":[[0.990935,0.126175,0.046134,-0.001023],[-0.123317,0.990533,-0.060305,-0.006579],[-0.053307,0.054069,0.997113,0.02],[0.0,0.0,0.0,1.0]],"antennas":[-0.030523,0.233891],"body_yaw":0.0,"check_collision":false},{"head":[[0.991004,0.125796,0.045679,-0.001189],[-0.122987,0.990602,-0.059844,-0.005675],[-0.052778,0.053688,0.997162,0.02],[0.0,0.0,0.0,1.0]],"antennas":[-0.048401,0.26767],"body_yaw":0.0,"check_collision":false},{"head":[[0.991148,0.124874,0.045069,-0.001248],[-0.122157,0.990773,-0.058699,-0.00568],[-0.051984,0.052674,0.997258,0.02],[0.0,0.0,0.0,1.0]],"antennas":[-0.095553,0.325818],"body_yaw":0.0,"check_collision":false},{"head":[[0.991342,0.123322,0.045095,-0.001313],[-0.120669,0.991028,-0.057462,-0.00569],[-0.051777,0.051523,0.997329,0.02],[0.0,0.0,0.0,1.0]],"antennas":[-0.161519,0.394614],"body_yaw":0.0,"check_collision":false},{"head":[[0.991451,0.122093,0.046021,-0.001304],[-0.119414,0.991205,-0.057041,-0.005705],[-0.052581,0.051057,0.997311,0.02],[0.0,0.0,0.0,1.0]],"antennas":[-0.2287,0.456546],"body_yaw":0.0,"check_collision":false},{"head":[[0.991443,0.121459,0.047846,-0.001192],[-0.118665,0.991271,-0.05745,-0.005711],[-0.054407,0.051281,0.997201,0.02],[0.0,0.0,0.0,1.0]],"antennas":[-0.281508,0.496779],"body_yaw":0.0,"check_collision":false},{"head":[[0.991426,0.120057,0.051574,-0.000876],[-0.117009,0.991404,-0.058538,-0.007721],[-0.058158,0.052002,0.996952,0.02],[0.0,0.0,0.0,1.0]],"antennas":[-0.30686,0.505412],"body_yaw":0.0,"check_collision":false},{"head":[[0.991102,0.119211,0.059205,-0.000819],[-0.115706,0.991501,-0.059473,-0.008597],[-0.065792,0.052094,0.996473,0.02],[0.0,0.0,0.0,1.0]],"antennas":[-0.298576,0.480361],"body_yaw":0.0,"check_collision":false},{"head":[[0.990273,0.118738,0.072528,-0.000327],[-0.114507,0.991611,-0.059969,-0.008947],[-0.07904,0.051081,0.995562,0.02],[0.0,0.0,0.0,1.0]],"antennas":[-0.258336,0.42763],"body_yaw":0.0,"check_collision":false},{"head":[[0.988865,0.119214,0.089072,0.000415],[-0.114099,0.991627,-0.060482,-0.009002],[-0.095537,0.049645,0.994187,0.02],[0.0,0.0,0.0,1.0]],"antennas":[-0.196316,0.360334],"body_yaw":0.0,"check_collision":false},{"head":[[0.986668,0.122836,0.106763,0.001332],[-0.116701,0.991233,-0.061957,-0.007928],[-0.113438,0.048671,0.992352,0.02],[0.0,0.0,0.0,1.0]],"antennas":[-0.128331,0.294928],"body_yaw":0.0,"check_collision":false},{"head":[[0.983167,0.128132,0.130248,0.002578],[-0.120565,0.990611,-0.064445,-0.006951],[-0.137282,0.047657,0.989385,0.02],[0.0,0.0,0.0,1.0]],"antennas":[-0.069581,0.246947],"body_yaw":0.0,"check_collision":false},{"head":[[0.978022,0.135032,0.158867,0.004149],[-0.125495,0.989716,-0.06865,-0.007358],[-0.166503,0.047204,0.98491,0.02],[0.0,0.0,0.0,1.0]],"antennas":[-0.035331,0.228689],"body_yaw":0.0,"check_collision":false},{"head":[[0.97218,0.142357,0.186009,0.005649],[-0.130443,0.988626,-0.074855,-0.009566],[-0.19455,0.048509,0.979692,0.02],[0.0,0.0,0.0,1.0]],"antennas":[-0.033936,0.244602],"body_yaw":0.0,"check_collision":false},{"head":[[0.965585,0.14887,0.213268,0.007193],[-0.133908,0.987508,-0.083045,-0.009912],[-0.222967,0.051629,0.973458,0.02],[0.0,0.0,0.0,1.0]],"antennas":[-0.065588,0.29054],"body_yaw":0.0,"check_collision":false},{"head":[[0.957932,0.153342,0.242596,0.008525],[-0.135238,0.986745,-0.089697,-0.010269],[-0.253134,0.053116,0.965972,0.02],[0.0,0.0,0.0,1.0]],"antennas":[-0.122485,0.355371],"body_yaw":0.0,"check_collision":false},{"head":[[0.950143,0.157082,0.269358,0.009755],[-0.136237,0.986156,-0.094531,-0.010586],[-0.280478,0.053121,0.958389,0.02],[0.0,0.0,0.0,1.0]],"antennas":[-0.191547,0.423367],"body_yaw":0.0,"check_collision":false},{"head":[[0.944142,0.159427,0.288407,0.010706],[-0.136433,0.985762,-0.098281,-0.010553],[-0.29997,0.053443,0.952451,0.02],[0.0,0.0,0.0,1.0]],"antennas":[-0.25444,0.477709],"body_yaw":0.0,"check_collision":false},{"head":[[0.94105,0.159243,0.298439,0.011041],[-0.135087,0.985771,-0.100032,-0.011113],[-0.310122,0.05382,0.949172,0.02],[0.0,0.0,0.0,1.0]],"antennas":[-0.296922,0.505133],"body_yaw":0.0,"check_collision":false},{"head":[[0.942715,0.156148,0.294799,0.011038],[-0.13263,0.986281,-0.098281,-0.010219],[-0.306101,0.053552,0.950492,0.02],[0.0,0.0,0.0,1.0]],"antennas":[-0.307926,0.498987],"body_yaw":0.0,"check_collision":false},{"head":[[0.949014,0.150611,0.276928,0.010428],[-0.128899,0.987086,-0.095112,-0.00885],[-0.287677,0.054567,0.956172,0.02],[0.0,0.0,0.0,1.0]],"antennas":[-0.284855,0.460605],"body_yaw":0.0,"check_collision":false},{"head":[[0.95699,0.144518,0.251565,0.009289],[-0.125708,0.988032,-0.089388,-0.008497],[-0.261472,0.05392,0.963704,0.02],[0.0,0.0,0.0,1.0]],"antennas":[-0.233827,0.399465],"body_yaw":0.0,"check_collision":false},{"head":[[0.966965,0.139189,0.213552,0.007976],[-0.124045,0.988815,-0.082814,-0.007952],[-0.22269,0.053588,0.973415,0.02],[0.0,0.0,0.0,1.0]],"antennas":[-0.167505,0.330558],"body_yaw":0.0,"check_collision":false},{"head":[[0.975531,0.133376,0.174783,0.0065],[-0.121834,0.989695,-0.075234,-0.007513],[-0.183017,0.052099,0.981728,0.02],[0.0,0.0,0.0,1.0]],"antennas":[-0.098907,0.270687],"body_yaw":0.0,"check_collision":false},{"head":[[0.980943,0.127905,0.146259,0.00495],[-0.119152,0.990603,-0.067152,-0.007518],[-0.153474,0.048445,0.986964,0.02],[0.0,0.0,0.0,1.0]],"antennas":[-0.050132,0.234368],"body_yaw":0.0,"check_collision":false},{"head":[[0.983124,0.124852,0.133715,0.003866],[-0.116878,0.990955,-0.065938,-0.007668],[-0.140738,0.049197,0.988824,0.02],[0.0,0.0,0.0,1.0]],"antennas":[-0.029753,0.230841],"body_yaw":0.0,"check_collision":false},{"head":[[0.981883,0.122845,0.144274,0.003165],[-0.114348,0.991259,-0.06581,-0.00879],[-0.151097,0.04812,0.987347,0.02],[0.0,0.0,0.0,1.0]],"antennas":[-0.043368,0.260915],"body_yaw":0.0,"check_collision":false},{"head":[[0.977023,0.122566,0.174366,0.003485],[-0.112008,0.991295,-0.069192,-0.009349],[-0.181329,0.048072,0.982247,0.02],[0.0,0.0,0.0,1.0]],"antennas":[-0.087332,0.316828],"body_yaw":0.0,"check_collision":false},{"head":[[0.971084,0.121932,0.205253,0.003594],[-0.109145,0.991375,-0.072548,-0.010573],[-0.212328,0.048048,0.976016,0.02],[0.0,0.0,0.0,1.0]],"antennas":[-0.152254,0.385624],"body_yaw":0.0,"check_collision":false},{"head":[[0.963012,0.125132,0.23864,0.004371],[-0.109507,0.990944,-0.077699,-0.01109],[-0.246202,0.048693,0.967995,0.02],[0.0,0.0,0.0,1.0]],"antennas":[-0.220623,0.449669],"body_yaw":0.0,"check_collision":false},{"head":[[0.951901,0.128487,0.278165,0.005342],[-0.109387,0.990511,-0.083196,-0.011525],[-0.286215,0.048766,0.956924,0.02],[0.0,0.0,0.0,1.0]],"antennas":[-0.275744,0.493466],"body_yaw":0.0,"check_collision":false},{"head":[[0.939111,0.134219,0.316317,0.006723],[-0.111968,0.989844,-0.08759,-0.012097],[-0.324861,0.046839,0.944601,0.02],[0.0,0.0,0.0,1.0]],"antennas":[-0.305788,0.506691],"body_yaw":0.0,"check_collision":false},{"head":[[0.929464,0.136811,0.342606,0.007975],[-0.113268,0.989668,-0.08791,-0.011616],[-0.351093,0.042903,0.935357,0.02],[0.0,0.0,0.0,1.0]],"antennas":[-0.301951,0.485938],"body_yaw":0.0,"check_collision":false},{"head":[[0.923899,0.137716,0.356993,0.00864],[-0.112185,0.989477,-0.091373,-0.011483],[-0.36582,0.04437,0.929627,0.02],[0.0,0.0,0.0,1.0]],"antennas":[-0.265573,0.436101],"body_yaw":0.0,"check_collision":false},{"head":[[0.922823,0.135996,0.360421,0.008656],[-0.110223,0.989711,-0.091228,-0.011205],[-0.369119,0.044461,0.928318,0.02],[0.0,0.0,0.0,1.0]],"antennas":[-0.205644,0.369684],"body_yaw":0.0,"check_collision":false},{"head":[[0.924584,0.136403,0.355724,0.009061],[-0.111199,0.989672,-0.090468,-0.010718],[-0.36439,0.044089,0.930202,0.02],[0.0,0.0,0.0,1.0]],"antennas":[-0.137115,0.302786],"body_yaw":0.0,"check_collision":false},{"head":[[0.931033,0.135703,0.338765,0.008872],[-0.112206,0.989771,-0.088105,-0.009668],[-0.347256,0.044017,0.936737,0.02],[0.0,0.0,0.0,1.0]],"antennas":[-0.075994,0.25182],"body_yaw":0.0,"check_collision":false},{"head":[[0.939552,0.133862,0.315154,0.00811],[-0.112829,0.990044,-0.084153,-0.009083],[-0.323282,0.043508,0.945302,0.02],[0.0,0.0,0.0,1.0]],"antennas":[-0.038022,0.229212],"body_yaw":0.0,"check_collision":false},{"head":[[0.947305,0.130153,0.292701,0.007066],[-0.111298,0.990542,-0.080247,-0.009152],[-0.300376,0.043441,0.952831,0.02],[0.0,0.0,0.0,1.0]],"antennas":[-0.032055,0.240525],"body_yaw":0.0,"check_collision":false},{"head":[[0.954009,0.126878,0.271605,0.006148],[-0.109462,0.990894,-0.078406,-0.008566],[-0.27908,0.045069,0.95921,0.02],[0.0,0.0,0.0,1.0]],"antennas":[-0.060031,0.283074],"body_yaw":0.0,"check_collision":false},{"head":[[0.959067,0.124574,0.254307,0.005487],[-0.107939,0.991061,-0.078409,-0.008497],[-0.261801,0.047749,0.96394,0.02],[0.0,0.0,0.0,1.0]],"antennas":[-0.114111,0.346237],"body_yaw":0.0,"check_collision":false},{"head":[[0.963756,0.125018,0.23568,0.004881],[-0.109339,0.990899,-0.078513,-0.008059],[-0.24335,0.049898,0.968654,0.02],[0.0,0.0,0.0,1.0]],"antennas":[-0.182165,0.414626],"body_yaw":0.0,"check_collision":false},{"head":[[0.966581,0.125599,0.223484,0.004357],[-0.110742,0.990794,-0.077866,-0.00767],[-0.231207,0.050515,0.971592,0.02],[0.0,0.0,0.0,1.0]],"antennas":[-0.247032,0.471661],"body_yaw":0.0,"check_collision":false},{"head":[[0.967243,0.127153,0.219713,0.004092],[-0.112497,0.990584,-0.078028,-0.008478],[-0.227566,0.050755,0.972439,0.02],[0.0,0.0,0.0,1.0]],"antennas":[-0.292344,0.502961],"body_yaw":0.0,"check_collision":false},{"head":[[0.96475,0.130245,0.228677,0.004384],[-0.114619,0.990151,-0.080391,-0.009216],[-0.236896,0.051346,0.970177,0.02],[0.0,0.0,0.0,1.0]],"antennas":[-0.307924,0.501321],"body_yaw":0.0,"check_collision":false},{"head":[[0.956965,0.13335,0.257752,0.005169],[-0.115469,0.989806,-0.083378,-0.01009],[-0.266243,0.050027,0.962607,0.02],[0.0,0.0,0.0,1.0]],"antennas":[-0.289395,0.466863],"body_yaw":0.0,"check_collision":false},{"head":[[0.945468,0.136938,0.29553,0.006424],[-0.117269,0.989594,-0.083372,-0.010843],[-0.303872,0.044169,0.951689,0.02],[0.0,0.0,0.0,1.0]],"antennas":[-0.241305,0.408125],"body_yaw":0.0,"check_collision":false},{"head":[[0.932227,0.139962,0.333712,0.007735],[-0.118246,0.989371,-0.084629,-0.010847],[-0.34201,0.039433,0.938869,0.02],[0.0,0.0,0.0,1.0]],"antennas":[-0.175752,0.339572],"body_yaw":0.0,"check_collision":false},{"head":[[0.918664,0.140491,0.369215,0.00874],[-0.116822,0.989438,-0.08582,-0.01111],[-0.377372,0.035708,0.925373,0.02],[0.0,0.0,0.0,1.0]],"antennas":[-0.108412,0.277887],"body_yaw":0.0,"check_collision":false},{"head":[[0.91663,0.13901,0.374786,0.009125],[-0.115508,0.989699,-0.084583,-0.011002],[-0.382683,0.03424,0.923245,0.02],[0.0,0.0,0.0,1.0]],"antennas":[-0.056235,0.23824],"body_yaw":0.0,"check_collision":false},{"head":[[0.916974,0.136042,0.375036,0.010052],[-0.11275,0.99011,-0.083479,-0.010797],[-0.382683,0.034262,0.923244,0.02],[0.0,0.0,0.0,1.0]],"antennas":[-0.031478,0.230235],"body_yaw":0.0,"check_collision":false},{"head":[[0.917329,0.132646,0.375382,0.009713],[-0.109819,0.99059,-0.081672,-0.010259],[-0.382683,0.033696,0.923265,0.02],[0.0,0.0,0.0,1.0]],"antennas":[-0.040496,0.255898],"body_yaw":0.0,"check_collision":false},{"head":[[0.917451,0.131449,0.375506,0.009814],[-0.108798,0.990758,-0.081003,-0.009542],[-0.382683,0.033462,0.923273,0.02],[0.0,0.0,0.0,1.0]],"antennas":[-0.081115,0.308963],"body_yaw":0.0,"check_collision":false},{"head":[[0.917532,0.131444,0.375309,0.009648],[-0.108109,0.990696,-0.08267,-0.008869],[-0.382684,0.035278,0.923206,0.02],[0.0,0.0,0.0,1.0]],"antennas":[-0.143206,0.376353],"body_yaw":0.0,"check_collision":false},{"head":[[0.924137,0.130023,0.359255,0.009073],[-0.107106,0.990772,-0.083066,-0.008166],[-0.36674,0.038286,0.929535,0.02],[0.0,0.0,0.0,1.0]],"antennas":[-0.211561,0.422291],"body_yaw":0.0,"check_collision":false},{"head":[[0.935718,0.130004,0.327918,0.00819],[-0.10905,0.990683,-0.081585,-0.007806],[-0.335469,0.040581,0.941177,0.02],[0.0,0.0,0.0,1.0]],"antennas":[-0.223798,0.422291],"body_yaw":0.0,"check_collision":false},{"head":[[0.945249,0.13071,0.299029,0.007319],[-0.11215,0.990587,-0.078488,-0.007471],[-0.306473,0.040655,0.951011,0.02],[0.0,0.0,0.0,1.0]],"antennas":[-0.223798,0.422291],"body_yaw":0.0,"check_collision":false},{"head":[[0.95317,0.132696,0.27177,0.006507],[-0.116513,0.99036,-0.074917,-0.007226],[-0.279091,0.039744,0.959442,0.02],[0.0,0.0,0.0,1.0]],"antennas":[-0.223798,0.422291],"body_yaw":0.0,"check_collision":false},{"head":[[0.96073,0.137007,0.241304,0.006284],[-0.121978,0.989601,-0.076228,-0.007368],[-0.249239,0.043801,0.967451,0.02],[0.0,0.0,0.0,1.0]],"antennas":[-0.223798,0.422291],"body_yaw":0.0,"check_collision":false},{"head":[[0.965247,0.143665,0.218308,0.006421],[-0.128935,0.988392,-0.080358,-0.007714],[-0.227318,0.049417,0.972566,0.02],[0.0,0.0,0.0,1.0]],"antennas":[-0.223798,0.422291],"body_yaw":0.0,"check_collision":false},{"head":[[0.965178,0.147921,0.215755,0.006894],[-0.133392,0.987789,-0.080496,-0.008328],[-0.225027,0.048913,0.973124,0.02],[0.0,0.0,0.0,1.0]],"antennas":[-0.223798,0.422291],"body_yaw":0.0,"check_collision":false},{"head":[[0.960351,0.149157,0.235538,0.0076],[-0.1335,0.987719,-0.081169,-0.009091],[-0.244752,0.046507,0.96847,0.02],[0.0,0.0,0.0,1.0]],"antennas":[-0.223798,0.422291],"body_yaw":0.0,"check_collision":false},{"head":[[0.947933,0.14448,0.283809,0.007991],[-0.126938,0.988731,-0.07936,-0.010029],[-0.292077,0.039202,0.955591,0.02],[0.0,0.0,0.0,1.0]],"antennas":[-0.223798,0.422291],"body_yaw":0.0,"check_collision":false},{"head":[[0.930208,0.133947,0.341717,0.008363],[-0.116128,0.990608,-0.072182,-0.011063],[-0.348176,0.027461,0.937027,0.02],[0.0,0.0,0.0,1.0]],"antennas":[-0.223798,0.422291],"body_yaw":0.0,"check_collision":false},{"head":[[0.917458,0.131791,0.375369,0.008449],[-0.113404,0.991025,-0.070767,-0.009454],[-0.381327,0.022358,0.92417,0.02],[0.0,0.0,0.0,1.0]],"antennas":[-0.223798,0.422291],"body_yaw":0.0,"check_collision":false},{"head":[[0.917245,0.127053,0.377517,0.009036],[-0.110521,0.991731,-0.065235,-0.010549],[-0.382683,0.018113,0.923702,0.02],[0.0,0.0,0.0,1.0]],"antennas":[-0.223798,0.422291],"body_yaw":0.0,"check_collision":false},{"head":[[0.917433,0.124469,0.377921,0.009695],[-0.10895,0.992095,-0.062264,-0.010545],[-0.382683,0.015949,0.923742,0.02],[0.0,0.0,0.0,1.0]],"antennas":[-0.223798,0.422291],"body_yaw":0.0,"check_collision":false},{"head":[[0.917542,0.123149,0.378089,0.010264],[-0.10803,0.992272,-0.061033,-0.010104],[-0.382683,0.015155,0.923755,0.02],[0.0,0.0,0.0,1.0]],"antennas":[-0.223798,0.422291],"body_yaw":0.0,"check_collision":false},{"head":[[0.917715,0.121481,0.378209,0.010523],[-0.106549,0.992481,-0.060246,-0.009821],[-0.382684,0.014991,0.923758,0.02],[0.0,0.0,0.0,1.0]],"antennas":[-0.223798,0.422291],"body_yaw":0.0,"check_collision":false},{"head":[[0.917883,0.119385,0.378467,0.010629],[-0.105087,0.992753,-0.058292,-0.009674],[-0.382683,0.013733,0.923777,0.02],[0.0,0.0,0.0,1.0]],"antennas":[-0.223798,0.422291],"body_yaw":0.0,"check_collision":false},{"head":[[0.917904,0.118846,0.378588,0.010709],[-0.104911,0.992829,-0.057305,-0.009639],[-0.382683,0.012883,0.92379,0.02],[0.0,0.0,0.0,1.0]],"antennas":[-0.223798,0.422291],"body_yaw":0.0,"check_collision":false},{"head":[[0.91805,0.117773,0.378569,0.010495],[-0.103624,0.992947,-0.057612,-0.009372],[-0.382684,0.013662,0.923778,0.02],[0.0,0.0,0.0,1.0]],"antennas":[-0.223798,0.422291],"body_yaw":0.0,"check_collision":false},{"head":[[0.918335,0.115914,0.37845,0.010024],[-0.101061,0.993132,-0.05895,-0.009225],[-0.382684,0.015889,0.923743,0.02],[0.0,0.0,0.0,1.0]],"antennas":[-0.223798,0.422291],"body_yaw":0.0,"check_collision":false},{"head":[[0.918498,0.115772,0.378097,0.009437],[-0.099569,0.993085,-0.062201,-0.008828],[-0.382684,0.019485,0.923674,0.02],[0.0,0.0,0.0,1.0]],"antennas":[-0.223798,0.422291],"body_yaw":0.0,"check_collision":false},{"head":[[0.918416,0.120005,0.376975,0.008741],[-0.100326,0.992383,-0.071489,-0.008295],[-0.382683,0.027836,0.92346,0.02],[0.0,0.0,0.0,1.0]],"antennas":[-0.223798,0.422291],"body_yaw":0.0,"check_collision":false},{"head":[[0.924797,0.126245,0.358904,0.007923],[-0.102901,0.991181,-0.083502,-0.007733],[-0.366281,0.040291,0.929632,0.02],[0.0,0.0,0.0,1.0]],"antennas":[-0.223798,0.422291],"body_yaw":0.0,"check_collision":false},{"head":[[0.946063,0.127781,0.297718,0.007086],[-0.106541,0.990532,-0.086579,-0.007275],[-0.305962,0.05019,0.95072,0.02],[0.0,0.0,0.0,1.0]],"antennas":[-0.223798,0.422291],"body_yaw":0.0,"check_collision":false},{"head":[[0.961491,0.12518,0.244675,0.006243],[-0.107389,0.990594,-0.084806,-0.006935],[-0.252989,0.055264,0.965889,0.02],[0.0,0.0,0.0,1.0]],"antennas":[-0.223798,0.422291],"body_yaw":0.0,"check_collision":false},{"head":[[0.972622,0.121345,0.198199,0.00558],[-0.107181,0.990956,-0.080731,-0.006688],[-0.206203,0.057278,0.976831,0.02],[0.0,0.0,0.0,1.0]],"antennas":[-0.223798,0.422291],"body_yaw":0.0,"check_collision":false},{"head":[[0.980241,0.118712,0.158226,0.005143],[-0.107723,0.991246,-0.076338,-0.00665],[-0.165903,0.057786,0.984448,0.02],[0.0,0.0,0.0,1.0]],"antennas":[-0.223798,0.422291],"body_yaw":0.0,"check_collision":false},{"head":[[0.98541,0.118726,0.121947,0.004988],[-0.109973,0.991011,-0.076179,-0.006678],[-0.129895,0.061656,0.989609,0.02],[0.0,0.0,0.0,1.0]],"antennas":[-0.223798,0.422291],"body_yaw":0.0,"check_collision":false},{"head":[[0.989251,0.117522,0.087011,0.005327],[-0.110982,0.990871,-0.076539,-0.00675],[-0.095212,0.06606,0.993263,0.02],[0.0,0.0,0.0,1.0]],"antennas":[-0.223798,0.422291],"body_yaw":0.0,"check_collision":false},{"head":[[0.99183,0.114449,0.056337,0.005821],[-0.110095,0.991078,-0.075117,-0.006893],[-0.064432,0.068301,0.995582,0.02],[0.0,0.0,0.0,1.0]],"antennas":[-0.223798,0.422291],"body_yaw":0.0,"check_collision":false},{"head":[[0.993164,0.111284,0.035229,0.006176],[-0.108543,0.991483,-0.071977,-0.007063],[-0.042939,0.067661,0.996784,0.02],[0.0,0.0,0.0,1.0]],"antennas":[-0.223798,0.422291],"body_yaw":0.0,"check_collision":false},{"head":[[0.993859,0.109645,0.014912,0.006029],[-0.108387,0.991754,-0.068382,-0.006596],[-0.022287,0.066346,0.997548,0.02],[0.0,0.0,0.0,1.0]],"antennas":[-0.223798,0.422291],"body_yaw":0.0,"check_collision":false},{"head":[[0.994068,0.108505,-0.007469,0.004271],[-0.108761,0.991909,-0.065487,-0.005172],[0.000303,0.065911,0.997825,0.02],[0.0,0.0,0.0,1.0]],"antennas":[-0.223798,0.422291],"body_yaw":0.0,"check_collision":false},{"head":[[0.993945,0.107391,-0.023233,0.004081],[-0.108685,0.991986,-0.064434,-0.005901],[0.016127,0.066568,0.997652,0.02],[0.0,0.0,0.0,1.0]],"antennas":[-0.223798,0.422291],"body_yaw":0.0,"check_collision":false},{"head":[[0.993712,0.106189,-0.035492,0.004122],[-0.108288,0.992079,-0.06366,-0.006138],[0.028451,0.067103,0.99734,0.02],[0.0,0.0,0.0,1.0]],"antennas":[-0.223798,0.422291],"body_yaw":0.0,"check_collision":false},{"head":[[0.993326,0.107637,-0.041451,0.004465],[-0.110144,0.991861,-0.063874,-0.006001],[0.034239,0.068013,0.997097,0.02],[0.0,0.0,0.0,1.0]],"antennas":[-0.223798,0.422291],"body_yaw":0.0,"check_collision":false},{"head":[[0.992924,0.10876,-0.047676,0.004873],[-0.111671,0.991723,-0.063368,-0.006101],[0.040389,0.068243,0.996851,0.02],[0.0,0.0,0.0,1.0]],"antennas":[-0.223798,0.422291],"body_yaw":0.0,"check_collision":false},{"head":[[0.992611,0.109283,-0.052735,0.005298],[-0.112519,0.991657,-0.062891,-0.005904],[0.045422,0.06836,0.996626,0.02],[0.0,0.0,0.0,1.0]],"antennas":[-0.223798,0.422291],"body_yaw":0.0,"check_collision":false},{"head":[[0.992367,0.110299,-0.055154,0.005505],[-0.113764,0.99143,-0.064219,-0.006032],[0.047599,0.070003,0.996411,0.02],[0.0,0.0,0.0,1.0]],"antennas":[-0.223798,0.422291],"body_yaw":0.0,"check_collision":false},{"head":[[0.992157,0.111993,-0.055512,0.005813],[-0.115557,0.991119,-0.065795,-0.005805],[0.04765,0.071694,0.996288,0.02],[0.0,0.0,0.0,1.0]],"antennas":[-0.223798,0.422291],"body_yaw":0.0,"check_collision":false},{"head":[[0.991938,0.114419,-0.054478,0.006063],[-0.117981,0.990726,-0.0674,-0.005448],[0.046261,0.073284,0.996238,0.02],[0.0,0.0,0.0,1.0]],"antennas":[-0.223798,0.422291],"body_yaw":0.0,"check_collision":false},{"head":[[0.991746,0.116537,-0.053462,0.006315],[-0.12007,0.990402,-0.068463,-0.005293],[0.044971,0.074317,0.99622,0.02],[0.0,0.0,0.0,1.0]],"antennas":[-0.223798,0.422291],"body_yaw":0.0,"check_collision":false},{"head":[[0.991652,0.1182,-0.051527,0.006495],[-0.121642,0.99012,-0.06975,-0.005053],[0.042774,0.075435,0.996233,0.02],[0.0,0.0,0.0,1.0]],"antennas":[-0.223798,0.422291],"body_yaw":0.0,"check_collision":false},{"head":[[0.991583,0.119944,-0.048759,0.006648],[-0.123245,0.989795,-0.071529,-0.004977],[0.039682,0.076936,0.996246,0.02],[0.0,0.0,0.0,1.0]],"antennas":[-0.223798,0.422291],"body_yaw":0.0,"check_collision":false},{"head":[[0.991553,0.121552,-0.045257,0.00678],[-0.124617,0.98955,-0.07253,-0.004859],[0.035968,0.077557,0.996339,0.02],[0.0,0.0,0.0,1.0]],"antennas":[-0.223798,0.422291],"body_yaw":0.0,"check_collision":false},{"head":[[0.991563,0.122734,-0.041707,0.006955],[-0.125537,0.989399,-0.073006,-0.004709],[0.032304,0.077626,0.996459,0.02],[0.0,0.0,0.0,1.0]],"antennas":[-0.223798,0.422291],"body_yaw":0.0,"check_collision":false},{"head":[[0.991503,0.12405,-0.039149,0.007024],[-0.126689,0.989158,-0.074269,-0.004622],[0.029512,0.078598,0.996469,0.02],[0.0,0.0,0.0,1.0]],"antennas":[-0.223798,0.422291],"body_yaw":0.0,"check_collision":false},{"head":[[0.991444,0.125378,-0.036331,0.007096],[-0.127831,0.988903,-0.075698,-0.004318],[0.026437,0.079694,0.996469,0.02],[0.0,0.0,0.0,1.0]],"antennas":[-0.223798,0.422291],"body_yaw":0.0,"check_collision":false},{"head":[[0.991322,0.127357,-0.032574,0.007207],[-0.12953,0.988596,-0.076805,-0.00419],[0.022421,0.080357,0.996514,0.02],[0.0,0.0,0.0,1.0]],"antennas":[-0.223798,0.422291],"body_yaw":0.0,"check_collision":false},{"head":[[0.991183,0.129132,-0.029683,0.007391],[-0.131085,0.988326,-0.077647,-0.003975],[0.019309,0.080854,0.996539,0.02],[0.0,0.0,0.0,1.0]],"antennas":[-0.223798,0.422291],"body_yaw":0.0,"check_collision":false},{"head":[[0.991051,0.130539,-0.027866,0.007566],[-0.132359,0.988075,-0.078672,-0.004068],[0.017264,0.081656,0.996511,0.02],[0.0,0.0,0.0,1.0]],"antennas":[-0.223798,0.422291],"body_yaw":0.0,"check_collision":false},{"head":[[0.990973,0.131388,-0.026636,0.007474],[-0.13312,0.987899,-0.079592,-0.00442],[0.015856,0.082419,0.996472,0.02],[0.0,0.0,0.0,1.0]],"antennas":[-0.223798,0.422291],"body_yaw":0.0,"check_collision":false},{"head":[[0.990883,0.132313,-0.025398,0.007458],[-0.133946,0.987751,-0.080034,-0.004385],[0.014498,0.082706,0.996468,0.02],[0.0,0.0,0.0,1.0]],"antennas":[-0.223798,0.422291],"body_yaw":0.0,"check_collision":false},{"head":[[0.990847,0.132801,-0.024226,0.007473],[-0.13434,0.98767,-0.080376,-0.004503],[0.013253,0.082895,0.99647,0.02],[0.0,0.0,0.0,1.0]],"antennas":[-0.223798,0.422291],"body_yaw":0.0,"check_collision":false},{"head":[[0.990756,0.133601,-0.023534,0.007564],[-0.135092,0.987494,-0.081278,-0.004582],[0.012381,0.083706,0.996414,0.02],[0.0,0.0,0.0,1.0]],"antennas":[-0.223798,0.422291],"body_yaw":0.0,"check_collision":false},{"head":[[0.990745,0.133869,-0.022441,0.007671],[-0.135275,0.987409,-0.081995,-0.004479],[0.011182,0.084271,0.99638,0.02],[0.0,0.0,0.0,1.0]],"antennas":[-0.223798,0.422291],"body_yaw":0.0,"check_collision":false},{"head":[[0.990716,0.13421,-0.021655,0.007682],[-0.135557,0.987302,-0.082819,-0.004714],[0.010265,0.084985,0.996329,0.02],[0.0,0.0,0.0,1.0]],"antennas":[-0.223798,0.422291],"body_yaw":0.0,"check_collision":false},{"head":[[0.990652,0.134874,-0.02044,0.007757],[-0.136124,0.987153,-0.083666,-0.004777],[0.008893,0.085666,0.996284,0.02],[0.0,0.0,0.0,1.0]],"antennas":[-0.223798,0.422291],"body_yaw":0.0,"check_collision":false},{"head":[[0.99062,0.135373,-0.018626,0.00787],[-0.136471,0.98704,-0.084421,-0.004756],[0.006956,0.086171,0.996256,0.02],[0.0,0.0,0.0,1.0]],"antennas":[-0.223798,0.422291],"body_yaw":0.0,"check_collision":false},{"head":[[0.990612,0.135665,-0.016827,0.00798],[-0.136612,0.986941,-0.085352,-0.004749],[0.005028,0.086849,0.996209,0.02],[0.0,0.0,0.0,1.0]],"antennas":[-0.223798,0.422291],"body_yaw":0.0,"check_collision":false},{"head":[[0.990582,0.136078,-0.015195,0.007904],[-0.136886,0.986799,-0.086545,-0.005116],[0.003218,0.08781,0.996132,0.02],[0.0,0.0,0.0,1.0]],"antennas":[-0.223798,0.422291],"body_yaw":0.0,"check_collision":false},{"head":[[0.990539,0.136594,-0.013189,0.007941],[-0.137226,0.986631,-0.087908,-0.005252],[0.001005,0.088886,0.996041,0.02],[0.0,0.0,0.0,1.0]],"antennas":[-0.223798,0.422291],"body_yaw":0.0,"check_collision":false},{"head":[[0.990449,0.137462,-0.010713,0.007905],[-0.137868,0.986407,-0.089407,-0.005319],[-0.001722,0.09003,0.995938,0.02],[0.0,0.0,0.0,1.0]],"antennas":[-0.223798,0.422291],"body_yaw":0.0,"check_collision":false},{"head":[[0.990405,0.13793,-0.008614,0.008037],[-0.138137,0.986184,-0.091429,-0.00524],[-0.004116,0.091742,0.995774,0.02],[0.0,0.0,0.0,1.0]],"antennas":[-0.223798,0.422291],"body_yaw":0.0,"check_collision":false}]}