{"description":"A melancholic 'yes'. Can also be used when someone repeats something you already knew, or a resigned agreement.","time":[0.0,0.02,0.04,0.06,0.08,0.1,0.12,0.14,0.16,0.18,0.2,0.22,0.24,0.26,0.28,0.3,0.32,0.34,0.36,0.38,0.4,0.42,0.44,0.46,0.48,0.5,0.52,0.54,0.56,0.58,0.6,0.62,0.64,0.66,0.68,0.7,0.72,0.74,0.76,0.78,0.8,0.82,0.84,0.86,0.88,0.9,0.92,0.94,0.96,0.98,1.0,1.02,1.04,1.06,1.08,1.1,1.12,1.14,1.16,1.18,1.2,1.22,1.24,1.26,1.28,1.3,1.32,1.34,1.36,1.38,1.4,1.42,1.44,1.46,1.48,1.5,1.52,1.54,1.56,1.58,1.6,1.62,1.64,1.66,1.68,1.7,1.72,1.74,1.76,1.78,1.8,1.82,1.84,1.86,1.88,1.9,1.92,1.94,1.96,1.98,2.0,2.02,2.04,2.06,2.08,2.1,2.12,2.14,2.16,2.18,2.2,2.22,2.24,2.26,2.28,2.3,2.32,2.34,2.36,2.38,2.4,2.42,2.44,2.46,2.48,2.5,2.52,2.54,2.56,2.58,2.6,2.62,2.64,2.66,2.68,2.7,2.72,2.74,2.76,2.78,2.8,2.82,2.84,2.86,2.88,2.9,2.92,2.94,2.96,2.98,3.0,3.02,3.04,3.06,3.08,3.1,3.12,3.14,3.16,3.18,3.2,3.22,3.24,3.26,3.28,3.3,3.32,3.34,3.36,3.38,3.4,3.42,3.44,3.46,3.48,3.5,3.52,3.54,3.56,3.58,3.6,3.62,3.64,3.66,3.68,3.7,3.72,3.74,3.76,3.78,3.8,3.82,3.84,3.86,3.88,3.9,3.92,3.94,3.96,3.98,4.0,4.02,4.04,4.06,4.08,4.1,4.12,4.14,4.16,4.18,4.2,4.22,4.24,4.26,4.28,4.3,4.32,4.34,4.36,4.38,4.4,4.42,4.44,4.46,4.48,4.5,4.52,4.54,4.56,4.58,4.6,4.62,4.64,4.66,4.68,4.7,4.72,4.74,4.76,4.78,4.8,4.82,4.84,4.86,4.88,4.9,4.92,4.94,4.96,4.98,5.0,5.02,5.04,5.06,5.08],"set_target_data":[{"head":[[0.992813,0.09006,0.078807,-0.003305],[-0.083437,0.992996,-0.08365,-0.007498],[-0.085789,0.076474,0.993374,0.02],[0.0,0.0,0.0,1.0]],"antennas":[-0.101626,0.372721],"body_yaw":0.0,"check_collision":false},{"head":[[0.992801,0.090221,0.078784,-0.003404],[-0.083603,0.992985,-0.083619,-0.007678],[-0.085776,0.07643,0.993379,0.02],[0.0,0.0,0.0,1.0]],"antennas":[-0.101626,0.372721],"body_yaw":0.0,"check_collision":false},{"head":[[0.992777,0.090564,0.078692,-0.003455],[-0.083945,0.992949,-0.083693,-0.00773],[-0.085716,0.076483,0.99338,0.02],[0.0,0.0,0.0,1.0]],"antennas":[-0.101626,0.372721],"body_yaw":0.0,"check_collision":false},{"head":[[0.992711,0.09121,0.078777,-0.003499],[-0.084576,0.992886,-0.08381,-0.007238],[-0.085861,0.076537,0.993363,0.02],[0.0,0.0,0.0,1.0]],"antennas":[-0.101626,0.372721],"body_yaw":0.0,"check_collision":false},{"head":[[0.992595,0.092058,0.079255,-0.003576],[-0.085388,0.992818,-0.083792,-0.007241],[-0.086399,0.076404,0.993327,0.02],[0.0,0.0,0.0,1.0]],"antennas":[-0.101626,0.372721],"body_yaw":0.0,"check_collision":false},{"head":[[0.992406,0.093103,0.080387,-0.003569],[-0.086371,0.992756,-0.083519,-0.00718],[-0.08758,0.075942,0.993259,0.02],[0.0,0.0,0.0,1.0]],"antennas":[-0.101626,0.372721],"body_yaw":0.0,"check_collision":false},{"head":[[0.992281,0.093928,0.080963,-0.00358],[-0.087174,0.992706,-0.083279,-0.007048],[-0.088195,0.075578,0.993232,0.02],[0.0,0.0,0.0,1.0]],"antennas":[-0.101626,0.372721],"body_yaw":0.0,"check_collision":false},{"head":[[0.99225,0.09429,0.080929,-0.0035],[-0.087574,0.992706,-0.082863,-0.006674],[-0.088152,0.075133,0.993269,0.02],[0.0,0.0,0.0,1.0]],"antennas":[-0.101626,0.372721],"body_yaw":0.0,"check_collision":false},{"head":[[0.992188,0.094593,0.081337,-0.003515],[-0.087843,0.992678,-0.082913,-0.006693],[-0.088584,0.075121,0.993232,0.02],[0.0,0.0,0.0,1.0]],"antennas":[-0.101626,0.372721],"body_yaw":0.0,"check_collision":false},{"head":[[0.992062,0.095293,0.082048,-0.003437],[-0.088495,0.992625,-0.082846,-0.006466],[-0.089338,0.074928,0.993179,0.02],[0.0,0.0,0.0,1.0]],"antennas":[-0.101626,0.372721],"body_yaw":0.0,"check_collision":false},{"head":[[0.991919,0.096134,0.082789,-0.00338],[-0.089304,0.992574,-0.082593,-0.006454],[-0.090114,0.074532,0.993139,0.02],[0.0,0.0,0.0,1.0]],"antennas":[-0.101626,0.372721],"body_yaw":0.0,"check_collision":false},{"head":[[0.9919,0.096452,0.082654,-0.003372],[-0.08965,0.99256,-0.082391,-0.006466],[-0.089985,0.074314,0.993167,0.02],[0.0,0.0,0.0,1.0]],"antennas":[-0.101626,0.372721],"body_yaw":0.0,"check_collision":false},{"head":[[0.99197,0.096171,0.082132,-0.003383],[-0.089417,0.992588,-0.082296,-0.006717],[-0.089437,0.074291,0.993218,0.02],[0.0,0.0,0.0,1.0]],"antennas":[-0.101626,0.372721],"body_yaw":0.0,"check_collision":false},{"head":[[0.991999,0.096162,0.081792,-0.003481],[-0.089449,0.9926,-0.082122,-0.006726],[-0.089084,0.074148,0.99326,0.02],[0.0,0.0,0.0,1.0]],"antennas":[-0.101626,0.372721],"body_yaw":0.0,"check_collision":false},{"head":[[0.99199,0.096288,0.081761,-0.003492],[-0.089592,0.9926,-0.081962,-0.006649],[-0.089048,0.073981,0.993276,0.02],[0.0,0.0,0.0,1.0]],"antennas":[-0.101626,0.372721],"body_yaw":0.0,"check_collision":false},{"head":[[0.991998,0.096359,0.081579,-0.003495],[-0.089649,0.99257,-0.082272,-0.006466],[-0.088901,0.074301,0.993265,0.02],[0.0,0.0,0.0,1.0]],"antennas":[-0.101626,0.372721],"body_yaw":0.0,"check_collision":false},{"head":[[0.991973,0.096677,0.081512,-0.003628],[-0.08994,0.992514,-0.082627,-0.006452],[-0.08889,0.074633,0.993241,0.02],[0.0,0.0,0.0,1.0]],"antennas":[-0.101626,0.372721],"body_yaw":0.0,"check_collision":false},{"head":[[0.991923,0.096936,0.081811,-0.003534],[-0.090157,0.992476,-0.082845,-0.006212],[-0.089226,0.0748,0.993199,0.02],[0.0,0.0,0.0,1.0]],"antennas":[-0.114577,0.372721],"body_yaw":0.0,"check_collision":false},{"head":[[0.991864,0.097278,0.082109,-0.003564],[-0.090469,0.99244,-0.082932,-0.006304],[-0.089556,0.074829,0.993167,0.02],[0.0,0.0,0.0,1.0]],"antennas":[-0.136532,0.386296],"body_yaw":0.0,"check_collision":false},{"head":[[0.991724,0.098131,0.082788,-0.003536],[-0.091218,0.992323,-0.08351,-0.006469],[-0.090347,0.075267,0.993062,0.02],[0.0,0.0,0.0,1.0]],"antennas":[-0.164985,0.406211],"body_yaw":0.0,"check_collision":false},{"head":[[0.991499,0.099504,0.083842,-0.003507],[-0.092425,0.99213,-0.084473,-0.006381],[-0.091588,0.076006,0.992892,0.02],[0.0,0.0,0.0,1.0]],"antennas":[-0.197224,0.428821],"body_yaw":0.0,"check_collision":false},{"head":[[0.991264,0.100851,0.085003,-0.00349],[-0.093629,0.991967,-0.08506,-0.006546],[-0.092899,0.076358,0.992743,0.02],[0.0,0.0,0.0,1.0]],"antennas":[-0.229506,0.454134],"body_yaw":0.0,"check_collision":false},{"head":[[0.991069,0.102132,0.085737,-0.003404],[-0.094804,0.99181,-0.085584,-0.006583],[-0.093775,0.076692,0.992635,0.02],[0.0,0.0,0.0,1.0]],"antennas":[-0.261778,0.483806],"body_yaw":0.0,"check_collision":false},{"head":[[0.990971,0.102679,0.086215,-0.003423],[-0.095301,0.99175,-0.085729,-0.006901],[-0.094306,0.076738,0.992581,0.02],[0.0,0.0,0.0,1.0]],"antennas":[-0.294098,0.516185],"body_yaw":0.0,"check_collision":false},{"head":[[0.990934,0.10278,0.08652,-0.003419],[-0.095394,0.991756,-0.085562,-0.007115],[-0.094601,0.076533,0.992569,0.02],[0.0,0.0,0.0,1.0]],"antennas":[-0.32639,0.550691],"body_yaw":0.0,"check_collision":false},{"head":[[0.990917,0.102721,0.086784,-0.003376],[-0.095328,0.991774,-0.085421,-0.00729],[-0.094844,0.076372,0.992558,0.02],[0.0,0.0,0.0,1.0]],"antennas":[-0.358286,0.586242],"body_yaw":0.0,"check_collision":false},{"head":[[0.990888,0.102895,0.086912,-0.003466],[-0.095466,0.991736,-0.085711,-0.007528],[-0.095013,0.076632,0.992522,0.02],[0.0,0.0,0.0,1.0]],"antennas":[-0.390876,0.624058],"body_yaw":0.0,"check_collision":false},{"head":[[0.990894,0.102781,0.086979,-0.003395],[-0.095335,0.991738,-0.085825,-0.007434],[-0.095081,0.076752,0.992506,0.02],[0.0,0.0,0.0,1.0]],"antennas":[-0.423147,0.662045],"body_yaw":0.0,"check_collision":false},{"head":[[0.990847,0.102922,0.08735,-0.003411],[-0.095425,0.991709,-0.086064,-0.007441],[-0.095484,0.076941,0.992453,0.02],[0.0,0.0,0.0,1.0]],"antennas":[-0.455322,0.700185],"body_yaw":0.0,"check_collision":false},{"head":[[0.990742,0.103479,0.087879,-0.003402],[-0.095936,0.991655,-0.086116,-0.007574],[-0.096057,0.076888,0.992402,0.02],[0.0,0.0,0.0,1.0]],"antennas":[-0.487495,0.738871],"body_yaw":0.0,"check_collision":false},{"head":[[0.990586,0.104366,0.088586,-0.003453],[-0.096762,0.991569,-0.086188,-0.007627],[-0.096834,0.076804,0.992333,0.02],[0.0,0.0,0.0,1.0]],"antennas":[-0.519593,0.777718],"body_yaw":0.0,"check_collision":false},{"head":[[0.990467,0.105083,0.089061,-0.003536],[-0.097405,0.991473,-0.086568,-0.007646],[-0.097398,0.077068,0.992257,0.02],[0.0,0.0,0.0,1.0]],"antennas":[-0.55276,0.817327],"body_yaw":0.0,"check_collision":false},{"head":[[0.990386,0.105672,0.089272,-0.003546],[-0.097909,0.991361,-0.087281,-0.007648],[-0.097724,0.077701,0.992176,0.02],[0.0,0.0,0.0,1.0]],"antennas":[-0.591588,0.857209],"body_yaw":0.0,"check_collision":false},{"head":[[0.990328,0.106052,0.089467,-0.003554],[-0.098241,0.991299,-0.087608,-0.007694],[-0.09798,0.077971,0.992129,0.02],[0.0,0.0,0.0,1.0]],"antennas":[-0.635732,0.89726],"body_yaw":0.0,"check_collision":false},{"head":[[0.99022,0.106641,0.089953,-0.003549],[-0.098756,0.991215,-0.087983,-0.007796],[-0.098546,0.078239,0.992052,0.02],[0.0,0.0,0.0,1.0]],"antennas":[-0.683009,0.936866],"body_yaw":0.0,"check_collision":false},{"head":[[0.990078,0.107523,0.090473,-0.003509],[-0.099572,0.99111,-0.088239,-0.00781],[-0.099156,0.078354,0.991982,0.02],[0.0,0.0,0.0,1.0]],"antennas":[-0.731389,0.976438],"body_yaw":0.0,"check_collision":false},{"head":[[0.989946,0.108309,0.090976,-0.003455],[-0.100311,0.991028,-0.08832,-0.007806],[-0.099726,0.078306,0.991929,0.02],[0.0,0.0,0.0,1.0]],"antennas":[-0.77996,1.016027],"body_yaw":0.0,"check_collision":false},{"head":[[0.989792,0.109082,0.091719,-0.003419],[-0.101016,0.990947,-0.088425,-0.008031],[-0.100534,0.078257,0.991851,0.02],[0.0,0.0,0.0,1.0]],"antennas":[-0.829093,1.05553],"body_yaw":0.0,"check_collision":false},{"head":[[0.989664,0.110019,0.091983,-0.003338],[-0.101896,0.990825,-0.088787,-0.007509],[-0.100908,0.078497,0.991794,0.02],[0.0,0.0,0.0,1.0]],"antennas":[-0.889528,1.095084],"body_yaw":0.0,"check_collision":false},{"head":[[0.989475,0.110999,0.092835,-0.003311],[-0.10276,0.990692,-0.089271,-0.007545],[-0.10188,0.078792,0.991671,0.02],[0.0,0.0,0.0,1.0]],"antennas":[-0.963319,1.13456],"body_yaw":0.0,"check_collision":false},{"head":[[0.98922,0.111984,0.094358,-0.003272],[-0.103576,0.990564,-0.089748,-0.007625],[-0.103518,0.079007,0.991485,0.02],[0.0,0.0,0.0,1.0]],"antennas":[-1.042033,1.17422],"body_yaw":0.0,"check_collision":false},{"head":[[0.988928,0.113246,0.095899,-0.003219],[-0.10467,0.99041,-0.090181,-0.007585],[-0.105192,0.079145,0.991297,0.02],[0.0,0.0,0.0,1.0]],"antennas":[-1.121218,1.214015],"body_yaw":0.0,"check_collision":false},{"head":[[0.988667,0.114271,0.09736,-0.003079],[-0.105576,0.990309,-0.090227,-0.007471],[-0.106727,0.078925,0.991151,0.02],[0.0,0.0,0.0,1.0]],"antennas":[-1.199847,1.253531],"body_yaw":0.0,"check_collision":false},{"head":[[0.988369,0.115373,0.099077,-0.002976],[-0.106528,0.990195,-0.090369,-0.00775],[-0.108532,0.078763,0.990968,0.02],[0.0,0.0,0.0,1.0]],"antennas":[-1.277892,1.293155],"body_yaw":0.0,"check_collision":false},{"head":[[0.987934,0.117169,0.101282,-0.002923],[-0.108049,0.989945,-0.091288,-0.008012],[-0.110959,0.079244,0.990661,0.02],[0.0,0.0,0.0,1.0]],"antennas":[-1.355212,1.332835],"body_yaw":0.0,"check_collision":false},{"head":[[0.987486,0.119052,0.103429,-0.002839],[-0.109659,0.989683,-0.092212,-0.007851],[-0.11334,0.079717,0.990353,0.02],[0.0,0.0,0.0,1.0]],"antennas":[-1.43223,1.372361],"body_yaw":0.0,"check_collision":false},{"head":[[0.98696,0.121179,0.105947,-0.002745],[-0.111461,0.98938,-0.093289,-0.007853],[-0.116126,0.080264,0.989986,0.02],[0.0,0.0,0.0,1.0]],"antennas":[-1.509415,1.411971],"body_yaw":0.0,"check_collision":false},{"head":[[0.986233,0.123675,0.109769,-0.002629],[-0.113518,0.989039,-0.09442,-0.007873],[-0.120244,0.08066,0.989462,0.02],[0.0,0.0,0.0,1.0]],"antennas":[-1.586495,1.452024],"body_yaw":0.0,"check_collision":false},{"head":[[0.985305,0.126743,0.114496,-0.002485],[-0.116019,0.988603,-0.095941,-0.007975],[-0.125351,0.081248,0.98878,0.02],[0.0,0.0,0.0,1.0]],"antennas":[-1.664309,1.492567],"body_yaw":0.0,"check_collision":false},{"head":[[0.984304,0.13003,0.119323,-0.002225],[-0.118697,0.988118,-0.097645,-0.008092],[-0.130601,0.081949,0.988042,0.02],[0.0,0.0,0.0,1.0]],"antennas":[-1.741872,1.53298],"body_yaw":0.0,"check_collision":false},{"head":[[0.983242,0.133359,0.124301,-0.002113],[-0.12139,0.987618,-0.099371,-0.008092],[-0.136014,0.082617,0.987256,0.02],[0.0,0.0,0.0,1.0]],"antennas":[-1.819341,1.573344],"body_yaw":0.0,"check_collision":false},{"head":[[0.982116,0.136705,0.129461,-0.001968],[-0.123976,0.987052,-0.101777,-0.008326],[-0.141698,0.083907,0.986347,0.02],[0.0,0.0,0.0,1.0]],"antennas":[-1.896779,1.61434],"body_yaw":0.0,"check_collision":false},{"head":[[0.981275,0.139413,0.132907,-0.001826],[-0.126159,0.986602,-0.103444,-0.007996],[-0.145547,0.084739,0.985716,0.02],[0.0,0.0,0.0,1.0]],"antennas":[-1.973974,1.65574],"body_yaw":0.0,"check_collision":false},{"head":[[0.980825,0.140849,0.134696,-0.001699],[-0.12737,0.986391,-0.10397,-0.007727],[-0.147507,0.08482,0.985417,0.02],[0.0,0.0,0.0,1.0]],"antennas":[-2.051444,1.697733],"body_yaw":0.0,"check_collision":false},{"head":[[0.980594,0.141634,0.135552,-0.001629],[-0.128074,0.986292,-0.104047,-0.007941],[-0.148431,0.084667,0.985292,0.02],[0.0,0.0,0.0,1.0]],"antennas":[-2.12725,1.739725],"body_yaw":0.0,"check_collision":false},{"head":[[0.980416,0.142493,0.135945,-0.001607],[-0.128916,0.986191,-0.103966,-0.007848],[-0.148882,0.084405,0.985246,0.02],[0.0,0.0,0.0,1.0]],"antennas":[-2.182294,1.781674],"body_yaw":0.0,"check_collision":false},{"head":[[0.980229,0.143212,0.136534,-0.001399],[-0.129585,0.9861,-0.103992,-0.007438],[-0.149529,0.084243,0.985162,0.02],[0.0,0.0,0.0,1.0]],"antennas":[-2.182294,1.823957],"body_yaw":0.0,"check_collision":false},{"head":[[0.980033,0.143925,0.13719,-0.00144],[-0.130126,0.985946,-0.104773,-0.00788],[-0.150342,0.084829,0.984988,0.02],[0.0,0.0,0.0,1.0]],"antennas":[-2.182294,1.865749],"body_yaw":0.0,"check_collision":false},{"head":[[0.979735,0.144794,0.138397,-0.001337],[-0.130807,0.985794,-0.105358,-0.008077],[-0.151687,0.08512,0.984757,0.02],[0.0,0.0,0.0,1.0]],"antennas":[-2.182294,1.9078],"body_yaw":0.0,"check_collision":false},{"head":[[0.97929,0.146234,0.140024,-0.00137],[-0.132035,0.985575,-0.105873,-0.008192],[-0.153486,0.085192,0.984472,0.02],[0.0,0.0,0.0,1.0]],"antennas":[-2.182294,1.949853],"body_yaw":0.0,"check_collision":false},{"head":[[0.978765,0.147974,0.141852,-0.001452],[-0.133531,0.985308,-0.106482,-0.008079],[-0.155524,0.085279,0.984144,0.02],[0.0,0.0,0.0,1.0]],"antennas":[-2.182294,1.991375],"body_yaw":0.0,"check_collision":false},{"head":[[0.977939,0.15088,0.144469,-0.001312],[-0.136021,0.984827,-0.107772,-0.007725],[-0.158538,0.085743,0.983623,0.02],[0.0,0.0,0.0,1.0]],"antennas":[-2.182294,2.03381],"body_yaw":0.0,"check_collision":false},{"head":[[0.977284,0.153515,0.146111,-0.001284],[-0.138338,0.984373,-0.108962,-0.007531],[-0.160555,0.086274,0.983249,0.02],[0.0,0.0,0.0,1.0]],"antennas":[-2.182294,2.075661],"body_yaw":0.0,"check_collision":false},{"head":[[0.976804,0.155322,0.147409,-0.001229],[-0.139808,0.984006,-0.110388,-0.007411],[-0.162197,0.087218,0.982896,0.02],[0.0,0.0,0.0,1.0]],"antennas":[-2.182294,2.117164],"body_yaw":0.0,"check_collision":false},{"head":[[0.976307,0.156722,0.149206,-0.001283],[-0.140826,0.983703,-0.111785,-0.008122],[-0.164294,0.088124,0.982467,0.02],[0.0,0.0,0.0,1.0]],"antennas":[-2.182294,2.151681],"body_yaw":0.0,"check_collision":false},{"head":[[0.975502,0.159124,0.151907,-0.001132],[-0.142834,0.9833,-0.112779,-0.007786],[-0.167316,0.088319,0.981939,0.02],[0.0,0.0,0.0,1.0]],"antennas":[-2.182294,2.174894],"body_yaw":0.0,"check_collision":false},{"head":[[0.97473,0.161571,0.154262,-0.001151],[-0.144911,0.982878,-0.113804,-0.008225],[-0.170009,0.088574,0.981454,0.02],[0.0,0.0,0.0,1.0]],"antennas":[-2.182294,2.189606],"body_yaw":0.0,"check_collision":false},{"head":[[0.974217,0.163229,0.155751,-0.001186],[-0.146299,0.982574,-0.114651,-0.008862],[-0.171752,0.088908,0.98112,0.02],[0.0,0.0,0.0,1.0]],"antennas":[-2.182294,2.189606],"body_yaw":0.0,"check_collision":false},{"head":[[0.97395,0.164302,0.156287,-0.001357],[-0.147273,0.982389,-0.114992,-0.009204],[-0.172428,0.088979,0.980995,0.02],[0.0,0.0,0.0,1.0]],"antennas":[-2.182294,2.189606],"body_yaw":0.0,"check_collision":false},{"head":[[0.973326,0.165944,0.158426,-0.00125],[-0.148606,0.982104,-0.115709,-0.008741],[-0.174792,0.08908,0.980567,0.02],[0.0,0.0,0.0,1.0]],"antennas":[-2.182294,2.189606],"body_yaw":0.0,"check_collision":false},{"head":[[0.972233,0.168679,0.162207,-0.001196],[-0.150746,0.981598,-0.117225,-0.008492],[-0.178996,0.089518,0.979769,0.02],[0.0,0.0,0.0,1.0]],"antennas":[-2.182294,2.189606],"body_yaw":0.0,"check_collision":false},{"head":[[0.971255,0.171029,0.16557,-0.001132],[-0.152563,0.981157,-0.118554,-0.008796],[-0.182726,0.089886,0.979046,0.02],[0.0,0.0,0.0,1.0]],"antennas":[-2.182294,2.189606],"body_yaw":0.0,"check_collision":false},{"head":[[0.97036,0.173743,0.167976,-0.000942],[-0.154723,0.980588,-0.120453,-0.008305],[-0.185643,0.090893,0.978404,0.02],[0.0,0.0,0.0,1.0]],"antennas":[-2.182294,2.189606],"body_yaw":0.0,"check_collision":false},{"head":[[0.96903,0.177859,0.171311,-0.000841],[-0.158141,0.979766,-0.122682,-0.008172],[-0.189665,0.091791,0.977549,0.02],[0.0,0.0,0.0,1.0]],"antennas":[-2.182294,2.189606],"body_yaw":0.0,"check_collision":false},{"head":[[0.966377,0.182974,0.180653,-0.000672],[-0.161966,0.978847,-0.125006,-0.008238],[-0.199704,0.091543,0.975571,0.02],[0.0,0.0,0.0,1.0]],"antennas":[-2.182294,2.189606],"body_yaw":0.0,"check_collision":false},{"head":[[0.962619,0.189881,0.193155,-0.00047],[-0.166978,0.977514,-0.128784,-0.008094],[-0.213265,0.091717,0.97268,0.019903],[0.0,0.0,0.0,1.0]],"antennas":[-2.182294,2.189606],"body_yaw":0.0,"check_collision":false},{"head":[[0.958694,0.196123,0.206011,-0.000211],[-0.1709,0.976136,-0.133985,-0.008126],[-0.227372,0.093243,0.969334,0.019424],[0.0,0.0,0.0,1.0]],"antennas":[-2.182294,2.189606],"body_yaw":0.0,"check_collision":false},{"head":[[0.954529,0.202858,0.218457,3.1e-05],[-0.175144,0.97458,-0.13971,-0.008196],[-0.241245,0.095095,0.965794,0.019081],[0.0,0.0,0.0,1.0]],"antennas":[-2.182294,2.189606],"body_yaw":0.0,"check_collision":false},{"head":[[0.949824,0.210707,0.231166,0.000435],[-0.180378,0.972771,-0.145534,-0.00817],[-0.255537,0.096534,0.961968,0.018402],[0.0,0.0,0.0,1.0]],"antennas":[-2.182294,2.189606],"body_yaw":0.0,"check_collision":false},{"head":[[0.945179,0.217663,0.243434,0.000803],[-0.185022,0.971217,-0.150015,-0.00847],[-0.26908,0.09675,0.958246,0.017918],[0.0,0.0,0.0,1.0]],"antennas":[-2.182294,2.189606],"body_yaw":0.0,"check_collision":false},{"head":[[0.939881,0.225318,0.256623,0.001187],[-0.1899,0.969391,-0.155625,-0.008838],[-0.283833,0.097537,0.9539,0.01743],[0.0,0.0,0.0,1.0]],"antennas":[-2.182294,2.189606],"body_yaw":0.0,"check_collision":false},{"head":[[0.933077,0.232945,0.27405,0.001609],[-0.194139,0.967594,-0.161465,-0.009139],[-0.302782,0.097455,0.948064,0.016821],[0.0,0.0,0.0,1.0]],"antennas":[-2.182294,2.189606],"body_yaw":0.0,"check_collision":false},{"head":[[0.927285,0.238441,0.288596,0.002109],[-0.196742,0.966268,-0.16619,-0.00913],[-0.318487,0.097327,0.942917,0.015942],[0.0,0.0,0.0,1.0]],"antennas":[-2.182294,2.189606],"body_yaw":0.0,"check_collision":false},{"head":[[0.922373,0.243072,0.300238,0.002603],[-0.198839,0.965092,-0.170474,-0.00899],[-0.331195,0.097541,0.938507,0.015108],[0.0,0.0,0.0,1.0]],"antennas":[-2.182294,2.189606],"body_yaw":0.0,"check_collision":false},{"head":[[0.917306,0.248239,0.311331,0.003057],[-0.20153,0.96378,-0.174679,-0.009105],[-0.343417,0.097492,0.934109,0.014674],[0.0,0.0,0.0,1.0]],"antennas":[-2.182294,2.189606],"body_yaw":0.0,"check_collision":false},{"head":[[0.912945,0.253113,0.320102,0.003497],[-0.204492,0.962566,-0.177904,-0.009095],[-0.353149,0.096958,0.93053,0.014162],[0.0,0.0,0.0,1.0]],"antennas":[-2.182294,2.189606],"body_yaw":0.0,"check_collision":false},{"head":[[0.908419,0.258289,0.328727,0.003759],[-0.207366,0.961154,-0.182159,-0.009108],[-0.363007,0.09731,0.926691,0.013561],[0.0,0.0,0.0,1.0]],"antennas":[-2.182294,2.189606],"body_yaw":0.0,"check_collision":false},{"head":[[0.903151,0.26328,0.339118,0.003987],[-0.209702,0.959783,-0.186659,-0.009396],[-0.374623,0.097467,0.92204,0.01311],[0.0,0.0,0.0,1.0]],"antennas":[-2.182294,2.189606],"body_yaw":0.0,"check_collision":false},{"head":[[0.899171,0.26792,0.345992,0.004443],[-0.212589,0.958538,-0.189765,-0.009522],[-0.382488,0.097077,0.918846,0.012697],[0.0,0.0,0.0,1.0]],"antennas":[-2.182294,2.189606],"body_yaw":0.0,"check_collision":false},{"head":[[0.898257,0.271719,0.345402,0.004708],[-0.216073,0.957456,-0.191286,-0.009692],[-0.382683,0.097192,0.918753,0.012033],[0.0,0.0,0.0,1.0]],"antennas":[-2.182294,2.189606],"body_yaw":0.0,"check_collision":false},{"head":[[0.897794,0.273812,0.344954,0.004992],[-0.21799,0.956846,-0.192159,-0.009535],[-0.382683,0.097323,0.918739,0.011583],[0.0,0.0,0.0,1.0]],"antennas":[-2.182294,2.189606],"body_yaw":0.0,"check_collision":false},{"head":[[0.898039,0.272882,0.345052,0.005082],[-0.216977,0.957072,-0.192184,-0.009327],[-0.382683,0.09772,0.918697,0.011557],[0.0,0.0,0.0,1.0]],"antennas":[-2.182294,2.189606],"body_yaw":0.0,"check_collision":false},{"head":[[0.898979,0.268902,0.345728,0.004986],[-0.213049,0.958141,-0.191248,-0.008942],[-0.382683,0.098271,0.918638,0.01167],[0.0,0.0,0.0,1.0]],"antennas":[-2.182294,2.189606],"body_yaw":0.0,"check_collision":false},{"head":[[0.900495,0.2627,0.34655,0.004587],[-0.207366,0.959873,-0.188793,-0.008829],[-0.38224,0.098145,0.918836,0.012305],[0.0,0.0,0.0,1.0]],"antennas":[-2.182294,2.189606],"body_yaw":0.0,"check_collision":false},{"head":[[0.905364,0.255183,0.339407,0.004134],[-0.202181,0.961926,-0.183907,-0.008832],[-0.373414,0.097881,0.922486,0.013114],[0.0,0.0,0.0,1.0]],"antennas":[-2.182294,2.189606],"body_yaw":0.0,"check_collision":false},{"head":[[0.910564,0.248373,0.33043,0.003715],[-0.198139,0.963794,-0.178443,-0.008583],[-0.362787,0.097013,0.926809,0.013508],[0.0,0.0,0.0,1.0]],"antennas":[-2.182294,2.189606],"body_yaw":0.0,"check_collision":false},{"head":[[0.916103,0.241902,0.319749,0.003265],[-0.194658,0.965538,-0.172757,-0.008423],[-0.35052,0.096022,0.93162,0.014122],[0.0,0.0,0.0,1.0]],"antennas":[-2.182294,2.189606],"body_yaw":0.0,"check_collision":false},{"head":[[0.920984,0.236052,0.309948,0.002858],[-0.191263,0.967028,-0.168153,-0.007852],[-0.339421,0.095585,0.935765,0.01412],[0.0,0.0,0.0,1.0]],"antennas":[-2.182294,2.189606],"body_yaw":0.0,"check_collision":false},{"head":[[0.925203,0.230547,0.30141,0.002328],[-0.187931,0.968416,-0.163868,-0.00758],[-0.329669,0.094967,0.939308,0.014676],[0.0,0.0,0.0,1.0]],"antennas":[-2.182294,2.189606],"body_yaw":0.0,"check_collision":false},{"head":[[0.927526,0.226838,0.297053,0.00183],[-0.185279,0.969297,-0.161665,-0.007526],[-0.324605,0.09491,0.941076,0.015175],[0.0,0.0,0.0,1.0]],"antennas":[-2.182294,2.189606],"body_yaw":0.0,"check_collision":false},{"head":[[0.929043,0.225041,0.293661,0.001411],[-0.18431,0.969749,-0.160054,-0.007909],[-0.320796,0.094572,0.942415,0.015939],[0.0,0.0,0.0,1.0]],"antennas":[-2.182294,2.189606],"body_yaw":0.0,"check_collision":false},{"head":[[0.930186,0.22475,0.290244,0.001241],[-0.184756,0.969855,-0.158893,-0.007905],[-0.317206,0.094176,0.943669,0.016248],[0.0,0.0,0.0,1.0]],"antennas":[-2.182294,2.189606],"body_yaw":0.0,"check_collision":false},{"head":[[0.930221,0.225586,0.289484,0.001167],[-0.185733,0.969681,-0.158811,-0.008165],[-0.316532,0.093963,0.943916,0.016591],[0.0,0.0,0.0,1.0]],"antennas":[-2.182294,2.189606],"body_yaw":0.0,"check_collision":false},{"head":[[0.928913,0.228061,0.291734,0.001156],[-0.187771,0.969138,-0.159732,-0.008415],[-0.319159,0.093598,0.943068,0.016564],[0.0,0.0,0.0,1.0]],"antennas":[-2.182294,2.189606],"body_yaw":0.0,"check_collision":false},{"head":[[0.927156,0.231471,0.294625,0.001266],[-0.190746,0.968417,-0.160572,-0.008408],[-0.322488,0.092677,0.942026,0.016201],[0.0,0.0,0.0,1.0]],"antennas":[-2.182294,2.189606],"body_yaw":0.0,"check_collision":false},{"head":[[0.925198,0.234595,0.298285,0.001388],[-0.193232,0.967729,-0.161748,-0.008587],[-0.326604,0.092011,0.940672,0.016021],[0.0,0.0,0.0,1.0]],"antennas":[-2.182294,2.189606],"body_yaw":0.0,"check_collision":false},{"head":[[0.921887,0.239135,0.30486,0.00177],[-0.196184,0.966593,-0.164952,-0.008793],[-0.334121,0.092258,0.938004,0.015534],[0.0,0.0,0.0,1.0]],"antennas":[-2.182294,2.189606],"body_yaw":0.0,"check_collision":false},{"head":[[0.916352,0.246168,0.315754,0.002259],[-0.200601,0.964808,-0.170017,-0.009012],[-0.346494,0.092455,0.933485,0.014878],[0.0,0.0,0.0,1.0]],"antennas":[-2.182294,2.189606],"body_yaw":0.0,"check_collision":false},{"head":[[0.908532,0.256113,0.330114,0.002813],[-0.20731,0.962307,-0.176036,-0.009486],[-0.362756,0.091499,0.927381,0.014365],[0.0,0.0,0.0,1.0]],"antennas":[-2.182294,2.189606],"body_yaw":0.0,"check_collision":false},{"head":[[0.902158,0.264356,0.340919,0.003537],[-0.21341,0.960262,-0.17987,-0.009292],[-0.374922,0.089515,0.922725,0.013484],[0.0,0.0,0.0,1.0]],"antennas":[-2.182294,2.189606],"body_yaw":0.0,"check_collision":false},{"head":[[0.898197,0.269638,0.347186,0.004082],[-0.217262,0.958877,-0.182626,-0.009419],[-0.382151,0.088604,0.919842,0.013067],[0.0,0.0,0.0,1.0]],"antennas":[-2.182294,2.189606],"body_yaw":0.0,"check_collision":false},{"head":[[0.897419,0.272344,0.347085,0.004406],[-0.219527,0.958069,-0.184151,-0.009641],[-0.382683,0.089066,0.919576,0.012896],[0.0,0.0,0.0,1.0]],"antennas":[-2.182294,2.189606],"body_yaw":0.0,"check_collision":false},{"head":[[0.896863,0.27541,0.346102,0.004877],[-0.22179,0.957029,-0.186826,-0.009313],[-0.382683,0.090796,0.919407,0.01239],[0.0,0.0,0.0,1.0]],"antennas":[-2.182294,2.189606],"body_yaw":0.0,"check_collision":false},{"head":[[0.896241,0.278415,0.345308,0.005314],[-0.22429,0.956074,-0.188722,-0.009255],[-0.382683,0.091691,0.919318,0.011741],[0.0,0.0,0.0,1.0]],"antennas":[-2.182294,2.189606],"body_yaw":0.0,"check_collision":false},{"head":[[0.895789,0.280824,0.344528,0.005511],[-0.226087,0.955243,-0.190779,-0.00957],[-0.382683,0.093004,0.919186,0.011387],[0.0,0.0,0.0,1.0]],"antennas":[-2.182294,2.189606],"body_yaw":0.0,"check_collision":false},{"head":[[0.895754,0.28101,0.344468,0.005618],[-0.226226,0.955178,-0.190937,-0.009864],[-0.382683,0.093105,0.919176,0.011566],[0.0,0.0,0.0,1.0]],"antennas":[-2.182294,2.189606],"body_yaw":0.0,"check_collision":false},{"head":[[0.896052,0.280019,0.3445,0.005718],[-0.225042,0.955398,-0.191235,-0.009417],[-0.382684,0.093829,0.919103,0.011563],[0.0,0.0,0.0,1.0]],"antennas":[-2.182294,2.189606],"body_yaw":0.0,"check_collision":false},{"head":[[0.896428,0.278734,0.344565,0.005714],[-0.223542,0.955691,-0.19153,-0.009303],[-0.382683,0.094668,0.919016,0.011625],[0.0,0.0,0.0,1.0]],"antennas":[-2.182294,2.189606],"body_yaw":0.0,"check_collision":false},{"head":[[0.896646,0.277647,0.344874,0.005866],[-0.222665,0.956047,-0.190772,-0.00917],[-0.382683,0.094263,0.919058,0.011195],[0.0,0.0,0.0,1.0]],"antennas":[-2.182294,2.189606],"body_yaw":0.0,"check_collision":false},{"head":[[0.897112,0.275105,0.345699,0.005671],[-0.220781,0.956921,-0.18857,-0.009027],[-0.382683,0.092845,0.919203,0.011438],[0.0,0.0,0.0,1.0]],"antennas":[-2.182294,2.189606],"body_yaw":0.0,"check_collision":false},{"head":[[0.898102,0.270444,0.346803,0.005253],[-0.216716,0.958331,-0.186106,-0.00878],[-0.382683,0.091985,0.919289,0.01174],[0.0,0.0,0.0,1.0]],"antennas":[-2.182294,2.189606],"body_yaw":0.0,"check_collision":false},{"head":[[0.899392,0.263978,0.348438,0.004577],[-0.211298,0.960304,-0.182124,-0.008914],[-0.382683,0.090177,0.919468,0.012529],[0.0,0.0,0.0,1.0]],"antennas":[-2.182294,2.189606],"body_yaw":0.0,"check_collision":false},{"head":[[0.901118,0.257757,0.348636,0.004164],[-0.205704,0.962001,-0.179553,-0.00842],[-0.381669,0.090082,0.919899,0.012711],[0.0,0.0,0.0,1.0]],"antennas":[-2.182294,2.189606],"body_yaw":0.0,"check_collision":false},{"head":[[0.905693,0.252584,0.340471,0.003502],[-0.202401,0.963314,-0.176241,-0.008359],[-0.372496,0.090709,0.92359,0.013262],[0.0,0.0,0.0,1.0]],"antennas":[-2.182294,2.189606],"body_yaw":0.0,"check_collision":false},{"head":[[0.911656,0.246722,0.328653,0.002991],[-0.19925,0.96481,-0.171586,-0.008062],[-0.359421,0.090943,0.928733,0.01388],[0.0,0.0,0.0,1.0]],"antennas":[-2.182294,2.189606],"body_yaw":0.0,"check_collision":false},{"head":[[0.9188,0.238784,0.314307,0.002305],[-0.194664,0.966815,-0.165453,-0.007703],[-0.343384,0.090834,0.934792,0.014347],[0.0,0.0,0.0,1.0]],"antennas":[-2.182294,2.189606],"body_yaw":0.0,"check_collision":false},{"head":[[0.923282,0.23143,0.306577,0.001733],[-0.189481,0.968663,-0.160589,-0.007318],[-0.334135,0.090179,0.938201,0.014737],[0.0,0.0,0.0,1.0]],"antennas":[-2.182294,2.189606],"body_yaw":0.0,"check_collision":false},{"head":[[0.924898,0.227473,0.304663,0.001178],[-0.186086,0.969582,-0.159008,-0.007533],[-0.331566,0.090373,0.939094,0.015406],[0.0,0.0,0.0,1.0]],"antennas":[-2.182294,2.189606],"body_yaw":0.0,"check_collision":false},{"head":[[0.924747,0.227426,0.305156,0.001195],[-0.186388,0.96971,-0.15787,-0.007727],[-0.331816,0.089112,0.939126,0.015518],[0.0,0.0,0.0,1.0]],"antennas":[-2.182294,2.189606],"body_yaw":0.0,"check_collision":false},{"head":[[0.923501,0.23013,0.306897,0.001304],[-0.18912,0.969211,-0.157681,-0.008053],[-0.333735,0.087578,0.93859,0.015582],[0.0,0.0,0.0,1.0]],"antennas":[-2.182294,2.189606],"body_yaw":0.0,"check_collision":false},{"head":[[0.920916,0.23492,0.311009,0.001519],[-0.192974,0.968097,-0.159844,-0.008314],[-0.338638,0.087186,0.936869,0.015227],[0.0,0.0,0.0,1.0]],"antennas":[-2.182294,2.189606],"body_yaw":0.0,"check_collision":false},{"head":[[0.91621,0.240906,0.320193,0.001912],[-0.197087,0.96668,-0.163357,-0.008657],[-0.348878,0.086563,0.933162,0.015055],[0.0,0.0,0.0,1.0]],"antennas":[-2.182294,2.189606],"body_yaw":0.0,"check_collision":false},{"head":[[0.910525,0.247048,0.331529,0.002086],[-0.201091,0.965235,-0.166988,-0.009361],[-0.361257,0.085379,0.928549,0.014958],[0.0,0.0,0.0,1.0]],"antennas":[-2.182294,2.189606],"body_yaw":0.0,"check_collision":false},{"head":[[0.904317,0.254264,0.34287,0.002672],[-0.206144,0.963499,-0.170804,-0.008915],[-0.373784,0.083781,0.923724,0.014096],[0.0,0.0,0.0,1.0]],"antennas":[-2.182294,2.189606],"body_yaw":0.0,"check_collision":false},{"head":[[0.898972,0.263063,0.35021,0.003314],[-0.213077,0.961223,-0.17507,-0.009018],[-0.382684,0.082761,0.920165,0.013437],[0.0,0.0,0.0,1.0]],"antennas":[-2.182294,2.189606],"body_yaw":0.0,"check_collision":false},{"head":[[0.8971,0.270717,0.349176,0.003916],[-0.220826,0.959237,-0.176353,-0.009161],[-0.382684,0.0811,0.920313,0.012685],[0.0,0.0,0.0,1.0]],"antennas":[-2.182294,2.189606],"body_yaw":0.0,"check_collision":false},{"head":[[0.895789,0.275716,0.348629,0.004248],[-0.226086,0.95795,-0.176683,-0.009445],[-0.382684,0.079451,0.920457,0.012229],[0.0,0.0,0.0,1.0]],"antennas":[-2.182294,2.189606],"body_yaw":0.0,"check_collision":false},{"head":[[0.895119,0.278493,0.348143,0.00455],[-0.228726,0.957156,-0.177585,-0.009191],[-0.382683,0.07933,0.920467,0.011641],[0.0,0.0,0.0,1.0]],"antennas":[-2.182294,2.189606],"body_yaw":0.0,"check_collision":false},{"head":[[0.894639,0.280872,0.347464,0.004787],[-0.230594,0.956377,-0.17936,-0.009311],[-0.382683,0.080339,0.92038,0.011446],[0.0,0.0,0.0,1.0]],"antennas":[-2.182294,2.189606],"body_yaw":0.0,"check_collision":false},{"head":[[0.893913,0.28342,0.347264,0.005183],[-0.233393,0.955723,-0.179223,-0.009338],[-0.382684,0.079161,0.920482,0.011019],[0.0,0.0,0.0,1.0]],"antennas":[-2.182294,2.189606],"body_yaw":0.0,"check_collision":false},{"head":[[0.893283,0.285264,0.347375,0.005411],[-0.235793,0.955331,-0.178169,-0.009312],[-0.382683,0.077247,0.920645,0.010936],[0.0,0.0,0.0,1.0]],"antennas":[-2.182294,2.189606],"body_yaw":0.0,"check_collision":false},{"head":[[0.893386,0.284387,0.347829,0.005358],[-0.235402,0.95569,-0.176756,-0.009136],[-0.382683,0.076032,0.920746,0.011152],[0.0,0.0,0.0,1.0]],"antennas":[-2.182294,2.189606],"body_yaw":0.0,"check_collision":false},{"head":[[0.894239,0.280991,0.348398,0.005024],[-0.232143,0.956675,-0.175735,-0.008746],[-0.382683,0.076271,0.920726,0.01126],[0.0,0.0,0.0,1.0]],"antennas":[-2.182294,2.189606],"body_yaw":0.0,"check_collision":false},{"head":[[0.89525,0.276881,0.349092,0.004576],[-0.228214,0.957853,-0.17446,-0.00879],[-0.382684,0.076517,0.920705,0.011728],[0.0,0.0,0.0,1.0]],"antennas":[-2.182294,2.189606],"body_yaw":0.0,"check_collision":false},{"head":[[0.896095,0.273558,0.349543,0.004114],[-0.224873,0.958754,-0.173848,-0.008961],[-0.382683,0.077181,0.92065,0.012271],[0.0,0.0,0.0,1.0]],"antennas":[-2.182294,2.189606],"body_yaw":0.0,"check_collision":false},{"head":[[0.896711,0.270895,0.350037,0.003783],[-0.222404,0.959514,-0.172826,-0.009175],[-0.382683,0.077125,0.920655,0.012761],[0.0,0.0,0.0,1.0]],"antennas":[-2.182294,2.189606],"body_yaw":0.0,"check_collision":false},{"head":[[0.897474,0.267194,0.350924,0.003382],[-0.219304,0.960632,-0.170566,-0.009159],[-0.382683,0.076119,0.920739,0.013421],[0.0,0.0,0.0,1.0]],"antennas":[-2.182294,2.189606],"body_yaw":0.0,"check_collision":false},{"head":[[0.898771,0.260445,0.352674,0.002844],[-0.213927,0.962685,-0.16575,-0.00879],[-0.382683,0.073525,0.920949,0.014214],[0.0,0.0,0.0,1.0]],"antennas":[-2.182294,2.189606],"body_yaw":0.0,"check_collision":false},{"head":[[0.901946,0.251544,0.351027,0.00232],[-0.207079,0.965219,-0.159592,-0.008264],[-0.378962,0.071253,0.922665,0.014951],[0.0,0.0,0.0,1.0]],"antennas":[-2.182294,2.189606],"body_yaw":0.0,"check_collision":false},{"head":[[0.909842,0.242963,0.336389,0.001754],[-0.201852,0.967426,-0.152785,-0.007817],[-0.362552,0.071109,0.929247,0.015329],[0.0,0.0,0.0,1.0]],"antennas":[-2.182294,2.189606],"body_yaw":0.0,"check_collision":false},{"head":[[0.915971,0.237513,0.323395,0.001027],[-0.198974,0.968775,-0.147937,-0.008085],[-0.348434,0.071158,0.934628,0.016143],[0.0,0.0,0.0,1.0]],"antennas":[-2.182294,2.189606],"body_yaw":0.0,"check_collision":false},{"head":[[0.920848,0.233575,0.312221,0.000684],[-0.197265,0.969763,-0.143685,-0.007817],[-0.336342,0.070722,0.939081,0.016571],[0.0,0.0,0.0,1.0]],"antennas":[-2.182294,2.189606],"body_yaw":0.0,"check_collision":false},{"head":[[0.923499,0.231334,0.305998,0.000165],[-0.196233,0.970319,-0.141329,-0.008708],[-0.32961,0.07047,0.941484,0.01753],[0.0,0.0,0.0,1.0]],"antennas":[-2.182294,2.189606],"body_yaw":0.0,"check_collision":false},{"head":[[0.92376,0.231904,0.304775,0.000121],[-0.197346,0.970267,-0.140133,-0.008779],[-0.328211,0.069303,0.942059,0.017833],[0.0,0.0,0.0,1.0]],"antennas":[-2.182294,2.189606],"body_yaw":0.0,"check_collision":false},{"head":[[0.922189,0.234638,0.307429,0.00024],[-0.199836,0.969683,-0.140645,-0.00869],[-0.33111,0.068266,0.94112,0.017796],[0.0,0.0,0.0,1.0]],"antennas":[-2.182294,2.189606],"body_yaw":0.0,"check_collision":false},{"head":[[0.918947,0.239452,0.313368,0.000571],[-0.203551,0.968539,-0.143174,-0.008805],[-0.337792,0.067783,0.938777,0.017474],[0.0,0.0,0.0,1.0]],"antennas":[-2.182294,2.189606],"body_yaw":0.0,"check_collision":false},{"head":[[0.914446,0.246425,0.321034,0.000872],[-0.208689,0.966772,-0.147653,-0.009079],[-0.346752,0.068025,0.935487,0.016973],[0.0,0.0,0.0,1.0]],"antennas":[-2.182294,2.189606],"body_yaw":0.0,"check_collision":false},{"head":[[0.907944,0.255426,0.332258,0.001273],[-0.21527,0.964466,-0.153183,-0.009705],[-0.359578,0.067556,0.930666,0.016526],[0.0,0.0,0.0,1.0]],"antennas":[-2.182294,2.189606],"body_yaw":0.0,"check_collision":false},{"head":[[0.899537,0.265678,0.34677,0.001783],[-0.222347,0.961739,-0.16006,-0.01053],[-0.376026,0.066876,0.924192,0.016756],[0.0,0.0,0.0,1.0]],"antennas":[-2.182294,2.189606],"body_yaw":0.0,"check_collision":false},{"head":[[0.894396,0.276074,0.351907,0.002604],[-0.231535,0.958933,-0.163827,-0.009696],[-0.382683,0.065047,0.921587,0.015099],[0.0,0.0,0.0,1.0]],"antennas":[-2.182294,2.189606],"body_yaw":0.0,"check_collision":false},{"head":[[0.892341,0.283813,0.350966,0.003117],[-0.239333,0.95678,-0.165202,-0.009676],[-0.382683,0.063418,0.9217,0.014406],[0.0,0.0,0.0,1.0]],"antennas":[-2.182294,2.189606],"body_yaw":0.0,"check_collision":false},{"head":[[0.890928,0.288232,0.350955,0.003337],[-0.244541,0.955657,-0.164071,-0.009892],[-0.382684,0.060353,0.921906,0.014091],[0.0,0.0,0.0,1.0]],"antennas":[-2.182294,2.189606],"body_yaw":0.0,"check_collision":false},{"head":[[0.889874,0.291696,0.350768,0.003626],[-0.248351,0.954707,-0.163878,-0.010176],[-0.382683,0.058717,0.922012,0.013779],[0.0,0.0,0.0,1.0]],"antennas":[-2.182294,2.189606],"body_yaw":0.0,"check_collision":false},{"head":[[0.888836,0.295313,0.350372,0.004248],[-0.252039,0.953649,-0.164406,-0.009914],[-0.382683,0.057822,0.922068,0.013053],[0.0,0.0,0.0,1.0]],"antennas":[-2.182294,2.189606],"body_yaw":0.0,"check_collision":false},{"head":[[0.88789,0.298977,0.349662,0.004506],[-0.255352,0.952489,-0.166012,-0.010028],[-0.382683,0.058113,0.92205,0.012478],[0.0,0.0,0.0,1.0]],"antennas":[-2.182294,2.189606],"body_yaw":0.0,"check_collision":false},{"head":[[0.887383,0.300806,0.349382,0.004737],[-0.25711,0.951922,-0.166548,-0.009836],[-0.382683,0.057962,0.92206,0.012178],[0.0,0.0,0.0,1.0]],"antennas":[-2.182294,2.189606],"body_yaw":0.0,"check_collision":false},{"head":[[0.887395,0.300691,0.349451,0.004799],[-0.257069,0.95197,-0.166339,-0.009869],[-0.382683,0.057776,0.922071,0.012292],[0.0,0.0,0.0,1.0]],"antennas":[-2.182294,2.189606],"body_yaw":0.0,"check_collision":false},{"head":[[0.887739,0.298917,0.350099,0.004672],[-0.255878,0.952607,-0.164517,-0.009861],[-0.382683,0.056465,0.922152,0.012397],[0.0,0.0,0.0,1.0]],"antennas":[-2.182294,2.189606],"body_yaw":0.0,"check_collision":false},{"head":[[0.888013,0.296981,0.351049,0.004569],[-0.254924,0.953351,-0.161662,-0.009771],[-0.382683,0.054068,0.922296,0.012311],[0.0,0.0,0.0,1.0]],"antennas":[-2.182294,2.189606],"body_yaw":0.0,"check_collision":false},{"head":[[0.888291,0.295237,0.351815,0.004453],[-0.253954,0.953995,-0.159375,-0.009607],[-0.382683,0.052226,0.922402,0.012115],[0.0,0.0,0.0,1.0]],"antennas":[-2.182294,2.189606],"body_yaw":0.0,"check_collision":false},{"head":[[0.889078,0.292162,0.352393,0.004314],[-0.251183,0.954956,-0.158006,-0.009554],[-0.382683,0.051965,0.922417,0.011959],[0.0,0.0,0.0,1.0]],"antennas":[-2.182294,2.189606],"body_yaw":0.0,"check_collision":false},{"head":[[0.890242,0.28758,0.353223,0.00408],[-0.247026,0.956363,-0.156041,-0.009427],[-0.382683,0.05166,0.922434,0.012224],[0.0,0.0,0.0,1.0]],"antennas":[-2.182294,2.189606],"body_yaw":0.0,"check_collision":false},{"head":[[0.891793,0.281345,0.354332,0.003661],[-0.241369,0.958237,-0.153369,-0.009331],[-0.382683,0.051248,0.922457,0.012812],[0.0,0.0,0.0,1.0]],"antennas":[-2.182294,2.189606],"body_yaw":0.0,"check_collision":false},{"head":[[0.893593,0.274427,0.355221,0.003283],[-0.234617,0.960194,-0.151599,-0.00913],[-0.382684,0.052127,0.922408,0.013273],[0.0,0.0,0.0,1.0]],"antennas":[-2.182294,2.189606],"body_yaw":0.0,"check_collision":false},{"head":[[0.895274,0.268364,0.35562,0.002837],[-0.228119,0.961774,-0.151502,-0.008954],[-0.382684,0.054512,0.92227,0.013653],[0.0,0.0,0.0,1.0]],"antennas":[-2.182294,2.189606],"body_yaw":0.0,"check_collision":false},{"head":[[0.896904,0.26274,0.355711,0.002518],[-0.221621,0.96312,-0.152588,-0.008719],[-0.382684,0.058023,0.922055,0.014216],[0.0,0.0,0.0,1.0]],"antennas":[-2.182294,2.189606],"body_yaw":0.0,"check_collision":false},{"head":[[0.898532,0.256945,0.355836,0.002186],[-0.214926,0.964459,-0.153709,-0.008596],[-0.382684,0.061634,0.921821,0.015044],[0.0,0.0,0.0,1.0]],"antennas":[-2.182294,2.189606],"body_yaw":0.0,"check_collision":false},{"head":[[0.908012,0.248832,0.337042,0.001799],[-0.209262,0.966338,-0.149665,-0.008279],[-0.362938,0.065367,0.929518,0.015641],[0.0,0.0,0.0,1.0]],"antennas":[-2.182294,2.179412],"body_yaw":0.0,"check_collision":false},{"head":[[0.916921,0.241076,0.318023,0.001412],[-0.204008,0.968074,-0.145651,-0.00818],[-0.342982,0.068671,0.936828,0.016354],[0.0,0.0,0.0,1.0]],"antennas":[-2.182294,2.164208],"body_yaw":0.0,"check_collision":false},{"head":[[0.924174,0.234321,0.301655,0.000979],[-